114669 3861344465 1764164939474.410156 1764164939474 1764164939481
114670 3861377809 1764164939507.751465 1764164939508 1764164939515
114671 3861411153 1764164939541.092773 1764164939541 1764164939548
114672 3861444497 1764164939574.434082 1764164939574 1764164939581
114673 3861477841 1764164939607.775391 1764164939608 1764164939615
114674 3861511185 1764164939641.116699 1764164939641 1764164939648
114675 3861544529 1764164939674.458008 1764164939674 1764164939681
114676 3861577873 1764164939707.799072 1764164939707 1764164939715
114677 3861611217 1764164939741.140381 1764164939741 1764164939748
114678 3861644561 1764164939774.481689 1764164939775 1764164939782
114679 3861677905 1764164939807.822998 1764164939808 1764164939815
114680 3861711249 1764164939841.164307 1764164939841 1764164939848
114681 3861744593 1764164939874.505615 1764164939875 1764164939882
114682 3861777937 1764164939907.846924 1764164939907 1764164939915
114683 3861811280 1764164939941.187012 1764164939941 1764164939948
114684 3861844624 1764164939974.528320 1764164939975 1764164939982
114685 3861877968 1764164940007.869629 1764164940007 1764164940015
114686 3861911312 1764164940041.210938 1764164940041 1764164940048
114687 3861944656 1764164940074.552246 1764164940075 1764164940082
114688 3861978000 1764164940107.893555 1764164940107 1764164940115
114689 3862011344 1764164940141.234863 1764164940141 1764164940148
114690 3862044688 1764164940174.576172 1764164940175 1764164940182
114691 3862078032 1764164940207.917480 1764164940207 1764164940215
114692 3862111376 1764164940241.258789 1764164940241 1764164940248
114693 3862144720 1764164940274.599609 1764164940275 1764164940282
114694 3862178064 1764164940307.940430 1764164940307 1764164940315
114695 3862211408 1764164940341.281494 1764164940341 1764164940348
114696 3862244751 1764164940374.621338 1764164940375 1764164940382
114697 3862278095 1764164940407.962158 1764164940407 1764164940415
114698 3862311439 1764164940441.303223 1764164940441 1764164940448
114699 3862344783 1764164940474.644043 1764164940475 1764164940482
114700 3862378127 1764164940507.984863 1764164940507 1764164940515
114701 3862411471 1764164940541.325928 1764164940541 1764164940548
114702 3862444815 1764164940574.666748 1764164940575 1764164940582
114703 3862478159 1764164940608.007568 1764164940607 1764164940615
114704 3862511503 1764164940641.348389 1764164940641 1764164940648
114705 3862544847 1764164940674.689209 1764164940675 1764164940682
114706 3862578191 1764164940708.030029 1764164940708 1764164940715
114707 3862611535 1764164940741.371094 1764164940741 1764164940748
114708 3862644879 1764164940774.711914 1764164940775 1764164940782
114709 3862678222 1764164940808.051758 1764164940808 1764164940815
114710 3862711566 1764164940841.392578 1764164940841 1764164940848
114711 3862744910 1764164940874.733398 1764164940875 1764164940882
114712 3862778254 1764164940908.074219 1764164940908 1764164940915
114713 3862811598 1764164940941.415039 1764164940941 1764164940948
114714 3862844942 1764164940974.755859 1764164940975 1764164940982
114715 3862878286 1764164941008.096680 1764164941008 1764164941015
114716 3862911630 1764164941041.437500 1764164941041 1764164941048
114717 3862944974 1764164941074.778320 1764164941074 1764164941082
114718 3862978318 1764164941108.118896 1764164941108 1764164941115
114719 3863011662 1764164941141.459717 1764164941141 1764164941148
114720 3863045006 1764164941174.800537 1764164941175 1764164941182
114721 3863078350 1764164941208.141357 1764164941208 1764164941215
114722 3863111694 1764164941241.482178 1764164941242 1764164941249
114723 3863145037 1764164941274.823242 1764164941275 1764164941282
114724 3863178381 1764164941308.165039 1764164941308 1764164941315
114725 3863211725 1764164941341.507080 1764164941342 1764164941349
114726 3863245069 1764164941374.849121 1764164941374 1764164941382
114727 3863278413 1764164941408.191162 1764164941408 1764164941415
114728 3863311757 1764164941441.533203 1764164941442 1764164941449
114729 3863345101 1764164941474.875244 1764164941474 1764164941482
114730 3863378445 1764164941508.217285 1764164941508 1764164941515
114731 3863411789 1764164941541.559082 1764164941542 1764164941549
114732 3863445133 1764164941574.901123 1764164941574 1764164941582
114733 3863478477 1764164941608.243164 1764164941608 1764164941616
114734 3863511821 1764164941641.585205 1764164941642 1764164941649
114735 3863545165 1764164941674.927246 1764164941674 1764164941682
114736 3863578508 1764164941708.268311 1764164941708 1764164941715
114737 3863611852 1764164941741.610352 1764164941742 1764164941749
114738 3863645196 1764164941774.952393 1764164941774 1764164941782
114739 3863678540 1764164941808.294434 1764164941808 1764164941815
114740 3863711884 1764164941841.636475 1764164941842 1764164941849
114741 3863745228 1764164941874.978516 1764164941874 1764164941882
114742 3863778572 1764164941908.320557 1764164941908 1764164941915
114743 3863811916 1764164941941.662598 1764164941942 1764164941949
114744 3863845260 1764164941975.004639 1764164941974 1764164941982
114745 3863878604 1764164942008.346680 1764164942008 1764164942015
114746 3863911948 1764164942041.688721 1764164942042 1764164942049
114747 3863945292 1764164942075.030762 1764164942074 1764164942082
114748 3863978636 1764164942108.372803 1764164942108 1764164942115
114749 3864011979 1764164942141.713867 1764164942142 1764164942149
114750 3864045323 1764164942175.055908 1764164942175 1764164942182
114751 3864078667 1764164942208.397949 1764164942208 1764164942215
114752 3864112011 1764164942241.739990 1764164942242 1764164942249
114753 3864145355 1764164942275.080811 1764164942275 1764164942282
114754 3864178699 1764164942308.421631 1764164942308 1764164942315
114755 3864212043 1764164942341.762451 1764164942342 1764164942349
114756 3864245387 1764164942375.103027 1764164942375 1764164942382
114757 3864278731 1764164942408.443848 1764164942408 1764164942415
114758 3864312075 1764164942441.784668 1764164942442 1764164942449
114759 3864345419 1764164942475.125244 1764164942475 1764164942482
114760 3864378763 1764164942508.466064 1764164942508 1764164942515
114761 3864412107 1764164942541.806885 1764164942542 1764164942549
114762 3864445451 1764164942575.147461 1764164942575 1764164942582
114763 3864478794 1764164942608.487305 1764164942609 1764164942616
114764 3864512138 1764164942641.827881 1764164942642 1764164942649
114765 3864545482 1764164942675.168701 1764164942675 1764164942682
114766 3864578826 1764164942708.509277 1764164942709 1764164942716
114767 3864612170 1764164942741.850098 1764164942742 1764164942749
114768 3864645514 1764164942775.190674 1764164942775 1764164942782
114769 3864678858 1764164942808.531494 1764164942809 1764164942816
114770 3864712202 1764164942841.872070 1764164942841 1764164942849
114771 3864745546 1764164942875.212646 1764164942875 1764164942882
114772 3864778890 1764164942908.553467 1764164942909 1764164942916
114773 3864812234 1764164942941.894043 1764164942941 1764164942949
114774 3864845578 1764164942975.234619 1764164942975 1764164942982
114775 3864878922 1764164943008.575195 1764164943009 1764164943016
114776 3864912265 1764164943041.915039 1764164943041 1764164943049
114777 3864945609 1764164943075.255615 1764164943075 1764164943082
114778 3864978953 1764164943108.596191 1764164943109 1764164943116
114779 3865012297 1764164943141.936768 1764164943141 1764164943149
114780 3865045641 1764164943175.277344 1764164943175 1764164943182
114781 3865078985 1764164943208.617920 1764164943209 1764164943216
114782 3865112329 1764164943241.958496 1764164943241 1764164943249
114783 3865145673 1764164943275.299805 1764164943275 1764164943282
114784 3865179017 1764164943308.641113 1764164943309 1764164943316
114785 3865212361 1764164943341.982178 1764164943341 1764164943349
114786 3865245705 1764164943375.323486 1764164943375 1764164943382
114787 3865279049 1764164943408.664795 1764164943409 1764164943416
114788 3865312393 1764164943442.005859 1764164943441 1764164943449
114789 3865345736 1764164943475.346191 1764164943476 1764164943483
114790 3865379080 1764164943508.687256 1764164943509 1764164943516
114791 3865412424 1764164943542.028564 1764164943542 1764164943549
114792 3865445768 1764164943575.369629 1764164943575 1764164943582
114793 3865479112 1764164943608.710938 1764164943609 1764164943616
114794 3865512456 1764164943642.052246 1764164943642 1764164943649
114795 3865545800 1764164943675.393311 1764164943675 1764164943682
114796 3865579144 1764164943708.734619 1764164943709 1764164943716
114797 3865612488 1764164943742.075684 1764164943742 1764164943749
114798 3865645832 1764164943775.416992 1764164943775 1764164943782
114799 3865679176 1764164943808.758057 1764164943809 1764164943816
114800 3865712520 1764164943842.099365 1764164943842 1764164943849
114801 3865745864 1764164943875.440430 1764164943875 1764164943882
114802 3865779208 1764164943908.781738 1764164943908 1764164943916
114803 3865812551 1764164943942.121826 1764164943942 1764164943949
114804 3865845895 1764164943975.462891 1764164943976 1764164943983
114805 3865879239 1764164944008.804199 1764164944009 1764164944016
114806 3865912583 1764164944042.145264 1764164944042 1764164944049
114807 3865945927 1764164944075.486572 1764164944076 1764164944083
114808 3865979271 1764164944108.827637 1764164944108 1764164944116
114809 3866012615 1764164944142.168945 1764164944142 1764164944149
114810 3866045959 1764164944175.510010 1764164944176 1764164944183
114811 3866079303 1764164944208.851074 1764164944208 1764164944216
114812 3866112647 1764164944242.192383 1764164944242 1764164944249
114813 3866145991 1764164944275.533203 1764164944276 1764164944283
114814 3866179335 1764164944308.874023 1764164944308 1764164944316
114815 3866212679 1764164944342.214844 1764164944342 1764164944349
114816 3866246022 1764164944375.554443 1764164944376 1764164944383
114817 3866279366 1764164944408.895264 1764164944408 1764164944416
114818 3866312710 1764164944442.236084 1764164944442 1764164944449
114819 3866346054 1764164944475.576904 1764164944476 1764164944483
114820 3866379398 1764164944508.917725 1764164944508 1764164944516
114821 3866412742 1764164944542.258545 1764164944542 1764164944549
114822 3866446086 1764164944575.599121 1764164944576 1764164944583
114823 3866479430 1764164944608.939941 1764164944608 1764164944616
114824 3866512774 1764164944642.280762 1764164944642 1764164944649
114825 3866546118 1764164944675.621582 1764164944676 1764164944683
114826 3866579462 1764164944708.962158 1764164944708 1764164944716
114827 3866612806 1764164944742.302979 1764164944742 1764164944749
114828 3866646150 1764164944775.643555 1764164944776 1764164944783
114829 3866679493 1764164944808.983398 1764164944809 1764164944816
114830 3866712837 1764164944842.324219 1764164944842 1764164944849
114831 3866746181 1764164944875.664795 1764164944876 1764164944883
114832 3866779525 1764164944909.005615 1764164944909 1764164944916
114833 3866812869 1764164944942.346191 1764164944942 1764164944949
114834 3866846213 1764164944975.687012 1764164944976 1764164944983
114835 3866879557 1764164945009.027588 1764164945009 1764164945016
114836 3866912901 1764164945042.368408 1764164945042 1764164945049
114837 3866946245 1764164945075.708984 1764164945076 1764164945083
114838 3866979589 1764164945109.049561 1764164945109 1764164945116
114839 3867012933 1764164945142.390381 1764164945142 1764164945149
114840 3867046277 1764164945175.730957 1764164945176 1764164945183
114841 3867079621 1764164945209.071777 1764164945209 1764164945216
114842 3867112965 1764164945242.412354 1764164945243 1764164945250
114843 3867146308 1764164945275.752441 1764164945276 1764164945283
114844 3867179652 1764164945309.093506 1764164945309 1764164945316
114845 3867212996 1764164945342.434814 1764164945343 1764164945350
114846 3867246340 1764164945375.775879 1764164945376 1764164945383
114847 3867279684 1764164945409.116943 1764164945409 1764164945416
114848 3867313028 1764164945442.458252 1764164945443 1764164945450
114849 3867346372 1764164945475.799316 1764164945476 1764164945483
114850 3867379716 1764164945509.140381 1764164945509 1764164945516
114851 3867413060 1764164945542.481445 1764164945543 1764164945550
114852 3867446404 1764164945575.822754 1764164945575 1764164945583
114853 3867479748 1764164945609.163818 1764164945609 1764164945616
114854 3867513092 1764164945642.504883 1764164945643 1764164945650
114855 3867546436 1764164945675.845947 1764164945675 1764164945683
114856 3867579779 1764164945709.186279 1764164945709 1764164945716
114857 3867613123 1764164945742.527344 1764164945743 1764164945750
114858 3867646467 1764164945775.868408 1764164945775 1764164945783
114859 3867679811 1764164945809.209473 1764164945809 1764164945816
114860 3867713155 1764164945842.550537 1764164945843 1764164945850
114861 3867746499 1764164945875.891846 1764164945875 1764164945883
114862 3867779843 1764164945909.232910 1764164945909 1764164945916
114863 3867813187 1764164945942.573975 1764164945943 1764164945950
114864 3867846531 1764164945975.915039 1764164945975 1764164945983
114865 3867879875 1764164946009.256104 1764164946009 1764164946016
114866 3867913219 1764164946042.597168 1764164946043 1764164946050
114867 3867946563 1764164946075.938477 1764164946075 1764164946083
114868 3867979907 1764164946109.279541 1764164946109 1764164946116
114869 3868013250 1764164946142.619629 1764164946143 1764164946150
114870 3868046594 1764164946175.960693 1764164946176 1764164946183
114871 3868079938 1764164946209.301758 1764164946209 1764164946216
114872 3868113282 1764164946242.642822 1764164946243 1764164946250
114873 3868146626 1764164946275.984131 1764164946276 1764164946283
114874 3868179970 1764164946309.325195 1764164946309 1764164946316
114875 3868213314 1764164946342.666504 1764164946343 1764164946350
114876 3868246658 1764164946376.007812 1764164946376 1764164946383
114877 3868280002 1764164946409.348877 1764164946409 1764164946416
114878 3868313346 1764164946442.690186 1764164946443 1764164946450
114879 3868346690 1764164946476.031250 1764164946476 1764164946483
114880 3868380034 1764164946509.372559 1764164946509 1764164946516
114881 3868413378 1764164946542.713867 1764164946543 1764164946550
114882 3868446722 1764164946576.054932 1764164946576 1764164946583
114883 3868480065 1764164946609.395264 1764164946610 1764164946617
114884 3868513409 1764164946642.736328 1764164946643 1764164946650
114885 3868546753 1764164946676.077637 1764164946676 1764164946683
114886 3868580097 1764164946709.418701 1764164946710 1764164946717
114887 3868613441 1764164946742.760010 1764164946743 1764164946750
114888 3868646785 1764164946776.101074 1764164946776 1764164946783
114889 3868680129 1764164946809.442383 1764164946810 1764164946817
114890 3868713473 1764164946842.783447 1764164946843 1764164946850
114891 3868746817 1764164946876.124756 1764164946876 1764164946883
114892 3868780161 1764164946909.465820 1764164946910 1764164946917
114893 3868813505 1764164946942.807129 1764164946942 1764164946950
114894 3868846849 1764164946976.148193 1764164946976 1764164946983
114895 3868880193 1764164947009.489502 1764164947010 1764164947017
114896 3868913536 1764164947042.829590 1764164947042 1764164947050
114897 3868946880 1764164947076.170654 1764164947076 1764164947083
114898 3868980224 1764164947109.511963 1764164947110 1764164947117
114899 3869013568 1764164947142.853027 1764164947142 1764164947150
114900 3869046912 1764164947176.194092 1764164947176 1764164947183
114901 3869080256 1764164947209.535400 1764164947210 1764164947217
114902 3869113600 1764164947242.876465 1764164947242 1764164947250
114903 3869146944 1764164947276.217529 1764164947276 1764164947283
114904 3869180288 1764164947309.558838 1764164947310 1764164947317
114905 3869213632 1764164947342.899902 1764164947342 1764164947350
114906 3869246976 1764164947376.240967 1764164947376 1764164947383
114907 3869280320 1764164947409.582275 1764164947410 1764164947417
114908 3869313664 1764164947442.923340 1764164947442 1764164947450
114909 3869347007 1764164947476.263428 1764164947476 1764164947483
114910 3869380351 1764164947509.604492 1764164947510 1764164947517
114911 3869413695 1764164947542.945557 1764164947542 1764164947550
114912 3869447039 1764164947576.286621 1764164947576 1764164947583
114913 3869480383 1764164947609.627930 1764164947610 1764164947617
114914 3869513727 1764164947642.968994 1764164947643 1764164947650
114915 3869547071 1764164947676.310059 1764164947676 1764164947683
114916 3869580415 1764164947709.651123 1764164947710 1764164947717
114917 3869613759 1764164947742.992188 1764164947743 1764164947750
114918 3869647103 1764164947776.333252 1764164947776 1764164947783
114919 3869680447 1764164947809.674316 1764164947810 1764164947817
114920 3869713791 1764164947843.015381 1764164947843 1764164947850
114921 3869747135 1764164947876.356445 1764164947876 1764164947883
114922 3869780479 1764164947909.697510 1764164947910 1764164947917
114923 3869813822 1764164947943.037598 1764164947943 1764164947950
114924 3869847166 1764164947976.378662 1764164947976 1764164947983
114925 3869880510 1764164948009.719727 1764164948010 1764164948017
114926 3869913854 1764164948043.060791 1764164948043 1764164948050
114927 3869947198 1764164948076.401611 1764164948076 1764164948083
114928 3869980542 1764164948109.742676 1764164948110 1764164948117
114929 3870013886 1764164948143.083740 1764164948143 1764164948150
114930 3870047230 1764164948176.424805 1764164948177 1764164948184
114931 3870080574 1764164948209.765869 1764164948209 1764164948217
114932 3870113918 1764164948243.106934 1764164948243 1764164948250
114933 3870147262 1764164948276.447998 1764164948277 1764164948284
114934 3870180606 1764164948309.789062 1764164948309 1764164948317
114935 3870213950 1764164948343.130371 1764164948343 1764164948350
114936 3870247293 1764164948376.470459 1764164948377 1764164948384
114937 3870280637 1764164948409.811523 1764164948409 1764164948417
114938 3870313981 1764164948443.152832 1764164948443 1764164948450
114939 3870347325 1764164948476.493896 1764164948477 1764164948484
114940 3870380669 1764164948509.835205 1764164948509 1764164948517
114941 3870414013 1764164948543.176270 1764164948543 1764164948550
114942 3870447357 1764164948576.517334 1764164948577 1764164948584
114943 3870480701 1764164948609.858643 1764164948609 1764164948617
114944 3870514045 1764164948643.199707 1764164948643 1764164948650
114945 3870547389 1764164948676.540771 1764164948677 1764164948684
114946 3870580733 1764164948709.882080 1764164948709 1764164948717
114947 3870614077 1764164948743.223145 1764164948743 1764164948750
114948 3870647421 1764164948776.564209 1764164948777 1764164948784
114949 3870680764 1764164948809.904541 1764164948809 1764164948817
114950 3870714108 1764164948843.245605 1764164948843 1764164948850
114951 3870747452 1764164948876.586670 1764164948877 1764164948884
114952 3870780796 1764164948909.927979 1764164948909 1764164948917
114953 3870814140 1764164948943.269043 1764164948943 1764164948950
114954 3870847484 1764164948976.610107 1764164948977 1764164948984
114955 3870880828 1764164949009.951416 1764164949010 1764164949017
114956 3870914172 1764164949043.292480 1764164949043 1764164949050
114957 3870947516 1764164949076.633545 1764164949077 1764164949084
114958 3870980860 1764164949109.974854 1764164949110 1764164949117
114959 3871014204 1764164949143.315918 1764164949143 1764164949150
114960 3871047548 1764164949176.656982 1764164949177 1764164949184
114961 3871080892 1764164949209.998291 1764164949210 1764164949217
114962 3871114236 1764164949243.339355 1764164949243 1764164949250
114963 3871147579 1764164949276.679443 1764164949277 1764164949284
114964 3871180923 1764164949310.020508 1764164949310 1764164949317
114965 3871214267 1764164949343.361328 1764164949344 1764164949351
114966 3871247611 1764164949376.702393 1764164949377 1764164949384
114967 3871280955 1764164949410.043457 1764164949410 1764164949417
114968 3871314299 1764164949443.384521 1764164949443 1764164949451
114969 3871347643 1764164949476.725342 1764164949477 1764164949484
114970 3871380987 1764164949510.066406 1764164949510 1764164949517
114971 3871414331 1764164949543.407227 1764164949544 1764164949551
114972 3871447675 1764164949576.748291 1764164949577 1764164949584
114973 3871481019 1764164949610.089355 1764164949610 1764164949617
114974 3871514363 1764164949643.430176 1764164949643 1764164949652
114975 3871547707 1764164949676.771240 1764164949676 1764164949684
114976 3871581050 1764164949710.111084 1764164949710 1764164949717
114977 3871614394 1764164949743.452148 1764164949744 1764164949751
114978 3871647738 1764164949776.792969 1764164949776 1764164949785
114979 3871681082 1764164949810.134033 1764164949810 1764164949817
114980 3871714426 1764164949843.474854 1764164949844 1764164949851
114981 3871747770 1764164949876.815918 1764164949876 1764164949884
114982 3871781114 1764164949910.156738 1764164949910 1764164949917
114983 3871814458 1764164949943.497803 1764164949944 1764164949951
114984 3871847802 1764164949976.838623 1764164949976 1764164949984
114985 3871881146 1764164950010.179443 1764164950010 1764164950017
114986 3871914490 1764164950043.520508 1764164950044 1764164950051
114987 3871947834 1764164950076.861328 1764164950076 1764164950084
114988 3871981178 1764164950110.202148 1764164950110 1764164950117
114989 3872014521 1764164950143.541992 1764164950144 1764164950151
114990 3872047865 1764164950176.883057 1764164950176 1764164950184
114991 3872081209 1764164950210.223877 1764164950210 1764164950217
114992 3872114553 1764164950243.564697 1764164950244 1764164950251
114993 3872147897 1764164950276.905762 1764164950276 1764164950284
114994 3872181241 1764164950310.246826 1764164950310 1764164950317
114995 3872214585 1764164950343.587646 1764164950344 1764164950351
114996 3872247929 1764164950376.928711 1764164950377 1764164950384
114997 3872281273 1764164950410.269531 1764164950410 1764164950417
114998 3872314617 1764164950443.610596 1764164950444 1764164950451
114999 3872347961 1764164950476.951416 1764164950477 1764164950484
115000 3872381305 1764164950510.292480 1764164950510 1764164950517
115001 3872414649 1764164950543.633301 1764164950544 1764164950551
115002 3872447993 1764164950576.974365 1764164950577 1764164950584
115003 3872481336 1764164950610.314209 1764164950610 1764164950617
115004 3872514680 1764164950643.655273 1764164950644 1764164950651
115005 3872548024 1764164950676.996094 1764164950677 1764164950684
115006 3872581368 1764164950710.336914 1764164950710 1764164950717
115007 3872614712 1764164950743.677979 1764164950744 1764164950751
115008 3872648056 1764164950777.018799 1764164950777 1764164950784
115009 3872681400 1764164950810.359619 1764164950810 1764164950817
115010 3872714744 1764164950843.700684 1764164950843 1764164950851
115011 3872748088 1764164950877.041504 1764164950877 1764164950884
115012 3872781432 1764164950910.382324 1764164950911 1764164950918
115013 3872814776 1764164950943.723145 1764164950944 1764164950951
115014 3872848120 1764164950977.064209 1764164950977 1764164950984
115015 3872881464 1764164951010.405029 1764164951011 1764164951018
115016 3872914807 1764164951043.744873 1764164951043 1764164951051
115017 3872948151 1764164951077.085693 1764164951077 1764164951084
115018 3872981495 1764164951110.426514 1764164951111 1764164951118
115019 3873014839 1764164951143.767334 1764164951144 1764164951152
115020 3873048183 1764164951177.108154 1764164951177 1764164951184
115021 3873081527 1764164951210.449219 1764164951211 1764164951218
115022 3873114871 1764164951243.790039 1764164951243 1764164951251
115023 3873148215 1764164951277.133301 1764164951277 1764164951284
115024 3873181559 1764164951310.476807 1764164951311 1764164951318
115025 3873214903 1764164951343.820312 1764164951343 1764164951351
115026 3873248247 1764164951377.163818 1764164951377 1764164951384
115027 3873281591 1764164951410.507324 1764164951411 1764164951418
115028 3873314935 1764164951443.851074 1764164951443 1764164951452
115029 3873348278 1764164951477.193604 1764164951477 1764164951484
115030 3873381622 1764164951510.537109 1764164951511 1764164951518
115031 3873414966 1764164951543.880859 1764164951543 1764164951551
115032 3873448310 1764164951577.224609 1764164951577 1764164951584
115033 3873481654 1764164951610.568359 1764164951611 1764164951618
115034 3873514998 1764164951643.911865 1764164951643 1764164951651
115035 3873548342 1764164951677.255859 1764164951677 1764164951684
115036 3873581686 1764164951710.599609 1764164951711 1764164951718
115037 3873615030 1764164951743.943359 1764164951744 1764164951751
115038 3873648374 1764164951777.287109 1764164951777 1764164951784
115039 3873681718 1764164951810.631104 1764164951811 1764164951818
115040 3873715062 1764164951843.975098 1764164951844 1764164951851
115041 3873748406 1764164951877.318848 1764164951877 1764164951884
115042 3873781750 1764164951910.662842 1764164951911 1764164951918
115043 3873815093 1764164951944.005859 1764164951945 1764164951952
115044 3873848437 1764164951977.349854 1764164951977 1764164951984
115045 3873881781 1764164952010.693848 1764164952011 1764164952018
115046 3873915125 1764164952044.038086 1764164952044 1764164952051
115047 3873948469 1764164952077.382080 1764164952077 1764164952084
115048 3873981813 1764164952110.726074 1764164952111 1764164952118
115049 3874015157 1764164952144.070312 1764164952144 1764164952151
115050 3874048501 1764164952177.414551 1764164952177 1764164952184
115051 3874081845 1764164952210.758789 1764164952211 1764164952218
115052 3874115189 1764164952244.103027 1764164952244 1764164952251
115053 3874148533 1764164952277.444580 1764164952278 1764164952285
115054 3874181877 1764164952310.786133 1764164952311 1764164952318
115055 3874215221 1764164952344.127930 1764164952344 1764164952351
115056 3874248564 1764164952377.468506 1764164952378 1764164952385
115057 3874281908 1764164952410.810059 1764164952410 1764164952418
115058 3874315252 1764164952444.151611 1764164952444 1764164952451
115059 3874348596 1764164952477.493408 1764164952478 1764164952485
115060 3874381940 1764164952510.834961 1764164952510 1764164952518
115061 3874415284 1764164952544.176514 1764164952544 1764164952551
115062 3874448628 1764164952577.518311 1764164952578 1764164952585
115063 3874481972 1764164952610.859863 1764164952610 1764164952618
115064 3874515316 1764164952644.201416 1764164952644 1764164952651
115065 3874548660 1764164952677.543213 1764164952678 1764164952685
115066 3874582004 1764164952710.884766 1764164952710 1764164952718
115067 3874615348 1764164952744.226562 1764164952744 1764164952751
115068 3874648692 1764164952777.568115 1764164952778 1764164952785
115069 3874682035 1764164952810.908691 1764164952810 1764164952818
115070 3874715379 1764164952844.250488 1764164952844 1764164952851
115071 3874748723 1764164952877.592041 1764164952878 1764164952885
115072 3874782067 1764164952910.933594 1764164952910 1764164952918
115073 3874815411 1764164952944.275391 1764164952944 1764164952951
115074 3874848755 1764164952977.616943 1764164952978 1764164952985
115075 3874882099 1764164953010.958740 1764164953010 1764164953018
115076 3874915443 1764164953044.300293 1764164953044 1764164953051
115077 3874948787 1764164953077.642090 1764164953078 1764164953085
115078 3874982131 1764164953110.983643 1764164953111 1764164953118
115079 3875015475 1764164953144.325195 1764164953144 1764164953151
115080 3875048819 1764164953177.666992 1764164953178 1764164953185
115081 3875082163 1764164953211.008545 1764164953211 1764164953218
115082 3875115507 1764164953244.350342 1764164953244 1764164953251
115083 3875148850 1764164953277.692871 1764164953278 1764164953285
115084 3875182194 1764164953311.036133 1764164953311 1764164953318
115085 3875215538 1764164953344.379639 1764164953345 1764164953352
115086 3875248882 1764164953377.723145 1764164953378 1764164953385
115087 3875282226 1764164953411.066650 1764164953411 1764164953418
115088 3875315570 1764164953444.410400 1764164953444 1764164953451
115089 3875348914 1764164953477.753906 1764164953478 1764164953485
115090 3875382258 1764164953511.097412 1764164953511 1764164953518
115091 3875415602 1764164953544.440918 1764164953544 1764164953551
115092 3875448946 1764164953577.784668 1764164953578 1764164953585
115093 3875482290 1764164953611.128174 1764164953611 1764164953618
115094 3875515634 1764164953644.471680 1764164953645 1764164953652
115095 3875548978 1764164953677.815430 1764164953678 1764164953685
115096 3875582321 1764164953711.157959 1764164953711 1764164953718
115097 3875615665 1764164953744.501709 1764164953745 1764164953752
115098 3875649009 1764164953777.845215 1764164953777 1764164953785
115099 3875682353 1764164953811.188965 1764164953811 1764164953818
115100 3875715697 1764164953844.532715 1764164953845 1764164953852
115101 3875749041 1764164953877.876221 1764164953877 1764164953885
115102 3875782385 1764164953911.219971 1764164953911 1764164953918
115103 3875815729 1764164953944.563721 1764164953945 1764164953952
115104 3875849073 1764164953977.907471 1764164953977 1764164953985
115105 3875882417 1764164954011.251221 1764164954011 1764164954018
115106 3875915761 1764164954044.594971 1764164954045 1764164954052
115107 3875949105 1764164954077.938721 1764164954077 1764164954085
115108 3875982449 1764164954111.282471 1764164954111 1764164954118
115109 3876015792 1764164954144.625244 1764164954145 1764164954152
115110 3876049136 1764164954177.968994 1764164954177 1764164954185
115111 3876082480 1764164954211.312744 1764164954211 1764164954218
115112 3876115824 1764164954244.656738 1764164954245 1764164954252
115113 3876149168 1764164954277.998779 1764164954277 1764164954285
115114 3876182512 1764164954311.340820 1764164954311 1764164954318
115115 3876215856 1764164954344.682861 1764164954345 1764164954352
115116 3876249200 1764164954378.024902 1764164954377 1764164954385
115117 3876282544 1764164954411.366943 1764164954411 1764164954418
115118 3876315888 1764164954444.708984 1764164954445 1764164954452
115119 3876349232 1764164954478.051270 1764164954478 1764164954485
115120 3876382576 1764164954511.393311 1764164954511 1764164954518
115121 3876415920 1764164954544.735352 1764164954545 1764164954552
115122 3876449264 1764164954578.077393 1764164954578 1764164954585
115123 3876482607 1764164954611.418457 1764164954611 1764164954618
115124 3876515951 1764164954644.760498 1764164954645 1764164954652
115125 3876549295 1764164954678.102783 1764164954678 1764164954685
115126 3876582639 1764164954711.444824 1764164954711 1764164954718
115127 3876615983 1764164954744.786865 1764164954744 1764164954752
115128 3876649327 1764164954778.128906 1764164954778 1764164954785
115129 3876682671 1764164954811.471191 1764164954811 1764164954818
115130 3876716015 1764164954844.813232 1764164954845 1764164954852
115131 3876749359 1764164954878.155273 1764164954878 1764164954885
115132 3876782703 1764164954911.497314 1764164954911 1764164954918
115133 3876816047 1764164954944.839600 1764164954945 1764164954952
115134 3876849391 1764164954978.181641 1764164954978 1764164954985
115135 3876882735 1764164955011.523682 1764164955012 1764164955019
115136 3876916078 1764164955044.864746 1764164955044 1764164955052
115137 3876949422 1764164955078.207031 1764164955078 1764164955085
115138 3876982766 1764164955111.549072 1764164955112 1764164955119
115139 3877016110 1764164955144.891113 1764164955145 1764164955152
115140 3877049454 1764164955178.233398 1764164955178 1764164955185
115141 3877082798 1764164955211.575439 1764164955212 1764164955219
115142 3877116142 1764164955244.917725 1764164955244 1764164955252
115143 3877149486 1764164955278.258789 1764164955278 1764164955285
115144 3877182830 1764164955311.599854 1764164955312 1764164955319
115145 3877216174 1764164955344.940918 1764164955344 1764164955352
115146 3877249518 1764164955378.282227 1764164955378 1764164955385
115147 3877282862 1764164955411.623291 1764164955412 1764164955419
115148 3877316206 1764164955444.964355 1764164955444 1764164955452
115149 3877349549 1764164955478.304443 1764164955478 1764164955485
115150 3877382893 1764164955511.645752 1764164955512 1764164955519
115151 3877416237 1764164955544.986816 1764164955544 1764164955552
115152 3877449581 1764164955578.327881 1764164955578 1764164955585
115153 3877482925 1764164955611.668945 1764164955612 1764164955619
115154 3877516269 1764164955645.010010 1764164955644 1764164955652
115155 3877549613 1764164955678.351074 1764164955678 1764164955685
115156 3877582957 1764164955711.692383 1764164955712 1764164955719
115157 3877616301 1764164955745.033447 1764164955745 1764164955752
115158 3877649645 1764164955778.374512 1764164955778 1764164955785
115159 3877682989 1764164955811.715576 1764164955812 1764164955819
115160 3877716333 1764164955845.056641 1764164955845 1764164955852
115161 3877749677 1764164955878.397705 1764164955878 1764164955885
115162 3877783021 1764164955911.738770 1764164955912 1764164955919
115163 3877816364 1764164955945.078857 1764164955945 1764164955952
115164 3877849708 1764164955978.419922 1764164955978 1764164955985
115165 3877883052 1764164956011.760986 1764164956012 1764164956019
115166 3877916396 1764164956045.102051 1764164956045 1764164956052
115167 3877949740 1764164956078.443115 1764164956078 1764164956085
115168 3877983084 1764164956111.784180 1764164956112 1764164956119
115169 3878016428 1764164956145.125244 1764164956145 1764164956152
115170 3878049772 1764164956178.466064 1764164956178 1764164956185
115171 3878083116 1764164956211.807129 1764164956212 1764164956219
115172 3878116460 1764164956245.148193 1764164956245 1764164956252
115173 3878149804 1764164956278.489990 1764164956278 1764164956285
115174 3878183148 1764164956311.831055 1764164956312 1764164956319
115175 3878216492 1764164956345.171875 1764164956345 1764164956352
115176 3878249835 1764164956378.511963 1764164956379 1764164956386
115177 3878283179 1764164956411.853027 1764164956412 1764164956419
115178 3878316523 1764164956445.194092 1764164956445 1764164956452
115179 3878349867 1764164956478.534912 1764164956479 1764164956486
115180 3878383211 1764164956511.875977 1764164956511 1764164956519
115181 3878416555 1764164956545.217041 1764164956545 1764164956552
115182 3878449899 1764164956578.557861 1764164956579 1764164956586
115183 3878483243 1764164956611.898926 1764164956611 1764164956619
115184 3878516587 1764164956645.239990 1764164956645 1764164956652
115185 3878549931 1764164956678.580811 1764164956679 1764164956686
115186 3878583275 1764164956711.921875 1764164956711 1764164956719
115187 3878616619 1764164956745.262939 1764164956745 1764164956752
115188 3878649963 1764164956778.603760 1764164956779 1764164956786
115189 3878683306 1764164956811.943848 1764164956811 1764164956819
115190 3878716650 1764164956845.284668 1764164956845 1764164956852
115191 3878749994 1764164956878.625732 1764164956879 1764164956886
115192 3878783338 1764164956911.966553 1764164956911 1764164956919
115193 3878816682 1764164956945.307617 1764164956945 1764164956952
115194 3878850026 1764164956978.648438 1764164956979 1764164956986
115195 3878883370 1764164957011.989258 1764164957011 1764164957019
115196 3878916714 1764164957045.330322 1764164957045 1764164957052
115197 3878950058 1764164957078.671143 1764164957079 1764164957086
115198 3878983402 1764164957112.012207 1764164957111 1764164957119
115199 3879016746 1764164957145.353027 1764164957145 1764164957152
115200 3879050090 1764164957178.693848 1764164957179 1764164957186
115201 3879083434 1764164957212.034912 1764164957212 1764164957219
115202 3879116778 1764164957245.375732 1764164957245 1764164957252
115203 3879150121 1764164957278.715576 1764164957279 1764164957286
115204 3879183465 1764164957312.074951 1764164957312 1764164957319
115205 3879216809 1764164957345.434326 1764164957345 1764164957353
115206 3879250153 1764164957378.793945 1764164957379 1764164957386
115207 3879283497 1764164957412.153564 1764164957412 1764164957419
115208 3879316841 1764164957445.513428 1764164957446 1764164957453
115209 3879350185 1764164957478.873291 1764164957479 1764164957486
115210 3879383529 1764164957512.233398 1764164957512 1764164957519
115211 3879416873 1764164957545.593506 1764164957545 1764164957552
115212 3879450217 1764164957578.953857 1764164957579 1764164957586
115213 3879483561 1764164957612.314209 1764164957612 1764164957619
115214 3879516905 1764164957645.674805 1764164957646 1764164957653
115215 3879550249 1764164957679.035400 1764164957679 1764164957686
115216 3879583592 1764164957712.395020 1764164957712 1764164957719
115217 3879616936 1764164957745.755859 1764164957746 1764164957753
115218 3879650280 1764164957779.116943 1764164957779 1764164957786
115219 3879683624 1764164957812.478027 1764164957812 1764164957819
115220 3879716968 1764164957845.839355 1764164957846 1764164957853
115221 3879750312 1764164957879.200439 1764164957878 1764164957886
115222 3879783656 1764164957912.562012 1764164957912 1764164957919
115223 3879817000 1764164957945.923584 1764164957946 1764164957953
115224 3879850344 1764164957979.285156 1764164957978 1764164957986
115225 3879883688 1764164958012.646973 1764164958012 1764164958019
115226 3879917032 1764164958046.009033 1764164958046 1764164958053
115227 3879950376 1764164958079.371094 1764164958078 1764164958086
115228 3879983720 1764164958112.733154 1764164958112 1764164958119
115229 3880017063 1764164958146.094482 1764164958146 1764164958153
115230 3880050407 1764164958179.456787 1764164958178 1764164958186
115231 3880083751 1764164958212.819336 1764164958212 1764164958219
115232 3880117095 1764164958246.181885 1764164958246 1764164958253
115233 3880150439 1764164958279.544434 1764164958278 1764164958286
115234 3880183783 1764164958312.883545 1764164958312 1764164958319
115235 3880217127 1764164958346.222900 1764164958346 1764164958353
115236 3880250471 1764164958379.562012 1764164958378 1764164958386
115237 3880283815 1764164958412.901123 1764164958412 1764164958419
115238 3880317159 1764164958446.240234 1764164958446 1764164958453
115239 3880350503 1764164958479.579590 1764164958478 1764164958486
115240 3880383847 1764164958512.918457 1764164958512 1764164958519
115241 3880417191 1764164958546.257568 1764164958546 1764164958553
115242 3880450535 1764164958579.596680 1764164958579 1764164958586
115243 3880483878 1764164958612.934814 1764164958612 1764164958619
115244 3880517222 1764164958646.273682 1764164958645 1764164958653
115245 3880550566 1764164958679.612793 1764164958679 1764164958686
115246 3880583910 1764164958712.951660 1764164958712 1764164958719
115247 3880617254 1764164958746.290771 1764164958746 1764164958753
115248 3880650598 1764164958779.629639 1764164958779 1764164958786
115249 3880683942 1764164958812.968506 1764164958813 1764164958820
115250 3880717286 1764164958846.307373 1764164958846 1764164958853
115251 3880750630 1764164958879.646484 1764164958879 1764164958886
115252 3880783974 1764164958912.985352 1764164958912 1764164958919
115253 3880817318 1764164958946.323975 1764164958946 1764164958953
115254 3880850662 1764164958979.662842 1764164958979 1764164958986
115255 3880884006 1764164959013.001709 1764164959012 1764164959019
115256 3880917349 1764164959046.339600 1764164959046 1764164959053
115257 3880950693 1764164959079.678223 1764164959079 1764164959086
115258 3880984037 1764164959113.017090 1764164959113 1764164959120
115259 3881017381 1764164959146.355713 1764164959145 1764164959153
115260 3881050725 1764164959179.694336 1764164959179 1764164959186
115261 3881084069 1764164959213.033203 1764164959213 1764164959220
115262 3881117413 1764164959246.371826 1764164959245 1764164959253
115263 3881150757 1764164959279.710449 1764164959279 1764164959286
115264 3881184101 1764164959313.049805 1764164959313 1764164959320
115265 3881217445 1764164959346.389160 1764164959345 1764164959353
115266 3881250789 1764164959379.728516 1764164959379 1764164959386
115267 3881284133 1764164959413.067871 1764164959413 1764164959420
115268 3881317477 1764164959446.406982 1764164959445 1764164959453
115269 3881350820 1764164959479.745361 1764164959479 1764164959486
115270 3881384164 1764164959513.084717 1764164959513 1764164959520
115271 3881417508 1764164959546.423828 1764164959545 1764164959553
115272 3881450852 1764164959579.763184 1764164959579 1764164959586
115273 3881484196 1764164959613.102295 1764164959613 1764164959620
115274 3881517540 1764164959646.441406 1764164959645 1764164959653
115275 3881550884 1764164959679.780518 1764164959679 1764164959686
115276 3881584228 1764164959713.119873 1764164959713 1764164959720
115277 3881617572 1764164959746.458984 1764164959745 1764164959753
115278 3881650916 1764164959779.798096 1764164959780 1764164959787
115279 3881684260 1764164959813.137207 1764164959813 1764164959820
115280 3881717604 1764164959846.476318 1764164959846 1764164959853
115281 3881750948 1764164959879.815186 1764164959879 1764164959886
115282 3881784292 1764164959913.154297 1764164959913 1764164959920
115283 3881817635 1764164959946.492432 1764164959946 1764164959953
115284 3881850979 1764164959979.831299 1764164959980 1764164959987
115285 3881884323 1764164960013.170410 1764164960013 1764164960020
115286 3881917667 1764164960046.509277 1764164960046 1764164960053
115287 3881951011 1764164960079.848145 1764164960079 1764164960086
115288 3881984355 1764164960113.187256 1764164960113 1764164960120
115289 3882017699 1764164960146.526123 1764164960146 1764164960153
115290 3882051043 1764164960179.864990 1764164960179 1764164960186
115291 3882084387 1764164960213.203857 1764164960213 1764164960220
115292 3882117731 1764164960246.542725 1764164960246 1764164960253
115293 3882151075 1764164960279.881592 1764164960279 1764164960286
115294 3882184419 1764164960313.220947 1764164960313 1764164960320
115295 3882217763 1764164960346.560303 1764164960346 1764164960353
115296 3882251106 1764164960379.898438 1764164960379 1764164960387
115297 3882284450 1764164960413.237793 1764164960413 1764164960420
115298 3882317794 1764164960446.576904 1764164960446 1764164960453
115299 3882351138 1764164960479.916260 1764164960480 1764164960487
115300 3882384482 1764164960513.255371 1764164960513 1764164960520
115301 3882417826 1764164960546.594482 1764164960546 1764164960553
115302 3882451170 1764164960579.933594 1764164960580 1764164960587
115303 3882484514 1764164960613.272949 1764164960612 1764164960620
115304 3882517858 1764164960646.612061 1764164960646 1764164960653
115305 3882551202 1764164960679.950928 1764164960680 1764164960687
115306 3882584546 1764164960713.290039 1764164960712 1764164960720
115307 3882617890 1764164960746.629150 1764164960746 1764164960753
115308 3882651234 1764164960779.968262 1764164960780 1764164960787
115309 3882684577 1764164960813.306152 1764164960812 1764164960820
115310 3882717921 1764164960846.645264 1764164960846 1764164960853
115311 3882751265 1764164960879.984131 1764164960880 1764164960887
115312 3882784609 1764164960913.323242 1764164960912 1764164960920
115313 3882817953 1764164960946.662109 1764164960946 1764164960953
115314 3882851297 1764164960980.000977 1764164960980 1764164960987
115315 3882884641 1764164961013.339844 1764164961012 1764164961020
115316 3882917985 1764164961046.678711 1764164961046 1764164961053
115317 3882951329 1764164961080.017578 1764164961080 1764164961087
115318 3882984673 1764164961113.356445 1764164961112 1764164961120
115319 3883018017 1764164961146.695312 1764164961146 1764164961153
115320 3883051361 1764164961180.034180 1764164961180 1764164961187
115321 3883084705 1764164961213.372803 1764164961212 1764164961220
115322 3883118049 1764164961246.711670 1764164961246 1764164961253
115323 3883151392 1764164961280.049316 1764164961280 1764164961287
115324 3883184736 1764164961313.388672 1764164961313 1764164961320
115325 3883218080 1764164961346.728271 1764164961346 1764164961353
115326 3883251424 1764164961380.067627 1764164961380 1764164961387
115327 3883284768 1764164961413.406982 1764164961413 1764164961420
115328 3883318112 1764164961446.746094 1764164961446 1764164961453
115329 3883351456 1764164961480.085449 1764164961480 1764164961487
115330 3883384800 1764164961513.424805 1764164961513 1764164961520
115331 3883418144 1764164961546.764160 1764164961546 1764164961553
115332 3883451488 1764164961580.103271 1764164961580 1764164961587
115333 3883484832 1764164961613.442627 1764164961613 1764164961620
115334 3883518176 1764164961646.781738 1764164961646 1764164961653
115335 3883551520 1764164961680.121094 1764164961680 1764164961687
115336 3883584863 1764164961713.459229 1764164961713 1764164961720
115337 3883618207 1764164961746.798340 1764164961746 1764164961753
115338 3883651551 1764164961780.137451 1764164961780 1764164961787
115339 3883684895 1764164961813.476562 1764164961813 1764164961820
115340 3883718239 1764164961846.815674 1764164961847 1764164961854
115341 3883751583 1764164961880.154785 1764164961880 1764164961887
115342 3883784927 1764164961913.493896 1764164961913 1764164961920
115343 3883818271 1764164961946.833008 1764164961947 1764164961954
115344 3883851615 1764164961980.171875 1764164961980 1764164961987
115345 3883884959 1764164962013.510986 1764164962013 1764164962020
115346 3883918303 1764164962046.849854 1764164962047 1764164962054
115347 3883951647 1764164962080.188965 1764164962079 1764164962087
115348 3883984991 1764164962113.527832 1764164962113 1764164962120
115349 3884018334 1764164962146.865967 1764164962147 1764164962154
115350 3884051678 1764164962180.204834 1764164962179 1764164962187
115351 3884085022 1764164962213.543701 1764164962213 1764164962220
115352 3884118366 1764164962246.882568 1764164962247 1764164962254
115353 3884151710 1764164962280.221436 1764164962279 1764164962287
115354 3884185054 1764164962313.562012 1764164962313 1764164962320
115355 3884218398 1764164962346.902588 1764164962347 1764164962354
115356 3884251742 1764164962380.243164 1764164962379 1764164962387
115357 3884285086 1764164962413.583740 1764164962413 1764164962420
115358 3884318430 1764164962446.924316 1764164962447 1764164962454
115359 3884351774 1764164962480.264893 1764164962479 1764164962487
115360 3884385118 1764164962513.605469 1764164962513 1764164962520
115361 3884418462 1764164962546.945801 1764164962547 1764164962554
115362 3884451806 1764164962580.286377 1764164962579 1764164962587
115363 3884485149 1764164962613.625977 1764164962613 1764164962620
115364 3884518493 1764164962646.966309 1764164962647 1764164962654
115365 3884551837 1764164962680.306885 1764164962679 1764164962687
115366 3884585181 1764164962713.647217 1764164962713 1764164962720
115367 3884618525 1764164962746.987793 1764164962747 1764164962754
115368 3884651869 1764164962780.328125 1764164962780 1764164962787
115369 3884685213 1764164962813.668701 1764164962813 1764164962820
115370 3884718557 1764164962847.009033 1764164962847 1764164962854
115371 3884751901 1764164962880.349365 1764164962880 1764164962887
115372 3884785245 1764164962913.689941 1764164962914 1764164962921
115373 3884818589 1764164962947.030273 1764164962947 1764164962954
115374 3884851933 1764164962980.370605 1764164962980 1764164962987
115375 3884885277 1764164963013.710938 1764164963013 1764164963020
115376 3884918620 1764164963047.050293 1764164963047 1764164963054
115377 3884951964 1764164963080.390869 1764164963080 1764164963087
115378 3884985308 1764164963113.731201 1764164963113 1764164963120
115379 3885018652 1764164963147.071533 1764164963147 1764164963154
115380 3885051996 1764164963180.411865 1764164963180 1764164963187
115381 3885085340 1764164963213.751953 1764164963214 1764164963221
115382 3885118684 1764164963247.092285 1764164963246 1764164963254
115383 3885152028 1764164963280.432617 1764164963280 1764164963287
115384 3885185372 1764164963313.772217 1764164963314 1764164963321
115385 3885218716 1764164963347.111572 1764164963346 1764164963354
115386 3885252060 1764164963380.451172 1764164963380 1764164963387
115387 3885285404 1764164963413.790527 1764164963414 1764164963421
115388 3885318748 1764164963447.129883 1764164963446 1764164963454
115389 3885352091 1764164963480.468262 1764164963480 1764164963487
115390 3885385435 1764164963513.807617 1764164963514 1764164963521
115391 3885418779 1764164963547.146973 1764164963546 1764164963554
115392 3885452123 1764164963580.486328 1764164963580 1764164963587
115393 3885485467 1764164963613.825684 1764164963614 1764164963621
115394 3885518811 1764164963647.165039 1764164963646 1764164963654
115395 3885552155 1764164963680.504395 1764164963680 1764164963687
115396 3885585499 1764164963713.843506 1764164963714 1764164963721
115397 3885618843 1764164963747.182861 1764164963746 1764164963754
115398 3885652187 1764164963780.521973 1764164963780 1764164963787
115399 3885685531 1764164963813.861328 1764164963814 1764164963821
115400 3885718875 1764164963847.200439 1764164963846 1764164963854
115401 3885752219 1764164963880.539551 1764164963880 1764164963887
115402 3885785563 1764164963913.878906 1764164963914 1764164963921
115403 3885818906 1764164963947.217041 1764164963946 1764164963954
115404 3885852250 1764164963980.556152 1764164963980 1764164963987
115405 3885885594 1764164964013.895264 1764164964014 1764164964021
115406 3885918938 1764164964047.234375 1764164964047 1764164964054
115407 3885952282 1764164964080.573486 1764164964080 1764164964087
115408 3885985626 1764164964113.912598 1764164964114 1764164964121
115409 3886018970 1764164964147.251465 1764164964147 1764164964154
115410 3886052314 1764164964180.590576 1764164964180 1764164964187
115411 3886085658 1764164964213.929688 1764164964214 1764164964221
115412 3886119002 1764164964247.268555 1764164964247 1764164964254
115413 3886152346 1764164964280.607666 1764164964280 1764164964287
115414 3886185690 1764164964313.946777 1764164964314 1764164964321
115415 3886219034 1764164964347.285889 1764164964347 1764164964354
115416 3886252377 1764164964380.624023 1764164964380 1764164964387
115417 3886285721 1764164964413.963135 1764164964414 1764164964421
115418 3886319065 1764164964447.302246 1764164964447 1764164964454
115419 3886352409 1764164964480.641357 1764164964480 1764164964487
115420 3886385753 1764164964513.980225 1764164964514 1764164964521
115421 3886419097 1764164964547.319336 1764164964547 1764164964554
115422 3886452441 1764164964580.658203 1764164964581 1764164964588
115423 3886485785 1764164964613.997314 1764164964614 1764164964621
115424 3886519129 1764164964647.336182 1764164964647 1764164964654
115425 3886552473 1764164964680.675049 1764164964681 1764164964688
115426 3886585817 1764164964714.014160 1764164964714 1764164964721
115427 3886619161 1764164964747.353027 1764164964747 1764164964754
115428 3886652505 1764164964780.691895 1764164964781 1764164964788
115429 3886685848 1764164964814.029785 1764164964813 1764164964821
115430 3886719192 1764164964847.368408 1764164964847 1764164964854
115431 3886752536 1764164964880.707275 1764164964881 1764164964888
115432 3886785880 1764164964914.046143 1764164964913 1764164964921
115433 3886819224 1764164964947.384766 1764164964947 1764164964954
115434 3886852568 1764164964980.723633 1764164964981 1764164964988
115435 3886885912 1764164965014.062256 1764164965013 1764164965021
115436 3886919256 1764164965047.401123 1764164965047 1764164965054
115437 3886952600 1764164965080.739746 1764164965081 1764164965088
115438 3886985944 1764164965114.078369 1764164965113 1764164965121
115439 3887019288 1764164965147.416992 1764164965147 1764164965154
115440 3887052632 1764164965180.755615 1764164965181 1764164965188
115441 3887085976 1764164965214.094238 1764164965213 1764164965221
115442 3887119320 1764164965247.432861 1764164965247 1764164965254
115443 3887152663 1764164965280.770264 1764164965281 1764164965288
115444 3887186007 1764164965314.109863 1764164965313 1764164965321
115445 3887219351 1764164965347.449219 1764164965347 1764164965354
115446 3887252695 1764164965380.788574 1764164965381 1764164965388
115447 3887286039 1764164965414.127930 1764164965413 1764164965421
115448 3887319383 1764164965447.467285 1764164965447 1764164965454
115449 3887352727 1764164965480.806396 1764164965481 1764164965488
115450 3887386071 1764164965514.145752 1764164965514 1764164965521
115451 3887419415 1764164965547.485107 1764164965548 1764164965555
115452 3887452759 1764164965580.824219 1764164965581 1764164965588
115453 3887486103 1764164965614.163574 1764164965614 1764164965621
115454 3887519447 1764164965647.502686 1764164965647 1764164965654
115455 3887552791 1764164965680.842041 1764164965681 1764164965688
115456 3887586134 1764164965714.180176 1764164965714 1764164965721
115457 3887619478 1764164965747.519287 1764164965747 1764164965754
115458 3887652822 1764164965780.858398 1764164965781 1764164965788
115459 3887686166 1764164965814.197510 1764164965814 1764164965821
115460 3887719510 1764164965847.536621 1764164965847 1764164965854
115461 3887752854 1764164965880.875732 1764164965881 1764164965888
115462 3887786198 1764164965914.214844 1764164965914 1764164965921
115463 3887819542 1764164965947.553711 1764164965948 1764164965955
115464 3887852886 1764164965980.892822 1764164965981 1764164965988
115465 3887886230 1764164966014.231934 1764164966014 1764164966021
115466 3887919574 1764164966047.570801 1764164966048 1764164966055
115467 3887952918 1764164966080.909912 1764164966081 1764164966088
115468 3887986262 1764164966114.248779 1764164966114 1764164966121
115469 3888019605 1764164966147.586670 1764164966148 1764164966155
115470 3888052949 1764164966180.925537 1764164966180 1764164966188
115471 3888086293 1764164966214.264648 1764164966214 1764164966221
115472 3888119637 1764164966247.603516 1764164966248 1764164966255
115473 3888152981 1764164966280.942383 1764164966280 1764164966288
115474 3888186325 1764164966314.282471 1764164966314 1764164966321
115475 3888219669 1764164966347.622803 1764164966348 1764164966355
115476 3888253013 1764164966380.962891 1764164966380 1764164966388
115477 3888286357 1764164966414.302979 1764164966414 1764164966421
115478 3888319701 1764164966447.643311 1764164966448 1764164966455
115479 3888353045 1764164966480.983398 1764164966480 1764164966488
115480 3888386389 1764164966514.323486 1764164966514 1764164966521
115481 3888419733 1764164966547.663574 1764164966548 1764164966555
115482 3888453077 1764164966581.003662 1764164966580 1764164966588
115483 3888486420 1764164966614.342773 1764164966614 1764164966621
115484 3888519764 1764164966647.682861 1764164966648 1764164966655
115485 3888553108 1764164966681.022949 1764164966680 1764164966688
115486 3888586452 1764164966714.363037 1764164966714 1764164966721
115487 3888619796 1764164966747.703125 1764164966748 1764164966755
115488 3888653140 1764164966781.042969 1764164966780 1764164966788
115489 3888686484 1764164966814.383057 1764164966814 1764164966821
115490 3888719828 1764164966847.723145 1764164966848 1764164966855
115491 3888753172 1764164966881.062988 1764164966881 1764164966888
115492 3888786516 1764164966914.403076 1764164966914 1764164966921
115493 3888819860 1764164966947.742920 1764164966948 1764164966955
115494 3888853204 1764164966981.083008 1764164966981 1764164966988
115495 3888886548 1764164967014.422852 1764164967014 1764164967021
115496 3888919891 1764164967047.761719 1764164967048 1764164967055
115497 3888953235 1764164967081.101807 1764164967081 1764164967088
115498 3888986579 1764164967114.441650 1764164967114 1764164967121
115499 3889019923 1764164967147.781494 1764164967148 1764164967155
115500 3889053267 1764164967181.121338 1764164967181 1764164967188
115501 3889086611 1764164967214.461182 1764164967214 1764164967221
115502 3889119955 1764164967247.801025 1764164967248 1764164967255
115503 3889153299 1764164967281.140869 1764164967281 1764164967288
115504 3889186643 1764164967314.480225 1764164967315 1764164967322
115505 3889219987 1764164967347.819824 1764164967348 1764164967355
115506 3889253331 1764164967381.159180 1764164967381 1764164967388
115507 3889286675 1764164967414.498535 1764164967415 1764164967422
115508 3889320019 1764164967447.837891 1764164967447 1764164967455
115509 3889353362 1764164967481.176270 1764164967481 1764164967488
115510 3889386706 1764164967514.515625 1764164967515 1764164967522
115511 3889420050 1764164967547.854980 1764164967547 1764164967555
115512 3889453394 1764164967581.194092 1764164967581 1764164967588
115513 3889486738 1764164967614.533447 1764164967615 1764164967622
115514 3889520082 1764164967647.872803 1764164967647 1764164967655
115515 3889553426 1764164967681.211914 1764164967681 1764164967688
115516 3889586770 1764164967714.551270 1764164967715 1764164967722
115517 3889620114 1764164967747.890381 1764164967747 1764164967755
115518 3889653458 1764164967781.229492 1764164967781 1764164967788
115519 3889686802 1764164967814.568604 1764164967814 1764164967822
115520 3889720146 1764164967847.907959 1764164967847 1764164967855
115521 3889753490 1764164967881.247070 1764164967881 1764164967888
115522 3889786834 1764164967914.586182 1764164967915 1764164967922
115523 3889820177 1764164967947.924072 1764164967947 1764164967955
115524 3889853521 1764164967981.263184 1764164967981 1764164967988
115525 3889886865 1764164968014.602295 1764164968015 1764164968022
115526 3889920209 1764164968047.941406 1764164968047 1764164968055
115527 3889953553 1764164968081.280273 1764164968081 1764164968090
115528 3889986897 1764164968114.619385 1764164968115 1764164968122
115529 3890020241 1764164968147.958252 1764164968148 1764164968155
115530 3890053585 1764164968181.297363 1764164968181 1764164968188
115531 3890086929 1764164968214.636230 1764164968214 1764164968223
115532 3890120273 1764164968247.975098 1764164968248 1764164968255
115533 3890153617 1764164968281.314209 1764164968281 1764164968289
115534 3890186961 1764164968314.653564 1764164968315 1764164968322
115535 3890220305 1764164968347.993164 1764164968348 1764164968355
115536 3890253648 1764164968381.331543 1764164968381 1764164968388
115537 3890286992 1764164968414.671143 1764164968415 1764164968422
115538 3890320336 1764164968448.010498 1764164968448 1764164968455
115539 3890353680 1764164968481.350098 1764164968481 1764164968488
115540 3890387024 1764164968514.689453 1764164968515 1764164968522
115541 3890420368 1764164968548.028809 1764164968548 1764164968555
115542 3890453712 1764164968581.368164 1764164968581 1764164968588
115543 3890487056 1764164968614.707520 1764164968615 1764164968622
115544 3890520400 1764164968648.046875 1764164968648 1764164968655
115545 3890553744 1764164968681.386230 1764164968682 1764164968689
115546 3890587088 1764164968714.725586 1764164968715 1764164968722
115547 3890620432 1764164968748.064941 1764164968748 1764164968755
115548 3890653776 1764164968781.404053 1764164968782 1764164968789
115549 3890687119 1764164968814.742432 1764164968815 1764164968822
115550 3890720463 1764164968848.081543 1764164968848 1764164968855
115551 3890753807 1764164968881.420898 1764164968881 1764164968889
115552 3890787151 1764164968914.760010 1764164968914 1764164968922
115553 3890820495 1764164968948.099121 1764164968948 1764164968955
115554 3890853839 1764164968981.438477 1764164968982 1764164968989
115555 3890887183 1764164969014.777588 1764164969014 1764164969022
115556 3890920527 1764164969048.116699 1764164969048 1764164969055
115557 3890953871 1764164969081.455811 1764164969082 1764164969089
115558 3890987215 1764164969114.794922 1764164969114 1764164969122
115559 3891020559 1764164969148.134033 1764164969148 1764164969155
115560 3891053903 1764164969181.473145 1764164969182 1764164969189
115561 3891087247 1764164969214.812012 1764164969214 1764164969222
115562 3891120591 1764164969248.151123 1764164969248 1764164969255
115563 3891153934 1764164969281.489258 1764164969282 1764164969289
115564 3891187278 1764164969314.829590 1764164969314 1764164969322
115565 3891220622 1764164969348.170166 1764164969348 1764164969355
115566 3891253966 1764164969381.510498 1764164969382 1764164969389
115567 3891287310 1764164969414.851074 1764164969414 1764164969422
115568 3891320654 1764164969448.191406 1764164969448 1764164969455
115569 3891353998 1764164969481.531982 1764164969482 1764164969489
115570 3891387342 1764164969514.872314 1764164969514 1764164969522
115571 3891420686 1764164969548.212891 1764164969548 1764164969555
115572 3891454030 1764164969581.553223 1764164969582 1764164969589
115573 3891487374 1764164969614.893799 1764164969615 1764164969622
115574 3891520718 1764164969648.234131 1764164969648 1764164969655
115575 3891554062 1764164969681.574707 1764164969682 1764164969689
115576 3891587405 1764164969714.914062 1764164969715 1764164969722
115577 3891620749 1764164969748.254395 1764164969748 1764164969755
115578 3891654093 1764164969781.594971 1764164969782 1764164969789
115579 3891687437 1764164969814.935303 1764164969815 1764164969822
115580 3891720781 1764164969848.275635 1764164969848 1764164969855
115581 3891754125 1764164969881.616211 1764164969882 1764164969889
