1764165101848397312 504
1764165101885888064 505
1764165101917890432 506
1764165101958491328 507
1764165101987598080 508
1764165102024799904 509
1764165102059918144 510
1764165102088187776 511
1764165102116136000 512
1764165102165409504 513
1764165102186501376 514
1764165102234639008 515
1764165102253754880 516
1764165102288490560 517
1764165102316256832 518
1764165102358183168 519
1764165102387245888 520
1764165102418248992 521
1764165102452175072 522
1764165102490464608 523
1764165102519698976 524
1764165102564807360 525
1764165102588167680 526
1764165102627203520 527
1764165102658355040 528
1764165102687120480 529
1764165102724906848 530
1764165102750062752 531
1764165102792378432 532
1764165102819077792 533
1764165102860804672 534
1764165102891903008 535
1764165102919969952 536
1764165102949590496 537
1764165102994516448 538
1764165103022270720 539
1764165103060553472 540
1764165103095837600 541
1764165103123230272 542
1764165103150732480 543
1764165103186454432 544
1764165103221435328 545
1764165103255940704 546
1764165103282882016 547
1764165103318046752 548
1764165103351193152 549
1764165103397227328 550
1764165103420073472 551
1764165103465302304 552
1764165103488624640 553
1764165103517227072 554
1764165103554810944 555
1764165103591446528 556
1764165103616895072 557
1764165103651560512 558
1764165103690500480 559
1764165103728287808 560
1764165103756113792 561
1764165103782933504 562
1764165103819942592 563
1764165103855710624 564
1764165103882994560 565
1764165103918581664 566
1764165103955905792 567
1764165103983713728 568
1764165104019397504 569
1764165104060358912 570
1764165104097367552 571
1764165104133240480 572
1764165104154185824 573
1764165104192202496 574
1764165104226934656 575
1764165104255042592 576
1764165104289095328 577
1764165104316150624 578
1764165104349528160 579
1764165104392041408 580
1764165104416766368 581
1764165104463446688 582
1764165104487083424 583
1764165104523363008 584
1764165104551045344 585
1764165104592632864 586
1764165104617707072 587
1764165104653467008 588
1764165104688039392 589
1764165104722445056 590
1764165104759798240 591
1764165104787626048 592
1764165104816880960 593
1764165104852643392 594
1764165104891805536 595
1764165104925679712 596
1764165104950865312 597
1764165104998327680 598
1764165105019665568 599
1764165105053238272 600
1764165105091700960 601
1764165105116322880 602
1764165105154170336 603
1764165105189130272 604
1764165105216379456 605
1764165105253714368 606
1764165105283518272 607
1764165105334493856 608
1764165105365283872 609
1764165105386183680 610
1764165105415989088 611
1764165105454929760 612
1764165105490466144 613
1764165105523943872 614
1764165105551706848 615
1764165105586761216 616
1764165105625809344 617
1764165105651374400 618
1764165105682401120 619
1764165105718490720 620
1764165105754880288 621
1764165105788604640 622
1764165105822520576 623
1764165105852843520 624
1764165105898517856 625
1764165105920893312 626
1764165105955440576 627
1764165105991884224 628
1764165106016958944 629
1764165106062453920 630
1764165106086307808 631
1764165106117114016 632
1764165106152574560 633
1764165106187076224 634
1764165106222172928 635
1764165106258484320 636
1764165106284311072 637
1764165106319233408 638
1764165106358842720 639
1764165106386738976 640
1764165106423253856 641
1764165106456826880 642
1764165106494188000 643
1764165106522592192 644
1764165106551726400 645
1764165106587799808 646
1764165106626472032 647
1764165106658222432 648
1764165106687331872 649
1764165106721766784 650
1764165106750772512 651
1764165106785902080 652
1764165106816599520 653
1764165106851950560 654
1764165106883499744 655
1764165106932183520 656
1764165106954804704 657
1764165107001165248 658
1764165107043524992 659
1764165107096477312 660
1764165107123394816 661
1764165107151657792 662
1764165107168488992 663
1764165107193094240 664
1764165107219171712 665
1764165107252654112 666
1764165107292506688 667
1764165107317021632 668
1764165107360472992 669
1764165107386271616 670
1764165107421105984 671
1764165107456111648 672
1764165107483288224 673
1764165107523117344 674
1764165107556793376 675
1764165107582606624 676
1764165107630862848 677
1764165107668439200 678
1764165107692464320 679
1764165107721382560 680
1764165107761204160 681
1764165107787088704 682
1764165107821586080 683
1764165107851152192 684
1764165107893782656 685
1764165107931130304 686
1764165107954993952 687
1764165107992403328 688
1764165108032628288 689
1764165108055230656 690
1764165108086342688 691
1764165108127118624 692
1764165108153609120 693
1764165108187853152 694
1764165108217236864 695
1764165108254231008 696
1764165108304272928 697
1764165108321261120 698
1764165108352388416 699
1764165108388957600 700
1764165108417204416 701
1764165108465438848 702
1764165108486254528 703
1764165108520009472 704
1764165108554592000 705
1764165108587724992 706
1764165108633485088 707
1764165108663277088 708
1764165108688300640 709
1764165108722456320 710
1764165108749106560 711
1764165108798469088 712
1764165108819210752 713
1764165108853101728 714
1764165108892011296 715
1764165108927415552 716
1764165108953365696 717
1764165108988011136 718
1764165109018033568 719
1764165109055505376 720
1764165109089673408 721
1764165109115986496 722
1764165109158897088 723
1764165109184314112 724
1764165109219127264 725
1764165109254800544 726
1764165109282163296 727
1764165109315954112 728
1764165109354448352 729
1764165109390505728 730
1764165109422717120 731
1764165109450060192 732
1764165109487260448 733
1764165109515970208 734
1764165109555687328 735
1764165109583865920 736
1764165109618372960 737
1764165109658871360 738
1764165109683391328 739
1764165109717326720 740
1764165109752360224 741
1764165109802450368 742
1764165109830565024 743
1764165109875666144 744
1764165109896440928 745
1764165109920278016 746
1764165109954676672 747
1764165109983353952 748
1764165110018868128 749
1764165110054442848 750
1764165110083570880 751
1764165110120751552 752
1764165110148874528 753
1764165110184012704 754
1764165110219560736 755
1764165110254001184 756
1764165110294490080 757
1764165110320860832 758
1764165110348813920 759
1764165110386476928 760
1764165110437467776 761
1764165110462124512 762
1764165110487961024 763
1764165110517262784 764
1764165110552901248 765
1764165110594212448 766
1764165110620978400 767
1764165110649477856 768
1764165110693864416 769
1764165110723734560 770
1764165110754263296 771
1764165110782278048 772
1764165110817928000 773
1764165110855550304 774
1764165110888683840 775
1764165110922726848 776
1764165110949108736 777
1764165110991267552 778
1764165111016554368 779
1764165111051786080 780
1764165111087493408 781
1764165111123329088 782
1764165111150604128 783
1764165111193533408 784
1764165111221889088 785
1764165111255812032 786
1764165111282399680 787
1764165111322939680 788
1764165111355341408 789
1764165111383155808 790
1764165111418163200 791
1764165111467225280 792
1764165111486957632 793
1764165111518035136 794
1764165111551677344 795
1764165111587169280 796
1764165111621573568 797
1764165111652349632 798
1764165111686890720 799
1764165111721331552 800
1764165111750184384 801
1764165111794577984 802
1764165111824201632 803
1764165111851420768 804
1764165111899381568 805
1764165111919943552 806
1764165111953432800 807
1764165111988582208 808
1764165112017738144 809
1764165112054266432 810
1764165112082991456 811
1764165112117462048 812
1764165112154488224 813
1764165112186025056 814
1764165112220303520 815
1764165112255507104 816
1764165112294743296 817
1764165112323941792 818
1764165112353282528 819
1764165112388837824 820
1764165112418176160 821
1764165112452120864 822
1764165112498462656 823
1764165112519624512 824
1764165112549575776 825
1764165112586791424 826
1764165112621607584 827
1764165112648741632 828
1764165112687340288 829
1764165112726464544 830
1764165112755831744 831
1764165112783290752 832
1764165112834459200 833
1764165112855348608 834
1764165112883380800 835
1764165112927986368 836
1764165112953188576 837
1764165112993455136 838
1764165113020558912 839
1764165113048777440 840
1764165113082967712 841
1764165113132568672 842
1764165113158876096 843
1764165113193195488 844
1764165113220311808 845
1764165113256130496 846
1764165113283342112 847
1764165113318097600 848
1764165113355018464 849
1764165113391259552 850
1764165113420375296 851
1764165113449584384 852
1764165113498603200 853
1764165113519635168 854
1764165113549103136 855
1764165113583381344 856
1764165113617933536 857
1764165113654745248 858
1764165113682001120 859
1764165113715947648 860
1764165113751755168 861
1764165113790772896 862
1764165113816255936 863
1764165113862144256 864
1764165113889315840 865
1764165113916247296 866
1764165113961053984 867
1764165113986072064 868
1764165114028827200 869
1764165114052547040 870
1764165114086948320 871
1764165114124913152 872
1764165114151178048 873
1764165114185928704 874
1764165114223099200 875
1764165114249631648 876
1764165114285238912 877
1764165114319274496 878
1764165114355554304 879
1764165114383029696 880
1764165114418718208 881
1764165114454951360 882
1764165114483293920 883
1764165114528144192 884
1764165114561326400 885
1764165114586290432 886
1764165114615223264 887
1764165114649708960 888
1764165114685787872 889
1764165114723140480 890
1764165114750336864 891
1764165114795071808 892
1764165114819324832 893
1764165114863773952 894
1764165114886232160 895
1764165114923765952 896
1764165114963827520 897
1764165114990334336 898
1764165115022535680 899
1764165115061757600 900
1764165115086508928 901
1764165115123950208 902
1764165115149222240 903
1764165115185633888 904
1764165115227938112 905
1764165115252835712 906
1764165115290994848 907
1764165115332448768 908
1764165115362621056 909
1764165115386772800 910
1764165115419511840 911
1764165115455717760 912
1764165115486330880 913
1764165115520271136 914
1764165115557101216 915
1764165115582580960 916
1764165115618741792 917
1764165115653589120 918
1764165115682287872 919
1764165115718302624 920
1764165115759231360 921
1764165115786573184 922
1764165115820531840 923
1764165115866466016 924
1764165115885943808 925
1764165115920049376 926
1764165115954235264 927
1764165115982005728 928
1764165116018110880 929
1764165116055088512 930
1764165116082697856 931
1764165116119598912 932
1764165116154449792 933
1764165116182903520 934
1764165116218466432 935
1764165116250765248 936
1764165116285154944 937
1764165116319472416 938
1764165116358457088 939
1764165116386173888 940
1764165116420273920 941
1764165116454507168 942
1764165116495617376 943
1764165116518901088 944
1764165116548415008 945
1764165116583507232 946
1764165116626463296 947
1764165116652999520 948
1764165116690495136 949
1764165116716389664 950
1764165116756958720 951
1764165116783916608 952
1764165116820237696 953
1764165116867755456 954
1764165116889616320 955
1764165116917213184 956
1764165116962150208 957
1764165116985997120 958
1764165117023707008 959
1764165117049018816 960
1764165117085214752 961
1764165117125728800 962
1764165117151291424 963
1764165117185282400 964
1764165117223876160 965
1764165117249798208 966
1764165117285139040 967
1764165117320547328 968
1764165117355258688 969
1764165117381661184 970
1764165117419458240 971
1764165117454946592 972
1764165117482205504 973
1764165117518288640 974
1764165117552873856 975
1764165117587945120 976
1764165117615043808 977
1764165117651140768 978
1764165117687185760 979
1764165117720732960 980
1764165117748964352 981
1764165117784215296 982
1764165117819442304 983
1764165117855268800 984
1764165117881633472 985
1764165117917095840 986
1764165117952633984 987
1764165117989134592 988
1764165118016702656 989
1764165118051614432 990
1764165118082853536 991
1764165118123099008 992
1764165118154902304 993
1764165118183299296 994
1764165118218296704 995
1764165118262452256 996
1764165118286097280 997
1764165118323999392 998
1764165118348903712 999
1764165118383379968 1000
1764165118419436288 1001
1764165118455865888 1002
1764165118482922336 1003
1764165118532146848 1004
1764165118555520416 1005
1764165118581758400 1006
1764165118619298656 1007
1764165118655038464 1008
1764165118682939840 1009
1764165118718735072 1010
1764165118754034272 1011
1764165118783894336 1012
1764165118822455904 1013
1764165118848923680 1014
1764165118885275072 1015
1764165118923495360 1016
1764165118949758624 1017
1764165118990871104 1018
1764165119019308192 1019
1764165119054039616 1020
1764165119088158464 1021
1764165119115323104 1022
1764165119162622816 1023
1764165119189360736 1024
1764165119216526112 1025
1764165119249985376 1026
1764165119282878592 1027
1764165119325002176 1028
1764165119353070560 1029
1764165119390570528 1030
1764165119420031744 1031
1764165119448420448 1032
1764165119481737888 1033
1764165119518610624 1034
1764165119555704192 1035
1764165119582085504 1036
1764165119616645664 1037
1764165119651987520 1038
1764165119698449920 1039
1764165119719163232 1040
1764165119759046464 1041
1764165119787030944 1042
1764165119834447456 1043
1764165119853061664 1044
1764165119886538240 1045
1764165119920958560 1046
1764165119953651712 1047
1764165119995464640 1048
1764165120018545088 1049
1764165120058543264 1050
1764165120100176736 1051
1764165120120155680 1052
1764165120163449344 1053
1764165120193845152 1054
1764165120219803168 1055
1764165120253401888 1056
1764165120291377472 1057
1764165120318881248 1058
1764165120358474080 1059
1764165120383771904 1060
1764165120418481184 1061
1764165120462799424 1062
1764165120491658784 1063
1764165120526551072 1064
1764165120555557344 1065
1764165120583530048 1066
1764165120629477280 1067
1764165120653153312 1068
1764165120687996544 1069
1764165120715896576 1070
1764165120752833248 1071
1764165120790466496 1072
1764165120816707872 1073
1764165120855227296 1074
1764165120886877536 1075
1764165120921869760 1076
1764165120948397376 1077
1764165120984858048 1078
1764165121022634560 1079
1764165121050119232 1080
1764165121086806112 1081
1764165121123517024 1082
1764165121150033920 1083
1764165121186454240 1084
1764165121226464800 1085
1764165121254565376 1086
1764165121282674688 1087
1764165121317661056 1088
1764165121370010240 1089
1764165121386899808 1090
1764165121421027328 1091
1764165121458061376 1092
1764165121485176224 1093
1764165121529760736 1094
1764165121559504704 1095
1764165121588980448 1096
1764165121616030560 1097
1764165121654468224 1098
1764165121682239744 1099
1764165121717115168 1100
1764165121765353216 1101
1764165121795472512 1102
1764165121832502496 1103
1764165121853037376 1104
1764165121889173216 1105
1764165121915525440 1106
1764165121953007776 1107
1764165121988905920 1108
1764165122015347488 1109
1764165122051940384 1110
1764165122086147392 1111
1764165122120146592 1112
1764165122155134816 1113
1764165122183171424 1114
1764165122219384128 1115
1764165122258466688 1116
1764165122288140256 1117
1764165122315956128 1118
1764165122354122560 1119
1764165122395321472 1120
1764165122438289568 1121
1764165122456342112 1122
1764165122483754112 1123
1764165122515010208 1124
1764165122551711648 1125
1764165122581773056 1126
1764165122618237632 1127
1764165122654212416 1128
1764165122688980320 1129
1764165122715421664 1130
1764165122753359264 1131
1764165122786617152 1132
1764165122823036448 1133
1764165122850753568 1134
1764165122883222528 1135
1764165122920724192 1136
1764165122954153440 1137
1764165122983345792 1138
1764165123020007360 1139
1764165123053419232 1140
1764165123086658272 1141
1764165123119879168 1142
1764165123153486688 1143
1764165123197881760 1144
1764165123219873280 1145
1764165123253768096 1146
1764165123287164576 1147
1764165123319625888 1148
1764165123354546368 1149
1764165123387463200 1150
1764165123414863296 1151
1764165123449759520 1152
1764165123491092064 1153
1764165123516542560 1154
1764165123551775232 1155
1764165123586044416 1156
1764165123620848352 1157
1764165123654059264 1158
1764165123687835680 1159
1764165123731347392 1160
1764165123752498336 1161
1764165123792741312 1162
1764165123819130016 1163
1764165123851242848 1164
1764165123881955936 1165
1764165123917298496 1166
1764165123952676224 1167
1764165123988157760 1168
1764165124018761536 1169
1764165124053378080 1170
1764165124088061568 1171
1764165124121048096 1172
1764165124154591904 1173
1764165124182141120 1174
1764165124216057504 1175
1764165124272594720 1176
1764165124292492096 1177
1764165124319609120 1178
1764165124352758720 1179
1764165124387499616 1180
1764165124415241536 1181
1764165124452263488 1182
1764165124487486368 1183
1764165124520870464 1184
1764165124559796800 1185
1764165124601243616 1186
1764165124620845760 1187
1764165124655165376 1188
1764165124683453152 1189
1764165124718286656 1190
1764165124758465216 1191
1764165124787873280 1192
1764165124817105824 1193
1764165124859591616 1194
1764165124886734144 1195
1764165124918701088 1196
1764165124952424352 1197
1764165124991580928 1198
1764165125020250592 1199
1764165125060793408 1200
1764165125087848224 1201
1764165125120886656 1202
1764165125165150464 1203
1764165125186510240 1204
1764165125220932352 1205
1764165125254460608 1206
1764165125289287392 1207
1764165125315005664 1208
1764165125350176096 1209
1764165125394857920 1210
1764165125419744576 1211
1764165125455339360 1212
1764165125490730304 1213
1764165125515432224 1214
1764165125550160544 1215
1764165125585483904 1216
1764165125621828416 1217
1764165125649877376 1218
1764165125698314976 1219
1764165125721226016 1220
1764165125756059808 1221
1764165125784917856 1222
1764165125819196960 1223
1764165125854166144 1224
1764165125887738016 1225
1764165125916124192 1226
1764165125954545152 1227
1764165125990715392 1228
1764165126019191232 1229
1764165126053260000 1230
1764165126087437696 1231
1764165126119839936 1232
1764165126164779392 1233
1764165126186201632 1234
1764165126219715488 1235
1764165126253656032 1236
1764165126286190528 1237
1764165126321028512 1238
1764165126354755200 1239
1764165126382375392 1240
1764165126417882400 1241
1764165126454298336 1242
1764165126488330784 1243
1764165126516934880 1244
1764165126552133024 1245
1764165126587100064 1246
1764165126622462432 1247
1764165126651391456 1248
1764165126688084256 1249
1764165126716673824 1250
1764165126751445056 1251
1764165126786938336 1252
1764165126818447520 1253
1764165126853816448 1254
1764165126883117216 1255
1764165126917873120 1256
1764165126952289888 1257
1764165126987257760 1258
1764165127020480544 1259
1764165127054572160 1260
1764165127089284640 1261
1764165127116502816 1262
1764165127152246656 1263
1764165127190401856 1264
1764165127216056928 1265
1764165127250302656 1266
1764165127285741024 1267
1764165127321344480 1268
1764165127352689856 1269
1764165127387919008 1270
1764165127424160032 1271
1764165127453777312 1272
1764165127482754528 1273
1764165127518200384 1274
1764165127553604736 1275
1764165127587688000 1276
1764165127626484096 1277
1764165127653080096 1278
1764165127687522048 1279
1764165127719799904 1280
1764165127773196288 1281
1764165127790989152 1282
1764165127821020096 1283
1764165127848660320 1284
1764165127882962016 1285
1764165127918639392 1286
1764165127954310688 1287
1764165127987531904 1288
1764165128020690336 1289
1764165128052463776 1290
1764165128087437440 1291
1764165128121029056 1292
1764165128154511904 1293
1764165128187703488 1294
1764165128216432512 1295
1764165128262876384 1296
1764165128294992736 1297
1764165128320083392 1298
1764165128354124512 1299
1764165128388564224 1300
1764165128426461856 1301
1764165128452925504 1302
1764165128487956832 1303
1764165128528294816 1304
1764165128553341280 1305
1764165128585767200 1306
1764165128620978432 1307
1764165128655423584 1308
1764165128689412640 1309
1764165128715605856 1310
1764165128750699104 1311
1764165128794826208 1312
1764165128821755488 1313
1764165128849238176 1314
1764165128887374048 1315
1764165128921842176 1316
1764165128949122048 1317
1764165128983832672 1318
1764165129020381472 1319
1764165129054446144 1320
1764165129086733632 1321
1764165129115865152 1322
1764165129151078240 1323
1764165129185406496 1324
1764165129220522368 1325
1764165129249921984 1326
1764165129286937504 1327
1764165129321442304 1328
1764165129353052128 1329
1764165129386822336 1330
1764165129419184416 1331
1764165129454654112 1332
1764165129488525888 1333
1764165129526470016 1334
1764165129553095520 1335
1764165129584814272 1336
1764165129619941568 1337
1764165129656139136 1338
1764165129690454880 1339
1764165129717345888 1340
1764165129759371744 1341
1764165129786965984 1342
1764165129816921600 1343
1764165129853621440 1344
1764165129883400672 1345
1764165129919863360 1346
1764165129953878688 1347
1764165129983272320 1348
1764165130020955168 1349
1764165130050261504 1350
1764165130085866304 1351
1764165130120989056 1352
1764165130155527712 1353
1764165130188538272 1354
1764165130216560832 1355
1764165130252600288 1356
1764165130287179072 1357
1764165130320939744 1358
1764165130355503648 1359
1764165130402813472 1360
1764165130419893024 1361
1764165130454740192 1362
1764165130489250432 1363
1764165130516567136 1364
1764165130550729120 1365
1764165130587070048 1366
1764165130616133696 1367
1764165130650974400 1368
1764165130692932160 1369
1764165130723378848 1370
1764165130751226816 1371
1764165130786189088 1372
1764165130820456704 1373
1764165130849133888 1374
1764165130884107200 1375
1764165130920103136 1376
1764165130954591200 1377
1764165130988620608 1378
1764165131016037344 1379
1764165131051090560 1380
1764165131090206016 1381
1764165131117893760 1382
1764165131153896992 1383
1764165131186918368 1384
1764165131221525376 1385
1764165131267491328 1386
1764165131292862720 1387
1764165131320528256 1388
1764165131354569216 1389
1764165131387789024 1390
1764165131421706560 1391
1764165131454457216 1392
1764165131487704192 1393
1764165131518717216 1394
1764165131552816896 1395
1764165131587160864 1396
1764165131620511712 1397
1764165131651860256 1398
1764165131687295168 1399
1764165131716205184 1400
1764165131751645248 1401
1764165131799589248 1402
1764165131820781472 1403
1764165131854584576 1404
1764165131887837440 1405
1764165131920792800 1406
1764165131953749184 1407
1764165131988069696 1408
1764165132020365312 1409
1764165132055532576 1410
1764165132085299136 1411
1764165132119330880 1412
1764165132154071968 1413
1764165132188180160 1414
1764165132222719552 1415
1764165132259544448 1416
1764165132286109664 1417
1764165132319734656 1418
1764165132354100544 1419
1764165132388083072 1420
1764165132421820320 1421
1764165132455652800 1422
1764165132483667264 1423
1764165132522136512 1424
1764165132550815872 1425
1764165132595523296 1426
1764165132621365280 1427
1764165132654710400 1428
