1764167453743522880 71064
1764167453782822080 71065
1764167453816435680 71066
1764167453838872192 71067
1764167453871731360 71068
1764167453910901440 71069
1764167453948652896 71070
1764167453978491200 71071
1764167454025958624 71072
1764167454048805760 71073
1764167454074184096 71074
1764167454101239040 71075
1764167454135915520 71076
1764167454172005824 71077
1764167454204606592 71078
1764167454242217088 71079
1764167454271694560 71080
1764167454304594848 71081
1764167454343328992 71082
1764167454373644416 71083
1764167454402861280 71084
1764167454436168320 71085
1764167454470853792 71086
1764167454504637536 71087
1764167454543223872 71088
1764167454587323872 71089
1764167454605998368 71090
1764167454633845184 71091
1764167454669442048 71092
1764167454705259168 71093
1764167454739263616 71094
1764167454775423872 71095
1764167454801444832 71096
1764167454838474816 71097
1764167454877029472 71098
1764167454911735680 71099
1764167454940810528 71100
1764167454966907968 71101
1764167455000842624 71102
1764167455042881248 71103
1764167455068403776 71104
1764167455110800992 71105
1764167455166445120 71106
1764167455188078336 71107
1764167455223343040 71108
1764167455244641824 71109
1764167455270304064 71110
1764167455304081888 71111
1764167455337964000 71112
1764167455371432576 71113
1764167455410444032 71114
1764167455438323520 71115
1764167455475598016 71116
1764167455511792480 71117
1764167455538053696 71118
1764167455572612448 71119
1764167455606447456 71120
1764167455635075840 71121
1764167455672133216 71122
1764167455705994080 71123
1764167455742923776 71124
1764167455776857216 71125
1764167455813295488 71126
1764167455849612512 71127
1764167455872437984 71128
1764167455906988928 71129
1764167455933760256 71130
1764167455971307264 71131
1764167456005629440 71132
1764167456039470336 71133
1764167456078265824 71134
1764167456104541792 71135
1764167456139288704 71136
1764167456167357760 71137
1764167456201736640 71138
1764167456237787520 71139
1764167456272314752 71140
1764167456301787808 71141
1764167456337836800 71142
1764167456371433472 71143
1764167456405576576 71144
1764167456439824960 71145
1764167456467557440 71146
1764167456503595168 71147
1764167456538467296 71148
1764167456571960832 71149
1764167456605313376 71150
1764167456639518592 71151
1764167456677710208 71152
1764167456708499712 71153
1764167456736134464 71154
1764167456770191776 71155
1764167456805273568 71156
1764167456843576096 71157
1764167456871141152 71158
1764167456904745408 71159
1764167456939487776 71160
1764167456973810464 71161
1764167457011006048 71162
1764167457038062016 71163
1764167457072750304 71164
1764167457110351008 71165
1764167457140432992 71166
1764167457173170336 71167
1764167457205786080 71168
1764167457239748480 71169
1764167457277147456 71170
1764167457311213824 71171
1764167457338162400 71172
1764167457377805408 71173
1764167457404562784 71174
1764167457444387712 71175
1764167457480098016 71176
1764167457504527040 71177
1764167457539222560 71178
1764167457570526464 71179
1764167457605354848 71180
1764167457637717312 71181
1764167457675692672 71182
1764167457701063008 71183
1764167457739516864 71184
1764167457778796928 71185
1764167457808613696 71186
1764167457835304288 71187
1764167457878975552 71188
1764167457907652096 71189
1764167457934515456 71190
1764167457978767104 71191
1764167458015759296 71192
1764167458051280608 71193
1764167458079535328 71194
1764167458103685856 71195
1764167458136799424 71196
1764167458176728448 71197
1764167458206258848 71198
1764167458245793216 71199
1764167458271700416 71200
1764167458307506144 71201
1764167458339709184 71202
1764167458371377952 71203
1764167458405656512 71204
1764167458439193504 71205
1764167458472028448 71206
1764167458506803936 71207
1764167458534644160 71208
1764167458571207328 71209
1764167458605253632 71210
1764167458638721632 71211
1764167458671265760 71212
1764167458707268800 71213
1764167458738348704 71214
1764167458771757312 71215
1764167458805167840 71216
1764167458839404896 71217
1764167458867219840 71218
1764167458906469664 71219
1764167458934597088 71220
1764167458968795456 71221
1764167459006463264 71222
1764167459035393600 71223
1764167459069637024 71224
1764167459104644704 71225
1764167459139845920 71226
1764167459171222688 71227
1764167459213723296 71228
1764167459237539360 71229
1764167459272341408 71230
1764167459305973632 71231
1764167459339495488 71232
1764167459374862016 71233
1764167459400807776 71234
1764167459438912416 71235
1764167459472487904 71236
1764167459507012480 71237
1764167459533893536 71238
1764167459568321056 71239
1764167459603315552 71240
1764167459637276288 71241
1764167459671514048 71242
1764167459709084288 71243
1764167459737731424 71244
1764167459772565056 71245
1764167459811756960 71246
1764167459838245888 71247
1764167459872742400 71248
1764167459911549824 71249
1764167459938242656 71250
1764167459968859072 71251
1764167460003099840 71252
1764167460039100000 71253
1764167460082302368 71254
1764167460105934912 71255
1764167460139180192 71256
1764167460178681760 71257
1764167460205573216 71258
1764167460239417152 71259
1764167460275615136 71260
1764167460301358464 71261
1764167460335156832 71262
1764167460373652704 71263
1764167460401140736 71264
1764167460444966304 71265
1764167460473321376 71266
1764167460511670688 71267
1764167460539595808 71268
1764167460572702752 71269
1764167460605930560 71270
1764167460638769664 71271
1764167460667358528 71272
1764167460705876896 71273
1764167460739110112 71274
1764167460775592192 71275
1764167460801332960 71276
1764167460835444512 71277
1764167460873483200 71278
1764167460901111456 71279
1764167460939620864 71280
1764167460970223680 71281
1764167461010773952 71282
1764167461050470144 71283
1764167461073479904 71284
1764167461106511360 71285
1764167461146071968 71286
1764167461172652896 71287
1764167461207225472 71288
1764167461233850528 71289
1764167461268951872 71290
1764167461307178560 71291
1764167461334852576 71292
1764167461369124928 71293
1764167461407903872 71294
1764167461447009152 71295
1764167461472459456 71296
1764167461509075584 71297
1764167461545411200 71298
1764167461571600928 71299
1764167461609464992 71300
1764167461640133632 71301
1764167461667088384 71302
1764167461704587136 71303
1764167461743768576 71304
1764167461772881024 71305
1764167461805502272 71306
1764167461846353856 71307
1764167461882498048 71308
1764167461911898528 71309
1764167461939707232 71310
1764167461972149088 71311
1764167462006780960 71312
1764167462046805120 71313
1764167462071984576 71314
1764167462105324000 71315
1764167462139525536 71316
1764167462167297120 71317
1764167462200749632 71318
1764167462238488032 71319
1764167462272553728 71320
1764167462302359296 71321
1764167462338218752 71322
1764167462375056864 71323
1764167462401188224 71324
1764167462438040832 71325
1764167462473095232 71326
1764167462509268960 71327
1764167462546620512 71328
1764167462580621568 71329
1764167462604912480 71330
1764167462638446272 71331
1764167462675307616 71332
1764167462701117824 71333
1764167462738478592 71334
1764167462774863168 71335
1764167462803739968 71336
1764167462834858912 71337
1764167462872945248 71338
1764167462912806912 71339
1764167462948269824 71340
1764167462980426368 71341
1764167463016165408 71342
1764167463042833312 71343
1764167463071678592 71344
1764167463105367104 71345
1764167463142945632 71346
1764167463169653600 71347
1764167463203705568 71348
1764167463238572672 71349
1764167463275608704 71350
1764167463300691008 71351
1764167463335437632 71352
1764167463370912768 71353
1764167463406458304 71354
1764167463443414688 71355
1764167463470157920 71356
1764167463504400480 71357
1764167463538785280 71358
1764167463572015552 71359
1764167463613664320 71360
1764167463638790688 71361
1764167463678539712 71362
1764167463705704640 71363
1764167463739157216 71364
1764167463776594176 71365
1764167463804447200 71366
1764167463833686432 71367
1764167463870067744 71368
1764167463904487360 71369
1764167463939107904 71370
1764167463973034432 71371
1764167464006421088 71372
1764167464039990176 71373
1764167464075548480 71374
1764167464101209088 71375
1764167464153783616 71376
1764167464183499680 71377
1764167464206340896 71378
1764167464243364160 71379
1764167464276276960 71380
1764167464304897248 71381
1764167464338262752 71382
1764167464380682176 71383
1764167464423239264 71384
1764167464452932480 71385
1764167464482545600 71386
1764167464505542720 71387
1764167464538418688 71388
1764167464578976096 71389
1764167464617965632 71390
1764167464642582208 71391
1764167464669368832 71392
1764167464713804128 71393
1764167464750753312 71394
1764167464772867776 71395
1764167464800001536 71396
1764167464835168000 71397
1764167464871702400 71398
1764167464913907200 71399
1764167464939169376 71400
1764167464982296096 71401
1764167465006339968 71402
1764167465036275008 71403
1764167465072483008 71404
1764167465105609024 71405
1764167465139767840 71406
1764167465179069312 71407
1764167465215935168 71408
1764167465239205216 71409
1764167465275033632 71410
1764167465300566016 71411
1764167465336222400 71412
1764167465371809568 71413
1764167465406444032 71414
1764167465442932928 71415
1764167465471190976 71416
1764167465511354336 71417
1764167465544614528 71418
1764167465573196928 71419
1764167465601585088 71420
1764167465639510496 71421
1764167465675220640 71422
1764167465707038528 71423
1764167465736853056 71424
1764167465775706560 71425
1764167465801576832 71426
1764167465837834560 71427
1764167465881043936 71428
1764167465908897088 71429
1764167465941047136 71430
1764167465972666016 71431
1764167466001199872 71432
1764167466036642304 71433
1764167466070869472 71434
1764167466106258240 71435
1764167466143011968 71436
1764167466167904160 71437
1764167466200723808 71438
1764167466239382176 71439
1764167466273103840 71440
1764167466306886016 71441
1764167466348401824 71442
1764167466373914176 71443
1764167466405715456 71444
1764167466439392096 71445
1764167466472857024 71446
1764167466506176640 71447
1764167466543073120 71448
1764167466568175072 71449
1764167466610453600 71450
1764167466634620000 71451
1764167466669161152 71452
1764167466703528288 71453
1764167466738920000 71454
1764167466774859200 71455
1764167466801406464 71456
1764167466837973632 71457
1764167466873135488 71458
1764167466906115392 71459
1764167466939689888 71460
1764167466967086688 71461
1764167467001064352 71462
1764167467038477888 71463
1764167467078466560 71464
1764167467106268256 71465
1764167467147352544 71466
1764167467177277696 71467
1764167467208902400 71468
1764167467237342944 71469
1764167467271887680 71470
1764167467306316256 71471
1764167467339621824 71472
1764167467372559520 71473
1764167467406001888 71474
1764167467448438176 71475
1764167467472745536 71476
1764167467508349344 71477
1764167467546142368 71478
1764167467573355584 71479
1764167467615920576 71480
1764167467639175584 71481
1764167467673813600 71482
1764167467703829376 71483
1764167467737141920 71484
1764167467775498720 71485
1764167467811544576 71486
1764167467840293856 71487
1764167467872585536 71488
1764167467907215616 71489
1764167467939868352 71490
1764167467973021536 71491
1764167468007107008 71492
1764167468041187712 71493
1764167468067820896 71494
1764167468105010176 71495
1764167468139911680 71496
1764167468168754432 71497
1764167468207832512 71498
1764167468235675616 71499
1764167468274814112 71500
1764167468308490528 71501
1764167468337537248 71502
1764167468382857984 71503
1764167468411179360 71504
1764167468451122496 71505
1764167468477422144 71506
1764167468506202944 71507
1764167468544941120 71508
1764167468571758176 71509
1764167468605369216 71510
1764167468643714496 71511
1764167468667811840 71512
1764167468702931264 71513
1764167468745425344 71514
1764167468772262272 71515
1764167468807228480 71516
1764167468841605664 71517
1764167468867693152 71518
1764167468901526368 71519
1764167468949433120 71520
1764167468985399840 71521
1764167469013516512 71522
1764167469037550272 71523
1764167469067431648 71524
1764167469115871136 71525
1764167469149596960 71526
1764167469171443072 71527
1764167469206136000 71528
1764167469238533440 71529
1764167469273666528 71530
1764167469310455840 71531
1764167469340225024 71532
1764167469367420064 71533
1764167469403743936 71534
1764167469440496032 71535
1764167469475496128 71536
1764167469501390720 71537
1764167469552526496 71538
1764167469572350688 71539
1764167469606737024 71540
1764167469640835904 71541
1764167469679180704 71542
1764167469705432768 71543
1764167469740947328 71544
1764167469770647520 71545
1764167469805263424 71546
1764167469840944192 71547
1764167469868046272 71548
1764167469913619648 71549
1764167469937972864 71550
1764167469974507520 71551
1764167470005662176 71552
1764167470052398848 71553
1764167470071949568 71554
1764167470122656032 71555
1764167470142596544 71556
1764167470170792160 71557
1764167470202918944 71558
1764167470237351552 71559
1764167470282475936 71560
1764167470308719808 71561
1764167470336103008 71562
1764167470370237120 71563
1764167470405636352 71564
1764167470449701440 71565
1764167470484636288 71566
1764167470507068192 71567
1764167470534713472 71568
1764167470570797536 71569
1764167470605890272 71570
1764167470639415936 71571
1764167470677927232 71572
1764167470707247424 71573
1764167470739287776 71574
1764167470772848992 71575
1764167470804292768 71576
1764167470845381344 71577
1764167470881868192 71578
1764167470909656288 71579
1764167470937869024 71580
1764167470972939872 71581
1764167471016795744 71582
1764167471051242976 71583
1764167471085067296 71584
1764167471106339456 71585
1764167471134627232 71586
1764167471168458720 71587
1764167471206186944 71588
1764167471242476384 71589
1764167471268948544 71590
1764167471307595872 71591
1764167471334707328 71592
1764167471370693056 71593
1764167471402661280 71594
1764167471437399200 71595
1764167471471599232 71596
1764167471501721984 71597
1764167471537005440 71598
1764167471573179968 71599
1764167471602940256 71600
1764167471639499200 71601
1764167471667903680 71602
1764167471703336192 71603
1764167471739561088 71604
1764167471777928000 71605
1764167471812686784 71606
1764167471841597728 71607
1764167471867887520 71608
1764167471904654496 71609
1764167471938855648 71610
1764167471974059072 71611
1764167472007741152 71612
1764167472040016576 71613
1764167472072537600 71614
1764167472104449120 71615
1764167472146457920 71616
1764167472176678432 71617
1764167472207359072 71618
1764167472241538464 71619
1764167472268681312 71620
1764167472307413120 71621
1764167472346111360 71622
1764167472376120864 71623
1764167472410332832 71624
1764167472435228192 71625
1764167472470707968 71626
1764167472504389152 71627
1764167472538333440 71628
1764167472574069824 71629
1764167472602645600 71630
1764167472639737504 71631
1764167472672993088 71632
1764167472706916544 71633
1764167472739924544 71634
1764167472774133696 71635
1764167472816980896 71636
1764167472850286784 71637
1764167472877031744 71638
1764167472903844224 71639
1764167472940737280 71640
1764167472986838112 71641
1764167473006141248 71642
1764167473041529888 71643
1764167473067713792 71644
1764167473101786240 71645
1764167473138206464 71646
1764167473168719520 71647
1764167473204088960 71648
1764167473239671456 71649
1764167473273312992 71650
1764167473308263040 71651
1764167473342147968 71652
1764167473370845984 71653
1764167473405654496 71654
1764167473440179040 71655
1764167473474962368 71656
1764167473501955168 71657
1764167473537220032 71658
1764167473578467200 71659
1764167473605685184 71660
1764167473640364480 71661
1764167473679199072 71662
1764167473713321120 71663
1764167473747742912 71664
1764167473774527744 71665
1764167473803196416 71666
1764167473850547840 71667
1764167473878908064 71668
1764167473906041760 71669
1764167473943526720 71670
1764167473980214784 71671
1764167474006691712 71672
1764167474045933216 71673
1764167474073574112 71674
1764167474109612480 71675
1764167474140310464 71676
1764167474174190784 71677
1764167474207142912 71678
1764167474235360480 71679
1764167474269956416 71680
1764167474304241728 71681
1764167474341346240 71682
1764167474371074368 71683
1764167474406541728 71684
1764167474439842656 71685
1764167474474986560 71686
1764167474501958880 71687
1764167474539049088 71688
1764167474573068960 71689
1764167474607880192 71690
1764167474642157120 71691
1764167474675505952 71692
1764167474702288416 71693
1764167474736470048 71694
1764167474771300960 71695
1764167474809924960 71696
1764167474842954144 71697
1764167474868856288 71698
1764167474903264608 71699
1764167474938813664 71700
1764167474980142336 71701
1764167475008341184 71702
1764167475034685312 71703
1764167475069000544 71704
1764167475105670400 71705
1764167475135080800 71706
1764167475169723968 71707
1764167475204691712 71708
1764167475239543712 71709
1764167475269351488 71710
1764167475304392960 71711
1764167475347516992 71712
1764167475372133056 71713
1764167475407432768 71714
1764167475434614112 71715
1764167475471499360 71716
1764167475508441152 71717
1764167475536166752 71718
1764167475570896672 71719
1764167475605792288 71720
1764167475641329280 71721
1764167475668126208 71722
1764167475703890176 71723
1764167475740511296 71724
1764167475775522304 71725
1764167475801368320 71726
1764167475839448896 71727
1764167475873059936 71728
1764167475907392864 71729
1764167475941624544 71730
1764167475969276448 71731
1764167476004076192 71732
1764167476052576384 71733
1764167476073899776 71734
1764167476105969888 71735
1764167476135317088 71736
1764167476171708704 71737
1764167476207222112 71738
1764167476240688416 71739
1764167476272731968 71740
1764167476302272480 71741
1764167476338664736 71742
1764167476373609088 71743
1764167476407319616 71744
1764167476442486304 71745
1764167476468324160 71746
1764167476507288384 71747
1764167476540596832 71748
1764167476570935648 71749
1764167476618330304 71750
1764167476638447456 71751
1764167476674164192 71752
1764167476702530176 71753
1764167476740308736 71754
1764167476769172160 71755
1764167476805217920 71756
1764167476841908256 71757
1764167476875357024 71758
1764167476908005632 71759
1764167476940103104 71760
1764167476972818528 71761
1764167477002105280 71762
1764167477036183840 71763
1764167477073610144 71764
1764167477106389504 71765
1764167477139970528 71766
1764167477173196640 71767
1764167477206717440 71768
1764167477235052896 71769
1764167477270796736 71770
1764167477319437952 71771
1764167477345781120 71772
1764167477386237664 71773
1764167477416583552 71774
1764167477441119808 71775
1764167477487226784 71776
1764167477506275520 71777
1764167477541173952 71778
1764167477568457216 71779
1764167477604077760 71780
1764167477640115488 71781
1764167477672825344 71782
1764167477707100032 71783
1764167477741292800 71784
1764167477770116000 71785
1764167477806316608 71786
1764167477839598944 71787
1764167477869144992 71788
1764167477904477184 71789
1764167477941488640 71790
1764167477975799296 71791
1764167478002103136 71792
1764167478038466976 71793
1764167478075312832 71794
1764167478111223296 71795
1764167478136718368 71796
1764167478171300416 71797
1764167478205821824 71798
1764167478240853920 71799
1764167478268344768 71800
1764167478302906304 71801
1764167478339767616 71802
1764167478379813280 71803
1764167478407835840 71804
1764167478441543328 71805
1764167478483812320 71806
1764167478509445824 71807
1764167478535708480 71808
1764167478569544448 71809
1764167478604086720 71810
1764167478638890272 71811
1764167478675054912 71812
1764167478701747040 71813
1764167478742635104 71814
1764167478769692032 71815
1764167478803588192 71816
1764167478846464032 71817
1764167478879161984 71818
1764167478906342400 71819
1764167478940234112 71820
1764167478975204128 71821
1764167479002185792 71822
1764167479039269824 71823
1764167479076863904 71824
1764167479102321472 71825
1764167479137611232 71826
1764167479172369504 71827
1764167479206884864 71828
1764167479242964736 71829
1764167479282285696 71830
1764167479306593472 71831
1764167479341618528 71832
1764167479369057920 71833
1764167479403955488 71834
1764167479441464192 71835
1764167479473540832 71836
1764167479506223392 71837
1764167479539599072 71838
1764167479571046304 71839
1764167479610448640 71840
1764167479636119808 71841
1764167479676644256 71842
1764167479703542688 71843
1764167479742482112 71844
1764167479769426688 71845
1764167479819907232 71846
1764167479848121824 71847
1764167479874739840 71848
1764167479901724864 71849
1764167479936557024 71850
1764167479975861920 71851
1764167480009664192 71852
1764167480035316768 71853
1764167480078466720 71854
1764167480105400768 71855
1764167480139773568 71856
1764167480177625952 71857
1764167480206478112 71858
1764167480241981664 71859
1764167480268053408 71860
1764167480304573664 71861
1764167480340591264 71862
1764167480375670688 71863
1764167480427850368 71864
1764167480450555136 71865
1764167480474364736 71866
1764167480519731392 71867
1764167480540093408 71868
1764167480568651680 71869
1764167480604725824 71870
1764167480640108960 71871
1764167480674171904 71872
1764167480706460960 71873
1764167480740994208 71874
1764167480775923264 71875
1764167480814148800 71876
1764167480840628768 71877
1764167480873612512 71878
1764167480908812768 71879
1764167480940638400 71880
1764167480975390816 71881
1764167481020566336 71882
1764167481039318816 71883
1764167481073561728 71884
1764167481104941952 71885
1764167481139170784 71886
1764167481176602432 71887
1764167481209339360 71888
1764167481242913600 71889
1764167481286071648 71890
1764167481321127456 71891
1764167481341311552 71892
1764167481391976544 71893
1764167481408151616 71894
1764167481442455488 71895
1764167481481432640 71896
1764167481509601312 71897
1764167481554291264 71898
1764167481575027968 71899
1764167481601573632 71900
1764167481636707584 71901
1764167481673528160 71902
1764167481701978976 71903
1764167481737375904 71904
1764167481776064896 71905
1764167481802078400 71906
1764167481839732000 71907
1764167481875182880 71908
1764167481910428160 71909
1764167481936487968 71910
1764167481970869120 71911
1764167482010617952 71912
1764167482038866656 71913
1764167482072416928 71914
1764167482106202112 71915
1764167482142476384 71916
1764167482171144928 71917
1764167482210472032 71918
1764167482236916192 71919
1764167482274912032 71920
1764167482302471936 71921
1764167482339010048 71922
1764167482376511488 71923
1764167482403036096 71924
1764167482445098080 71925
1764167482473649152 71926
1764167482502778272 71927
1764167482539511520 71928
1764167482574660608 71929
1764167482603501728 71930
1764167482639255712 71931
1764167482674372160 71932
1764167482701432672 71933
1764167482736522304 71934
1764167482774183840 71935
1764167482802700672 71936
1764167482838919904 71937
1764167482875308800 71938
1764167482912701952 71939
1764167482940038560 71940
1764167482974078208 71941
1764167483002649120 71942
1764167483038611008 71943
1764167483077623808 71944
1764167483105213952 71945
1764167483145137696 71946
1764167483188710080 71947
1764167483212907136 71948
1764167483239721376 71949
1764167483273804992 71950
1764167483307132480 71951
1764167483355781184 71952
1764167483389730528 71953
1764167483407426336 71954
1764167483434830272 71955
1764167483477431936 71956
1764167483506324640 71957
1764167483541646816 71958
1764167483577825152 71959
1764167483625366848 71960
1764167483641816352 71961
1764167483668928000 71962
1764167483714451520 71963
1764167483741514336 71964
1764167483772594144 71965
1764167483806648352 71966
1764167483841290048 71967
1764167483874974880 71968
1764167483907313888 71969
1764167483943898720 71970
1764167483971221504 71971
1764167484007154688 71972
1764167484040739488 71973
1764167484075662304 71974
1764167484103196576 71975
1764167484136757664 71976
1764167484174248640 71977
1764167484205762944 71978
1764167484242512768 71979
1764167484275504960 71980
1764167484302763008 71981
1764167484343513216 71982
1764167484375626080 71983
1764167484401831200 71984
1764167484439432352 71985
1764167484474958016 71986
1764167484507941984 71987
1764167484535281856 71988
1764167484569875008 71989
1764167484611568352 71990
1764167484645209440 71991
1764167484672543072 71992
1764167484712038272 71993
1764167484737781568 71994
1764167484779251392 71995
1764167484805878656 71996
1764167484834729824 71997
1764167484870810816 71998
1764167484905469600 71999
1764167484956816352 72000
1764167484987167712 72001
1764167485020193376 72002
1764167485040172384 72003
1764167485075124416 72004
1764167485102681696 72005
1764167485147215872 72006
1764167485184344544 72007
1764167485217370976 72008
1764167485251932896 72009
1764167485273360288 72010
1764167485307482080 72011
1764167485341289184 72012
1764167485368865504 72013
1764167485407540352 72014
1764167485437070944 72015
1764167485472944384 72016
1764167485509143680 72017
1764167485547325472 72018
1764167485573646272 72019
1764167485606722720 72020
1764167485640932800 72021
1764167485675117952 72022
1764167485721506144 72023
1764167485768249920 72024
1764167485802078592 72025
1764167485828176704 72026
1764167485859629824 72027
1764167485877075296 72028
1764167485907476128 72029
1764167485939925376 72030
1764167485975935840 72031
1764167486014235648 72032
1764167486054972736 72033
1764167486126073344 72034
1764167486157525920 72035
1764167486185092768 72036
1764167486213487232 72037
1764167486243506304 72038
1764167486289619616 72039
1764167486309944320 72040
1764167486361255232 72041
1764167486381007744 72042
1764167486409271328 72043
1764167486450361920 72044
1764167486474083744 72045
1764167486523666080 72046
1764167486565438496 72047
1764167486586006592 72048
1764167486623466112 72049
1764167486657755680 72050
1764167486699201312 72051
1764167486731914944 72052
1764167486754788960 72053
1764167486781797504 72054
1764167486813238688 72055
1764167486854718528 72056
1764167486873470592 72057
1764167486927583072 72058
1764167486946647776 72059
1764167486980972128 72060
1764167487006744704 72061
1764167487029487008 72062
1764167487050932640 72063
1764167487075699232 72064
1764167487101475520 72065
1764167487144790368 72066
1764167487185550016 72067
1764167487207326944 72068
1764167487240059968 72069
1764167487269465184 72070
1764167487304739424 72071
1764167487350458848 72072
1764167487373561696 72073
1764167487408561056 72074
1764167487443508256 72075
1764167487471818208 72076
1764167487507271744 72077
1764167487542100096 72078
1764167487568820576 72079
1764167487603471904 72080
1764167487640576128 72081
1764167487675070176 72082
1764167487702898656 72083
1764167487739761792 72084
1764167487782458080 72085
1764167487807275584 72086
1764167487842458752 72087
1764167487868792704 72088
1764167487905006720 72089
1764167487939655104 72090
1764167487975758080 72091
1764167488005788480 72092
1764167488046621056 72093
1764167488072964672 72094
1764167488107847584 72095
1764167488140684416 72096
1764167488182462368 72097
1764167488207109184 72098
1764167488241896160 72099
1764167488269057056 72100
1764167488306567616 72101
1764167488343376640 72102
1764167488371435520 72103
1764167488410762880 72104
1764167488436549792 72105
1764167488479761824 72106
1764167488507268800 72107
1764167488536851904 72108
1764167488580756800 72109
1764167488607855168 72110
1764167488636803552 72111
1764167488671728768 72112
1764167488705730848 72113
1764167488746198112 72114
1764167488774959168 72115
1764167488820433600 72116
1764167488842018048 72117
1764167488869111104 72118
1764167488913571584 72119
1764167488952415264 72120
1764167488985794016 72121
1764167489009096288 72122
1764167489036036672 72123
1764167489072183296 72124
1764167489106469664 72125
1764167489140115104 72126
1764167489174469920 72127
1764167489221452576 72128
1764167489238300192 72129
1764167489276106304 72130
1764167489302696256 72131
1764167489338370944 72132
1764167489375597088 72133
1764167489406456992 72134
1764167489441620704 72135
1764167489474721024 72136
