41716 1064034870 1764166474671.886230 1764166474671 1764166474678
41717 1064068214 1764166474705.226562 1764166474705 1764166474712
41718 1064101558 1764166474738.566895 1764166474738 1764166474745
41719 1064134902 1764166474771.906982 1764166474772 1764166474779
41720 1064168245 1764166474805.246338 1764166474805 1764166474812
41721 1064201589 1764166474838.586670 1764166474838 1764166474845
41722 1064234933 1764166474871.927002 1764166474872 1764166474879
41723 1064268277 1764166474905.267090 1764166474905 1764166474912
41724 1064301621 1764166474938.607422 1764166474938 1764166474945
41725 1064334965 1764166474971.947754 1764166474972 1764166474979
41726 1064368309 1764166475005.287842 1764166475004 1764166475012
41727 1064401653 1764166475038.628174 1764166475038 1764166475045
41728 1064434997 1764166475071.968262 1764166475072 1764166475079
41729 1064468341 1764166475105.308594 1764166475104 1764166475112
41730 1064501685 1764166475138.648682 1764166475138 1764166475145
41731 1064535029 1764166475171.988770 1764166475172 1764166475179
41732 1064568373 1764166475205.329102 1764166475204 1764166475212
41733 1064601717 1764166475238.669189 1764166475238 1764166475245
41734 1064635060 1764166475272.008301 1764166475272 1764166475279
41735 1064668404 1764166475305.348389 1764166475304 1764166475312
41736 1064701748 1764166475338.688477 1764166475338 1764166475345
41737 1064735092 1764166475372.028320 1764166475371 1764166475379
41738 1064768436 1764166475405.368408 1764166475404 1764166475412
41739 1064801780 1764166475438.708496 1764166475438 1764166475445
41740 1064835124 1764166475472.048584 1764166475472 1764166475479
41741 1064868468 1764166475505.388428 1764166475504 1764166475512
41742 1064901812 1764166475538.728516 1764166475538 1764166475545
41743 1064935156 1764166475572.068359 1764166475572 1764166475579
41744 1064968500 1764166475605.408447 1764166475605 1764166475612
41745 1065001844 1764166475638.748291 1764166475638 1764166475645
41746 1065035188 1764166475672.088135 1764166475672 1764166475679
41747 1065068531 1764166475705.427002 1764166475705 1764166475712
41748 1065101875 1764166475738.766846 1764166475738 1764166475745
41749 1065135219 1764166475772.106689 1764166475772 1764166475779
41750 1065168563 1764166475805.446533 1764166475805 1764166475812
41751 1065201907 1764166475838.786377 1764166475838 1764166475845
41752 1065235251 1764166475872.126465 1764166475872 1764166475879
41753 1065268595 1764166475905.466553 1764166475905 1764166475912
41754 1065301939 1764166475938.806396 1764166475938 1764166475945
41755 1065335283 1764166475972.146484 1764166475972 1764166475979
41756 1065368627 1764166476005.486572 1764166476005 1764166476012
41757 1065401971 1764166476038.826416 1764166476039 1764166476046
41758 1065435315 1764166476072.166260 1764166476072 1764166476079
41759 1065468659 1764166476105.506104 1764166476105 1764166476112
41760 1065502002 1764166476138.844971 1764166476139 1764166476146
41761 1065535346 1764166476172.185059 1764166476171 1764166476179
41762 1065568690 1764166476205.524902 1764166476205 1764166476212
41763 1065602034 1764166476238.864502 1764166476238 1764166476246
41764 1065635378 1764166476272.204346 1764166476271 1764166476279
41765 1065668722 1764166476305.544189 1764166476305 1764166476312
41766 1065702066 1764166476338.884033 1764166476339 1764166476346
41767 1065735410 1764166476372.223633 1764166476371 1764166476379
41768 1065768754 1764166476405.563477 1764166476405 1764166476412
41769 1065802098 1764166476438.903076 1764166476439 1764166476446
41770 1065835442 1764166476472.242920 1764166476471 1764166476479
41771 1065868786 1764166476505.582520 1764166476505 1764166476512
41772 1065902130 1764166476538.922119 1764166476539 1764166476546
41773 1065935474 1764166476572.261719 1764166476571 1764166476579
41774 1065968817 1764166476605.600342 1764166476605 1764166476612
41775 1066002161 1764166476638.939941 1764166476639 1764166476646
41776 1066035505 1764166476672.279541 1764166476671 1764166476679
41777 1066068849 1764166476705.619141 1764166476705 1764166476712
41778 1066102193 1764166476738.958740 1764166476739 1764166476746
41779 1066135537 1764166476772.298096 1764166476771 1764166476779
41780 1066168881 1764166476805.637695 1764166476805 1764166476812
41781 1066202225 1764166476838.977295 1764166476839 1764166476846
41782 1066235569 1764166476872.317871 1764166476872 1764166476879
41783 1066268913 1764166476905.658203 1764166476905 1764166476912
41784 1066302257 1764166476938.998779 1764166476939 1764166476946
41785 1066335601 1764166476972.339355 1764166476972 1764166476979
41786 1066368945 1764166477005.679932 1764166477005 1764166477012
41787 1066402288 1764166477039.019287 1764166477039 1764166477046
41788 1066435632 1764166477072.359863 1764166477072 1764166477079
41789 1066468976 1764166477105.700195 1764166477105 1764166477112
41790 1066502320 1764166477139.040771 1764166477138 1764166477146
41791 1066535664 1764166477172.381104 1764166477172 1764166477179
41792 1066569008 1764166477205.721436 1764166477206 1764166477213
41793 1066602352 1764166477239.061768 1764166477239 1764166477246
41794 1066635696 1764166477272.402344 1764166477272 1764166477279
41795 1066669040 1764166477305.742676 1764166477306 1764166477313
41796 1066702384 1764166477339.083008 1764166477339 1764166477346
41797 1066735728 1764166477372.423340 1764166477372 1764166477379
41798 1066769072 1764166477405.763672 1764166477406 1764166477413
41799 1066802416 1764166477439.104004 1764166477439 1764166477446
41800 1066835759 1764166477472.443115 1764166477472 1764166477479
41801 1066869103 1764166477505.783447 1764166477506 1764166477513
41802 1066902447 1764166477539.123779 1764166477538 1764166477550
41803 1066935791 1764166477572.463867 1764166477572 1764166477579
41804 1066969135 1764166477605.804199 1764166477606 1764166477613
41805 1067002479 1764166477639.144287 1764166477638 1764166477646
41806 1067035823 1764166477672.484619 1764166477672 1764166477679
41807 1067069167 1764166477705.824707 1764166477706 1764166477713
41808 1067102511 1764166477739.165039 1764166477738 1764166477746
41809 1067135855 1764166477772.505127 1764166477772 1764166477779
41810 1067169199 1764166477805.845215 1764166477806 1764166477813
41811 1067202543 1764166477839.185303 1764166477838 1764166477846
41812 1067235887 1764166477872.525635 1764166477872 1764166477879
41813 1067269231 1764166477905.865723 1764166477906 1764166477913
41814 1067302574 1764166477939.205078 1764166477938 1764166477946
41815 1067335918 1764166477972.545166 1764166477972 1764166477979
41816 1067369262 1764166478005.885254 1764166478006 1764166478013
41817 1067402606 1764166478039.225342 1764166478038 1764166478046
41818 1067435950 1764166478072.565674 1764166478072 1764166478079
41819 1067469294 1764166478105.905762 1764166478106 1764166478113
41820 1067502638 1764166478139.245850 1764166478139 1764166478146
41821 1067535982 1764166478172.585938 1764166478172 1764166478179
41822 1067569326 1764166478205.925781 1764166478206 1764166478213
41823 1067602670 1764166478239.265869 1764166478239 1764166478246
41824 1067636014 1764166478272.605957 1764166478272 1764166478279
41825 1067669358 1764166478305.946045 1764166478306 1764166478313
41826 1067702702 1764166478339.285889 1764166478339 1764166478346
41827 1067736045 1764166478372.624756 1764166478372 1764166478379
41828 1067769389 1764166478405.964844 1764166478406 1764166478413
41829 1067802733 1764166478439.304688 1764166478439 1764166478446
41830 1067836077 1764166478472.644531 1764166478473 1764166478480
41831 1067869421 1764166478505.984619 1764166478506 1764166478513
41832 1067902765 1764166478539.324463 1764166478539 1764166478546
41833 1067936109 1764166478572.664307 1764166478573 1764166478580
41834 1067969453 1764166478606.004150 1764166478606 1764166478613
41835 1068002797 1764166478639.343994 1764166478639 1764166478646
41836 1068036141 1764166478672.683838 1764166478673 1764166478680
41837 1068069485 1764166478706.023438 1764166478705 1764166478713
41838 1068102829 1764166478739.363281 1764166478739 1764166478746
41839 1068136173 1764166478772.703125 1764166478773 1764166478780
41840 1068169516 1764166478806.041748 1764166478805 1764166478813
41841 1068202860 1764166478839.381592 1764166478840 1764166478847
41842 1068236204 1764166478872.722168 1764166478873 1764166478880
41843 1068269548 1764166478906.062744 1764166478905 1764166478913
41844 1068302892 1764166478939.403320 1764166478939 1764166478946
41845 1068336236 1764166478972.743896 1764166478973 1764166478980
41846 1068369580 1764166479006.084473 1764166479005 1764166479013
41847 1068402924 1764166479039.424805 1764166479039 1764166479046
41848 1068436268 1764166479072.765381 1764166479073 1764166479080
41849 1068469612 1764166479106.105957 1764166479105 1764166479113
41850 1068502956 1764166479139.446289 1764166479139 1764166479146
41851 1068536300 1764166479172.786865 1764166479173 1764166479180
41852 1068569644 1764166479206.127197 1764166479205 1764166479213
41853 1068602988 1764166479239.467773 1764166479239 1764166479246
41854 1068636331 1764166479272.807129 1764166479272 1764166479281
41855 1068669675 1764166479306.147461 1764166479305 1764166479313
41856 1068703019 1764166479339.488037 1764166479339 1764166479346
41857 1068736363 1764166479372.828369 1764166479373 1764166479380
41858 1068769707 1764166479406.168701 1764166479406 1764166479413
41859 1068803051 1764166479439.509033 1764166479439 1764166479446
41860 1068836395 1764166479472.849365 1764166479473 1764166479480
41861 1068869739 1764166479506.189697 1764166479506 1764166479513
41862 1068903083 1764166479539.530029 1764166479539 1764166479546
41863 1068936427 1764166479572.870361 1764166479573 1764166479580
41864 1068969771 1764166479606.210449 1764166479606 1764166479613
41865 1069003115 1764166479639.550781 1764166479639 1764166479646
41866 1069036459 1764166479672.891113 1764166479673 1764166479680
41867 1069069802 1764166479706.230225 1764166479706 1764166479713
41868 1069103146 1764166479739.570312 1764166479740 1764166479747
41869 1069136490 1764166479772.910645 1764166479773 1764166479780
41870 1069169834 1764166479806.250732 1764166479806 1764166479813
41871 1069203178 1764166479839.591064 1764166479840 1764166479847
41872 1069236522 1764166479872.931152 1764166479873 1764166479880
41873 1069269866 1764166479906.271484 1764166479906 1764166479913
41874 1069303210 1764166479939.611572 1764166479940 1764166479947
41875 1069336554 1764166479972.951904 1764166479972 1764166479980
41876 1069369898 1764166480006.291992 1764166480006 1764166480013
41877 1069403242 1764166480039.632080 1764166480040 1764166480047
41878 1069436586 1764166480072.972168 1764166480072 1764166480080
41879 1069469930 1764166480106.312256 1764166480106 1764166480113
41880 1069503273 1764166480139.651367 1764166480140 1764166480147
41881 1069536617 1764166480172.991455 1764166480172 1764166480180
41882 1069569961 1764166480206.331543 1764166480206 1764166480213
41883 1069603305 1764166480239.671631 1764166480240 1764166480247
41884 1069636649 1764166480273.011719 1764166480272 1764166480280
41885 1069669993 1764166480306.351562 1764166480306 1764166480313
41886 1069703337 1764166480339.691650 1764166480340 1764166480347
41887 1069736681 1764166480373.031494 1764166480372 1764166480380
41888 1069770025 1764166480406.371582 1764166480406 1764166480413
41889 1069803369 1764166480439.711426 1764166480440 1764166480447
41890 1069836713 1764166480473.051270 1764166480472 1764166480480
41891 1069870057 1764166480506.391357 1764166480506 1764166480513
41892 1069903401 1764166480539.731201 1764166480540 1764166480547
41893 1069936745 1764166480573.071045 1764166480572 1764166480580
41894 1069970088 1764166480606.409912 1764166480606 1764166480613
41895 1070003432 1764166480639.749756 1764166480640 1764166480647
41896 1070036776 1764166480673.089600 1764166480673 1764166480680
41897 1070070120 1764166480706.429199 1764166480706 1764166480713
41898 1070103464 1764166480739.769043 1764166480740 1764166480747
41899 1070136808 1764166480773.108887 1764166480773 1764166480780
41900 1070170152 1764166480806.448486 1764166480807 1764166480814
41901 1070203496 1764166480839.788330 1764166480840 1764166480847
41902 1070236840 1764166480873.130371 1764166480873 1764166480880
41903 1070270184 1764166480906.472656 1764166480906 1764166480913
41904 1070303528 1764166480939.814697 1764166480940 1764166480947
41905 1070336872 1764166480973.156982 1764166480973 1764166480980
41906 1070370216 1764166481006.499023 1764166481006 1764166481013
41907 1070403559 1764166481039.840332 1764166481040 1764166481047
41908 1070436903 1764166481073.182373 1764166481073 1764166481080
41909 1070470247 1764166481106.524414 1764166481107 1764166481114
41910 1070503591 1764166481139.866699 1764166481140 1764166481147
41911 1070536935 1764166481173.208740 1764166481173 1764166481180
41912 1070570279 1764166481206.550781 1764166481207 1764166481214
41913 1070603623 1764166481239.892822 1764166481239 1764166481247
41914 1070636967 1764166481273.235107 1764166481273 1764166481280
41915 1070670311 1764166481306.577148 1764166481307 1764166481314
41916 1070703655 1764166481339.919189 1764166481339 1764166481347
41917 1070736999 1764166481373.261230 1764166481373 1764166481380
41918 1070770343 1764166481406.603271 1764166481407 1764166481414
41919 1070803687 1764166481439.945312 1764166481439 1764166481447
41920 1070837030 1764166481473.286377 1764166481473 1764166481480
41921 1070870374 1764166481506.628418 1764166481507 1764166481514
41922 1070903718 1764166481539.970459 1764166481539 1764166481547
41923 1070937062 1764166481573.312500 1764166481573 1764166481580
41924 1070970406 1764166481606.654541 1764166481607 1764166481614
41925 1071003750 1764166481639.996582 1764166481639 1764166481647
41926 1071037094 1764166481673.338623 1764166481673 1764166481680
41927 1071070438 1764166481706.680664 1764166481707 1764166481714
41928 1071103782 1764166481740.022705 1764166481739 1764166481747
41929 1071137126 1764166481773.364746 1764166481773 1764166481780
41930 1071170470 1764166481806.706787 1764166481807 1764166481814
41931 1071203814 1764166481840.048828 1764166481839 1764166481847
41932 1071237158 1764166481873.390625 1764166481873 1764166481880
41933 1071270502 1764166481906.730957 1764166481907 1764166481914
41934 1071303845 1764166481940.070312 1764166481940 1764166481947
41935 1071337189 1764166481973.410645 1764166481973 1764166481980
41936 1071370533 1764166482006.750977 1764166482007 1764166482014
41937 1071403877 1764166482040.091309 1764166482040 1764166482047
41938 1071437221 1764166482073.431641 1764166482073 1764166482080
41939 1071470565 1764166482106.771973 1764166482107 1764166482114
41940 1071503909 1764166482140.112305 1764166482140 1764166482147
41941 1071537253 1764166482173.452393 1764166482173 1764166482180
41942 1071570597 1764166482206.792725 1764166482207 1764166482214
41943 1071603941 1764166482240.133057 1764166482240 1764166482247
41944 1071637285 1764166482273.473145 1764166482274 1764166482281
41945 1071670629 1764166482306.813232 1764166482307 1764166482314
41946 1071703973 1764166482340.153564 1764166482340 1764166482347
41947 1071737316 1764166482373.492676 1764166482374 1764166482381
41948 1071770660 1764166482406.832764 1764166482406 1764166482414
41949 1071804004 1764166482440.172852 1764166482440 1764166482447
41950 1071837348 1764166482473.512939 1764166482474 1764166482481
41951 1071870692 1764166482506.853027 1764166482506 1764166482514
41952 1071904036 1764166482540.193115 1764166482540 1764166482547
41953 1071937380 1764166482573.533203 1764166482574 1764166482581
41954 1071970724 1764166482606.873291 1764166482606 1764166482614
41955 1072004068 1764166482640.213379 1764166482640 1764166482647
41956 1072037412 1764166482673.553223 1764166482674 1764166482681
41957 1072070756 1764166482706.893311 1764166482706 1764166482714
41958 1072104100 1764166482740.233154 1764166482740 1764166482747
41959 1072137444 1764166482773.573242 1764166482774 1764166482781
41960 1072170787 1764166482806.912109 1764166482806 1764166482814
41961 1072204131 1764166482840.251953 1764166482840 1764166482850
41962 1072237475 1764166482873.592041 1764166482874 1764166482881
41963 1072270819 1764166482906.933105 1764166482906 1764166482914
41964 1072304163 1764166482940.274170 1764166482940 1764166482947
41965 1072337507 1764166482973.615234 1764166482974 1764166482981
41966 1072370851 1764166483006.956299 1764166483006 1764166483014
41967 1072404195 1764166483040.297363 1764166483040 1764166483047
41968 1072437539 1764166483073.638428 1764166483074 1764166483081
41969 1072470883 1764166483106.979492 1764166483107 1764166483114
41970 1072504227 1764166483140.320557 1764166483140 1764166483147
41971 1072537571 1764166483173.661621 1764166483174 1764166483181
41972 1072570915 1764166483207.002441 1764166483207 1764166483214
41973 1072604259 1764166483240.343506 1764166483240 1764166483247
41974 1072637602 1764166483273.683594 1764166483274 1764166483281
41975 1072670946 1764166483307.024414 1764166483307 1764166483314
41976 1072704290 1764166483340.365479 1764166483340 1764166483347
41977 1072737634 1764166483373.706299 1764166483374 1764166483381
41978 1072770978 1764166483407.047363 1764166483407 1764166483414
41979 1072804322 1764166483440.388184 1764166483440 1764166483447
41980 1072837666 1764166483473.729004 1764166483474 1764166483481
41981 1072871010 1764166483507.070068 1764166483507 1764166483514
41982 1072904354 1764166483540.410889 1764166483540 1764166483547
41983 1072937698 1764166483573.751709 1764166483574 1764166483581
41984 1072971042 1764166483607.092529 1764166483607 1764166483614
41985 1073004386 1764166483640.433350 1764166483641 1764166483648
41986 1073037730 1764166483673.774170 1764166483674 1764166483681
41987 1073071073 1764166483707.114014 1764166483707 1764166483714
41988 1073104417 1764166483740.454834 1764166483741 1764166483748
41989 1073137761 1764166483773.795654 1764166483774 1764166483781
41990 1073171105 1764166483807.136475 1764166483807 1764166483814
41991 1073204449 1764166483840.477295 1764166483841 1764166483848
41992 1073237793 1764166483873.817871 1764166483873 1764166483881
41993 1073271137 1764166483907.180420 1764166483907 1764166483914
41994 1073304481 1764166483940.542969 1764166483941 1764166483948
41995 1073337825 1764166483973.905762 1764166483973 1764166483981
41996 1073371169 1764166484007.268799 1764166484007 1764166484014
41997 1073404513 1764166484040.631836 1764166484041 1764166484048
41998 1073437857 1764166484073.994873 1764166484073 1764166484081
41999 1073471201 1764166484107.358154 1764166484107 1764166484114
42000 1073504544 1764166484140.720703 1764166484141 1764166484148
42001 1073537888 1764166484174.084229 1764166484173 1764166484181
42002 1073571232 1764166484207.447998 1764166484207 1764166484214
42003 1073604576 1764166484240.811768 1764166484241 1764166484248
42004 1073637920 1764166484274.175781 1764166484273 1764166484281
42005 1073671264 1764166484307.539795 1764166484307 1764166484314
42006 1073704608 1764166484340.904053 1764166484341 1764166484348
42007 1073737952 1764166484374.268311 1764166484373 1764166484381
42008 1073771296 1764166484407.632812 1764166484407 1764166484414
42009 1073804640 1764166484440.997559 1764166484441 1764166484448
42010 1073837984 1764166484474.362305 1764166484474 1764166484481
42011 1073871328 1764166484507.727295 1764166484507 1764166484514
42012 1073904672 1764166484541.092285 1764166484541 1764166484548
42013 1073938016 1764166484574.457520 1764166484574 1764166484581
42014 1073971359 1764166484607.821777 1764166484607 1764166484614
42015 1074004703 1764166484641.187256 1764166484641 1764166484648
42016 1074038047 1764166484674.552734 1764166484674 1764166484681
42017 1074071391 1764166484707.918457 1764166484707 1764166484714
42018 1074104735 1764166484741.284424 1764166484740 1764166484749
42019 1074138079 1764166484774.650391 1764166484774 1764166484781
42020 1074171423 1764166484808.016357 1764166484808 1764166484815
42021 1074204767 1764166484841.382568 1764166484841 1764166484848
42022 1074238111 1764166484874.748779 1764166484874 1764166484881
42023 1074271455 1764166484908.087158 1764166484908 1764166484915
42024 1074304799 1764166484941.425293 1764166484941 1764166484948
42025 1074338143 1764166484974.763672 1764166484974 1764166484981
42026 1074371487 1764166485008.101807 1764166485008 1764166485015
42027 1074404830 1764166485041.438965 1764166485040 1764166485048
42028 1074438174 1764166485074.777100 1764166485074 1764166485081
42029 1074471518 1764166485108.115234 1764166485108 1764166485115
42030 1074504862 1764166485141.453369 1764166485140 1764166485148
42031 1074538206 1764166485174.791504 1764166485174 1764166485181
42032 1074571550 1764166485208.129395 1764166485208 1764166485215
42033 1074604894 1764166485241.467529 1764166485240 1764166485248
42034 1074638238 1764166485274.805420 1764166485274 1764166485281
42035 1074671582 1764166485308.143311 1764166485308 1764166485315
42036 1074704926 1764166485341.481201 1764166485340 1764166485348
42037 1074738270 1764166485374.819092 1764166485374 1764166485381
42038 1074771614 1764166485408.156738 1764166485408 1764166485415
42039 1074804958 1764166485441.494629 1764166485440 1764166485448
42040 1074838301 1764166485474.831299 1764166485474 1764166485481
42041 1074871645 1764166485508.168945 1764166485508 1764166485515
42042 1074904989 1764166485541.506592 1764166485540 1764166485548
42043 1074938333 1764166485574.844238 1764166485574 1764166485581
42044 1074971677 1764166485608.181885 1764166485608 1764166485615
42045 1075005021 1764166485641.519531 1764166485640 1764166485648
42046 1075038365 1764166485674.856934 1764166485674 1764166485681
42047 1075071709 1764166485708.194580 1764166485708 1764166485715
42048 1075105053 1764166485741.531982 1764166485741 1764166485748
42049 1075138397 1764166485774.869385 1764166485774 1764166485781
42050 1075171741 1764166485808.206787 1764166485808 1764166485815
42051 1075205085 1764166485841.544189 1764166485841 1764166485848
42052 1075238429 1764166485874.881592 1764166485874 1764166485881
42053 1075271773 1764166485908.223145 1764166485908 1764166485915
42054 1075305116 1764166485941.563477 1764166485941 1764166485948
42055 1075338460 1764166485974.905029 1764166485974 1764166485981
42056 1075371804 1764166486008.246338 1764166486007 1764166486015
42057 1075405148 1764166486041.587891 1764166486041 1764166486048
42058 1075438492 1764166486074.929199 1764166486074 1764166486081
42059 1075471836 1764166486108.270752 1764166486108 1764166486115
42060 1075505180 1764166486141.612061 1764166486141 1764166486148
42061 1075538524 1764166486174.953369 1764166486175 1764166486182
42062 1075571868 1764166486208.294678 1764166486208 1764166486215
42063 1075605212 1764166486241.636230 1764166486241 1764166486248
42064 1075638556 1764166486274.977539 1764166486275 1764166486282
42065 1075671900 1764166486308.318848 1764166486308 1764166486315
42066 1075705244 1764166486341.660156 1764166486341 1764166486348
42067 1075738587 1764166486375.000244 1764166486375 1764166486382
42068 1075771931 1764166486408.341553 1764166486407 1764166486415
42069 1075805275 1764166486441.682861 1764166486441 1764166486448
42070 1075838619 1764166486475.024170 1764166486475 1764166486482
42071 1075871963 1764166486508.365234 1764166486507 1764166486515
42072 1075905307 1764166486541.706543 1764166486541 1764166486548
42073 1075938651 1764166486575.047607 1764166486575 1764166486582
42074 1075971995 1764166486608.388916 1764166486607 1764166486615
42075 1076005339 1764166486641.729980 1764166486641 1764166486648
42076 1076038683 1764166486675.071289 1764166486675 1764166486682
42077 1076072027 1764166486708.412354 1764166486707 1764166486715
42078 1076105371 1764166486741.753418 1764166486741 1764166486748
42079 1076138715 1764166486775.094482 1764166486775 1764166486782
42080 1076172058 1764166486808.434570 1764166486807 1764166486815
42081 1076205402 1764166486841.775635 1764166486841 1764166486848
42082 1076238746 1764166486875.116699 1764166486875 1764166486882
42083 1076272090 1764166486908.454590 1764166486908 1764166486915
42084 1076305434 1764166486941.792236 1764166486941 1764166486948
42085 1076338778 1764166486975.129639 1764166486975 1764166486982
42086 1076372122 1764166487008.467285 1764166487008 1764166487015
42087 1076405466 1764166487041.804688 1764166487041 1764166487048
42088 1076438810 1764166487075.142334 1764166487075 1764166487082
42089 1076472154 1764166487108.479736 1764166487108 1764166487115
42090 1076505498 1764166487141.817139 1764166487141 1764166487148
42091 1076538842 1764166487175.154541 1764166487175 1764166487182
42092 1076572186 1764166487208.491699 1764166487208 1764166487215
42093 1076605530 1764166487241.829102 1764166487241 1764166487248
42094 1076638873 1764166487275.165283 1764166487275 1764166487282
42095 1076672217 1764166487308.502441 1764166487308 1764166487315
42096 1076705561 1764166487341.839600 1764166487341 1764166487348
42097 1076738905 1764166487375.176758 1764166487375 1764166487382
42098 1076772249 1764166487408.513916 1764166487408 1764166487415
42099 1076805593 1764166487441.850830 1764166487442 1764166487449
42100 1076838937 1764166487475.187744 1764166487474 1764166487482
42101 1076872281 1764166487508.524902 1764166487508 1764166487515
42102 1076905625 1764166487541.861816 1764166487542 1764166487549
42103 1076938969 1764166487575.198486 1764166487574 1764166487582
42104 1076972313 1764166487608.535400 1764166487608 1764166487615
42105 1077005657 1764166487641.872314 1764166487642 1764166487649
42106 1077039001 1764166487675.208984 1764166487674 1764166487682
42107 1077072344 1764166487708.544678 1764166487708 1764166487715
42108 1077105688 1764166487741.881348 1764166487742 1764166487749
42109 1077139032 1764166487775.218018 1764166487774 1764166487782
42110 1077172376 1764166487808.554688 1764166487808 1764166487815
42111 1077205720 1764166487841.891113 1764166487842 1764166487849
42112 1077239064 1764166487875.227783 1764166487874 1764166487882
42113 1077272408 1764166487908.575195 1764166487908 1764166487915
42114 1077305752 1764166487941.922852 1764166487942 1764166487949
42115 1077339096 1764166487975.270508 1764166487974 1764166487982
42116 1077372440 1764166488008.618164 1764166488008 1764166488015
42117 1077405784 1764166488041.966064 1764166488042 1764166488049
42118 1077439128 1764166488075.313965 1764166488074 1764166488082
42119 1077472472 1764166488108.662109 1764166488108 1764166488115
42120 1077505815 1764166488142.009033 1764166488142 1764166488149
42121 1077539159 1764166488175.357178 1764166488174 1764166488182
42122 1077572503 1764166488208.705566 1764166488208 1764166488215
42123 1077605847 1764166488242.053955 1764166488242 1764166488249
42124 1077639191 1764166488275.402344 1764166488275 1764166488282
42125 1077672535 1764166488308.750977 1764166488309 1764166488316
42126 1077705879 1764166488342.099609 1764166488342 1764166488349
42127 1077739223 1764166488375.448242 1764166488375 1764166488382
42128 1077772567 1764166488408.797119 1764166488408 1764166488415
42129 1077805911 1764166488442.145996 1764166488442 1764166488449
42130 1077839255 1764166488475.494873 1764166488475 1764166488482
42131 1077872599 1764166488508.843994 1764166488508 1764166488515
42132 1077905943 1764166488542.193115 1764166488542 1764166488549
42133 1077939287 1764166488575.542480 1764166488575 1764166488582
42134 1077972630 1764166488608.890625 1764166488608 1764166488615
42135 1078005974 1764166488642.240234 1764166488642 1764166488649
42136 1078039318 1764166488675.589600 1764166488675 1764166488682
42137 1078072662 1764166488708.939209 1764166488709 1764166488716
42138 1078106006 1764166488742.288818 1764166488742 1764166488749
42139 1078139350 1764166488775.638672 1764166488775 1764166488782
42140 1078172694 1764166488808.988525 1764166488809 1764166488816
42141 1078206038 1764166488842.338379 1764166488842 1764166488849
42142 1078239382 1764166488875.688477 1764166488875 1764166488882
42143 1078272726 1764166488909.028076 1764166488909 1764166488916
42144 1078306070 1764166488942.367676 1764166488941 1764166488949
42145 1078339414 1764166488975.707275 1764166488975 1764166488982
42146 1078372758 1764166489009.046875 1764166489009 1764166489016
42147 1078406101 1764166489042.385498 1764166489041 1764166489049
42148 1078439445 1764166489075.725098 1764166489075 1764166489082
42149 1078472789 1764166489109.064697 1764166489109 1764166489116
42150 1078506133 1764166489142.404053 1764166489141 1764166489149
42151 1078539477 1764166489175.743652 1764166489175 1764166489182
42152 1078572821 1764166489209.083008 1764166489209 1764166489216
42153 1078606165 1764166489242.422607 1764166489241 1764166489249
42154 1078639509 1764166489275.761963 1764166489275 1764166489282
42155 1078672853 1764166489309.101318 1764166489309 1764166489316
42156 1078706197 1764166489342.440674 1764166489341 1764166489349
42157 1078739541 1764166489375.780029 1764166489375 1764166489382
42158 1078772885 1764166489409.119385 1764166489409 1764166489416
42159 1078806229 1764166489442.458740 1764166489441 1764166489449
42160 1078839572 1764166489475.797119 1764166489475 1764166489482
42161 1078872916 1764166489509.136230 1764166489509 1764166489516
42162 1078906260 1764166489542.475586 1764166489542 1764166489549
42163 1078939604 1764166489575.814697 1764166489575 1764166489582
42164 1078972948 1764166489609.154053 1764166489609 1764166489616
42165 1079006292 1764166489642.493164 1764166489642 1764166489649
42166 1079039636 1764166489675.832275 1764166489675 1764166489682
42167 1079072980 1764166489709.171387 1764166489709 1764166489716
42168 1079106324 1764166489742.510498 1764166489742 1764166489749
42169 1079139668 1764166489775.849609 1764166489775 1764166489782
42170 1079173012 1764166489809.188721 1764166489809 1764166489816
42171 1079206356 1764166489842.527832 1764166489842 1764166489849
42172 1079239700 1764166489875.866943 1764166489875 1764166489883
42173 1079273044 1764166489909.206543 1764166489908 1764166489916
42174 1079306387 1764166489942.545166 1764166489942 1764166489949
42175 1079339731 1764166489975.884766 1764166489976 1764166489983
42176 1079373075 1764166490009.224365 1764166490008 1764166490018
42177 1079406419 1764166490042.563965 1764166490042 1764166490049
42178 1079439763 1764166490075.903564 1764166490076 1764166490083
42179 1079473107 1764166490109.242920 1764166490108 1764166490116
42180 1079506451 1764166490142.582520 1764166490142 1764166490149
42181 1079539795 1764166490175.921875 1764166490176 1764166490183
42182 1079573139 1764166490209.261475 1764166490208 1764166490216
42183 1079606483 1764166490242.600830 1764166490242 1764166490249
42184 1079639827 1764166490275.940186 1764166490276 1764166490283
42185 1079673171 1764166490309.279785 1764166490308 1764166490316
42186 1079706515 1764166490342.619141 1764166490342 1764166490349
42187 1079739858 1764166490375.957275 1764166490376 1764166490383
42188 1079773202 1764166490409.296631 1764166490408 1764166490416
42189 1079806546 1764166490442.635986 1764166490442 1764166490449
42190 1079839890 1764166490475.975342 1764166490476 1764166490483
42191 1079873234 1764166490509.314453 1764166490508 1764166490516
42192 1079906578 1764166490542.653809 1764166490542 1764166490549
42193 1079939922 1764166490575.992920 1764166490576 1764166490583
42194 1079973266 1764166490609.332275 1764166490608 1764166490616
42195 1080006610 1764166490642.671387 1764166490642 1764166490649
42196 1080039954 1764166490676.010498 1764166490676 1764166490683
42197 1080073298 1764166490709.349609 1764166490708 1764166490716
42198 1080106642 1764166490742.688721 1764166490742 1764166490749
42199 1080139986 1764166490776.027832 1764166490776 1764166490783
42200 1080173329 1764166490809.365967 1764166490809 1764166490816
42201 1080206673 1764166490842.704834 1764166490842 1764166490849
42202 1080240017 1764166490876.043945 1764166490876 1764166490883
42203 1080273361 1764166490909.384277 1764166490909 1764166490916
42204 1080306705 1764166490942.724365 1764166490942 1764166490949
42205 1080340049 1764166490976.064697 1764166490976 1764166490983
42206 1080373393 1764166491009.404785 1764166491009 1764166491017
42207 1080406737 1764166491042.744873 1764166491042 1764166491049
42208 1080440081 1764166491076.084961 1764166491076 1764166491083
42209 1080473425 1764166491109.425049 1764166491109 1764166491116
42210 1080506769 1764166491142.765137 1764166491143 1764166491150
42211 1080540113 1764166491176.105225 1764166491176 1764166491183
42212 1080573457 1764166491209.445312 1764166491209 1764166491216
42213 1080606801 1764166491242.785400 1764166491243 1764166491250
42214 1080640144 1764166491276.124268 1764166491275 1764166491283
42215 1080673488 1764166491309.464355 1764166491309 1764166491316
42216 1080706832 1764166491342.804443 1764166491343 1764166491350
42217 1080740176 1764166491376.144287 1764166491375 1764166491383
42218 1080773520 1764166491409.484131 1764166491409 1764166491416
42219 1080806864 1764166491442.824219 1764166491443 1764166491450
42220 1080840208 1764166491476.164062 1764166491475 1764166491483
42221 1080873552 1764166491509.503906 1764166491509 1764166491516
42222 1080906896 1764166491542.843750 1764166491543 1764166491550
42223 1080940240 1764166491576.183594 1764166491575 1764166491583
42224 1080973584 1764166491609.523438 1764166491609 1764166491616
42225 1081006928 1764166491642.863281 1764166491643 1764166491650
42226 1081040272 1764166491676.202881 1764166491675 1764166491683
42227 1081073615 1764166491709.541748 1764166491709 1764166491716
42228 1081106959 1764166491742.881348 1764166491743 1764166491750
42229 1081140303 1764166491776.221191 1764166491775 1764166491783
42230 1081173647 1764166491809.560791 1764166491809 1764166491816
42231 1081206991 1764166491842.900635 1764166491843 1764166491850
42232 1081240335 1764166491876.240234 1764166491875 1764166491883
42233 1081273679 1764166491909.579346 1764166491909 1764166491916
42234 1081307023 1764166491942.918457 1764166491943 1764166491950
42235 1081340367 1764166491976.257568 1764166491975 1764166491983
42236 1081373711 1764166492009.596680 1764166492009 1764166492016
42237 1081407055 1764166492042.935791 1764166492043 1764166492050
42238 1081440399 1764166492076.274902 1764166492076 1764166492083
42239 1081473743 1764166492109.614014 1764166492109 1764166492116
42240 1081507086 1764166492142.951904 1764166492142 1764166492150
42241 1081540430 1764166492176.290771 1764166492176 1764166492183
42242 1081573774 1764166492209.629883 1764166492210 1764166492218
42243 1081607118 1764166492242.968750 1764166492243 1764166492250
42244 1081640462 1764166492276.307617 1764166492276 1764166492283
42245 1081673806 1764166492309.646484 1764166492310 1764166492317
42246 1081707150 1764166492342.985352 1764166492343 1764166492350
42247 1081740494 1764166492376.323975 1764166492376 1764166492383
42248 1081773838 1764166492409.662842 1764166492410 1764166492417
42249 1081807182 1764166492443.001709 1764166492443 1764166492450
42250 1081840526 1764166492476.340332 1764166492476 1764166492483
42251 1081873870 1764166492509.678955 1764166492510 1764166492517
42252 1081907214 1764166492543.017578 1764166492542 1764166492550
42253 1081940558 1764166492576.356201 1764166492576 1764166492583
42254 1081973901 1764166492609.693848 1764166492610 1764166492617
42255 1082007245 1764166492643.032471 1764166492642 1764166492650
42256 1082040589 1764166492676.371094 1764166492676 1764166492683
42257 1082073933 1764166492709.709473 1764166492710 1764166492717
42258 1082107277 1764166492743.048096 1764166492742 1764166492750
42259 1082140621 1764166492776.386475 1764166492776 1764166492783
42260 1082173965 1764166492809.725098 1764166492810 1764166492817
42261 1082207309 1764166492843.063477 1764166492843 1764166492850
42262 1082240653 1764166492876.401855 1764166492876 1764166492883
42263 1082273997 1764166492909.741211 1764166492910 1764166492917
42264 1082307341 1764166492943.080566 1764166492942 1764166492950
42265 1082340685 1764166492976.419678 1764166492976 1764166492983
42266 1082374029 1764166493009.759033 1764166493010 1764166493017
42267 1082407372 1764166493043.097168 1764166493042 1764166493050
42268 1082440716 1764166493076.436523 1764166493076 1764166493083
42269 1082474060 1764166493109.775635 1764166493110 1764166493117
42270 1082507404 1764166493143.114746 1764166493142 1764166493150
42271 1082540748 1764166493176.453857 1764166493176 1764166493183
42272 1082574092 1764166493209.792969 1764166493210 1764166493217
42273 1082607436 1764166493243.132080 1764166493242 1764166493250
42274 1082640780 1764166493276.471191 1764166493276 1764166493283
42275 1082674124 1764166493309.810059 1764166493310 1764166493317
42276 1082707468 1764166493343.149170 1764166493343 1764166493350
42277 1082740812 1764166493376.488037 1764166493376 1764166493383
42278 1082774156 1764166493409.827148 1764166493410 1764166493417
42279 1082807500 1764166493443.166016 1764166493443 1764166493450
42280 1082840843 1764166493476.503906 1764166493476 1764166493483
42281 1082874187 1764166493509.842773 1764166493510 1764166493517
42282 1082907531 1764166493543.181641 1764166493543 1764166493550
42283 1082940875 1764166493576.520508 1764166493576 1764166493583
42284 1082974219 1764166493609.859131 1764166493610 1764166493617
42285 1083007563 1764166493643.197998 1764166493643 1764166493650
42286 1083040907 1764166493676.536865 1764166493676 1764166493683
42287 1083074251 1764166493709.875488 1764166493710 1764166493717
42288 1083107595 1764166493743.214111 1764166493743 1764166493750
42289 1083140939 1764166493776.552979 1764166493777 1764166493784
42290 1083174283 1764166493809.891602 1764166493810 1764166493817
42291 1083207627 1764166493843.230225 1764166493843 1764166493850
42292 1083240971 1764166493876.568848 1764166493877 1764166493884
42293 1083274315 1764166493909.907959 1764166493909 1764166493917
42294 1083307658 1764166493943.246338 1764166493943 1764166493950
42295 1083341002 1764166493976.585449 1764166493977 1764166493984
42296 1083374346 1764166494009.924561 1764166494009 1764166494017
42297 1083407690 1764166494043.263672 1764166494043 1764166494050
42298 1083441034 1764166494076.602783 1764166494077 1764166494084
42299 1083474378 1764166494109.941895 1764166494109 1764166494117
42300 1083507722 1764166494143.281006 1764166494143 1764166494150
42301 1083541066 1764166494176.619873 1764166494177 1764166494184
42302 1083574410 1764166494209.958984 1764166494209 1764166494217
42303 1083607754 1764166494243.297852 1764166494243 1764166494250
42304 1083641098 1764166494276.636719 1764166494277 1764166494284
42305 1083674442 1764166494309.975830 1764166494309 1764166494317
42306 1083707786 1764166494343.314697 1764166494343 1764166494350
42307 1083741129 1764166494376.652588 1764166494377 1764166494384
42308 1083774473 1764166494409.991455 1764166494409 1764166494417
42309 1083807817 1764166494443.330078 1764166494443 1764166494450
42310 1083841161 1764166494476.668945 1764166494477 1764166494484
42311 1083874505 1764166494510.007812 1764166494510 1764166494517
42312 1083907849 1764166494543.346436 1764166494543 1764166494550
42313 1083941193 1764166494576.685059 1764166494577 1764166494584
42314 1083974537 1764166494610.023926 1764166494610 1764166494617
42315 1084007881 1764166494643.362549 1764166494643 1764166494650
42316 1084041225 1764166494676.701172 1764166494677 1764166494684
42317 1084074569 1764166494710.039795 1764166494710 1764166494717
42318 1084107913 1764166494743.378174 1764166494743 1764166494750
42319 1084141257 1764166494776.716797 1764166494777 1764166494784
42320 1084174600 1764166494810.054443 1764166494810 1764166494817
42321 1084207944 1764166494843.392822 1764166494843 1764166494850
42322 1084241288 1764166494876.731201 1764166494877 1764166494884
42323 1084274632 1764166494910.072021 1764166494910 1764166494917
42324 1084307976 1764166494943.412598 1764166494944 1764166494951
42325 1084341320 1764166494976.753418 1764166494977 1764166494984
42326 1084374664 1764166495010.093994 1764166495010 1764166495017
42327 1084408008 1764166495043.434814 1764166495044 1764166495051
42328 1084441352 1764166495076.775391 1764166495076 1764166495084
42329 1084474696 1764166495110.115967 1764166495110 1764166495117
42330 1084508040 1764166495143.456543 1764166495144 1764166495151
42331 1084541384 1764166495176.797119 1764166495176 1764166495184
42332 1084574728 1764166495210.137695 1764166495210 1764166495217
42333 1084608072 1764166495243.478271 1764166495244 1764166495251
42334 1084641415 1764166495276.817871 1764166495276 1764166495284
42335 1084674759 1764166495310.158203 1764166495310 1764166495317
42336 1084708103 1764166495343.498779 1764166495344 1764166495351
42337 1084741447 1764166495376.839355 1764166495376 1764166495384
42338 1084774791 1764166495410.179688 1764166495410 1764166495417
42339 1084808135 1764166495443.520264 1764166495444 1764166495451
42340 1084841479 1764166495476.860596 1764166495476 1764166495484
42341 1084874823 1764166495510.201172 1764166495510 1764166495517
42342 1084908167 1764166495543.541504 1764166495544 1764166495551
42343 1084941511 1764166495576.881836 1764166495576 1764166495584
42344 1084974855 1764166495610.222168 1764166495610 1764166495617
42345 1085008199 1764166495643.562500 1764166495644 1764166495651
42346 1085041543 1764166495676.903076 1764166495676 1764166495684
42347 1085074886 1764166495710.242188 1764166495710 1764166495717
42348 1085108230 1764166495743.582520 1764166495744 1764166495751
42349 1085141574 1764166495776.922852 1764166495776 1764166495784
42350 1085174918 1764166495810.263184 1764166495810 1764166495817
42351 1085208262 1764166495843.603516 1764166495844 1764166495851
42352 1085241606 1764166495876.943848 1764166495876 1764166495884
42353 1085274950 1764166495910.281982 1764166495910 1764166495917
42354 1085308294 1764166495943.620361 1764166495944 1764166495951
42355 1085341638 1764166495976.958496 1764166495976 1764166495984
42356 1085374982 1764166496010.296631 1764166496010 1764166496017
42357 1085408326 1764166496043.634766 1764166496044 1764166496051
42358 1085441670 1764166496076.972900 1764166496076 1764166496084
42359 1085475014 1764166496110.311035 1764166496110 1764166496117
42360 1085508357 1764166496143.648193 1764166496144 1764166496151
42361 1085541701 1764166496176.986084 1764166496176 1764166496184
42362 1085575045 1764166496210.324219 1764166496210 1764166496217
42363 1085608389 1764166496243.662109 1764166496244 1764166496251
42364 1085641733 1764166496277.000000 1764166496276 1764166496284
42365 1085675077 1764166496310.337891 1764166496310 1764166496317
42366 1085708421 1764166496343.675781 1764166496344 1764166496351
42367 1085741765 1764166496377.013672 1764166496376 1764166496384
42368 1085775109 1764166496410.351318 1764166496410 1764166496417
42369 1085808453 1764166496443.689209 1764166496444 1764166496451
42370 1085841797 1764166496477.026855 1764166496476 1764166496484
42371 1085875141 1764166496510.364502 1764166496510 1764166496517
42372 1085908485 1764166496543.702148 1764166496544 1764166496551
42373 1085941829 1764166496577.039795 1764166496576 1764166496584
42374 1085975172 1764166496610.376465 1764166496610 1764166496617
42375 1086008516 1764166496643.714111 1764166496644 1764166496651
42376 1086041860 1764166496677.051514 1764166496676 1764166496684
42377 1086075204 1764166496710.389160 1764166496710 1764166496717
42378 1086108548 1764166496743.726562 1764166496744 1764166496751
42379 1086141892 1764166496777.063965 1764166496777 1764166496784
42380 1086175236 1764166496810.401367 1764166496810 1764166496817
42381 1086208580 1764166496843.738770 1764166496844 1764166496851
42382 1086241924 1764166496877.076172 1764166496877 1764166496884
42383 1086275268 1764166496910.414551 1764166496910 1764166496917
42384 1086308612 1764166496943.752930 1764166496944 1764166496951
42385 1086341956 1764166496977.091309 1764166496977 1764166496985
42386 1086375300 1764166497010.429688 1764166497010 1764166497017
42387 1086408643 1764166497043.767090 1764166497044 1764166497051
42388 1086441987 1764166497077.105225 1764166497077 1764166497084
42389 1086475331 1764166497110.443604 1764166497110 1764166497117
42390 1086508675 1764166497143.781738 1764166497144 1764166497151
42391 1086542019 1764166497177.120117 1764166497177 1764166497184
42392 1086575363 1764166497210.458252 1764166497211 1764166497218
42393 1086608707 1764166497243.796387 1764166497244 1764166497251
42394 1086642051 1764166497277.134521 1764166497277 1764166497284
42395 1086675395 1764166497310.472656 1764166497310 1764166497317
42396 1086708739 1764166497343.810791 1764166497344 1764166497351
42397 1086742083 1764166497377.148926 1764166497377 1764166497384
42398 1086775427 1764166497410.487061 1764166497411 1764166497418
42399 1086808771 1764166497443.824951 1764166497444 1764166497451
42400 1086842114 1764166497477.162109 1764166497477 1764166497484
42401 1086875458 1764166497510.500000 1764166497511 1764166497518
42402 1086908802 1764166497543.838135 1764166497544 1764166497551
42403 1086942146 1764166497577.176025 1764166497577 1764166497584
42404 1086975490 1764166497610.513916 1764166497610 1764166497618
42405 1087008834 1764166497643.851807 1764166497644 1764166497651
42406 1087042178 1764166497677.189697 1764166497677 1764166497684
42407 1087075522 1764166497710.527588 1764166497711 1764166497718
42408 1087108866 1764166497743.865234 1764166497744 1764166497751
42409 1087142210 1764166497777.203125 1764166497778 1764166497785
42410 1087175554 1764166497810.541016 1764166497811 1764166497818
42411 1087208898 1764166497843.878662 1764166497843 1764166497851
42412 1087242242 1764166497877.216309 1764166497877 1764166497884
42413 1087275586 1764166497910.556641 1764166497911 1764166497918
42414 1087308929 1764166497943.892578 1764166497943 1764166497951
42415 1087342273 1764166497977.229492 1764166497977 1764166497984
42416 1087375617 1764166498010.566162 1764166498011 1764166498018
42417 1087408961 1764166498043.903076 1764166498043 1764166498051
42418 1087442305 1764166498077.239746 1764166498077 1764166498084
42419 1087475649 1764166498110.576416 1764166498111 1764166498118
42420 1087508993 1764166498143.913086 1764166498143 1764166498151
42421 1087542337 1764166498177.249756 1764166498177 1764166498184
42422 1087575681 1764166498210.586182 1764166498211 1764166498218
42423 1087609025 1764166498243.922852 1764166498243 1764166498251
42424 1087642369 1764166498277.259277 1764166498277 1764166498284
42425 1087675713 1764166498310.595703 1764166498311 1764166498318
42426 1087709057 1764166498343.932129 1764166498343 1764166498351
42427 1087742400 1764166498377.267578 1764166498377 1764166498384
42428 1087775744 1764166498410.603760 1764166498411 1764166498418
42429 1087809088 1764166498443.940186 1764166498443 1764166498451
42430 1087842432 1764166498477.276367 1764166498477 1764166498484
42431 1087875776 1764166498510.612549 1764166498511 1764166498518
42432 1087909120 1764166498543.948730 1764166498543 1764166498551
42433 1087942464 1764166498577.284912 1764166498577 1764166498584
42434 1087975808 1764166498610.621094 1764166498611 1764166498618
42435 1088009152 1764166498643.957031 1764166498643 1764166498651
42436 1088042496 1764166498677.292969 1764166498677 1764166498684
42437 1088075840 1764166498710.629150 1764166498711 1764166498718
42438 1088109184 1764166498743.965088 1764166498743 1764166498751
42439 1088142528 1764166498777.301025 1764166498777 1764166498784
42440 1088175871 1764166498810.635742 1764166498811 1764166498818
42441 1088209215 1764166498843.971680 1764166498844 1764166498851
42442 1088242559 1764166498877.307373 1764166498877 1764166498884
42443 1088275903 1764166498910.643066 1764166498911 1764166498918
42444 1088309247 1764166498943.979736 1764166498943 1764166498951
42445 1088342591 1764166498977.316162 1764166498977 1764166498984
42446 1088375935 1764166499010.652344 1764166499011 1764166499018
42447 1088409279 1764166499043.988770 1764166499043 1764166499051
42448 1088442623 1764166499077.325195 1764166499077 1764166499084
42449 1088475967 1764166499110.661377 1764166499111 1764166499118
42450 1088509311 1764166499143.997559 1764166499144 1764166499151
42451 1088542655 1764166499177.333740 1764166499178 1764166499185
42452 1088575999 1764166499210.669922 1764166499211 1764166499218
42453 1088609343 1764166499244.006104 1764166499243 1764166499251
42454 1088642686 1764166499277.341309 1764166499277 1764166499284
42455 1088676030 1764166499310.677246 1764166499311 1764166499318
42456 1088709374 1764166499344.013184 1764166499343 1764166499351
42457 1088742718 1764166499377.349365 1764166499377 1764166499384
42458 1088776062 1764166499410.685303 1764166499411 1764166499418
42459 1088809406 1764166499444.020996 1764166499444 1764166499451
42460 1088842750 1764166499477.356934 1764166499477 1764166499484
42461 1088876094 1764166499510.692871 1764166499511 1764166499518
42462 1088909438 1764166499544.028564 1764166499544 1764166499551
42463 1088942782 1764166499577.364258 1764166499578 1764166499585
42464 1088976126 1764166499610.699951 1764166499611 1764166499618
42465 1089009470 1764166499644.035645 1764166499644 1764166499651
42466 1089042814 1764166499677.371338 1764166499677 1764166499684
42467 1089076157 1764166499710.705811 1764166499711 1764166499718
42468 1089109501 1764166499744.041504 1764166499744 1764166499751
42469 1089142845 1764166499777.376953 1764166499777 1764166499784
42470 1089176189 1764166499810.712402 1764166499811 1764166499818
42471 1089209533 1764166499844.047852 1764166499844 1764166499851
42472 1089242877 1764166499877.383301 1764166499878 1764166499885
42473 1089276221 1764166499910.718750 1764166499911 1764166499918
42474 1089309565 1764166499944.066650 1764166499944 1764166499951
42475 1089342909 1764166499977.414795 1764166499977 1764166499984
42476 1089376253 1764166500010.762939 1764166500010 1764166500018
42477 1089409597 1764166500044.111084 1764166500044 1764166500051
42478 1089442941 1764166500077.459473 1764166500077 1764166500084
42479 1089476285 1764166500110.807861 1764166500110 1764166500118
42480 1089509628 1764166500144.155518 1764166500144 1764166500151
42481 1089542972 1764166500177.504150 1764166500177 1764166500184
42482 1089576316 1764166500210.853027 1764166500210 1764166500218
42483 1089609660 1764166500244.201904 1764166500244 1764166500251
42484 1089643004 1764166500277.551025 1764166500277 1764166500285
42485 1089676348 1764166500310.900146 1764166500311 1764166500318
42486 1089709692 1764166500344.249512 1764166500344 1764166500351
42487 1089743036 1764166500377.598877 1764166500378 1764166500385
42488 1089776380 1764166500410.948486 1764166500411 1764166500418
42489 1089809724 1764166500444.298096 1764166500444 1764166500451
42490 1089843068 1764166500477.647705 1764166500478 1764166500485
42491 1089876412 1764166500510.997559 1764166500511 1764166500518
42492 1089909756 1764166500544.347412 1764166500544 1764166500551
42493 1089943100 1764166500577.697510 1764166500578 1764166500585
42494 1089976443 1764166500611.046631 1764166500611 1764166500618
42495 1090009787 1764166500644.396973 1764166500644 1764166500651
42496 1090043131 1764166500677.747314 1764166500678 1764166500685
42497 1090076475 1764166500711.097900 1764166500710 1764166500718
42498 1090109819 1764166500744.448486 1764166500744 1764166500751
42499 1090143163 1764166500777.799316 1764166500778 1764166500785
42500 1090176507 1764166500811.150146 1764166500810 1764166500818
42501 1090209851 1764166500844.501221 1764166500844 1764166500851
42502 1090243195 1764166500877.852295 1764166500878 1764166500885
42503 1090276539 1764166500911.203369 1764166500910 1764166500918
42504 1090309883 1764166500944.539795 1764166500944 1764166500951
42505 1090343227 1764166500977.876465 1764166500978 1764166500985
42506 1090376571 1764166501011.212891 1764166501010 1764166501018
42507 1090409914 1764166501044.548340 1764166501044 1764166501051
42508 1090443258 1764166501077.884766 1764166501078 1764166501085
42509 1090476602 1764166501111.221191 1764166501110 1764166501118
42510 1090509946 1764166501144.557617 1764166501144 1764166501151
42511 1090543290 1764166501177.894043 1764166501177 1764166501186
42512 1090576634 1764166501211.230225 1764166501210 1764166501218
42513 1090609978 1764166501244.566650 1764166501244 1764166501251
42514 1090643322 1764166501277.902832 1764166501278 1764166501285
42515 1090676666 1764166501311.239014 1764166501310 1764166501318
42516 1090710010 1764166501344.575195 1764166501344 1764166501351
42517 1090743354 1764166501377.911377 1764166501378 1764166501385
42518 1090776698 1764166501411.247559 1764166501410 1764166501418
42519 1090810042 1764166501444.583496 1764166501444 1764166501452
42520 1090843385 1764166501477.918457 1764166501478 1764166501485
42521 1090876729 1764166501511.254639 1764166501510 1764166501518
42522 1090910073 1764166501544.590576 1764166501544 1764166501551
42523 1090943417 1764166501577.926514 1764166501578 1764166501585
42524 1090976761 1764166501611.262451 1764166501610 1764166501618
42525 1091010105 1764166501644.598389 1764166501644 1764166501651
42526 1091043449 1764166501677.934082 1764166501678 1764166501685
42527 1091076793 1764166501711.270020 1764166501710 1764166501718
42528 1091110137 1764166501744.605713 1764166501745 1764166501752
42529 1091143481 1764166501777.941406 1764166501778 1764166501785
42530 1091176825 1764166501811.277100 1764166501810 1764166501818
42531 1091210169 1764166501844.612793 1764166501844 1764166501851
42532 1091243513 1764166501877.948486 1764166501878 1764166501885
42533 1091276857 1764166501911.284180 1764166501910 1764166501918
42534 1091310200 1764166501944.621094 1764166501944 1764166501951
42535 1091343544 1764166501977.958984 1764166501978 1764166501985
42536 1091376888 1764166502011.296875 1764166502010 1764166502018
42537 1091410232 1764166502044.634521 1764166502044 1764166502051
42538 1091443576 1764166502077.972412 1764166502078 1764166502085
42539 1091476920 1764166502111.310303 1764166502111 1764166502118
42540 1091510264 1764166502144.648193 1764166502144 1764166502151
42541 1091543608 1764166502177.985840 1764166502178 1764166502185
42542 1091576952 1764166502211.323730 1764166502210 1764166502218
42543 1091610296 1764166502244.661377 1764166502244 1764166502251
42544 1091643640 1764166502277.999268 1764166502277 1764166502285
42545 1091676984 1764166502311.336914 1764166502310 1764166502318
42546 1091710328 1764166502344.674805 1764166502344 1764166502351
42547 1091743671 1764166502378.011475 1764166502378 1764166502385
42548 1091777015 1764166502411.349365 1764166502411 1764166502418
42549 1091810359 1764166502444.687012 1764166502444 1764166502451
42550 1091843703 1764166502478.024658 1764166502478 1764166502485
42551 1091877047 1764166502511.362305 1764166502511 1764166502518
42552 1091910391 1764166502544.699951 1764166502544 1764166502551
42553 1091943735 1764166502578.037842 1764166502578 1764166502585
42554 1091977079 1764166502611.375488 1764166502611 1764166502618
42555 1092010423 1764166502644.713135 1764166502645 1764166502652
42556 1092043767 1764166502678.050781 1764166502678 1764166502685
42557 1092077111 1764166502711.388184 1764166502711 1764166502718
42558 1092110455 1764166502744.725830 1764166502744 1764166502754
42559 1092143799 1764166502778.063477 1764166502778 1764166502785
42560 1092177142 1764166502811.400146 1764166502811 1764166502818
42561 1092210486 1764166502844.737793 1764166502844 1764166502851
42562 1092243830 1764166502878.075195 1764166502878 1764166502885
42563 1092277174 1764166502911.412842 1764166502911 1764166502918
42564 1092310518 1764166502944.748535 1764166502944 1764166502951
42565 1092343862 1764166502978.084229 1764166502978 1764166502985
42566 1092377206 1764166503011.419922 1764166503011 1764166503018
42567 1092410550 1764166503044.755615 1764166503044 1764166503051
42568 1092443894 1764166503078.091309 1764166503078 1764166503085
42569 1092477238 1764166503111.426758 1764166503111 1764166503118
42570 1092510582 1764166503144.762207 1764166503144 1764166503151
42571 1092543926 1764166503178.097656 1764166503178 1764166503185
42572 1092577270 1764166503211.433350 1764166503211 1764166503218
42573 1092610614 1764166503244.768555 1764166503244 1764166503251
42574 1092643957 1764166503278.103027 1764166503278 1764166503285
42575 1092677301 1764166503311.438477 1764166503311 1764166503318
42576 1092710645 1764166503344.773682 1764166503344 1764166503351
42577 1092743989 1764166503378.108887 1764166503378 1764166503385
42578 1092777333 1764166503411.444336 1764166503411 1764166503418
42579 1092810677 1764166503444.779541 1764166503444 1764166503452
42580 1092844021 1764166503478.114502 1764166503478 1764166503485
42581 1092877365 1764166503511.449707 1764166503511 1764166503518
42582 1092910709 1764166503544.784912 1764166503545 1764166503552
42583 1092944053 1764166503578.119873 1764166503578 1764166503585
42584 1092977397 1764166503611.454834 1764166503611 1764166503618
42585 1093010741 1764166503644.789795 1764166503645 1764166503652
