1764165171854732544 2604
1764165171888482048 2605
1764165171925155360 2606
1764165171951687808 2607
1764165171986701568 2608
1764165172024218432 2609
1764165172061524032 2610
1764165172089104000 2611
1764165172122877728 2612
1764165172152019936 2613
1764165172186083744 2614
1764165172221870912 2615
1764165172254838496 2616
1764165172293893056 2617
1764165172322609344 2618
1764165172354872064 2619
1764165172387583520 2620
1764165172422647936 2621
1764165172460509376 2622
1764165172488943360 2623
1764165172527971424 2624
1764165172558081920 2625
1764165172591756800 2626
1764165172618892416 2627
1764165172653167648 2628
1764165172691641536 2629
1764165172719307264 2630
1764165172753100128 2631
1764165172789980960 2632
1764165172820394752 2633
1764165172857300832 2634
1764165172884899520 2635
1764165172920701152 2636
1764165172955070272 2637
1764165172991529952 2638
1764165173016994720 2639
1764165173052280800 2640
1764165173088191520 2641
1764165173123235104 2642
1764165173152344576 2643
1764165173186968736 2644
1764165173222904352 2645
1764165173250034272 2646
1764165173284742368 2647
1764165173322451648 2648
1764165173356016928 2649
1764165173389129088 2650
1764165173422681056 2651
1764165173457334176 2652
1764165173494166240 2653
1764165173535882720 2654
1764165173565893344 2655
1764165173594107776 2656
1764165173631715328 2657
1764165173656469696 2658
1764165173692324448 2659
1764165173723557056 2660
1764165173755919040 2661
1764165173792480640 2662
1764165173826396640 2663
1764165173853935936 2664
1764165173888606880 2665
1764165173921649472 2666
1764165173955980416 2667
1764165173983859520 2668
1764165174019670912 2669
1764165174055526176 2670
1764165174083614560 2671
1764165174120084768 2672
1764165174154683296 2673
1764165174188627328 2674
1764165174222159232 2675
1764165174256243328 2676
1764165174285101824 2677
1764165174319619296 2678
1764165174355526368 2679
1764165174389260160 2680
1764165174423445184 2681
1764165174454327680 2682
1764165174493953888 2683
1764165174522945600 2684
1764165174553521472 2685
1764165174588219712 2686
1764165174625556096 2687
1764165174654968800 2688
1764165174688647520 2689
1764165174723214048 2690
1764165174750006976 2691
1764165174784776128 2692
1764165174820987680 2693
1764165174855752544 2694
1764165174883240800 2695
1764165174917494144 2696
1764165174953612640 2697
1764165174989459392 2698
1764165175017921888 2699
1764165175054470208 2700
1764165175088469504 2701
1764165175121919200 2702
1764165175156215168 2703
1764165175196805664 2704
1764165175222467136 2705
1764165175261614336 2706
1764165175290797504 2707
1764165175318609888 2708
1764165175353454816 2709
1764165175388603648 2710
1764165175421893088 2711
1764165175454930176 2712
1764165175491111616 2713
1764165175526221152 2714
1764165175552122560 2715
1764165175588940096 2716
1764165175623369440 2717
1764165175652464992 2718
1764165175687399520 2719
1764165175722197504 2720
1764165175757978144 2721
1764165175792228896 2722
1764165175828355296 2723
1764165175854958304 2724
1764165175883086080 2725
1764165175919142496 2726
1764165175957520384 2727
1764165175983958144 2728
1764165176019539872 2729
1764165176056773312 2730
1764165176087892128 2731
1764165176123580128 2732
1764165176151247008 2733
1764165176187454752 2734
1764165176226139840 2735
1764165176251016704 2736
1764165176287740736 2737
1764165176321618560 2738
1764165176354985856 2739
1764165176389331552 2740
1764165176418820832 2741
1764165176459879776 2742
1764165176487454976 2743
1764165176522448896 2744
1764165176567473952 2745
1764165176598465664 2746
1764165176621979360 2747
1764165176659051680 2748
1764165176685190368 2749
1764165176719398144 2750
1764165176754754016 2751
1764165176788060672 2752
1764165176825685440 2753
1764165176850926976 2754
1764165176892228224 2755
1764165176929274656 2756
1764165176954628096 2757
1764165176988202848 2758
1764165177022582656 2759
1764165177055884928 2760
1764165177089152128 2761
1764165177122440096 2762
1764165177155499328 2763
1764165177188947872 2764
1764165177223521280 2765
1764165177251054272 2766
1764165177291788640 2767
1764165177324617664 2768
1764165177360857920 2769
1764165177389550560 2770
1764165177417498624 2771
1764165177451319488 2772
1764165177487228032 2773
1764165177525078336 2774
1764165177550903424 2775
1764165177587769984 2776
1764165177622133088 2777
1764165177654786944 2778
1764165177691373344 2779
1764165177718553824 2780
1764165177757233408 2781
1764165177783556736 2782
1764165177819572768 2783
1764165177855806752 2784
1764165177890002592 2785
1764165177930892256 2786
1764165177954832736 2787
1764165177995167808 2788
1764165178031214048 2789
1764165178055271104 2790
1764165178087874240 2791
1764165178121077152 2792
1764165178155022560 2793
1764165178193129952 2794
1764165178217418592 2795
1764165178252927040 2796
1764165178287801600 2797
1764165178321817440 2798
1764165178354970752 2799
1764165178389040832 2800
1764165178422372512 2801
1764165178450610080 2802
1764165178486900064 2803
1764165178521673824 2804
1764165178555063648 2805
1764165178591050464 2806
1764165178617982592 2807
1764165178655576320 2808
1764165178691018656 2809
1764165178727220928 2810
1764165178764606304 2811
1764165178805015424 2812
1764165178830953376 2813
1764165178884303712 2814
1764165178899830944 2815
1764165178929533152 2816
1764165178957326848 2817
1764165178985043520 2818
1764165179019340608 2819
1764165179055016992 2820
1764165179089199392 2821
1764165179123847392 2822
1764165179160707616 2823
1764165179197855488 2824
1764165179221622144 2825
1764165179256810528 2826
1764165179284518240 2827
1764165179319657792 2828
1764165179355108576 2829
1764165179388822560 2830
1764165179421196672 2831
1764165179457131104 2832
1764165179484571872 2833
1764165179523432768 2834
1764165179557754272 2835
1764165179585953152 2836
1764165179620918624 2837
1764165179655228992 2838
1764165179689053984 2839
1764165179721939872 2840
1764165179755589760 2841
1764165179791167552 2842
1764165179817780896 2843
1764165179854010976 2844
1764165179889297376 2845
1764165179918337664 2846
1764165179958021920 2847
1764165179984974432 2848
1764165180020556768 2849
1764165180055060832 2850
1764165180093643744 2851
1764165180120842272 2852
1764165180155493184 2853
1764165180191524128 2854
1764165180217989984 2855
1764165180257857760 2856
1764165180284091200 2857
1764165180323384576 2858
1764165180351265888 2859
1764165180387517280 2860
1764165180422950336 2861
1764165180454151648 2862
1764165180488907584 2863
1764165180520366496 2864
1764165180556170432 2865
1764165180588893920 2866
1764165180616302848 2867
1764165180651361920 2868
1764165180691880608 2869
1764165180723126048 2870
1764165180755625312 2871
1764165180793746464 2872
1764165180828185856 2873
1764165180856044512 2874
1764165180894241120 2875
1764165180925459872 2876
1764165180965821696 2877
1764165181001699168 2878
1764165181030936832 2879
1764165181054800512 2880
1764165181087903776 2881
1764165181125981344 2882
1764165181164428096 2883
1764165181201896064 2884
1764165181257153248 2885
1764165181301718592 2886
1764165181340270304 2887
1764165181384214464 2888
1764165181401484704 2889
1764165181431467072 2890
1764165181464843616 2891
1764165181502531392 2892
1764165181523344800 2893
1764165181551475968 2894
1764165181567792128 2895
1764165181597681984 2896
1764165181631086688 2897
1764165181671756512 2898
1764165181694457600 2899
1764165181721007552 2900
1764165181754231328 2901
1764165181788525888 2902
1764165181822213376 2903
1764165181859357344 2904
1764165181887077376 2905
1764165181920756800 2906
1764165181955781984 2907
1764165181991320960 2908
1764165182023651008 2909
1764165182049704416 2910
1764165182086459552 2911
1764165182121504192 2912
1764165182154939328 2913
1764165182188839904 2914
1764165182227889760 2915
1764165182256596800 2916
1764165182287605120 2917
1764165182321625600 2918
1764165182355596864 2919
1764165182387896000 2920
1764165182423877376 2921
1764165182450510400 2922
1764165182484753728 2923
1764165182523048864 2924
1764165182560597696 2925
1764165182587776640 2926
1764165182621339200 2927
1764165182655650816 2928
1764165182692344512 2929
1764165182719931360 2930
1764165182757512544 2931
1764165182786853792 2932
1764165182822464288 2933
1764165182851453984 2934
1764165182886487104 2935
1764165182921716160 2936
1764165182958316896 2937
1764165182993705920 2938
1764165183039143040 2939
1764165183060253152 2940
1764165183099479968 2941
1764165183126454240 2942
1764165183164323072 2943
1764165183194959008 2944
1764165183220844416 2945
1764165183258766688 2946
1764165183288444128 2947
1764165183323738848 2948
1764165183360983744 2949
1764165183399479424 2950
1764165183432471040 2951
1764165183463026048 2952
1764165183489514464 2953
1764165183537344608 2954
1764165183559736192 2955
1764165183589132352 2956
1764165183622503872 2957
1764165183651485152 2958
1764165183686873632 2959
1764165183722152064 2960
1764165183751872544 2961
1764165183787901504 2962
1764165183821655712 2963
1764165183855657088 2964
1764165183892591424 2965
1764165183917747136 2966
1764165183959811008 2967
1764165184000848416 2968
1764165184021802784 2969
1764165184054986208 2970
1764165184087752672 2971
1764165184120718944 2972
1764165184155254048 2973
1764165184189387424 2974
1764165184216092640 2975
1764165184252784192 2976
1764165184291393472 2977
1764165184319530752 2978
1764165184354437664 2979
1764165184392641536 2980
1764165184418660512 2981
1764165184458901600 2982
1764165184488316000 2983
1764165184517435936 2984
1764165184550819264 2985
1764165184584854560 2986
1764165184622993600 2987
1764165184658453632 2988
1764165184686786368 2989
1764165184721941280 2990
1764165184754849824 2991
1764165184789144992 2992
1764165184823709088 2993
1764165184849764512 2994
1764165184885350720 2995
1764165184920605792 2996
1764165184954245824 2997
1764165184988034144 2998
1764165185023149632 2999
1764165185049441952 3000
1764165185087087328 3001
1764165185122467520 3002
1764165185160719104 3003
1764165185198115104 3004
1764165185221950336 3005
1764165185250352032 3006
1764165185286414208 3007
1764165185321462112 3008
1764165185355519552 3009
1764165185395436960 3010
1764165185430942496 3011
1764165185454336512 3012
1764165185487973408 3013
1764165185522820800 3014
1764165185550518240 3015
1764165185585649248 3016
1764165185621613152 3017
1764165185655207200 3018
1764165185687517472 3019
1764165185727867104 3020
1764165185763331712 3021
1764165185788409216 3022
1764165185822969344 3023
1764165185856546592 3024
1764165185883631072 3025
1764165185919517504 3026
1764165185955671744 3027
1764165185988258208 3028
1764165186021224896 3029
1764165186054747328 3030
1764165186088764544 3031
1764165186123084768 3032
1764165186151518112 3033
1764165186191532448 3034
1764165186219422432 3035
1764165186258449088 3036
1764165186283224224 3037
1764165186327269120 3038
1764165186355732512 3039
1764165186388179872 3040
1764165186421752320 3041
1764165186455053984 3042
1764165186490447008 3043
1764165186520403392 3044
1764165186561505760 3045
1764165186595542784 3046
1764165186642540096 3047
1764165186669977504 3048
1764165186702208320 3049
1764165186728807488 3050
1764165186781955264 3051
1764165186806137760 3052
1764165186845835936 3053
1764165186873938784 3054
1764165186899922016 3055
1764165186933392640 3056
1764165186955776864 3057
1764165186983388192 3058
1764165187017702880 3059
1764165187052966144 3060
1764165187087961568 3061
1764165187121250784 3062
1764165187163295104 3063
1764165187187874272 3064
1764165187221955360 3065
1764165187258274400 3066
1764165187294195424 3067
1764165187320703776 3068
1764165187355155840 3069
1764165187388313984 3070
1764165187421581248 3071
1764165187455949984 3072
1764165187486952736 3073
1764165187522470240 3074
1764165187556251552 3075
1764165187585228512 3076
1764165187626536544 3077
1764165187655518560 3078
1764165187686496128 3079
1764165187722462720 3080
1764165187749894080 3081
1764165187793379296 3082
1764165187823656224 3083
1764165187852269984 3084
1764165187887265632 3085
1764165187925003136 3086
1764165187950747680 3087
1764165187984609664 3088
1764165188021630080 3089
1764165188057372160 3090
1764165188094129440 3091
1764165188122466208 3092
1764165188152496032 3093
1764165188187374464 3094
1764165188227527168 3095
1764165188254039616 3096
1764165188290914112 3097
1764165188318122272 3098
1764165188353269600 3099
1764165188388057984 3100
1764165188424794912 3101
1764165188453554816 3102
1764165188483454752 3103
1764165188521336192 3104
1764165188555892832 3105
1764165188582221952 3106
1764165188616665024 3107
1764165188658013728 3108
1764165188684669728 3109
1764165188719961216 3110
1764165188756965024 3111
1764165188783429440 3112
1764165188818369568 3113
1764165188853352704 3114
1764165188891322080 3115
1764165188923635840 3116
1764165188961330592 3117
1764165188997812480 3118
1764165189025868416 3119
1764165189053947040 3120
1764165189095497120 3121
1764165189126363328 3122
1764165189154027232 3123
1764165189188285824 3124
1764165189223540288 3125
1764165189260713312 3126
1764165189290469664 3127
1764165189316797600 3128
1764165189349359040 3129
1764165189392074752 3130
1764165189431252352 3131
1764165189454893664 3132
1764165189487941312 3133
1764165189521096416 3134
1764165189558471552 3135
1764165189594113216 3136
1764165189621252288 3137
1764165189654535072 3138
1764165189694725216 3139
1764165189725822848 3140
1764165189764430656 3141
1764165189788002496 3142
1764165189822797600 3143
1764165189849544192 3144
1764165189884846400 3145
1764165189920437152 3146
1764165189959048448 3147
1764165189994339584 3148
1764165190020319008 3149
1764165190055188128 3150
1764165190091318944 3151
1764165190118477472 3152
1764165190154720512 3153
1764165190187381376 3154
1764165190223346560 3155
1764165190249342656 3156
1764165190283724224 3157
1764165190326558368 3158
1764165190354574368 3159
1764165190383975008 3160
1764165190422112736 3161
1764165190452645792 3162
1764165190487284096 3163
1764165190521327808 3164
1764165190563202272 3165
1764165190596906304 3166
1764165190626455296 3167
1764165190658924928 3168
1764165190687535712 3169
1764165190716172096 3170
1764165190751005664 3171
1764165190786851104 3172
1764165190823531936 3173
1764165190849770912 3174
1764165190886040960 3175
1764165190923650464 3176
1764165190961833728 3177
1764165190998205760 3178
1764165191026873152 3179
1764165191054328736 3180
1764165191095346208 3181
1764165191123764576 3182
1764165191152875616 3183
1764165191187010752 3184
1764165191223144672 3185
1764165191249982400 3186
1764165191287439392 3187
1764165191325510304 3188
1764165191351047328 3189
1764165191394173312 3190
1764165191422328544 3191
1764165191450307680 3192
1764165191487792352 3193
1764165191525324576 3194
1764165191550629024 3195
1764165191585912768 3196
1764165191623516032 3197
1764165191654750720 3198
1764165191687772000 3199
1764165191728000736 3200
1764165191755550592 3201
1764165191783947552 3202
1764165191818624896 3203
1764165191856228448 3204
1764165191883880704 3205
1764165191921260224 3206
1764165191955599520 3207
1764165191984622624 3208
1764165192019604544 3209
1764165192054462560 3210
1764165192087708576 3211
1764165192126910784 3212
1764165192153829696 3213
1764165192192021408 3214
1764165192216504384 3215
1764165192253611616 3216
1764165192291535072 3217
1764165192321201600 3218
1764165192353929984 3219
1764165192387621056 3220
1764165192428738432 3221
1764165192453325632 3222
1764165192497081216 3223
1764165192533075872 3224
1764165192558954528 3225
1764165192584246528 3226
1764165192619198656 3227
1764165192658736160 3228
1764165192695173696 3229
1764165192724527392 3230
1764165192753097024 3231
1764165192787518816 3232
1764165192820411520 3233
1764165192858444128 3234
1764165192883903296 3235
1764165192929294912 3236
1764165192953763712 3237
1764165192986644416 3238
1764165193021207584 3239
1764165193053685984 3240
1764165193088283040 3241
1764165193128363200 3242
1764165193164397440 3243
1764165193197802624 3244
1764165193220606080 3245
1764165193253572096 3246
1764165193288446880 3247
1764165193316182144 3248
1764165193350769664 3249
1764165193389828448 3250
1764165193416225792 3251
1764165193451326144 3252
1764165193487913472 3253
1764165193521625792 3254
1764165193557946624 3255
1764165193583674432 3256
1764165193619510400 3257
1764165193655358816 3258
1764165193694464064 3259
1764165193720064928 3260
1764165193754225440 3261
1764165193787512064 3262
1764165193820762976 3263
1764165193854840448 3264
1764165193887863424 3265
1764165193921195296 3266
1764165193955978976 3267
1764165193983658048 3268
1764165194021821696 3269
1764165194049977568 3270
1764165194084796704 3271
1764165194121630016 3272
1764165194148224992 3273
1764165194183667040 3274
1764165194220426144 3275
1764165194248978496 3276
1764165194284655264 3277
1764165194329028224 3278
1764165194364334496 3279
1764165194386801024 3280
1764165194420951488 3281
1764165194453604256 3282
1764165194487526176 3283
1764165194526235840 3284
1764165194563578816 3285
1764165194602975616 3286
1764165194623817664 3287
1764165194651016032 3288
1764165194681726336 3289
1764165194717500960 3290
1764165194753140768 3291
1764165194788120896 3292
1764165194815531616 3293
1764165194850952320 3294
1764165194886482784 3295
1764165194923798048 3296
1764165194957054400 3297
1764165194982973056 3298
1764165195016381440 3299
1764165195051133920 3300
1764165195085604800 3301
1764165195119937952 3302
1764165195166471776 3303
1764165195189867264 3304
1764165195222994944 3305
1764165195249332576 3306
1764165195283989920 3307
1764165195324469216 3308
1764165195358037728 3309
1764165195396446720 3310
1764165195437807680 3311
1764165195456711904 3312
1764165195497221568 3313
1764165195520473888 3314
1764165195553081120 3315
1764165195591475200 3316
1764165195622463264 3317
1764165195659099136 3318
1764165195689267104 3319
1764165195728727168 3320
1764165195762225568 3321
1764165195802091904 3322
1764165195822518176 3323
1764165195855522528 3324
1764165195882273248 3325
1764165195917641408 3326
1764165195952255168 3327
1764165195995204608 3328
1764165196021390592 3329
1764165196055033984 3330
1764165196084300064 3331
1764165196126452224 3332
1764165196153919488 3333
1764165196191618272 3334
1764165196216374912 3335
1764165196256263488 3336
1764165196282982688 3337
1764165196323887520 3338
1764165196357482784 3339
1764165196396451968 3340
1764165196420119264 3341
1764165196453740672 3342
1764165196486877248 3343
1764165196524925632 3344
1764165196549752352 3345
1764165196587125088 3346
1764165196621650080 3347
1764165196651270400 3348
1764165196691771360 3349
1764165196716118208 3350
1764165196750764096 3351
1764165196789327872 3352
1764165196816171872 3353
1764165196852822560 3354
1764165196887247296 3355
1764165196922844960 3356
1764165196951190752 3357
1764165196986207552 3358
1764165197020460672 3359
1764165197053931584 3360
1764165197083991456 3361
1764165197123159136 3362
1764165197157089216 3363
1764165197182255808 3364
1764165197215007488 3365
1764165197249613184 3366
1764165197285654944 3367
1764165197322823072 3368
1764165197351117760 3369
1764165197389283616 3370
1764165197417154560 3371
1764165197451887392 3372
1764165197491568384 3373
1764165197519851200 3374
1764165197553001088 3375
1764165197589362016 3376
1764165197615701120 3377
1764165197651714688 3378
1764165197696259008 3379
1764165197720608896 3380
1764165197751442080 3381
1764165197784695296 3382
1764165197819057344 3383
1764165197858803520 3384
1764165197887768224 3385
1764165197928811808 3386
1764165197954002304 3387
1764165197991524992 3388
1764165198021087872 3389
1764165198058516416 3390
1764165198085922496 3391
1764165198121107648 3392
1764165198153814176 3393
1764165198187770560 3394
1764165198223222368 3395
1764165198253507488 3396
1764165198287065056 3397
1764165198325903520 3398
1764165198352748800 3399
1764165198385051616 3400
1764165198419882880 3401
1764165198454486528 3402
1764165198486905088 3403
1764165198523018656 3404
1764165198549383552 3405
1764165198585402176 3406
1764165198623287072 3407
1764165198649040032 3408
1764165198684444640 3409
1764165198722472384 3410
1764165198751036032 3411
1764165198785290400 3412
1764165198829394784 3413
1764165198863607840 3414
1764165198887018880 3415
1764165198920452992 3416
1764165198954454912 3417
1764165198996390816 3418
1764165199020552896 3419
1764165199054224832 3420
1764165199087077664 3421
1764165199121671392 3422
1764165199162466848 3423
1764165199185700768 3424
1764165199222876992 3425
1764165199248649088 3426
1764165199289691456 3427
1764165199319534272 3428
1764165199353377408 3429
1764165199386711040 3430
1764165199424879296 3431
1764165199449504032 3432
1764165199482830944 3433
1764165199522496384 3434
1764165199554750976 3435
1764165199581674400 3436
1764165199623541216 3437
1764165199653031456 3438
1764165199690255488 3439
1764165199715148576 3440
1764165199751819424 3441
1764165199786895904 3442
1764165199823418624 3443
1764165199848887552 3444
1764165199884209248 3445
1764165199916047168 3446
1764165199956400928 3447
1764165199987343616 3448
1764165200020753056 3449
1764165200054812064 3450
1764165200082450368 3451
1764165200116860224 3452
1764165200152557408 3453
1764165200186905120 3454
1764165200220210464 3455
1764165200255527008 3456
1764165200287722272 3457
1764165200321324096 3458
1764165200359430368 3459
1764165200389389312 3460
1764165200427209248 3461
1764165200456463168 3462
1764165200484342368 3463
1764165200519919936 3464
1764165200555500960 3465
1764165200582738560 3466
1764165200619953824 3467
1764165200658740992 3468
1764165200684301696 3469
1764165200715295040 3470
1764165200754593696 3471
1764165200790518656 3472
1764165200819687552 3473
1764165200858113280 3474
1764165200883380992 3475
1764165200919349248 3476
1764165200954625920 3477
1764165200981972576 3478
1764165201024376704 3479
1764165201058082368 3480
1764165201083450400 3481
1764165201117904992 3482
1764165201151695328 3483
1764165201190604160 3484
1764165201218947232 3485
1764165201254458080 3486
1764165201282944960 3487
1764165201318448128 3488
1764165201352702176 3489
1764165201386658176 3490
1764165201420029984 3491
1764165201453700544 3492
1764165201491528384 3493
1764165201526819168 3494
1764165201552976064 3495
1764165201586757024 3496
1764165201620083456 3497
1764165201654519168 3498
1764165201687942464 3499
1764165201720765536 3500
1764165201749514912 3501
1764165201786835936 3502
1764165201823657536 3503
1764165201848769760 3504
1764165201884029888 3505
1764165201921474880 3506
1764165201959206816 3507
1764165201991181792 3508
1764165202015329280 3509
1764165202057778432 3510
1764165202083016032 3511
1764165202119166528 3512
1764165202158651040 3513
1764165202198739616 3514
1764165202226458752 3515
1764165202251943360 3516
1764165202287021152 3517
1764165202319925984 3518
1764165202357358560 3519
1764165202382280576 3520
1764165202418946816 3521
1764165202453209024 3522
1764165202490458496 3523
1764165202516975424 3524
1764165202550932128 3525
1764165202586019872 3526
1764165202619734688 3527
1764165202659520416 3528
1764165202689847520 3529
1764165202719348928 3530
1764165202752577792 3531
1764165202783573664 3532
1764165202819012448 3533
1764165202853798400 3534
1764165202886377120 3535
1764165202920385376 3536
1764165202958552288 3537
1764165202982655136 3538
1764165203019294912 3539
