48050 1275235291 1764166685855.766602 1764166685856 1764166685863
48051 1275268635 1764166685889.114502 1764166685890 1764166685897
48052 1275301979 1764166685922.462646 1764166685923 1764166685930
48053 1275335323 1764166685955.811035 1764166685956 1764166685963
48054 1275368666 1764166685989.158203 1764166685990 1764166685997
48055 1275402010 1764166686022.506592 1764166686023 1764166686030
48056 1275435354 1764166686055.854980 1764166686056 1764166686063
48057 1275468698 1764166686089.203369 1764166686090 1764166686097
48058 1275502042 1764166686122.551758 1764166686123 1764166686130
48059 1275535386 1764166686155.900391 1764166686156 1764166686163
48060 1275568730 1764166686189.248779 1764166686190 1764166686197
48061 1275602074 1764166686222.597412 1764166686223 1764166686230
48062 1275635418 1764166686255.946045 1764166686257 1764166686264
48063 1275668762 1764166686289.293945 1764166686289 1764166686297
48064 1275702106 1764166686322.641602 1764166686323 1764166686330
48065 1275735450 1764166686355.989502 1764166686357 1764166686364
48066 1275768794 1764166686389.337402 1764166686389 1764166686397
48067 1275802137 1764166686422.684326 1764166686423 1764166686430
48068 1275835481 1764166686456.032227 1764166686457 1764166686464
48069 1275868825 1764166686489.380371 1764166686489 1764166686497
48070 1275902169 1764166686522.728516 1764166686523 1764166686530
48071 1275935513 1764166686556.076660 1764166686557 1764166686564
48072 1275968857 1764166686589.424805 1764166686589 1764166686597
48073 1276002201 1764166686622.773193 1764166686623 1764166686630
48074 1276035545 1764166686656.121582 1764166686657 1764166686664
48075 1276068889 1764166686689.469971 1764166686689 1764166686697
48076 1276102233 1764166686722.818359 1764166686723 1764166686730
48077 1276135577 1764166686756.166748 1764166686757 1764166686764
48078 1276168921 1764166686789.515381 1764166686790 1764166686797
48079 1276202265 1764166686822.863770 1764166686823 1764166686830
48080 1276235608 1764166686856.211426 1764166686857 1764166686864
48081 1276268952 1764166686889.560303 1764166686890 1764166686897
48082 1276302296 1764166686922.908936 1764166686923 1764166686931
48083 1276335640 1764166686956.257812 1764166686957 1764166686964
48084 1276368984 1764166686989.606689 1764166686990 1764166686997
48085 1276402328 1764166687022.955566 1764166687023 1764166687030
48086 1276435672 1764166687056.304443 1764166687057 1764166687064
48087 1276469016 1764166687089.653564 1764166687090 1764166687097
48088 1276502360 1764166687123.002686 1764166687124 1764166687131
48089 1276535704 1764166687156.351807 1764166687157 1764166687164
48090 1276569048 1764166687189.700928 1764166687190 1764166687197
48091 1276602392 1764166687223.050049 1764166687224 1764166687231
48092 1276635736 1764166687256.399414 1764166687256 1764166687264
48093 1276669080 1764166687289.746582 1764166687290 1764166687297
48094 1276702423 1764166687323.092773 1764166687324 1764166687331
48095 1276735767 1764166687356.439941 1764166687356 1764166687364
48096 1276769111 1764166687389.787354 1764166687390 1764166687397
48097 1276802455 1764166687423.134766 1764166687424 1764166687431
48098 1276835799 1764166687456.482178 1764166687456 1764166687464
48099 1276869143 1764166687489.829590 1764166687490 1764166687497
48100 1276902487 1764166687523.177246 1764166687524 1764166687531
48101 1276935831 1764166687556.524658 1764166687556 1764166687564
48102 1276969175 1764166687589.872314 1764166687590 1764166687597
48103 1277002519 1764166687623.219971 1764166687624 1764166687631
48104 1277035863 1764166687656.567627 1764166687657 1764166687665
48105 1277069207 1764166687689.915527 1764166687690 1764166687697
48106 1277102551 1764166687723.263184 1764166687724 1764166687731
48107 1277135894 1764166687756.610107 1764166687757 1764166687764
48108 1277169238 1764166687789.958008 1764166687790 1764166687797
48109 1277202582 1764166687823.305908 1764166687824 1764166687831
48110 1277235926 1764166687856.653809 1764166687857 1764166687864
48111 1277269270 1764166687890.001709 1764166687890 1764166687897
48112 1277302614 1764166687923.349854 1764166687924 1764166687931
48113 1277335958 1764166687956.697998 1764166687957 1764166687964
48114 1277369302 1764166687990.046143 1764166687991 1764166687998
48115 1277402646 1764166688023.394287 1764166688024 1764166688031
48116 1277435990 1764166688056.742432 1764166688057 1764166688064
48117 1277469334 1764166688090.090820 1764166688091 1764166688098
48118 1277502678 1764166688123.438965 1764166688123 1764166688131
48119 1277536022 1764166688156.787354 1764166688157 1764166688164
48120 1277569365 1764166688190.134766 1764166688191 1764166688198
48121 1277602709 1764166688223.483398 1764166688223 1764166688231
48122 1277636053 1764166688256.831787 1764166688257 1764166688264
48123 1277669397 1764166688290.178955 1764166688291 1764166688298
48124 1277702741 1764166688323.526367 1764166688323 1764166688331
48125 1277736085 1764166688356.873535 1764166688357 1764166688364
48126 1277769429 1764166688390.220947 1764166688391 1764166688398
48127 1277802773 1764166688423.568359 1764166688423 1764166688431
48128 1277836117 1764166688456.915771 1764166688457 1764166688464
48129 1277869461 1764166688490.263428 1764166688491 1764166688498
48130 1277902805 1764166688523.610840 1764166688523 1764166688531
48131 1277936149 1764166688556.958496 1764166688557 1764166688564
48132 1277969493 1764166688590.305908 1764166688591 1764166688598
48133 1278002837 1764166688623.653564 1764166688624 1764166688631
48134 1278036180 1764166688657.000244 1764166688657 1764166688664
48135 1278069524 1764166688690.348145 1764166688691 1764166688698
48136 1278102868 1764166688723.695801 1764166688724 1764166688731
48137 1278136212 1764166688757.043701 1764166688757 1764166688764
48138 1278169556 1764166688790.391357 1764166688791 1764166688798
48139 1278202900 1764166688823.739258 1764166688824 1764166688831
48140 1278236244 1764166688857.087158 1764166688858 1764166688865
48141 1278269588 1764166688890.435303 1764166688891 1764166688898
48142 1278302932 1764166688923.783203 1764166688924 1764166688931
48143 1278336276 1764166688957.131348 1764166688958 1764166688965
48144 1278369620 1764166688990.479248 1764166688990 1764166688998
48145 1278402964 1764166689023.827393 1764166689024 1764166689031
48146 1278436308 1764166689057.175537 1764166689058 1764166689065
48147 1278469651 1764166689090.522705 1764166689090 1764166689098
48148 1278502995 1764166689123.871094 1764166689124 1764166689132
48149 1278536339 1764166689157.219238 1764166689158 1764166689165
48150 1278569683 1764166689190.567627 1764166689190 1764166689198
48151 1278603027 1764166689223.916016 1764166689224 1764166689231
48152 1278636371 1764166689257.264160 1764166689258 1764166689265
48153 1278669715 1764166689290.611328 1764166689290 1764166689298
48154 1278703059 1764166689323.958496 1764166689324 1764166689331
48155 1278736403 1764166689357.305664 1764166689358 1764166689365
48156 1278769747 1764166689390.653076 1764166689391 1764166689398
48157 1278803091 1764166689424.000244 1764166689424 1764166689431
48158 1278836435 1764166689457.347412 1764166689458 1764166689465
48159 1278869779 1764166689490.694824 1764166689491 1764166689498
48160 1278903122 1764166689524.041260 1764166689524 1764166689532
48161 1278936466 1764166689557.388672 1764166689557 1764166689565
48162 1278969810 1764166689590.736084 1764166689591 1764166689598
48163 1279003154 1764166689624.083496 1764166689624 1764166689631
48164 1279036498 1764166689657.430908 1764166689658 1764166689665
48165 1279069842 1764166689690.778564 1764166689691 1764166689698
48166 1279103186 1764166689724.125977 1764166689725 1764166689732
48167 1279136530 1764166689757.473633 1764166689758 1764166689765
48168 1279169874 1764166689790.821289 1764166689791 1764166689798
48169 1279203218 1764166689824.168945 1764166689824 1764166689833
48170 1279236562 1764166689857.516602 1764166689858 1764166689865
48171 1279269906 1764166689890.864258 1764166689891 1764166689898
48172 1279303250 1764166689924.211914 1764166689925 1764166689932
48173 1279336594 1764166689957.559814 1764166689957 1764166689965
48174 1279369937 1764166689990.906494 1764166689991 1764166689998
48175 1279403281 1764166690024.254395 1764166690025 1764166690032
48176 1279436625 1764166690057.602295 1764166690057 1764166690065
48177 1279469969 1764166690090.950195 1764166690091 1764166690098
48178 1279503313 1764166690124.298096 1764166690125 1764166690132
48179 1279536657 1764166690157.646240 1764166690157 1764166690165
48180 1279570001 1764166690190.994141 1764166690191 1764166690198
48181 1279603345 1764166690224.342285 1764166690225 1764166690232
48182 1279636689 1764166690257.690186 1764166690257 1764166690265
48183 1279670033 1764166690291.037109 1764166690291 1764166690298
48184 1279703377 1764166690324.383789 1764166690325 1764166690332
48185 1279736721 1764166690357.730713 1764166690357 1764166690365
48186 1279770065 1764166690391.077637 1764166690391 1764166690398
48187 1279803408 1764166690424.423340 1764166690424 1764166690433
48188 1279836752 1764166690457.770264 1764166690458 1764166690465
48189 1279870096 1764166690491.117432 1764166690492 1764166690499
48190 1279903440 1764166690524.464355 1764166690525 1764166690532
48191 1279936784 1764166690557.811279 1764166690558 1764166690565
48192 1279970128 1764166690591.158203 1764166690591 1764166690598
48193 1280003472 1764166690624.505371 1764166690625 1764166690632
48194 1280036816 1764166690657.852539 1764166690658 1764166690665
48195 1280070160 1764166690691.199463 1764166690691 1764166690699
48196 1280103504 1764166690724.546631 1764166690725 1764166690732
48197 1280136848 1764166690757.893799 1764166690758 1764166690765
48198 1280170192 1764166690791.240967 1764166690792 1764166690799
48199 1280203536 1764166690824.588135 1764166690824 1764166690832
48200 1280236879 1764166690857.934326 1764166690858 1764166690865
48201 1280270223 1764166690891.281738 1764166690892 1764166690899
48202 1280303567 1764166690924.628906 1764166690924 1764166690932
48203 1280336911 1764166690957.976318 1764166690958 1764166690965
48204 1280370255 1764166690991.323486 1764166690992 1764166690999
48205 1280403599 1764166691024.670898 1764166691024 1764166691032
48206 1280436943 1764166691058.018311 1764166691058 1764166691065
48207 1280470287 1764166691091.365723 1764166691092 1764166691099
48208 1280503631 1764166691124.713135 1764166691124 1764166691132
48209 1280536975 1764166691158.060547 1764166691158 1764166691165
48210 1280570319 1764166691191.407959 1764166691192 1764166691199
48211 1280603663 1764166691224.755615 1764166691224 1764166691232
48212 1280637007 1764166691258.103027 1764166691258 1764166691265
48213 1280670351 1764166691291.449951 1764166691292 1764166691299
48214 1280703694 1764166691324.795898 1764166691325 1764166691332
48215 1280737038 1764166691358.142822 1764166691358 1764166691365
48216 1280770382 1764166691391.489746 1764166691392 1764166691399
48217 1280803726 1764166691424.836670 1764166691425 1764166691432
48218 1280837070 1764166691458.183594 1764166691458 1764166691465
48219 1280870414 1764166691491.530762 1764166691492 1764166691499
48220 1280903758 1764166691524.877686 1764166691525 1764166691532
48221 1280937102 1764166691558.224854 1764166691558 1764166691565
48222 1280970446 1764166691591.571777 1764166691592 1764166691599
48223 1281003790 1764166691624.918945 1764166691625 1764166691632
48224 1281037134 1764166691658.266113 1764166691659 1764166691666
48225 1281070478 1764166691691.613281 1764166691692 1764166691699
48226 1281103822 1764166691724.960449 1764166691725 1764166691732
48227 1281137165 1764166691758.306641 1764166691759 1764166691766
48228 1281170509 1764166691791.653809 1764166691791 1764166691799
48229 1281203853 1764166691825.001221 1764166691825 1764166691832
48230 1281237197 1764166691858.348389 1764166691859 1764166691866
48231 1281270541 1764166691891.695801 1764166691891 1764166691899
48232 1281303885 1764166691925.042969 1764166691925 1764166691932
48233 1281337229 1764166691958.390381 1764166691959 1764166691966
48234 1281370573 1764166691991.737793 1764166691991 1764166691999
48235 1281403917 1764166692025.085205 1764166692025 1764166692032
48236 1281437261 1764166692058.432617 1764166692059 1764166692066
48237 1281470605 1764166692091.780029 1764166692091 1764166692099
48238 1281503949 1764166692125.127441 1764166692125 1764166692132
48239 1281537293 1764166692158.474854 1764166692159 1764166692166
48240 1281570636 1764166692191.821533 1764166692191 1764166692199
48241 1281603980 1764166692225.168945 1764166692225 1764166692232
48242 1281637324 1764166692258.516602 1764166692259 1764166692266
48243 1281670668 1764166692291.864502 1764166692292 1764166692299
48244 1281704012 1764166692325.212402 1764166692325 1764166692332
48245 1281737356 1764166692358.560303 1764166692359 1764166692366
48246 1281770700 1764166692391.908447 1764166692392 1764166692399
48247 1281804044 1764166692425.256592 1764166692425 1764166692432
48248 1281837388 1764166692458.604492 1764166692459 1764166692466
48249 1281870732 1764166692491.952637 1764166692492 1764166692499
48250 1281904076 1764166692525.300781 1764166692526 1764166692533
48251 1281937420 1764166692558.648926 1764166692559 1764166692566
48252 1281970764 1764166692591.997070 1764166692592 1764166692599
48253 1282004108 1764166692625.345459 1764166692626 1764166692633
48254 1282037451 1764166692658.692627 1764166692658 1764166692666
48255 1282070795 1764166692692.041016 1764166692692 1764166692699
48256 1282104139 1764166692725.389160 1764166692726 1764166692733
48257 1282137483 1764166692758.737549 1764166692758 1764166692766
48258 1282170827 1764166692792.085938 1764166692792 1764166692799
48259 1282204171 1764166692825.434326 1764166692826 1764166692833
48260 1282237515 1764166692858.782715 1764166692858 1764166692866
48261 1282270859 1764166692892.131104 1764166692892 1764166692899
48262 1282304203 1764166692925.479736 1764166692926 1764166692933
48263 1282337547 1764166692958.828125 1764166692958 1764166692966
48264 1282370891 1764166692992.176758 1764166692992 1764166692999
48265 1282404235 1764166693025.525146 1764166693026 1764166693033
48266 1282437579 1764166693058.873779 1764166693059 1764166693067
48267 1282470922 1764166693092.221436 1764166693092 1764166693099
48268 1282504266 1764166693125.570068 1764166693126 1764166693133
48269 1282537610 1764166693158.918701 1764166693159 1764166693166
48270 1282570954 1764166693192.267334 1764166693192 1764166693199
48271 1282604298 1764166693225.615967 1764166693226 1764166693233
48272 1282637642 1764166693258.964844 1764166693259 1764166693266
48273 1282670986 1764166693292.311279 1764166693292 1764166693299
48274 1282704330 1764166693325.657471 1764166693326 1764166693333
48275 1282737674 1764166693359.003906 1764166693359 1764166693368
48276 1282771018 1764166693392.350342 1764166693392 1764166693399
48277 1282804362 1764166693425.696777 1764166693426 1764166693433
48278 1282837706 1764166693459.043213 1764166693459 1764166693466
48279 1282871050 1764166693492.389893 1764166693493 1764166693500
48280 1282904393 1764166693525.735352 1764166693526 1764166693533
48281 1282937737 1764166693559.081787 1764166693559 1764166693566
48282 1282971081 1764166693592.428223 1764166693593 1764166693600
48283 1283004425 1764166693625.774902 1764166693625 1764166693633
48284 1283037769 1764166693659.121338 1764166693659 1764166693666
48285 1283071113 1764166693692.467773 1764166693693 1764166693700
48286 1283104457 1764166693725.814453 1764166693725 1764166693733
48287 1283137801 1764166693759.161133 1764166693759 1764166693766
48288 1283171145 1764166693792.507568 1764166693793 1764166693800
48289 1283204489 1764166693825.854248 1764166693825 1764166693833
48290 1283237833 1764166693859.200928 1764166693859 1764166693866
48291 1283271177 1764166693892.547607 1764166693893 1764166693900
48292 1283304521 1764166693925.894287 1764166693925 1764166693933
48293 1283337865 1764166693959.240967 1764166693959 1764166693966
48294 1283371208 1764166693992.586670 1764166693993 1764166694000
48295 1283404552 1764166694025.933350 1764166694025 1764166694033
48296 1283437896 1764166694059.280029 1764166694059 1764166694066
48297 1283471240 1764166694092.626709 1764166694092 1764166694100
48298 1283504584 1764166694125.973389 1764166694126 1764166694133
48299 1283537928 1764166694159.320312 1764166694159 1764166694166
48300 1283571272 1764166694192.666992 1764166694193 1764166694200
48301 1283604616 1764166694226.013672 1764166694226 1764166694233
48302 1283637960 1764166694259.360596 1764166694259 1764166694266
48303 1283671304 1764166694292.710693 1764166694293 1764166694300
48304 1283704648 1764166694326.060791 1764166694326 1764166694333
48305 1283737992 1764166694359.410889 1764166694360 1764166694367
48306 1283771336 1764166694392.761230 1764166694393 1764166694400
48307 1283804679 1764166694426.110352 1764166694426 1764166694433
48308 1283838023 1764166694459.460693 1764166694460 1764166694467
48309 1283871367 1764166694492.811035 1764166694492 1764166694500
48310 1283904711 1764166694526.161377 1764166694526 1764166694533
48311 1283938055 1764166694559.511719 1764166694560 1764166694567
48312 1283971399 1764166694592.862305 1764166694592 1764166694600
48313 1284004743 1764166694626.212646 1764166694626 1764166694633
48314 1284038087 1764166694659.563232 1764166694660 1764166694667
48315 1284071431 1764166694692.913818 1764166694692 1764166694700
48316 1284104775 1764166694726.264404 1764166694726 1764166694733
48317 1284138119 1764166694759.614990 1764166694760 1764166694767
48318 1284171463 1764166694792.965576 1764166694792 1764166694800
48319 1284204807 1764166694826.316406 1764166694826 1764166694833
48320 1284238150 1764166694859.666016 1764166694860 1764166694867
48321 1284271494 1764166694893.016846 1764166694892 1764166694900
48322 1284304838 1764166694926.367676 1764166694926 1764166694933
48323 1284338182 1764166694959.718506 1764166694960 1764166694967
48324 1284371526 1764166694993.069336 1764166694993 1764166695000
48325 1284404870 1764166695026.420166 1764166695026 1764166695033
48326 1284438214 1764166695059.770996 1764166695059 1764166695067
48327 1284471558 1764166695093.122070 1764166695093 1764166695100
48328 1284504902 1764166695126.473145 1764166695126 1764166695133
48329 1284538246 1764166695159.824219 1764166695160 1764166695167
48330 1284571590 1764166695193.175293 1764166695193 1764166695200
48331 1284604934 1764166695226.526367 1764166695227 1764166695234
48332 1284638278 1764166695259.877441 1764166695260 1764166695267
48333 1284671622 1764166695293.223145 1764166695293 1764166695300
48334 1284704965 1764166695326.567871 1764166695326 1764166695334
48335 1284738309 1764166695359.913574 1764166695359 1764166695367
48336 1284771653 1764166695393.259277 1764166695393 1764166695400
48337 1284804997 1764166695426.604980 1764166695427 1764166695434
48338 1284838341 1764166695459.950684 1764166695459 1764166695467
48339 1284871685 1764166695493.296387 1764166695493 1764166695500
48340 1284905029 1764166695526.642090 1764166695527 1764166695534
48341 1284938373 1764166695559.987793 1764166695559 1764166695567
48342 1284971717 1764166695593.333496 1764166695593 1764166695600
48343 1285005061 1764166695626.679199 1764166695627 1764166695634
48344 1285038405 1764166695660.024902 1764166695659 1764166695667
48345 1285071749 1764166695693.370850 1764166695693 1764166695700
48346 1285105093 1764166695726.716553 1764166695727 1764166695734
48347 1285138436 1764166695760.061279 1764166695759 1764166695767
48348 1285171780 1764166695793.406982 1764166695794 1764166695802
48349 1285205124 1764166695826.752686 1764166695827 1764166695834
48350 1285238468 1764166695860.098389 1764166695859 1764166695867
48351 1285271812 1764166695893.444336 1764166695893 1764166695900
48352 1285305156 1764166695926.790039 1764166695927 1764166695934
48353 1285338500 1764166695960.135742 1764166695960 1764166695967
48354 1285371844 1764166695993.481445 1764166695994 1764166696001
48355 1285405188 1764166696026.827148 1764166696027 1764166696034
48356 1285438532 1764166696060.173096 1764166696060 1764166696067
48357 1285471876 1764166696093.518799 1764166696093 1764166696100
48358 1285505220 1764166696126.864502 1764166696127 1764166696134
48359 1285538564 1764166696160.210449 1764166696160 1764166696167
48360 1285571907 1764166696193.555176 1764166696194 1764166696201
48361 1285605251 1764166696226.900879 1764166696226 1764166696234
48362 1285638595 1764166696260.246826 1764166696260 1764166696267
48363 1285671939 1764166696293.591309 1764166696294 1764166696301
48364 1285705283 1764166696326.936035 1764166696327 1764166696334
48365 1285738627 1764166696360.280518 1764166696360 1764166696367
48366 1285771971 1764166696393.625244 1764166696394 1764166696401
48367 1285805315 1764166696426.969971 1764166696427 1764166696434
48368 1285838659 1764166696460.314453 1764166696460 1764166696467
48369 1285872003 1764166696493.659180 1764166696494 1764166696501
48370 1285905347 1764166696527.003662 1764166696526 1764166696534
48371 1285938691 1764166696560.348389 1764166696560 1764166696568
48372 1285972035 1764166696593.692871 1764166696594 1764166696601
48373 1286005379 1764166696627.037354 1764166696627 1764166696635
48374 1286038722 1764166696660.381104 1764166696660 1764166696667
48375 1286072066 1764166696693.725586 1764166696693 1764166696702
48376 1286105410 1764166696727.070068 1764166696726 1764166696734
48377 1286138754 1764166696760.414551 1764166696760 1764166696767
48378 1286172098 1764166696793.759277 1764166696794 1764166696801
48379 1286205442 1764166696827.103760 1764166696826 1764166696834
48380 1286238786 1764166696860.448242 1764166696860 1764166696867
48381 1286272130 1764166696893.792725 1764166696894 1764166696901
48382 1286305474 1764166696927.137207 1764166696926 1764166696934
48383 1286338818 1764166696960.481689 1764166696960 1764166696967
48384 1286372162 1764166696993.826172 1764166696994 1764166697001
48385 1286405506 1764166697027.170654 1764166697026 1764166697034
48386 1286438850 1764166697060.515137 1764166697060 1764166697067
48387 1286472193 1764166697093.858643 1764166697094 1764166697101
48388 1286505537 1764166697127.203125 1764166697126 1764166697134
48389 1286538881 1764166697160.547363 1764166697160 1764166697167
48390 1286572225 1764166697193.891846 1764166697194 1764166697201
48391 1286605569 1764166697227.236328 1764166697226 1764166697234
48392 1286638913 1764166697260.580811 1764166697260 1764166697267
48393 1286672257 1764166697293.924561 1764166697294 1764166697301
48394 1286705601 1764166697327.268555 1764166697327 1764166697334
48395 1286738945 1764166697360.612305 1764166697360 1764166697367
48396 1286772289 1764166697393.956055 1764166697394 1764166697401
48397 1286805633 1764166697427.300049 1764166697427 1764166697434
48398 1286838977 1764166697460.643799 1764166697460 1764166697467
48399 1286872321 1764166697493.987549 1764166697494 1764166697501
48400 1286905664 1764166697527.330322 1764166697527 1764166697536
48401 1286939008 1764166697560.674072 1764166697560 1764166697567
48402 1286972352 1764166697594.017822 1764166697593 1764166697601
48403 1287005696 1764166697627.361572 1764166697627 1764166697634
48404 1287039040 1764166697660.705322 1764166697660 1764166697667
48405 1287072384 1764166697694.049072 1764166697694 1764166697701
48406 1287105728 1764166697727.392578 1764166697727 1764166697734
48407 1287139072 1764166697760.736328 1764166697760 1764166697767
48408 1287172416 1764166697794.080078 1764166697794 1764166697801
48409 1287205760 1764166697827.423584 1764166697827 1764166697834
48410 1287239104 1764166697860.767334 1764166697861 1764166697868
48411 1287272448 1764166697894.110840 1764166697893 1764166697901
48412 1287305792 1764166697927.454590 1764166697927 1764166697934
48413 1287339136 1764166697960.798096 1764166697961 1764166697968
48414 1287372479 1764166697994.140869 1764166697993 1764166698001
48415 1287405823 1764166698027.484375 1764166698027 1764166698034
48416 1287439167 1764166698060.827881 1764166698061 1764166698068
48417 1287472511 1764166698094.171387 1764166698093 1764166698101
48418 1287505855 1764166698127.515137 1764166698127 1764166698134
48419 1287539199 1764166698160.858643 1764166698161 1764166698168
48420 1287572543 1764166698194.202148 1764166698193 1764166698201
48421 1287605887 1764166698227.545654 1764166698227 1764166698234
48422 1287639231 1764166698260.889160 1764166698261 1764166698268
48423 1287672575 1764166698294.231689 1764166698293 1764166698301
48424 1287705919 1764166698327.574219 1764166698327 1764166698334
48425 1287739263 1764166698360.916748 1764166698361 1764166698368
48426 1287772607 1764166698394.259277 1764166698393 1764166698401
48427 1287805950 1764166698427.600586 1764166698427 1764166698434
48428 1287839294 1764166698460.943115 1764166698461 1764166698468
48429 1287872638 1764166698494.285645 1764166698493 1764166698501
48430 1287905982 1764166698527.627930 1764166698527 1764166698534
48431 1287939326 1764166698560.970459 1764166698561 1764166698568
48432 1287972670 1764166698594.312744 1764166698593 1764166698601
48433 1288006014 1764166698627.655029 1764166698627 1764166698634
48434 1288039358 1764166698660.997314 1764166698661 1764166698668
48435 1288072702 1764166698694.339844 1764166698693 1764166698701
48436 1288106046 1764166698727.682129 1764166698727 1764166698734
48437 1288139390 1764166698761.024170 1764166698760 1764166698768
48438 1288172734 1764166698794.366455 1764166698794 1764166698801
48439 1288206078 1764166698827.708740 1764166698827 1764166698834
48440 1288239421 1764166698861.050049 1764166698861 1764166698868
48441 1288272765 1764166698894.392090 1764166698894 1764166698901
48442 1288306109 1764166698927.734375 1764166698927 1764166698934
48443 1288339453 1764166698961.076416 1764166698960 1764166698969
48444 1288372797 1764166698994.418457 1764166698994 1764166699002
48445 1288406141 1764166699027.760742 1764166699027 1764166699034
48446 1288439485 1764166699061.102783 1764166699061 1764166699068
48447 1288472829 1764166699094.444824 1764166699094 1764166699101
48448 1288506173 1764166699127.786865 1764166699128 1764166699135
48449 1288539517 1764166699161.128906 1764166699160 1764166699168
48450 1288572861 1764166699194.470947 1764166699194 1764166699201
48451 1288606205 1764166699227.812744 1764166699227 1764166699235
48452 1288639549 1764166699261.154785 1764166699261 1764166699268
48453 1288672893 1764166699294.496826 1764166699294 1764166699301
48454 1288706236 1764166699327.837891 1764166699328 1764166699335
48455 1288739580 1764166699361.179932 1764166699361 1764166699368
48456 1288772924 1764166699394.521973 1764166699394 1764166699401
48457 1288806268 1764166699427.863770 1764166699428 1764166699435
48458 1288839612 1764166699461.205811 1764166699460 1764166699468
48459 1288872956 1764166699494.547607 1764166699494 1764166699501
48460 1288906300 1764166699527.889648 1764166699528 1764166699535
48461 1288939644 1764166699561.231445 1764166699560 1764166699568
48462 1288972988 1764166699594.573242 1764166699594 1764166699601
48463 1289006332 1764166699627.915039 1764166699628 1764166699635
48464 1289039676 1764166699661.256836 1764166699660 1764166699668
48465 1289073020 1764166699694.598633 1764166699694 1764166699701
48466 1289106364 1764166699727.940430 1764166699728 1764166699735
48467 1289139707 1764166699761.281250 1764166699760 1764166699768
48468 1289173051 1764166699794.622803 1764166699794 1764166699801
48469 1289206395 1764166699827.964600 1764166699828 1764166699835
48470 1289239739 1764166699861.306152 1764166699860 1764166699868
48471 1289273083 1764166699894.647949 1764166699894 1764166699901
48472 1289306427 1764166699927.989502 1764166699928 1764166699935
48473 1289339771 1764166699961.331055 1764166699960 1764166699968
48474 1289373115 1764166699994.672607 1764166699995 1764166700002
48475 1289406459 1764166700028.014160 1764166700028 1764166700035
48476 1289439803 1764166700061.355713 1764166700060 1764166700068
48477 1289473147 1764166700094.697266 1764166700094 1764166700101
48478 1289506491 1764166700128.038818 1764166700128 1764166700135
48479 1289539835 1764166700161.380127 1764166700160 1764166700168
48480 1289573178 1764166700194.720703 1764166700194 1764166700201
48481 1289606522 1764166700228.062012 1764166700228 1764166700235
48482 1289639866 1764166700261.403564 1764166700261 1764166700268
48483 1289673210 1764166700294.744873 1764166700294 1764166700301
48484 1289706554 1764166700328.085938 1764166700328 1764166700335
48485 1289739898 1764166700361.427246 1764166700361 1764166700368
48486 1289773242 1764166700394.768555 1764166700394 1764166700401
48487 1289806586 1764166700428.109619 1764166700428 1764166700435
48488 1289839930 1764166700461.450928 1764166700461 1764166700468
48489 1289873274 1764166700494.791992 1764166700494 1764166700504
48490 1289906618 1764166700528.133057 1764166700528 1764166700535
48491 1289939962 1764166700561.474121 1764166700561 1764166700568
48492 1289973306 1764166700594.815186 1764166700595 1764166700602
48493 1290006650 1764166700628.156250 1764166700628 1764166700635
48494 1290039993 1764166700661.496094 1764166700661 1764166700668
48495 1290073337 1764166700694.837158 1764166700694 1764166700702
48496 1290106681 1764166700728.177979 1764166700728 1764166700735
48497 1290140025 1764166700761.519043 1764166700761 1764166700768
48498 1290173369 1764166700794.859863 1764166700795 1764166700802
48499 1290206713 1764166700828.200684 1764166700827 1764166700835
48500 1290240057 1764166700861.541504 1764166700861 1764166700868
48501 1290273401 1764166700894.882324 1764166700895 1764166700902
48502 1290306745 1764166700928.223145 1764166700928 1764166700935
48503 1290340089 1764166700961.563965 1764166700961 1764166700968
48504 1290373433 1764166700994.904541 1764166700995 1764166701002
48505 1290406777 1764166701028.245361 1764166701027 1764166701035
48506 1290440121 1764166701061.585938 1764166701061 1764166701068
48507 1290473464 1764166701094.925537 1764166701095 1764166701102
48508 1290506808 1764166701128.266113 1764166701127 1764166701135
48509 1290540152 1764166701161.606689 1764166701161 1764166701168
48510 1290573496 1764166701194.947266 1764166701195 1764166701202
48511 1290606840 1764166701228.287842 1764166701227 1764166701235
48512 1290640184 1764166701261.628418 1764166701261 1764166701268
48513 1290673528 1764166701294.968994 1764166701295 1764166701302
48514 1290706872 1764166701328.309570 1764166701327 1764166701336
48515 1290740216 1764166701361.650146 1764166701361 1764166701368
48516 1290773560 1764166701394.990723 1764166701395 1764166701402
48517 1290806904 1764166701428.331299 1764166701427 1764166701435
48518 1290840248 1764166701461.671875 1764166701461 1764166701468
48519 1290873592 1764166701495.012207 1764166701495 1764166701502
48520 1290906935 1764166701528.351807 1764166701527 1764166701535
48521 1290940279 1764166701561.692139 1764166701561 1764166701568
48522 1290973623 1764166701595.032471 1764166701595 1764166701602
48523 1291006967 1764166701628.372803 1764166701627 1764166701635
48524 1291040311 1764166701661.713135 1764166701661 1764166701668
48525 1291073655 1764166701695.053467 1764166701695 1764166701702
48526 1291106999 1764166701728.393799 1764166701728 1764166701735
48527 1291140343 1764166701761.734131 1764166701761 1764166701768
48528 1291173687 1764166701795.074219 1764166701794 1764166701802
48529 1291207031 1764166701828.414551 1764166701828 1764166701835
48530 1291240375 1764166701861.754639 1764166701861 1764166701868
48531 1291273719 1764166701895.094727 1764166701895 1764166701902
48532 1291307063 1764166701928.434814 1764166701928 1764166701935
48533 1291340407 1764166701961.774902 1764166701961 1764166701968
48534 1291373750 1764166701995.114014 1764166701995 1764166702002
48535 1291407094 1764166702028.453857 1764166702028 1764166702035
48536 1291440438 1764166702061.793945 1764166702061 1764166702068
48537 1291473782 1764166702095.133789 1764166702095 1764166702102
48538 1291507126 1764166702128.473877 1764166702128 1764166702135
48539 1291540470 1764166702161.813721 1764166702162 1764166702169
48540 1291573814 1764166702195.153564 1764166702195 1764166702202
48541 1291607158 1764166702228.493408 1764166702228 1764166702235
48542 1291640502 1764166702261.833252 1764166702262 1764166702269
48543 1291673846 1764166702295.177246 1764166702295 1764166702302
48544 1291707190 1764166702328.524170 1764166702328 1764166702335
48545 1291740534 1764166702361.870850 1764166702362 1764166702369
48546 1291773878 1764166702395.217529 1764166702395 1764166702402
48547 1291807221 1764166702428.563477 1764166702428 1764166702435
48548 1291840565 1764166702461.910156 1764166702462 1764166702469
48549 1291873909 1764166702495.257080 1764166702494 1764166702502
48550 1291907253 1764166702528.603760 1764166702528 1764166702535
48551 1291940597 1764166702561.950684 1764166702562 1764166702569
48552 1291973941 1764166702595.297607 1764166702594 1764166702602
48553 1292007285 1764166702628.644531 1764166702628 1764166702635
48554 1292040629 1764166702661.991211 1764166702662 1764166702669
48555 1292073973 1764166702695.338135 1764166702694 1764166702702
48556 1292107317 1764166702728.685059 1764166702728 1764166702735
48557 1292140661 1764166702762.031982 1764166702762 1764166702769
48558 1292174005 1764166702795.378906 1764166702794 1764166702802
48559 1292207349 1764166702828.725830 1764166702828 1764166702835
48560 1292240692 1764166702862.071777 1764166702862 1764166702869
48561 1292274036 1764166702895.418701 1764166702894 1764166702902
48562 1292307380 1764166702928.765625 1764166702928 1764166702935
48563 1292340724 1764166702962.112793 1764166702962 1764166702969
48564 1292374068 1764166702995.459717 1764166702994 1764166703002
48565 1292407412 1764166703028.806641 1764166703028 1764166703035
48566 1292440756 1764166703062.153809 1764166703061 1764166703069
48567 1292474100 1764166703095.500732 1764166703094 1764166703102
48568 1292507444 1764166703128.847656 1764166703128 1764166703135
48569 1292540788 1764166703162.194824 1764166703162 1764166703169
48570 1292574132 1764166703195.541992 1764166703195 1764166703202
48571 1292607476 1764166703228.888916 1764166703228 1764166703236
48572 1292640820 1764166703262.236084 1764166703262 1764166703269
48573 1292674164 1764166703295.583252 1764166703295 1764166703302
48574 1292707507 1764166703328.923584 1764166703328 1764166703335
48575 1292740851 1764166703362.265137 1764166703362 1764166703369
48576 1292774195 1764166703395.606689 1764166703395 1764166703402
48577 1292807539 1764166703428.948242 1764166703428 1764166703435
48578 1292840883 1764166703462.289551 1764166703462 1764166703469
48579 1292874227 1764166703495.630859 1764166703495 1764166703503
48580 1292907571 1764166703528.972412 1764166703528 1764166703535
48581 1292940915 1764166703562.313721 1764166703562 1764166703569
48582 1292974259 1764166703595.655029 1764166703595 1764166703602
48583 1293007603 1764166703628.996338 1764166703628 1764166703636
48584 1293040947 1764166703662.337646 1764166703662 1764166703669
48585 1293074291 1764166703695.678955 1764166703695 1764166703702
48586 1293107635 1764166703729.020264 1764166703729 1764166703736
48587 1293140978 1764166703762.360352 1764166703762 1764166703770
48588 1293174322 1764166703795.701660 1764166703795 1764166703802
48589 1293207666 1764166703829.042725 1764166703829 1764166703836
48590 1293241010 1764166703862.384033 1764166703861 1764166703869
48591 1293274354 1764166703895.725098 1764166703895 1764166703902
48592 1293307698 1764166703929.066162 1764166703928 1764166703936
48593 1293341042 1764166703962.407227 1764166703961 1764166703969
48594 1293374386 1764166703995.748291 1764166703995 1764166704002
48595 1293407730 1764166704029.089355 1764166704029 1764166704036
48596 1293441074 1764166704062.430420 1764166704061 1764166704070
48597 1293474418 1764166704095.771240 1764166704095 1764166704102
48598 1293507762 1764166704129.112305 1764166704129 1764166704136
48599 1293541106 1764166704162.453125 1764166704161 1764166704169
48600 1293574449 1764166704195.793213 1764166704195 1764166704202
48601 1293607793 1764166704229.134033 1764166704229 1764166704236
48602 1293641137 1764166704262.474854 1764166704261 1764166704269
48603 1293674481 1764166704295.815918 1764166704295 1764166704302
48604 1293707825 1764166704329.166748 1764166704329 1764166704336
48605 1293741169 1764166704362.517822 1764166704361 1764166704369
48606 1293774513 1764166704395.868896 1764166704395 1764166704402
48607 1293807857 1764166704429.219971 1764166704429 1764166704436
48608 1293841201 1764166704462.571045 1764166704461 1764166704469
48609 1293874545 1764166704495.922119 1764166704495 1764166704502
48610 1293907889 1764166704529.273438 1764166704529 1764166704536
48611 1293941233 1764166704562.624756 1764166704561 1764166704569
48612 1293974577 1764166704595.975830 1764166704595 1764166704602
48613 1294007921 1764166704629.327148 1764166704629 1764166704636
48614 1294041264 1764166704662.677734 1764166704661 1764166704669
48615 1294074608 1764166704696.029053 1764166704695 1764166704702
48616 1294107952 1764166704729.380371 1764166704728 1764166704736
48617 1294141296 1764166704762.731934 1764166704762 1764166704769
48618 1294174640 1764166704796.083496 1764166704795 1764166704802
48619 1294207984 1764166704829.435059 1764166704829 1764166704836
48620 1294241328 1764166704862.786621 1764166704862 1764166704869
48621 1294274672 1764166704896.138184 1764166704895 1764166704902
48622 1294308016 1764166704929.489990 1764166704928 1764166704936
48623 1294341360 1764166704962.841553 1764166704963 1764166704970
48624 1294374704 1764166704996.193359 1764166704995 1764166705002
48625 1294408048 1764166705029.545166 1764166705029 1764166705036
48626 1294441392 1764166705062.896973 1764166705062 1764166705069
48627 1294474735 1764166705096.247803 1764166705095 1764166705102
48628 1294508079 1764166705129.599609 1764166705129 1764166705136
48629 1294541423 1764166705162.951660 1764166705162 1764166705169
48630 1294574767 1764166705196.303711 1764166705195 1764166705202
48631 1294608111 1764166705229.655518 1764166705228 1764166705236
48632 1294641455 1764166705263.007568 1764166705262 1764166705269
48633 1294674799 1764166705296.359619 1764166705296 1764166705303
48634 1294708143 1764166705329.696777 1764166705328 1764166705336
48635 1294741487 1764166705363.033691 1764166705362 1764166705369
48636 1294774831 1764166705396.370361 1764166705396 1764166705403
48637 1294808175 1764166705429.707275 1764166705428 1764166705436
48638 1294841519 1764166705463.043945 1764166705462 1764166705469
48639 1294874863 1764166705496.380615 1764166705496 1764166705503
48640 1294908206 1764166705529.716309 1764166705528 1764166705536
48641 1294941550 1764166705563.052979 1764166705562 1764166705569
48642 1294974894 1764166705596.389404 1764166705596 1764166705603
48643 1295008238 1764166705629.726074 1764166705628 1764166705637
48644 1295041582 1764166705663.062500 1764166705662 1764166705669
48645 1295074926 1764166705696.398926 1764166705695 1764166705703
48646 1295108270 1764166705729.735107 1764166705728 1764166705736
48647 1295141614 1764166705763.071533 1764166705762 1764166705769
48648 1295174958 1764166705796.407715 1764166705796 1764166705803
48649 1295208302 1764166705829.743896 1764166705828 1764166705836
48650 1295241646 1764166705863.080078 1764166705862 1764166705869
48651 1295274990 1764166705896.416016 1764166705896 1764166705903
48652 1295308334 1764166705929.752197 1764166705928 1764166705936
48653 1295341678 1764166705963.088135 1764166705962 1764166705969
48654 1295375021 1764166705996.423096 1764166705996 1764166706003
48655 1295408365 1764166706029.758789 1764166706028 1764166706036
48656 1295441709 1764166706063.094727 1764166706063 1764166706070
48657 1295475053 1764166706096.430420 1764166706096 1764166706103
48658 1295508397 1764166706129.766113 1764166706128 1764166706136
48659 1295541741 1764166706163.101807 1764166706162 1764166706169
48660 1295575085 1764166706196.437500 1764166706196 1764166706203
48661 1295608429 1764166706229.772949 1764166706228 1764166706236
48662 1295641773 1764166706263.108643 1764166706262 1764166706269
48663 1295675117 1764166706296.444092 1764166706296 1764166706303
48664 1295708461 1764166706329.781006 1764166706328 1764166706336
48665 1295741805 1764166706363.117920 1764166706362 1764166706369
48666 1295775149 1764166706396.454590 1764166706396 1764166706403
48667 1295808492 1764166706429.790527 1764166706428 1764166706436
48668 1295841836 1764166706463.127197 1764166706462 1764166706469
48669 1295875180 1764166706496.463867 1764166706496 1764166706503
48670 1295908524 1764166706529.800537 1764166706529 1764166706536
48671 1295941868 1764166706563.137207 1764166706562 1764166706569
48672 1295975212 1764166706596.473633 1764166706595 1764166706603
48673 1296008556 1764166706629.810059 1764166706629 1764166706636
48674 1296041900 1764166706663.146484 1764166706663 1764166706670
48675 1296075244 1764166706696.482910 1764166706695 1764166706703
48676 1296108588 1764166706729.819336 1764166706729 1764166706736
48677 1296141932 1764166706763.155518 1764166706762 1764166706769
48678 1296175276 1764166706796.491699 1764166706796 1764166706803
48679 1296208620 1764166706829.827881 1764166706829 1764166706836
48680 1296241963 1764166706863.163086 1764166706863 1764166706870
48681 1296275307 1764166706896.499268 1764166706896 1764166706903
48682 1296308651 1764166706929.835205 1764166706929 1764166706936
48683 1296341995 1764166706963.171143 1764166706962 1764166706969
48684 1296375339 1764166706996.507080 1764166706996 1764166707003
48685 1296408683 1764166707029.843018 1764166707029 1764166707036
48686 1296442027 1764166707063.178711 1764166707062 1764166707069
48687 1296475371 1764166707096.514648 1764166707096 1764166707103
48688 1296508715 1764166707129.850342 1764166707129 1764166707136
48689 1296542059 1764166707163.186035 1764166707162 1764166707169
48690 1296575403 1764166707196.521729 1764166707196 1764166707203
48691 1296608747 1764166707229.857178 1764166707229 1764166707236
48692 1296642091 1764166707263.192627 1764166707262 1764166707270
48693 1296675435 1764166707296.528320 1764166707296 1764166707303
48694 1296708778 1764166707329.862793 1764166707329 1764166707336
48695 1296742122 1764166707363.198486 1764166707362 1764166707370
48696 1296775466 1764166707396.533936 1764166707395 1764166707403
48697 1296808810 1764166707429.869385 1764166707429 1764166707436
48698 1296842154 1764166707463.204590 1764166707462 1764166707469
48699 1296875498 1764166707496.540039 1764166707496 1764166707503
48700 1296908842 1764166707529.875244 1764166707529 1764166707536
48701 1296942186 1764166707563.210449 1764166707562 1764166707570
48702 1296975530 1764166707596.545654 1764166707596 1764166707603
48703 1297008874 1764166707629.880615 1764166707629 1764166707636
48704 1297042218 1764166707663.215820 1764166707662 1764166707669
48705 1297075562 1764166707696.550781 1764166707696 1764166707703
48706 1297108906 1764166707729.885742 1764166707729 1764166707736
48707 1297142249 1764166707763.219482 1764166707763 1764166707770
48708 1297175593 1764166707796.554443 1764166707796 1764166707803
48709 1297208937 1764166707829.889160 1764166707829 1764166707836
48710 1297242281 1764166707863.223877 1764166707863 1764166707871
48711 1297275625 1764166707896.558594 1764166707896 1764166707903
48712 1297308969 1764166707929.893066 1764166707929 1764166707936
48713 1297342313 1764166707963.227539 1764166707963 1764166707970
48714 1297375657 1764166707996.562012 1764166707996 1764166708003
48715 1297409001 1764166708029.896484 1764166708030 1764166708037
48716 1297442345 1764166708063.230957 1764166708062 1764166708070
48717 1297475689 1764166708096.565186 1764166708096 1764166708103
48718 1297509033 1764166708129.899414 1764166708129 1764166708136
48719 1297542377 1764166708163.233643 1764166708163 1764166708170
48720 1297575720 1764166708196.566895 1764166708195 1764166708203
48721 1297609064 1764166708229.900879 1764166708229 1764166708236
48722 1297642408 1764166708263.235107 1764166708263 1764166708270
48723 1297675752 1764166708296.569092 1764166708296 1764166708303
48724 1297709096 1764166708329.904297 1764166708329 1764166708336
48725 1297742440 1764166708363.239746 1764166708363 1764166708370
48726 1297775784 1764166708396.574951 1764166708395 1764166708403
48727 1297809128 1764166708429.910156 1764166708429 1764166708436
48728 1297842472 1764166708463.245361 1764166708463 1764166708470
48729 1297875816 1764166708496.580322 1764166708495 1764166708503
48730 1297909160 1764166708529.915283 1764166708529 1764166708536
48731 1297942504 1764166708563.250488 1764166708563 1764166708570
48732 1297975848 1764166708596.585449 1764166708595 1764166708603
48733 1298009192 1764166708629.920166 1764166708629 1764166708636
48734 1298042535 1764166708663.254150 1764166708663 1764166708670
48735 1298075879 1764166708696.588867 1764166708695 1764166708703
48736 1298109223 1764166708729.923584 1764166708729 1764166708736
48737 1298142567 1764166708763.258301 1764166708762 1764166708772
48738 1298175911 1764166708796.593018 1764166708795 1764166708803
48739 1298209255 1764166708829.927490 1764166708829 1764166708836
48740 1298242599 1764166708863.261963 1764166708863 1764166708870
48741 1298275943 1764166708896.596436 1764166708895 1764166708903
48742 1298309287 1764166708929.930908 1764166708929 1764166708938
48743 1298342631 1764166708963.265381 1764166708963 1764166708970
48744 1298375975 1764166708996.599609 1764166708995 1764166709003
48745 1298409319 1764166709029.934082 1764166709029 1764166709036
48746 1298442663 1764166709063.268311 1764166709063 1764166709070
48747 1298476006 1764166709096.601562 1764166709095 1764166709103
48748 1298509350 1764166709129.935547 1764166709129 1764166709136
48749 1298542694 1764166709163.269775 1764166709162 1764166709170
48750 1298576038 1764166709196.603760 1764166709195 1764166709203
48751 1298609382 1764166709229.937744 1764166709229 1764166709236
48752 1298642726 1764166709263.271729 1764166709263 1764166709270
48753 1298676070 1764166709296.605713 1764166709295 1764166709303
48754 1298709414 1764166709329.941162 1764166709329 1764166709336
48755 1298742758 1764166709363.276611 1764166709363 1764166709370
48756 1298776102 1764166709396.612061 1764166709395 1764166709403
48757 1298809446 1764166709429.947510 1764166709429 1764166709438
48758 1298842790 1764166709463.282715 1764166709463 1764166709470
48759 1298876134 1764166709496.617920 1764166709495 1764166709503
48760 1298909477 1764166709529.952148 1764166709529 1764166709536
48761 1298942821 1764166709563.287354 1764166709563 1764166709570
48762 1298976165 1764166709596.622559 1764166709595 1764166709603
48763 1299009509 1764166709629.957520 1764166709629 1764166709636
48764 1299042853 1764166709663.292725 1764166709663 1764166709670
48765 1299076197 1764166709696.627686 1764166709695 1764166709703
48766 1299109541 1764166709729.962402 1764166709729 1764166709736
48767 1299142885 1764166709763.297363 1764166709762 1764166709770
48768 1299176229 1764166709796.632324 1764166709795 1764166709803
48769 1299209573 1764166709829.967041 1764166709829 1764166709836
48770 1299242917 1764166709863.301758 1764166709862 1764166709870
48771 1299276261 1764166709896.636475 1764166709895 1764166709903
48772 1299309605 1764166709929.970947 1764166709929 1764166709936
48773 1299342949 1764166709963.305664 1764166709963 1764166709970
48774 1299376292 1764166709996.639160 1764166709995 1764166710003
48775 1299409636 1764166710029.973633 1764166710029 1764166710036
48776 1299442980 1764166710063.308105 1764166710063 1764166710070
48777 1299476324 1764166710096.642334 1764166710095 1764166710103
48778 1299509668 1764166710129.976807 1764166710129 1764166710136
48779 1299543012 1764166710163.311035 1764166710163 1764166710170
48780 1299576356 1764166710196.645264 1764166710195 1764166710203
48781 1299609700 1764166710229.979492 1764166710229 1764166710236
48782 1299643044 1764166710263.313477 1764166710263 1764166710270
48783 1299676388 1764166710296.647705 1764166710295 1764166710303
48784 1299709732 1764166710329.983154 1764166710329 1764166710336
48785 1299743076 1764166710363.318604 1764166710363 1764166710370
48786 1299776420 1764166710396.653809 1764166710396 1764166710403
48787 1299809763 1764166710429.988281 1764166710429 1764166710436
48788 1299843107 1764166710463.323486 1764166710463 1764166710470
48789 1299876451 1764166710496.658936 1764166710495 1764166710503
48790 1299909795 1764166710529.994141 1764166710529 1764166710536
48791 1299943139 1764166710563.329346 1764166710563 1764166710570
48792 1299976483 1764166710596.664551 1764166710595 1764166710603
48793 1300009827 1764166710629.999756 1764166710629 1764166710636
48794 1300043171 1764166710663.334961 1764166710663 1764166710670
48795 1300076515 1764166710696.669922 1764166710696 1764166710703
48796 1300109859 1764166710730.005127 1764166710729 1764166710736
48797 1300143203 1764166710763.340088 1764166710763 1764166710770
48798 1300176547 1764166710796.675049 1764166710796 1764166710803
48799 1300209891 1764166710830.010010 1764166710829 1764166710836
48800 1300243234 1764166710863.343994 1764166710862 1764166710870
48801 1300276578 1764166710896.678955 1764166710897 1764166710904
48802 1300309922 1764166710930.013916 1764166710930 1764166710937
48803 1300343266 1764166710963.348633 1764166710963 1764166710970
48804 1300376610 1764166710996.683594 1764166710996 1764166711003
48805 1300409954 1764166711030.018311 1764166711029 1764166711036
48806 1300443298 1764166711063.353027 1764166711063 1764166711070
48807 1300476642 1764166711096.687744 1764166711096 1764166711103
48808 1300509986 1764166711130.022461 1764166711129 1764166711136
48809 1300543330 1764166711163.357178 1764166711163 1764166711170
48810 1300576674 1764166711196.691650 1764166711196 1764166711203
48811 1300610018 1764166711230.026367 1764166711229 1764166711236
48812 1300643362 1764166711263.360840 1764166711263 1764166711270
48813 1300676706 1764166711296.695557 1764166711296 1764166711303
48814 1300710049 1764166711330.028564 1764166711330 1764166711337
48815 1300743393 1764166711363.362549 1764166711362 1764166711370
48816 1300776737 1764166711396.696533 1764166711396 1764166711403
48817 1300810081 1764166711430.030518 1764166711430 1764166711437
48818 1300843425 1764166711463.364258 1764166711463 1764166711470
48819 1300876769 1764166711496.698242 1764166711496 1764166711503
48820 1300910113 1764166711530.031982 1764166711530 1764166711537
48821 1300943457 1764166711563.365723 1764166711562 1764166711570
48822 1300976801 1764166711596.699463 1764166711596 1764166711603
48823 1301010145 1764166711630.032959 1764166711630 1764166711637
48824 1301043489 1764166711663.366699 1764166711662 1764166711670
48825 1301076833 1764166711696.700195 1764166711696 1764166711703
48826 1301110177 1764166711730.033691 1764166711730 1764166711737
48827 1301143520 1764166711763.365967 1764166711762 1764166711770
48828 1301176864 1764166711796.699463 1764166711796 1764166711803
48829 1301210208 1764166711830.032715 1764166711830 1764166711837
48830 1301243552 1764166711863.365967 1764166711862 1764166711870
48831 1301276896 1764166711896.699219 1764166711896 1764166711903
48832 1301310240 1764166711930.032471 1764166711930 1764166711937
48833 1301343584 1764166711963.365723 1764166711962 1764166711972
48834 1301376928 1764166711996.698730 1764166711996 1764166712003
48835 1301410272 1764166712030.031738 1764166712030 1764166712037
48836 1301443616 1764166712063.364746 1764166712062 1764166712070
48837 1301476960 1764166712096.697754 1764166712096 1764166712103
48838 1301510304 1764166712130.030762 1764166712130 1764166712137
48839 1301543648 1764166712163.363525 1764166712162 1764166712170
48840 1301576991 1764166712196.695312 1764166712196 1764166712203
48841 1301610335 1764166712230.028076 1764166712230 1764166712237
48842 1301643679 1764166712263.360840 1764166712262 1764166712270
48843 1301677023 1764166712296.693604 1764166712296 1764166712303
48844 1301710367 1764166712330.028320 1764166712330 1764166712337
48845 1301743711 1764166712363.363281 1764166712363 1764166712370
48846 1301777055 1764166712396.697998 1764166712396 1764166712403
48847 1301810399 1764166712430.032715 1764166712430 1764166712437
48848 1301843743 1764166712463.367432 1764166712463 1764166712470
48849 1301877087 1764166712496.701904 1764166712496 1764166712503
48850 1301910431 1764166712530.036621 1764166712530 1764166712537
48851 1301943775 1764166712563.371094 1764166712563 1764166712570
48852 1301977119 1764166712596.705566 1764166712596 1764166712603
48853 1302010463 1764166712630.040039 1764166712630 1764166712638
48854 1302043806 1764166712663.373535 1764166712663 1764166712670
48855 1302077150 1764166712696.708008 1764166712696 1764166712703
48856 1302110494 1764166712730.042236 1764166712730 1764166712737
48857 1302143838 1764166712763.376465 1764166712763 1764166712770
48858 1302177182 1764166712796.710938 1764166712796 1764166712803
48859 1302210526 1764166712830.045166 1764166712830 1764166712837
48860 1302243870 1764166712863.379150 1764166712863 1764166712870
48861 1302277214 1764166712896.713379 1764166712896 1764166712903
48862 1302310558 1764166712930.047607 1764166712930 1764166712937
48863 1302343902 1764166712963.381592 1764166712963 1764166712970
48864 1302377246 1764166712996.715576 1764166712997 1764166713004
48865 1302410590 1764166713030.049561 1764166713029 1764166713037
48866 1302443934 1764166713063.383545 1764166713063 1764166713070
48867 1302477277 1764166713096.716553 1764166713097 1764166713104
48868 1302510621 1764166713130.050293 1764166713129 1764166713137
48869 1302543965 1764166713163.384277 1764166713163 1764166713170
48870 1302577309 1764166713196.718018 1764166713197 1764166713204
48871 1302610653 1764166713230.051758 1764166713229 1764166713237
48872 1302643997 1764166713263.385498 1764166713263 1764166713270
48873 1302677341 1764166713296.719238 1764166713297 1764166713304
48874 1302710685 1764166713330.054688 1764166713329 1764166713337
48875 1302744029 1764166713363.390381 1764166713363 1764166713370
48876 1302777373 1764166713396.726074 1764166713397 1764166713404
48877 1302810717 1764166713430.061523 1764166713429 1764166713437
48878 1302844061 1764166713463.397217 1764166713463 1764166713470
