28480 627279551 1764166032743.763428 1764166032744 1764166032751
28481 627312895 1764166032777.107666 1764166032776 1764166032784
28482 627346239 1764166032810.451660 1764166032810 1764166032817
28483 627379583 1764166032843.795898 1764166032844 1764166032851
28484 627412927 1764166032877.139893 1764166032876 1764166032884
28485 627446271 1764166032910.483887 1764166032910 1764166032917
28486 627479615 1764166032943.828125 1764166032944 1764166032951
28487 627512959 1764166032977.172119 1764166032976 1764166032984
28488 627546302 1764166033010.515137 1764166033010 1764166033017
28489 627579646 1764166033043.859131 1764166033044 1764166033051
28490 627612990 1764166033077.203125 1764166033077 1764166033084
28491 627646334 1764166033110.547363 1764166033110 1764166033117
28492 627679678 1764166033143.891357 1764166033144 1764166033151
28493 627713022 1764166033177.235352 1764166033177 1764166033184
28494 627746366 1764166033210.579346 1764166033210 1764166033217
28495 627779710 1764166033243.923340 1764166033244 1764166033251
28496 627813054 1764166033277.267334 1764166033277 1764166033284
28497 627846398 1764166033310.611084 1764166033310 1764166033317
28498 627879742 1764166033343.955078 1764166033344 1764166033351
28499 627913086 1764166033377.299072 1764166033377 1764166033384
28500 627946430 1764166033410.643066 1764166033410 1764166033417
28501 627979773 1764166033443.986084 1764166033444 1764166033451
28502 628013117 1764166033477.329834 1764166033477 1764166033484
28503 628046461 1764166033510.673828 1764166033510 1764166033517
28504 628079805 1764166033544.017578 1764166033543 1764166033551
28505 628113149 1764166033577.361572 1764166033577 1764166033584
28506 628146493 1764166033610.705566 1764166033611 1764166033618
28507 628179837 1764166033644.049316 1764166033644 1764166033651
28508 628213181 1764166033677.393311 1764166033677 1764166033684
28509 628246525 1764166033710.737061 1764166033711 1764166033718
28510 628279869 1764166033744.080078 1764166033744 1764166033751
28511 628313213 1764166033777.423096 1764166033777 1764166033784
28512 628346557 1764166033810.766113 1764166033811 1764166033818
28513 628379901 1764166033844.109131 1764166033843 1764166033851
28514 628413245 1764166033877.452148 1764166033877 1764166033884
28515 628446588 1764166033910.793945 1764166033911 1764166033918
28516 628479932 1764166033944.136963 1764166033943 1764166033951
28517 628513276 1764166033977.479736 1764166033977 1764166033984
28518 628546620 1764166034010.822754 1764166034011 1764166034018
28519 628579964 1764166034044.165527 1764166034043 1764166034051
28520 628613308 1764166034077.508301 1764166034077 1764166034084
28521 628646652 1764166034110.851318 1764166034111 1764166034118
28522 628679996 1764166034144.194092 1764166034143 1764166034151
28523 628713340 1764166034177.536865 1764166034177 1764166034184
28524 628746684 1764166034210.879639 1764166034211 1764166034218
28525 628780028 1764166034244.222412 1764166034243 1764166034251
28526 628813372 1764166034277.565186 1764166034277 1764166034284
28527 628846716 1764166034310.907715 1764166034311 1764166034318
28528 628880059 1764166034344.249512 1764166034343 1764166034351
28529 628913403 1764166034377.592285 1764166034377 1764166034384
28530 628946747 1764166034410.934814 1764166034411 1764166034418
28531 628980091 1764166034444.277588 1764166034443 1764166034451
28532 629013435 1764166034477.620117 1764166034477 1764166034484
28533 629046779 1764166034510.962891 1764166034511 1764166034518
28534 629080123 1764166034544.305420 1764166034543 1764166034551
28535 629113467 1764166034577.647949 1764166034577 1764166034584
28536 629146811 1764166034610.990479 1764166034611 1764166034618
28537 629180155 1764166034644.333008 1764166034644 1764166034651
28538 629213499 1764166034677.675537 1764166034677 1764166034684
28539 629246843 1764166034711.018066 1764166034711 1764166034718
28540 629280187 1764166034744.360107 1764166034744 1764166034751
28541 629313530 1764166034777.701172 1764166034777 1764166034784
28542 629346874 1764166034811.043213 1764166034811 1764166034818
28543 629380218 1764166034844.385010 1764166034844 1764166034851
28544 629413562 1764166034877.727051 1764166034877 1764166034884
28545 629446906 1764166034911.068848 1764166034911 1764166034918
28546 629480250 1764166034944.410889 1764166034944 1764166034951
28547 629513594 1764166034977.752686 1764166034978 1764166034985
28548 629546938 1764166035011.094482 1764166035011 1764166035018
28549 629580282 1764166035044.436279 1764166035044 1764166035051
28550 629613626 1764166035077.778076 1764166035078 1764166035085
28551 629646970 1764166035111.119873 1764166035111 1764166035118
28552 629680314 1764166035144.461670 1764166035144 1764166035151
28553 629713658 1764166035177.803467 1764166035178 1764166035185
28554 629747002 1764166035211.145020 1764166035211 1764166035218
28555 629780345 1764166035244.485840 1764166035244 1764166035251
28556 629813689 1764166035277.827393 1764166035278 1764166035285
28557 629847033 1764166035311.169189 1764166035311 1764166035318
28558 629880377 1764166035344.510742 1764166035344 1764166035351
28559 629913721 1764166035377.852295 1764166035378 1764166035385
28560 629947065 1764166035411.193848 1764166035410 1764166035418
28561 629980409 1764166035444.535400 1764166035444 1764166035451
28562 630013753 1764166035477.876953 1764166035478 1764166035485
28563 630047097 1764166035511.218262 1764166035510 1764166035518
28564 630080441 1764166035544.559814 1764166035544 1764166035551
28565 630113785 1764166035577.901367 1764166035578 1764166035585
28566 630147129 1764166035611.242676 1764166035610 1764166035618
28567 630180473 1764166035644.584229 1764166035644 1764166035651
28568 630213816 1764166035677.924561 1764166035678 1764166035685
28569 630247160 1764166035711.265869 1764166035710 1764166035718
28570 630280504 1764166035744.610840 1764166035744 1764166035751
28571 630313848 1764166035778.055176 1764166035778 1764166035785
28572 630347192 1764166035811.500000 1764166035810 1764166035818
28573 630380536 1764166035844.945557 1764166035844 1764166035851
28574 630413880 1764166035878.391846 1764166035878 1764166035885
28575 630447224 1764166035911.838623 1764166035910 1764166035918
28576 630480568 1764166035945.286133 1764166035944 1764166035951
28577 630513912 1764166035978.734131 1764166035978 1764166035985
28578 630547256 1764166036012.182861 1764166036011 1764166036018
28579 630580600 1764166036045.632080 1764166036044 1764166036051
28580 630613944 1764166036079.082275 1764166036078 1764166036085
28581 630647287 1764166036112.531738 1764166036111 1764166036118
28582 630680631 1764166036145.983154 1764166036144 1764166036151
28583 630713975 1764166036179.434814 1764166036178 1764166036185
28584 630747319 1764166036212.887451 1764166036211 1764166036218
28585 630780663 1764166036246.340576 1764166036244 1764166036251
28586 630814007 1764166036279.794434 1764166036278 1764166036285
28587 630847351 1764166036313.248779 1764166036311 1764166036318
28588 630880695 1764166036346.703857 1764166036344 1764166036351
28589 630914039 1764166036380.159668 1764166036378 1764166036385
28590 630947383 1764166036413.615967 1764166036411 1764166036418
28591 630980727 1764166036447.072754 1764166036445 1764166036452
28592 631014071 1764166036480.530518 1764166036478 1764166036485
28593 631047415 1764166036513.988770 1764166036511 1764166036518
28594 631080759 1764166036547.447510 1764166036545 1764166036552
28595 631114102 1764166036580.906006 1764166036578 1764166036585
28596 631147446 1764166036614.366211 1764166036612 1764166036621
28597 631180790 1764166036647.826904 1764166036645 1764166036652
28598 631214134 1764166036681.288330 1764166036677 1764166036685
28599 631247478 1764166036714.750488 1764166036711 1764166036718
28600 631280822 1764166036748.212158 1764166036745 1764166036752
28601 631314166 1764166036781.545654 1764166036778 1764166036785
28602 631347510 1764166036814.879150 1764166036811 1764166036818
28603 631380854 1764166036848.212646 1764166036845 1764166036852
28604 631414198 1764166036881.545898 1764166036877 1764166036885
28605 631447542 1764166036914.879150 1764166036911 1764166036918
28606 631480886 1764166036948.212158 1764166036945 1764166036952
28607 631514230 1764166036981.545166 1764166036977 1764166036985
28608 631547573 1764166037014.877197 1764166037011 1764166037018
28609 631580917 1764166037048.209961 1764166037045 1764166037052
28610 631614261 1764166037081.542725 1764166037077 1764166037085
28611 631647605 1764166037114.875244 1764166037111 1764166037118
28612 631680949 1764166037148.207764 1764166037145 1764166037152
28613 631714293 1764166037181.540283 1764166037177 1764166037185
28614 631747637 1764166037214.872559 1764166037211 1764166037218
28615 631780981 1764166037248.204834 1764166037244 1764166037252
28616 631814325 1764166037281.536865 1764166037277 1764166037285
28617 631847669 1764166037314.868896 1764166037311 1764166037318
28618 631881013 1764166037348.200684 1764166037345 1764166037352
28619 631914357 1764166037381.532471 1764166037377 1764166037385
28620 631947701 1764166037414.864258 1764166037411 1764166037418
28621 631981044 1764166037448.194824 1764166037445 1764166037452
28622 632014388 1764166037481.526367 1764166037477 1764166037485
28623 632047732 1764166037514.857910 1764166037511 1764166037518
28624 632081076 1764166037548.189209 1764166037545 1764166037552
28625 632114420 1764166037581.520264 1764166037578 1764166037585
28626 632147764 1764166037614.851562 1764166037611 1764166037618
28627 632181108 1764166037648.182373 1764166037645 1764166037652
28628 632214452 1764166037681.513428 1764166037678 1764166037685
28629 632247796 1764166037714.844238 1764166037711 1764166037718
28630 632281140 1764166037748.175049 1764166037745 1764166037752
28631 632314484 1764166037781.505127 1764166037778 1764166037785
28632 632347828 1764166037814.834961 1764166037811 1764166037818
28633 632381172 1764166037848.164795 1764166037845 1764166037852
28634 632414516 1764166037881.494385 1764166037878 1764166037885
28635 632447859 1764166037914.822754 1764166037911 1764166037918
28636 632481203 1764166037948.152100 1764166037945 1764166037952
28637 632514547 1764166037981.481445 1764166037978 1764166037985
28638 632547891 1764166038014.810547 1764166038011 1764166038018
28639 632581235 1764166038048.139404 1764166038045 1764166038052
28640 632614579 1764166038081.468262 1764166038078 1764166038085
28641 632647923 1764166038114.797119 1764166038111 1764166038120
28642 632681267 1764166038148.125732 1764166038145 1764166038152
28643 632714611 1764166038181.454102 1764166038178 1764166038185
28644 632747955 1764166038214.782471 1764166038212 1764166038219
28645 632781299 1764166038248.110840 1764166038244 1764166038252
28646 632814643 1764166038281.438965 1764166038278 1764166038285
28647 632847987 1764166038314.766846 1764166038312 1764166038319
28648 632881330 1764166038348.093750 1764166038344 1764166038352
28649 632914674 1764166038381.421631 1764166038379 1764166038386
28650 632948018 1764166038414.749268 1764166038412 1764166038419
28651 632981362 1764166038448.076660 1764166038444 1764166038452
28652 633014706 1764166038481.404053 1764166038478 1764166038485
28653 633048050 1764166038514.731445 1764166038512 1764166038519
28654 633081394 1764166038548.058594 1764166038544 1764166038552
28655 633114738 1764166038581.385498 1764166038578 1764166038585
28656 633148082 1764166038614.712402 1764166038612 1764166038619
28657 633181426 1764166038648.039307 1764166038644 1764166038652
28658 633214770 1764166038681.365967 1764166038678 1764166038685
28659 633248114 1764166038714.692383 1764166038712 1764166038719
28660 633281458 1764166038748.019043 1764166038744 1764166038752
28661 633314801 1764166038781.347412 1764166038778 1764166038785
28662 633348145 1764166038814.676758 1764166038812 1764166038819
28663 633381489 1764166038848.006104 1764166038844 1764166038852
28664 633414833 1764166038881.334961 1764166038878 1764166038885
28665 633448177 1764166038914.664062 1764166038912 1764166038919
28666 633481521 1764166038947.992920 1764166038944 1764166038952
28667 633514865 1764166038981.321533 1764166038978 1764166038985
28668 633548209 1764166039014.650146 1764166039012 1764166039019
28669 633581553 1764166039047.978516 1764166039044 1764166039052
28670 633614897 1764166039081.306885 1764166039078 1764166039085
28671 633648241 1764166039114.635010 1764166039112 1764166039119
28672 633681585 1764166039147.963135 1764166039145 1764166039152
28673 633714929 1764166039181.291016 1764166039178 1764166039185
28674 633748273 1764166039214.618896 1764166039212 1764166039219
28675 633781616 1764166039247.945557 1764166039245 1764166039252
28676 633814960 1764166039281.273193 1764166039278 1764166039285
28677 633848304 1764166039314.600586 1764166039312 1764166039319
28678 633881648 1764166039347.927979 1764166039345 1764166039352
28679 633914992 1764166039381.255127 1764166039378 1764166039385
28680 633948336 1764166039414.582275 1764166039412 1764166039419
28681 633981680 1764166039447.909180 1764166039446 1764166039453
28682 634015024 1764166039481.236084 1764166039479 1764166039486
28683 634048368 1764166039514.562744 1764166039511 1764166039519
28684 634081712 1764166039547.889404 1764166039545 1764166039552
28685 634115056 1764166039581.215820 1764166039579 1764166039586
28686 634148400 1764166039614.542236 1764166039611 1764166039619
28687 634181744 1764166039647.868408 1764166039645 1764166039652
28688 634215087 1764166039681.193359 1764166039678 1764166039686
28689 634248431 1764166039714.519287 1764166039711 1764166039719
28690 634281775 1764166039747.845459 1764166039745 1764166039752
28691 634315119 1764166039781.175293 1764166039779 1764166039786
28692 634348463 1764166039814.505127 1764166039811 1764166039819
28693 634381807 1764166039847.834717 1764166039845 1764166039852
28694 634415151 1764166039881.164307 1764166039879 1764166039886
28695 634448495 1764166039914.493652 1764166039912 1764166039919
28696 634481839 1764166039947.822998 1764166039945 1764166039952
28697 634515183 1764166039981.152100 1764166039979 1764166039986
28698 634548527 1764166040014.481201 1764166040012 1764166040019
28699 634581871 1764166040047.810303 1764166040045 1764166040052
28700 634615215 1764166040081.138916 1764166040079 1764166040086
28701 634648558 1764166040114.466797 1764166040112 1764166040119
28702 634681902 1764166040147.795166 1764166040145 1764166040152
28703 634715246 1764166040181.123779 1764166040179 1764166040186
28704 634748590 1764166040214.452148 1764166040212 1764166040219
28705 634781934 1764166040247.780273 1764166040245 1764166040252
28706 634815278 1764166040281.108398 1764166040279 1764166040286
28707 634848622 1764166040314.436279 1764166040312 1764166040319
28708 634881966 1764166040347.764160 1764166040346 1764166040353
28709 634915310 1764166040381.092041 1764166040379 1764166040386
28710 634948654 1764166040414.419678 1764166040412 1764166040419
28711 634981998 1764166040447.747070 1764166040446 1764166040453
28712 635015342 1764166040481.074463 1764166040478 1764166040486
28713 635048686 1764166040514.401611 1764166040512 1764166040519
28714 635082030 1764166040547.728760 1764166040546 1764166040553
28715 635115373 1764166040581.054932 1764166040578 1764166040586
28716 635148717 1764166040614.381836 1764166040612 1764166040619
28717 635182061 1764166040647.708496 1764166040646 1764166040653
28718 635215405 1764166040681.035156 1764166040678 1764166040686
28719 635248749 1764166040714.361572 1764166040712 1764166040719
28720 635282093 1764166040747.688232 1764166040746 1764166040753
28721 635315437 1764166040781.020020 1764166040778 1764166040786
28722 635348781 1764166040814.351807 1764166040812 1764166040819
28723 635382125 1764166040847.683350 1764166040846 1764166040853
28724 635415469 1764166040881.014893 1764166040879 1764166040886
28725 635448813 1764166040914.346191 1764166040912 1764166040919
28726 635482157 1764166040947.677490 1764166040946 1764166040953
28727 635515501 1764166040981.008545 1764166040979 1764166040986
28728 635548844 1764166041014.338623 1764166041012 1764166041019
28729 635582188 1764166041047.669678 1764166041046 1764166041053
28730 635615532 1764166041081.000488 1764166041079 1764166041086
28731 635648876 1764166041114.331299 1764166041112 1764166041119
28732 635682220 1764166041147.661865 1764166041146 1764166041153
28733 635715564 1764166041180.992432 1764166041179 1764166041186
28734 635748908 1764166041214.322754 1764166041213 1764166041220
28735 635782252 1764166041247.653076 1764166041245 1764166041254
28736 635815596 1764166041280.983154 1764166041279 1764166041286
28737 635848940 1764166041314.313232 1764166041313 1764166041320
28738 635882284 1764166041347.643311 1764166041345 1764166041353
28739 635915628 1764166041380.973145 1764166041379 1764166041386
28740 635948972 1764166041414.302979 1764166041413 1764166041420
28741 635982315 1764166041447.631592 1764166041445 1764166041453
28742 636015659 1764166041480.961182 1764166041479 1764166041486
28743 636049003 1764166041514.290771 1764166041513 1764166041520
28744 636082347 1764166041547.620117 1764166041545 1764166041553
28745 636115691 1764166041580.949219 1764166041579 1764166041586
28746 636149035 1764166041614.278320 1764166041613 1764166041620
28747 636182379 1764166041647.607422 1764166041645 1764166041653
28748 636215723 1764166041680.936279 1764166041679 1764166041686
28749 636249067 1764166041714.265137 1764166041712 1764166041720
28750 636282411 1764166041747.593994 1764166041745 1764166041753
28751 636315755 1764166041780.925049 1764166041779 1764166041786
28752 636349099 1764166041814.255859 1764166041813 1764166041820
28753 636382443 1764166041847.586670 1764166041846 1764166041853
28754 636415787 1764166041880.917480 1764166041879 1764166041886
28755 636449130 1764166041914.246826 1764166041913 1764166041920
28756 636482474 1764166041947.577393 1764166041946 1764166041953
28757 636515818 1764166041980.907715 1764166041979 1764166041986
28758 636549162 1764166042014.237793 1764166042013 1764166042020
28759 636582506 1764166042047.568115 1764166042046 1764166042053
28760 636615850 1764166042080.897949 1764166042080 1764166042087
28761 636649194 1764166042114.228027 1764166042113 1764166042120
28762 636682538 1764166042147.557617 1764166042146 1764166042153
28763 636715882 1764166042180.887451 1764166042180 1764166042187
28764 636749226 1764166042214.217041 1764166042212 1764166042220
28765 636782570 1764166042247.546387 1764166042246 1764166042253
28766 636815914 1764166042280.875732 1764166042280 1764166042287
28767 636849258 1764166042314.205078 1764166042312 1764166042320
28768 636882601 1764166042347.533203 1764166042346 1764166042353
28769 636915945 1764166042380.862061 1764166042380 1764166042387
28770 636949289 1764166042414.190918 1764166042412 1764166042420
28771 636982633 1764166042447.519775 1764166042446 1764166042453
28772 637015977 1764166042480.848389 1764166042480 1764166042487
28773 637049321 1764166042514.177002 1764166042512 1764166042520
28774 637082665 1764166042547.505615 1764166042546 1764166042553
28775 637116009 1764166042580.833984 1764166042580 1764166042587
28776 637149353 1764166042614.162109 1764166042612 1764166042620
28777 637182697 1764166042647.490234 1764166042646 1764166042653
28778 637216041 1764166042680.818359 1764166042680 1764166042687
28779 637249385 1764166042714.146240 1764166042713 1764166042720
28780 637282729 1764166042747.474121 1764166042746 1764166042753
28781 637316072 1764166042780.808838 1764166042780 1764166042787
28782 637349416 1764166042814.144287 1764166042813 1764166042820
28783 637382760 1764166042847.479736 1764166042846 1764166042853
28784 637416104 1764166042880.815186 1764166042880 1764166042887
28785 637449448 1764166042914.150635 1764166042913 1764166042920
28786 637482792 1764166042947.485840 1764166042947 1764166042954
28787 637516136 1764166042980.821045 1764166042980 1764166042987
28788 637549480 1764166043014.156250 1764166043013 1764166043020
28789 637582824 1764166043047.491455 1764166043047 1764166043054
28790 637616168 1764166043080.826660 1764166043080 1764166043087
28791 637649512 1764166043114.161621 1764166043113 1764166043120
28792 637682856 1764166043147.496582 1764166043147 1764166043154
28793 637716200 1764166043180.831543 1764166043179 1764166043187
28794 637749544 1764166043214.166504 1764166043213 1764166043220
28795 637782887 1764166043247.500244 1764166043247 1764166043254
28796 637816231 1764166043280.834961 1764166043279 1764166043287
28797 637849575 1764166043314.169678 1764166043313 1764166043320
28798 637882919 1764166043347.504395 1764166043347 1764166043354
28799 637916263 1764166043380.839111 1764166043379 1764166043387
28800 637949607 1764166043414.173584 1764166043413 1764166043420
28801 637982951 1764166043447.508057 1764166043447 1764166043454
28802 638016295 1764166043480.842529 1764166043479 1764166043487
28803 638049639 1764166043514.177002 1764166043513 1764166043520
28804 638082983 1764166043547.511230 1764166043547 1764166043554
28805 638116327 1764166043580.845459 1764166043580 1764166043587
28806 638149671 1764166043614.179688 1764166043613 1764166043620
28807 638183015 1764166043647.513916 1764166043647 1764166043654
28808 638216358 1764166043680.847168 1764166043680 1764166043687
28809 638249702 1764166043714.181152 1764166043713 1764166043720
28810 638283046 1764166043747.515381 1764166043747 1764166043754
28811 638316390 1764166043780.848633 1764166043780 1764166043787
28812 638349734 1764166043814.182129 1764166043813 1764166043820
28813 638383078 1764166043847.515381 1764166043847 1764166043854
28814 638416422 1764166043880.848633 1764166043880 1764166043887
28815 638449766 1764166043914.181641 1764166043914 1764166043921
28816 638483110 1764166043947.514648 1764166043947 1764166043954
28817 638516454 1764166043980.847656 1764166043980 1764166043987
28818 638549798 1764166044014.180420 1764166044014 1764166044021
28819 638583142 1764166044047.513184 1764166044046 1764166044054
28820 638616486 1764166044080.845947 1764166044080 1764166044087
28821 638649829 1764166044114.177490 1764166044114 1764166044121
28822 638683173 1764166044147.510010 1764166044146 1764166044154
28823 638716517 1764166044180.842285 1764166044180 1764166044187
28824 638749861 1764166044214.174561 1764166044214 1764166044221
28825 638783205 1764166044247.506836 1764166044246 1764166044254
28826 638816549 1764166044280.839111 1764166044280 1764166044287
28827 638849893 1764166044314.171143 1764166044314 1764166044321
28828 638883237 1764166044347.502930 1764166044346 1764166044354
28829 638916581 1764166044380.834961 1764166044380 1764166044387
28830 638949925 1764166044414.166748 1764166044414 1764166044421
28831 638983269 1764166044447.498291 1764166044446 1764166044454
28832 639016613 1764166044480.829834 1764166044480 1764166044487
28833 639049957 1764166044514.161377 1764166044514 1764166044521
28834 639083301 1764166044547.492920 1764166044547 1764166044554
28835 639116644 1764166044580.823242 1764166044580 1764166044587
28836 639149988 1764166044614.154297 1764166044614 1764166044621
28837 639183332 1764166044647.485596 1764166044647 1764166044654
28838 639216676 1764166044680.816650 1764166044681 1764166044688
28839 639250020 1764166044714.147705 1764166044714 1764166044721
28840 639283364 1764166044747.478516 1764166044747 1764166044754
28841 639316708 1764166044780.812744 1764166044781 1764166044788
28842 639350052 1764166044814.146973 1764166044813 1764166044821
28843 639383396 1764166044847.480957 1764166044847 1764166044854
28844 639416740 1764166044880.814941 1764166044881 1764166044888
28845 639450084 1764166044914.148682 1764166044914 1764166044921
28846 639483428 1764166044947.482666 1764166044947 1764166044954
28847 639516772 1764166044980.816162 1764166044981 1764166044988
28848 639550115 1764166045014.148926 1764166045013 1764166045021
28849 639583459 1764166045047.482422 1764166045047 1764166045054
28850 639616803 1764166045080.815918 1764166045081 1764166045088
28851 639650147 1764166045114.149414 1764166045113 1764166045121
28852 639683491 1764166045147.482666 1764166045147 1764166045154
28853 639716835 1764166045180.815918 1764166045181 1764166045188
28854 639750179 1764166045214.148926 1764166045213 1764166045221
28855 639783523 1764166045247.481934 1764166045247 1764166045255
28856 639816867 1764166045280.814941 1764166045281 1764166045288
28857 639850211 1764166045314.147949 1764166045313 1764166045321
28858 639883555 1764166045347.480713 1764166045347 1764166045354
28859 639916899 1764166045380.813477 1764166045381 1764166045388
28860 639950243 1764166045414.145996 1764166045414 1764166045421
28861 639983586 1764166045447.477539 1764166045447 1764166045454
28862 640016930 1764166045480.810059 1764166045481 1764166045488
28863 640050274 1764166045514.142578 1764166045514 1764166045521
28864 640083618 1764166045547.474854 1764166045547 1764166045554
28865 640116962 1764166045580.807129 1764166045581 1764166045588
28866 640150306 1764166045614.139160 1764166045614 1764166045621
28867 640183650 1764166045647.471191 1764166045647 1764166045654
28868 640216994 1764166045680.803223 1764166045681 1764166045688
28869 640250338 1764166045714.135254 1764166045714 1764166045721
28870 640283682 1764166045747.467041 1764166045747 1764166045754
28871 640317026 1764166045780.802002 1764166045781 1764166045788
28872 640350370 1764166045814.136963 1764166045814 1764166045821
28873 640383714 1764166045847.471924 1764166045848 1764166045855
28874 640417058 1764166045880.806641 1764166045880 1764166045888
28875 640450401 1764166045914.140381 1764166045914 1764166045921
28876 640483745 1764166045947.475098 1764166045948 1764166045955
28877 640517089 1764166045980.809570 1764166045980 1764166045988
28878 640550433 1764166046014.144287 1764166046014 1764166046021
28879 640583777 1764166046047.478516 1764166046048 1764166046055
28880 640617121 1764166046080.812988 1764166046080 1764166046088
28881 640650465 1764166046114.147217 1764166046114 1764166046121
28882 640683809 1764166046147.481445 1764166046148 1764166046155
28883 640717153 1764166046180.815430 1764166046180 1764166046188
28884 640750497 1764166046214.149658 1764166046214 1764166046221
28885 640783841 1764166046247.483643 1764166046248 1764166046255
28886 640817185 1764166046280.817383 1764166046280 1764166046288
28887 640850529 1764166046314.151367 1764166046314 1764166046321
28888 640883872 1764166046347.483887 1764166046348 1764166046355
28889 640917216 1764166046380.817627 1764166046381 1764166046388
28890 640950560 1764166046414.151367 1764166046414 1764166046421
28891 640983904 1764166046447.484863 1764166046448 1764166046455
28892 641017248 1764166046480.818115 1764166046481 1764166046488
28893 641050592 1764166046514.151611 1764166046514 1764166046521
28894 641083936 1764166046547.484863 1764166046548 1764166046555
28895 641117280 1764166046580.818115 1764166046581 1764166046588
28896 641150624 1764166046614.151123 1764166046614 1764166046621
28897 641183968 1764166046647.484375 1764166046648 1764166046655
28898 641217312 1764166046680.817383 1764166046681 1764166046688
28899 641250656 1764166046714.150146 1764166046715 1764166046722
28900 641284000 1764166046747.483154 1764166046747 1764166046755
28901 641317343 1764166046780.817627 1764166046781 1764166046788
28902 641350687 1764166046814.153076 1764166046815 1764166046822
28903 641384031 1764166046847.488281 1764166046847 1764166046855
28904 641417375 1764166046880.823486 1764166046881 1764166046888
28905 641450719 1764166046914.158691 1764166046915 1764166046922
28906 641484063 1764166046947.493896 1764166046947 1764166046955
28907 641517407 1764166046980.828857 1764166046981 1764166046988
28908 641550751 1764166047014.163818 1764166047015 1764166047022
28909 641584095 1764166047047.498779 1764166047047 1764166047055
28910 641617439 1764166047080.833496 1764166047081 1764166047088
28911 641650783 1764166047114.168213 1764166047115 1764166047122
28912 641684127 1764166047147.502930 1764166047147 1764166047155
28913 641717471 1764166047180.837646 1764166047181 1764166047188
28914 641750815 1764166047214.172119 1764166047215 1764166047222
28915 641784158 1764166047247.505615 1764166047248 1764166047255
28916 641817502 1764166047280.840088 1764166047281 1764166047288
28917 641850846 1764166047314.174316 1764166047315 1764166047322
28918 641884190 1764166047347.508545 1764166047348 1764166047355
28919 641917534 1764166047380.842773 1764166047382 1764166047389
28920 641950878 1764166047414.176758 1764166047415 1764166047422
28921 641984222 1764166047447.510986 1764166047448 1764166047455
28922 642017566 1764166047480.844727 1764166047481 1764166047488
28923 642050910 1764166047514.178711 1764166047515 1764166047522
28924 642084254 1764166047547.512451 1764166047548 1764166047555
28925 642117598 1764166047580.846191 1764166047582 1764166047589
28926 642150942 1764166047614.179932 1764166047614 1764166047622
28927 642184286 1764166047647.513672 1764166047648 1764166047655
28928 642217629 1764166047680.846191 1764166047682 1764166047689
28929 642250973 1764166047714.179688 1764166047714 1764166047722
28930 642284317 1764166047747.512939 1764166047748 1764166047755
28931 642317661 1764166047780.849365 1764166047782 1764166047789
28932 642351005 1764166047814.185547 1764166047814 1764166047822
28933 642384349 1764166047847.521973 1764166047848 1764166047855
28934 642417693 1764166047880.857910 1764166047882 1764166047889
28935 642451037 1764166047914.194092 1764166047914 1764166047922
28936 642484381 1764166047947.530029 1764166047948 1764166047955
28937 642517725 1764166047980.865967 1764166047981 1764166047989
28938 642551069 1764166048014.201904 1764166048014 1764166048022
28939 642584413 1764166048047.537842 1764166048048 1764166048055
28940 642617757 1764166048080.873535 1764166048082 1764166048089
28941 642651100 1764166048114.208252 1764166048114 1764166048122
28942 642684444 1764166048147.543945 1764166048148 1764166048155
28943 642717788 1764166048180.879395 1764166048182 1764166048189
28944 642751132 1764166048214.215088 1764166048215 1764166048222
28945 642784476 1764166048247.550537 1764166048248 1764166048255
28946 642817820 1764166048280.885742 1764166048282 1764166048289
28947 642851164 1764166048314.221191 1764166048315 1764166048322
28948 642884508 1764166048347.556396 1764166048348 1764166048355
28949 642917852 1764166048380.891602 1764166048382 1764166048389
28950 642951196 1764166048414.226562 1764166048415 1764166048422
28951 642984540 1764166048447.561768 1764166048449 1764166048456
28952 643017884 1764166048480.896729 1764166048481 1764166048489
28953 643051228 1764166048514.231689 1764166048515 1764166048522
28954 643084572 1764166048547.566650 1764166048549 1764166048556
28955 643117915 1764166048580.900391 1764166048582 1764166048589
28956 643151259 1764166048614.235107 1764166048615 1764166048622
28957 643184603 1764166048647.569824 1764166048649 1764166048656
28958 643217947 1764166048680.904297 1764166048681 1764166048689
28959 643251291 1764166048714.239014 1764166048715 1764166048722
28960 643284635 1764166048747.573486 1764166048749 1764166048756
28961 643317979 1764166048780.909912 1764166048781 1764166048789
28962 643351323 1764166048814.246338 1764166048815 1764166048822
28963 643384667 1764166048847.582520 1764166048849 1764166048856
28964 643418011 1764166048880.918945 1764166048881 1764166048889
28965 643451355 1764166048914.255127 1764166048915 1764166048922
28966 643484699 1764166048947.591309 1764166048949 1764166048956
28967 643518043 1764166048980.927246 1764166048982 1764166048989
28968 643551386 1764166049014.262207 1764166049015 1764166049022
28969 643584730 1764166049047.598145 1764166049049 1764166049056
28970 643618074 1764166049080.934082 1764166049082 1764166049089
28971 643651418 1764166049114.269775 1764166049115 1764166049122
28972 643684762 1764166049147.605713 1764166049149 1764166049156
28973 643718106 1764166049180.941406 1764166049182 1764166049189
28974 643751450 1764166049214.276855 1764166049215 1764166049223
28975 643784794 1764166049247.612549 1764166049249 1764166049256
28976 643818138 1764166049280.947998 1764166049282 1764166049289
28977 643851482 1764166049314.283447 1764166049316 1764166049323
28978 643884826 1764166049347.618652 1764166049349 1764166049356
28979 643918170 1764166049380.954102 1764166049382 1764166049389
28980 643951514 1764166049414.289307 1764166049416 1764166049423
28981 643984857 1764166049447.623291 1764166049448 1764166049456
28982 644018201 1764166049480.958496 1764166049482 1764166049489
28983 644051545 1764166049514.293457 1764166049516 1764166049523
28984 644084889 1764166049547.628418 1764166049548 1764166049556
28985 644118233 1764166049580.963379 1764166049582 1764166049589
28986 644151577 1764166049614.298340 1764166049616 1764166049623
28987 644184921 1764166049647.633057 1764166049648 1764166049656
28988 644218265 1764166049680.967773 1764166049682 1764166049689
28989 644251609 1764166049714.302246 1764166049716 1764166049723
28990 644284953 1764166049747.636963 1764166049748 1764166049756
28991 644318297 1764166049780.973633 1764166049782 1764166049789
28992 644351641 1764166049814.310303 1764166049816 1764166049823
28993 644384985 1764166049847.646973 1764166049848 1764166049856
28994 644418329 1764166049880.983643 1764166049882 1764166049889
28995 644451672 1764166049914.319092 1764166049916 1764166049923
28996 644485016 1764166049947.655518 1764166049948 1764166049956
28997 644518360 1764166049980.991943 1764166049982 1764166049989
28998 644551704 1764166050014.328125 1764166050016 1764166050023
28999 644585048 1764166050047.664307 1764166050049 1764166050056
29000 644618392 1764166050081.000488 1764166050082 1764166050089
29001 644651736 1764166050114.336670 1764166050116 1764166050123
29002 644685080 1764166050147.672607 1764166050149 1764166050156
29003 644718424 1764166050181.008545 1764166050182 1764166050189
29004 644751768 1764166050214.344482 1764166050216 1764166050223
29005 644785112 1764166050247.680420 1764166050249 1764166050256
29006 644818456 1764166050281.016113 1764166050283 1764166050290
29007 644851800 1764166050314.351807 1764166050315 1764166050325
29008 644885143 1764166050347.686523 1764166050349 1764166050356
29009 644918487 1764166050381.021973 1764166050383 1764166050390
29010 644951831 1764166050414.357666 1764166050415 1764166050423
29011 644985175 1764166050447.693115 1764166050449 1764166050456
29012 645018519 1764166050481.028320 1764166050483 1764166050490
29013 645051863 1764166050514.363770 1764166050515 1764166050523
29014 645085207 1764166050547.698975 1764166050549 1764166050556
29015 645118551 1764166050581.034180 1764166050583 1764166050590
29016 645151895 1764166050614.369385 1764166050615 1764166050623
29017 645185239 1764166050647.704346 1764166050649 1764166050656
29018 645218583 1764166050681.039307 1764166050683 1764166050690
29019 645251927 1764166050714.374268 1764166050715 1764166050723
29020 645285271 1764166050747.709229 1764166050749 1764166050756
29021 645318614 1764166050781.044922 1764166050783 1764166050790
29022 645351958 1764166050814.381592 1764166050815 1764166050823
29023 645385302 1764166050847.718262 1764166050849 1764166050856
29024 645418646 1764166050881.054688 1764166050883 1764166050890
29025 645451990 1764166050914.391113 1764166050916 1764166050923
29026 645485334 1764166050947.727539 1764166050949 1764166050956
29027 645518678 1764166050981.063965 1764166050983 1764166050990
29028 645552022 1764166051014.400146 1764166051016 1764166051023
29029 645585366 1764166051047.736328 1764166051049 1764166051056
29030 645618710 1764166051081.072510 1764166051083 1764166051090
29031 645652054 1764166051114.408447 1764166051116 1764166051123
29032 645685398 1764166051147.744629 1764166051149 1764166051156
29033 645718742 1764166051181.080322 1764166051183 1764166051190
29034 645752086 1764166051214.416260 1764166051216 1764166051223
29035 645785429 1764166051247.750977 1764166051250 1764166051257
29036 645818773 1764166051281.086670 1764166051283 1764166051290
29037 645852117 1764166051314.422363 1764166051316 1764166051323
29038 645885461 1764166051347.758057 1764166051350 1764166051357
29039 645918805 1764166051381.093506 1764166051382 1764166051390
29040 645952149 1764166051414.428955 1764166051416 1764166051423
29041 645985493 1764166051447.764404 1764166051450 1764166051457
29042 646018837 1764166051481.099609 1764166051482 1764166051490
29043 646052181 1764166051514.434814 1764166051516 1764166051523
29044 646085525 1764166051547.770020 1764166051550 1764166051557
29045 646118869 1764166051581.105225 1764166051583 1764166051591
29046 646152213 1764166051614.440186 1764166051616 1764166051623
29047 646185557 1764166051647.775146 1764166051650 1764166051657
29048 646218900 1764166051681.108887 1764166051682 1764166051690
29049 646252244 1764166051714.443848 1764166051716 1764166051724
29050 646285588 1764166051747.778564 1764166051750 1764166051757
29051 646318932 1764166051781.171387 1764166051782 1764166051790
29052 646352276 1764166051814.564697 1764166051816 1764166051826
29053 646385620 1764166051847.958740 1764166051850 1764166051857
29054 646418964 1764166051881.353516 1764166051883 1764166051890
29055 646452308 1764166051914.749023 1764166051916 1764166051924
29056 646485652 1764166051948.145020 1764166051950 1764166051957
29057 646518996 1764166051981.541992 1764166051983 1764166051990
29058 646552340 1764166052014.939453 1764166052017 1764166052024
29059 646585684 1764166052048.337402 1764166052050 1764166052057
29060 646619028 1764166052081.736328 1764166052083 1764166052090
29061 646652371 1764166052115.134766 1764166052116 1764166052123
29062 646685715 1764166052148.534912 1764166052150 1764166052157
29063 646719059 1764166052181.935791 1764166052183 1764166052190
29064 646752403 1764166052215.337402 1764166052217 1764166052224
29065 646785747 1764166052248.739502 1764166052249 1764166052257
29066 646819091 1764166052282.142334 1764166052283 1764166052290
29067 646852435 1764166052315.545898 1764166052317 1764166052324
29068 646885779 1764166052348.950195 1764166052349 1764166052357
29069 646919123 1764166052382.355225 1764166052383 1764166052390
29070 646952467 1764166052415.760742 1764166052417 1764166052424
29071 646985811 1764166052449.166992 1764166052449 1764166052457
29072 647019155 1764166052482.573975 1764166052483 1764166052490
29073 647052499 1764166052515.981445 1764166052517 1764166052524
29074 647085843 1764166052549.389893 1764166052549 1764166052557
29075 647119186 1764166052582.797852 1764166052583 1764166052590
29076 647152530 1764166052616.207275 1764166052617 1764166052624
29077 647185874 1764166052649.617676 1764166052649 1764166052657
29078 647219218 1764166052683.028809 1764166052683 1764166052690
29079 647252562 1764166052716.440430 1764166052717 1764166052724
29080 647285906 1764166052749.852051 1764166052750 1764166052757
29081 647319250 1764166052783.200439 1764166052783 1764166052790
29082 647352594 1764166052816.548828 1764166052817 1764166052824
29083 647385938 1764166052849.897217 1764166052850 1764166052857
29084 647419282 1764166052883.245605 1764166052883 1764166052890
29085 647452626 1764166052916.593994 1764166052917 1764166052924
29086 647485970 1764166052949.942383 1764166052950 1764166052957
29087 647519314 1764166052983.291016 1764166052983 1764166052990
29088 647552657 1764166053016.638428 1764166053017 1764166053024
29089 647586001 1764166053049.987061 1764166053050 1764166053057
29090 647619345 1764166053083.335693 1764166053084 1764166053091
29091 647652689 1764166053116.684326 1764166053117 1764166053124
29092 647686033 1764166053150.033203 1764166053150 1764166053157
29093 647719377 1764166053183.381836 1764166053184 1764166053191
29094 647752721 1764166053216.730713 1764166053217 1764166053224
29095 647786065 1764166053250.079346 1764166053250 1764166053257
29096 647819409 1764166053283.428223 1764166053284 1764166053291
29097 647852753 1764166053316.777100 1764166053316 1764166053324
29098 647886097 1764166053350.125977 1764166053350 1764166053357
29099 647919441 1764166053383.475098 1764166053384 1764166053391
29100 647952785 1764166053416.823975 1764166053416 1764166053424
29101 647986128 1764166053450.172119 1764166053450 1764166053457
29102 648019472 1764166053483.520996 1764166053484 1764166053491
29103 648052816 1764166053516.870117 1764166053516 1764166053524
29104 648086160 1764166053550.219238 1764166053550 1764166053557
29105 648119504 1764166053583.568604 1764166053584 1764166053591
29106 648152848 1764166053616.917725 1764166053616 1764166053624
29107 648186192 1764166053650.266846 1764166053650 1764166053657
29108 648219536 1764166053683.616211 1764166053684 1764166053691
29109 648252880 1764166053716.965576 1764166053716 1764166053724
29110 648286224 1764166053750.314697 1764166053750 1764166053757
29111 648319568 1764166053783.660156 1764166053784 1764166053791
29112 648352912 1764166053817.005859 1764166053816 1764166053824
29113 648386256 1764166053850.351318 1764166053850 1764166053857
29114 648419600 1764166053883.696777 1764166053884 1764166053891
29115 648452943 1764166053917.041260 1764166053916 1764166053924
29116 648486287 1764166053950.386719 1764166053950 1764166053957
29117 648519631 1764166053983.732178 1764166053984 1764166053991
29118 648552975 1764166054017.077637 1764166054017 1764166054024
29119 648586319 1764166054050.423096 1764166054051 1764166054058
29120 648619663 1764166054083.768555 1764166054083 1764166054091
29121 648653007 1764166054117.114014 1764166054117 1764166054124
29122 648686351 1764166054150.459717 1764166054151 1764166054158
29123 648719695 1764166054183.805176 1764166054184 1764166054191
29124 648753039 1764166054217.150635 1764166054217 1764166054224
29125 648786383 1764166054250.496094 1764166054251 1764166054258
29126 648819727 1764166054283.841797 1764166054284 1764166054291
29127 648853071 1764166054317.187256 1764166054317 1764166054324
29128 648886414 1764166054350.531738 1764166054351 1764166054358
29129 648919758 1764166054383.877197 1764166054383 1764166054391
29130 648953102 1764166054417.222900 1764166054417 1764166054424
29131 648986446 1764166054450.568359 1764166054451 1764166054458
29132 649019790 1764166054483.913818 1764166054484 1764166054491
29133 649053134 1764166054517.259521 1764166054517 1764166054524
29134 649086478 1764166054550.604980 1764166054551 1764166054558
29135 649119822 1764166054583.950684 1764166054584 1764166054591
29136 649153166 1764166054617.296143 1764166054617 1764166054624
29137 649186510 1764166054650.641846 1764166054651 1764166054658
29138 649219854 1764166054683.987305 1764166054684 1764166054691
29139 649253198 1764166054717.332764 1764166054717 1764166054724
29140 649286542 1764166054750.678467 1764166054751 1764166054758
29141 649319885 1764166054784.022949 1764166054783 1764166054791
29142 649353229 1764166054817.366699 1764166054817 1764166054824
29143 649386573 1764166054850.710449 1764166054851 1764166054858
29144 649419917 1764166054884.054199 1764166054883 1764166054891
29145 649453261 1764166054917.397949 1764166054917 1764166054924
29146 649486605 1764166054950.741699 1764166054951 1764166054958
29147 649519949 1764166054984.085449 1764166054983 1764166054991
29148 649553293 1764166055017.429199 1764166055017 1764166055024
29149 649586637 1764166055050.772949 1764166055051 1764166055058
29150 649619981 1764166055084.116699 1764166055083 1764166055091
29151 649653325 1764166055117.460449 1764166055117 1764166055124
29152 649686669 1764166055150.804199 1764166055151 1764166055158
29153 649720013 1764166055184.147705 1764166055183 1764166055191
29154 649753357 1764166055217.491455 1764166055217 1764166055224
29155 649786700 1764166055250.834229 1764166055251 1764166055258
29156 649820044 1764166055284.177734 1764166055283 1764166055291
29157 649853388 1764166055317.521484 1764166055317 1764166055324
29158 649886732 1764166055350.864990 1764166055351 1764166055358
29159 649920076 1764166055384.208740 1764166055383 1764166055391
29160 649953420 1764166055417.552246 1764166055417 1764166055424
29161 649986764 1764166055450.895752 1764166055451 1764166055458
29162 650020108 1764166055484.239502 1764166055484 1764166055491
29163 650053452 1764166055517.583008 1764166055518 1764166055525
29164 650086796 1764166055550.926514 1764166055551 1764166055558
29165 650120140 1764166055584.270020 1764166055584 1764166055591
29166 650153484 1764166055617.613770 1764166055617 1764166055625
29167 650186828 1764166055650.957275 1764166055651 1764166055658
29168 650220171 1764166055684.299805 1764166055684 1764166055691
29169 650253515 1764166055717.643311 1764166055718 1764166055725
29170 650286859 1764166055750.986816 1764166055751 1764166055758
29171 650320203 1764166055784.330322 1764166055784 1764166055791
29172 650353547 1764166055817.673096 1764166055817 1764166055824
29173 650386891 1764166055851.015869 1764166055851 1764166055858
29174 650420235 1764166055884.358643 1764166055884 1764166055891
29175 650453579 1764166055917.701416 1764166055918 1764166055925
29176 650486923 1764166055951.044189 1764166055951 1764166055958
29177 650520267 1764166055984.386963 1764166055984 1764166055991
29178 650553611 1764166056017.729736 1764166056018 1764166056025
29179 650586955 1764166056051.072510 1764166056051 1764166056058
29180 650620299 1764166056084.415283 1764166056084 1764166056091
29181 650653642 1764166056117.756836 1764166056118 1764166056125
29182 650686986 1764166056151.099609 1764166056151 1764166056158
29183 650720330 1764166056184.442139 1764166056184 1764166056191
29184 650753674 1764166056217.784912 1764166056218 1764166056225
29185 650787018 1764166056251.127441 1764166056250 1764166056258
29186 650820362 1764166056284.469971 1764166056284 1764166056291
29187 650853706 1764166056317.812744 1764166056318 1764166056325
29188 650887050 1764166056351.155273 1764166056350 1764166056358
29189 650920394 1764166056384.497803 1764166056384 1764166056391
29190 650953738 1764166056417.840332 1764166056418 1764166056425
29191 650987082 1764166056451.182861 1764166056450 1764166056458
29192 651020426 1764166056484.525391 1764166056484 1764166056491
29193 651053770 1764166056517.867676 1764166056518 1764166056525
29194 651087114 1764166056551.210205 1764166056550 1764166056558
29195 651120457 1764166056584.551758 1764166056584 1764166056591
29196 651153801 1764166056617.894043 1764166056618 1764166056625
29197 651187145 1764166056651.236572 1764166056650 1764166056658
29198 651220489 1764166056684.578857 1764166056684 1764166056691
29199 651253833 1764166056717.921387 1764166056718 1764166056725
29200 651287177 1764166056751.263672 1764166056750 1764166056758
29201 651320521 1764166056784.605957 1764166056784 1764166056791
29202 651353865 1764166056817.949707 1764166056818 1764166056825
29203 651387209 1764166056851.293213 1764166056851 1764166056858
29204 651420553 1764166056884.636963 1764166056884 1764166056891
29205 651453897 1764166056917.980469 1764166056918 1764166056925
29206 651487241 1764166056951.324219 1764166056951 1764166056958
29207 651520585 1764166056984.667725 1764166056985 1764166056993
29208 651553928 1764166057018.010254 1764166057018 1764166057025
29209 651587272 1764166057051.353760 1764166057051 1764166057058
29210 651620616 1764166057084.697510 1764166057084 1764166057091
29211 651653960 1764166057118.041016 1764166057118 1764166057125
29212 651687304 1764166057151.384521 1764166057151 1764166057158
29213 651720648 1764166057184.728027 1764166057184 1764166057191
29214 651753992 1764166057218.071533 1764166057218 1764166057225
29215 651787336 1764166057251.415039 1764166057251 1764166057258
29216 651820680 1764166057284.758789 1764166057284 1764166057291
29217 651854024 1764166057318.102295 1764166057318 1764166057325
29218 651887368 1764166057351.445801 1764166057351 1764166057358
29219 651920712 1764166057384.789307 1764166057385 1764166057392
29220 651954056 1764166057418.132812 1764166057418 1764166057425
29221 651987399 1764166057451.475098 1764166057451 1764166057458
29222 652020743 1764166057484.818604 1764166057485 1764166057492
29223 652054087 1764166057518.162109 1764166057518 1764166057525
29224 652087431 1764166057551.505615 1764166057551 1764166057558
29225 652120775 1764166057584.849121 1764166057585 1764166057592
29226 652154119 1764166057618.192627 1764166057618 1764166057625
29227 652187463 1764166057651.535889 1764166057651 1764166057660
29228 652220807 1764166057684.879395 1764166057685 1764166057692
29229 652254151 1764166057718.222900 1764166057717 1764166057725
29230 652287495 1764166057751.566162 1764166057751 1764166057758
29231 652320839 1764166057784.909668 1764166057785 1764166057792
29232 652354183 1764166057818.250732 1764166057817 1764166057825
29233 652387527 1764166057851.591553 1764166057851 1764166057858
29234 652420871 1764166057884.932373 1764166057885 1764166057892
29235 652454214 1764166057918.272217 1764166057917 1764166057925
29236 652487558 1764166057951.613037 1764166057951 1764166057958
29237 652520902 1764166057984.953857 1764166057985 1764166057992
29238 652554246 1764166058018.294678 1764166058017 1764166058025
29239 652587590 1764166058051.635498 1764166058051 1764166058058
29240 652620934 1764166058084.976074 1764166058085 1764166058092
29241 652654278 1764166058118.316895 1764166058117 1764166058125
29242 652687622 1764166058151.657471 1764166058151 1764166058158
29243 652720966 1764166058184.998047 1764166058185 1764166058192
29244 652754310 1764166058218.338867 1764166058217 1764166058225
29245 652787654 1764166058251.679199 1764166058251 1764166058258
29246 652820998 1764166058285.019775 1764166058285 1764166058292
29247 652854342 1764166058318.360352 1764166058317 1764166058325
29248 652887685 1764166058351.699951 1764166058351 1764166058358
29249 652921029 1764166058385.040283 1764166058385 1764166058392
29250 652954373 1764166058418.380615 1764166058417 1764166058425
29251 652987717 1764166058451.721191 1764166058451 1764166058458
29252 653021061 1764166058485.061523 1764166058485 1764166058492
29253 653054405 1764166058518.401855 1764166058518 1764166058525
29254 653087749 1764166058551.742188 1764166058551 1764166058558
29255 653121093 1764166058585.082520 1764166058585 1764166058592
29256 653154437 1764166058618.422607 1764166058618 1764166058625
29257 653187781 1764166058651.762939 1764166058651 1764166058658
29258 653221125 1764166058685.103027 1764166058685 1764166058692
29259 653254469 1764166058718.443359 1764166058718 1764166058725
29260 653287813 1764166058751.783447 1764166058751 1764166058758
29261 653321156 1764166058785.122559 1764166058785 1764166058792
29262 653354500 1764166058818.463379 1764166058818 1764166058825
29263 653387844 1764166058851.803955 1764166058851 1764166058858
29264 653421188 1764166058885.144775 1764166058885 1764166058892
29265 653454532 1764166058918.485352 1764166058918 1764166058925
29266 653487876 1764166058951.825928 1764166058952 1764166058959
29267 653521220 1764166058985.166504 1764166058985 1764166058992
29268 653554564 1764166059018.507080 1764166059018 1764166059025
29269 653587908 1764166059051.847656 1764166059052 1764166059059
29270 653621252 1764166059085.188232 1764166059084 1764166059092
29271 653654596 1764166059118.528809 1764166059118 1764166059125
29272 653687940 1764166059151.869141 1764166059152 1764166059159
29273 653721284 1764166059185.209717 1764166059184 1764166059192
29274 653754628 1764166059218.550049 1764166059218 1764166059225
29275 653787971 1764166059251.889404 1764166059252 1764166059259
29276 653821315 1764166059285.229736 1764166059284 1764166059292
29277 653854659 1764166059318.570068 1764166059318 1764166059325
29278 653888003 1764166059351.910400 1764166059352 1764166059359
29279 653921347 1764166059385.250732 1764166059384 1764166059392
29280 653954691 1764166059418.590820 1764166059418 1764166059425
29281 653988035 1764166059451.931152 1764166059452 1764166059460
29282 654021379 1764166059485.271240 1764166059484 1764166059493
29283 654054723 1764166059518.611328 1764166059518 1764166059525
29284 654088067 1764166059551.951660 1764166059551 1764166059559
29285 654121411 1764166059585.291748 1764166059584 1764166059592
29286 654154755 1764166059618.631836 1764166059618 1764166059625
29287 654188099 1764166059651.971680 1764166059652 1764166059659
29288 654221442 1764166059685.310791 1764166059684 1764166059692
29289 654254786 1764166059718.650635 1764166059718 1764166059725
29290 654288130 1764166059751.990723 1764166059752 1764166059759
29291 654321474 1764166059785.330566 1764166059784 1764166059792
29292 654354818 1764166059818.671143 1764166059818 1764166059825
29293 654388162 1764166059852.011475 1764166059852 1764166059859
29294 654421506 1764166059885.351807 1764166059884 1764166059892
29295 654454850 1764166059918.692383 1764166059918 1764166059926
29296 654488194 1764166059952.032715 1764166059952 1764166059959
29297 654521538 1764166059985.372803 1764166059985 1764166059992
29298 654554882 1764166060018.713135 1764166060018 1764166060025
29299 654588226 1764166060052.053467 1764166060052 1764166060059
29300 654621570 1764166060085.393555 1764166060085 1764166060092
29301 654654913 1764166060118.732910 1764166060118 1764166060125
29302 654688257 1764166060152.072998 1764166060152 1764166060159
29303 654721601 1764166060185.413086 1764166060185 1764166060192
29304 654754945 1764166060218.753174 1764166060218 1764166060225
29305 654788289 1764166060252.093262 1764166060252 1764166060259
29306 654821633 1764166060285.433350 1764166060285 1764166060292
29307 654854977 1764166060318.773438 1764166060319 1764166060326
29308 654888321 1764166060352.113281 1764166060352 1764166060359
29309 654921665 1764166060385.453369 1764166060385 1764166060392
29310 654955009 1764166060418.793213 1764166060418 1764166060426
29311 654988353 1764166060452.133057 1764166060451 1764166060463
29312 655021697 1764166060485.473145 1764166060485 1764166060492
29313 655055041 1764166060518.812988 1764166060519 1764166060526
29314 655088385 1764166060552.152588 1764166060552 1764166060559
29315 655121728 1764166060585.491455 1764166060585 1764166060592
29316 655155072 1764166060618.831299 1764166060619 1764166060626
29317 655188416 1764166060652.170898 1764166060651 1764166060659
29318 655221760 1764166060685.510742 1764166060685 1764166060692
29319 655255104 1764166060718.850342 1764166060719 1764166060726
29320 655288448 1764166060752.189941 1764166060751 1764166060759
29321 655321792 1764166060785.529785 1764166060785 1764166060792
29322 655355136 1764166060818.869385 1764166060819 1764166060826
29323 655388480 1764166060852.209229 1764166060851 1764166060859
29324 655421824 1764166060885.549072 1764166060885 1764166060892
29325 655455168 1764166060918.888672 1764166060919 1764166060926
29326 655488512 1764166060952.228516 1764166060951 1764166060959
29327 655521856 1764166060985.568115 1764166060985 1764166060992
29328 655555199 1764166061018.906738 1764166061019 1764166061026
29329 655588543 1764166061052.246338 1764166061051 1764166061059
29330 655621887 1764166061085.585938 1764166061085 1764166061092
29331 655655231 1764166061118.925293 1764166061119 1764166061126
29332 655688575 1764166061152.264893 1764166061151 1764166061159
29333 655721919 1764166061185.604248 1764166061185 1764166061192
29334 655755263 1764166061218.943848 1764166061219 1764166061226
29335 655788607 1764166061252.283203 1764166061251 1764166061259
29336 655821951 1764166061285.622559 1764166061285 1764166061292
29337 655855295 1764166061318.961914 1764166061319 1764166061326
29338 655888639 1764166061352.301270 1764166061351 1764166061359
29339 655921983 1764166061385.640381 1764166061385 1764166061392
29340 655955327 1764166061418.979736 1764166061419 1764166061426
29341 655988670 1764166061452.317871 1764166061452 1764166061459
29342 656022014 1764166061485.657227 1764166061485 1764166061492
29343 656055358 1764166061518.996338 1764166061519 1764166061526
29344 656088702 1764166061552.335449 1764166061552 1764166061559
29345 656122046 1764166061585.674561 1764166061586 1764166061593
29346 656155390 1764166061619.013672 1764166061619 1764166061626
29347 656188734 1764166061652.352539 1764166061652 1764166061659
29348 656222078 1764166061685.691650 1764166061685 1764166061692
29349 656255422 1764166061719.030518 1764166061719 1764166061726
29350 656288766 1764166061752.369385 1764166061752 1764166061759
29351 656322110 1764166061785.708496 1764166061785 1764166061792
29352 656355454 1764166061819.048096 1764166061819 1764166061826
29353 656388798 1764166061852.387451 1764166061852 1764166061859
29354 656422142 1764166061885.727051 1764166061885 1764166061892
29355 656455485 1764166061919.065430 1764166061919 1764166061926
29356 656488829 1764166061952.404785 1764166061952 1764166061959
29357 656522173 1764166061985.744141 1764166061986 1764166061993
29358 656555517 1764166062019.083496 1764166062019 1764166062026
29359 656588861 1764166062052.422852 1764166062052 1764166062059
29360 656622205 1764166062085.762207 1764166062086 1764166062093
29361 656655549 1764166062119.101318 1764166062118 1764166062126
29362 656688893 1764166062152.440674 1764166062152 1764166062159
29363 656722237 1764166062185.779785 1764166062186 1764166062193
29364 656755581 1764166062219.118896 1764166062218 1764166062226
29365 656788925 1764166062252.458008 1764166062252 1764166062259
29366 656822269 1764166062285.797119 1764166062286 1764166062293
29367 656855613 1764166062319.136230 1764166062318 1764166062326
29368 656888956 1764166062352.474365 1764166062352 1764166062359
29369 656922300 1764166062385.813477 1764166062386 1764166062393
29370 656955644 1764166062419.152344 1764166062418 1764166062426
29371 656988988 1764166062452.491211 1764166062452 1764166062459
29372 657022332 1764166062485.830322 1764166062486 1764166062493
29373 657055676 1764166062519.169189 1764166062518 1764166062526
29374 657089020 1764166062552.508057 1764166062552 1764166062559
29375 657122364 1764166062585.846680 1764166062586 1764166062593
29376 657155708 1764166062619.185547 1764166062618 1764166062626
29377 657189052 1764166062652.524414 1764166062652 1764166062659
29378 657222396 1764166062685.863037 1764166062686 1764166062693
29379 657255740 1764166062719.201904 1764166062718 1764166062726
29380 657289084 1764166062752.540527 1764166062752 1764166062759
29381 657322427 1764166062785.878174 1764166062786 1764166062793
29382 657355771 1764166062819.217529 1764166062818 1764166062826
29383 657389115 1764166062852.556885 1764166062852 1764166062859
29384 657422459 1764166062885.895996 1764166062885 1764166062894
29385 657455803 1764166062919.235352 1764166062919 1764166062926
29386 657489147 1764166062952.574707 1764166062952 1764166062959
29387 657522491 1764166062985.913818 1764166062986 1764166062993
29388 657555835 1764166063019.252930 1764166063019 1764166063026
29389 657589179 1764166063052.592041 1764166063052 1764166063059
29390 657622523 1764166063085.931152 1764166063086 1764166063093
29391 657655867 1764166063119.270264 1764166063119 1764166063126
29392 657689211 1764166063152.609375 1764166063152 1764166063159
29393 657722555 1764166063185.948242 1764166063185 1764166063193
29394 657755899 1764166063219.287354 1764166063219 1764166063226
29395 657789242 1764166063252.625244 1764166063252 1764166063259
29396 657822586 1764166063285.964111 1764166063285 1764166063293
29397 657855930 1764166063319.302979 1764166063319 1764166063326
29398 657889274 1764166063352.641846 1764166063352 1764166063359
29399 657922618 1764166063385.980713 1764166063386 1764166063393
29400 657955962 1764166063419.319580 1764166063419 1764166063426
29401 657989306 1764166063452.658203 1764166063453 1764166063460
29402 658022650 1764166063485.997070 1764166063486 1764166063493
29403 658055994 1764166063519.335693 1764166063519 1764166063526
29404 658089338 1764166063552.674561 1764166063553 1764166063560
29405 658122682 1764166063586.013184 1764166063586 1764166063593
29406 658156026 1764166063619.351807 1764166063619 1764166063626
29407 658189370 1764166063652.690186 1764166063653 1764166063660
29408 658222713 1764166063686.027832 1764166063685 1764166063693
29409 658256057 1764166063719.366455 1764166063719 1764166063726
29410 658289401 1764166063752.704834 1764166063753 1764166063760
29411 658322745 1764166063786.043457 1764166063785 1764166063793
29412 658356089 1764166063819.382812 1764166063819 1764166063826
29413 658389433 1764166063852.722412 1764166063853 1764166063860
29414 658422777 1764166063886.061768 1764166063885 1764166063893
29415 658456121 1764166063919.401123 1764166063919 1764166063926
29416 658489465 1764166063952.740479 1764166063953 1764166063960
29417 658522809 1764166063986.079834 1764166063985 1764166063993
29418 658556153 1764166064019.419189 1764166064019 1764166064026
29419 658589497 1764166064052.758545 1764166064053 1764166064060
29420 658622841 1764166064086.097900 1764166064085 1764166064093
29421 658656184 1764166064119.436035 1764166064119 1764166064126
29422 658689528 1764166064152.775391 1764166064153 1764166064160
29423 658722872 1764166064186.114502 1764166064185 1764166064193
29424 658756216 1764166064219.453613 1764166064219 1764166064226
29425 658789560 1764166064252.792725 1764166064253 1764166064260
29426 658822904 1764166064286.131836 1764166064285 1764166064293
29427 658856248 1764166064319.470947 1764166064319 1764166064326
29428 658889592 1764166064352.810059 1764166064353 1764166064360
29429 658922936 1764166064386.149170 1764166064385 1764166064393
29430 658956280 1764166064419.488037 1764166064419 1764166064426
29431 658989624 1764166064452.827148 1764166064453 1764166064460
29432 659022968 1764166064486.166016 1764166064486 1764166064493
29433 659056312 1764166064519.505127 1764166064519 1764166064526
