1764166898764355968 54414
1764166898802194816 54415
1764166898831919520 54416
1764166898872793056 54417
1764166898899138080 54418
1764166898933744896 54419
1764166898962840768 54420
1764166899003555328 54421
1764166899037493408 54422
1764166899062117504 54423
1764166899096147136 54424
1764166899134821728 54425
1764166899171926144 54426
1764166899198918400 54427
1764166899241328288 54428
1764166899264492288 54429
1764166899299510336 54430
1764166899338469024 54431
1764166899364558368 54432
1764166899398972768 54433
1764166899432449568 54434
1764166899466789152 54435
1764166899494607456 54436
1764166899528450144 54437
1764166899564722048 54438
1764166899599085536 54439
1764166899628143168 54440
1764166899664162880 54441
1764166899699555936 54442
1764166899739266112 54443
1764166899774695680 54444
1764166899799114176 54445
1764166899835609632 54446
1764166899860934016 54447
1764166899895133408 54448
1764166899949392416 54449
1764166899966691104 54450
1764166899993334816 54451
1764166900028098336 54452
1764166900063581728 54453
1764166900099213184 54454
1764166900127206144 54455
1764166900169076704 54456
1764166900194858688 54457
1764166900231437280 54458
1764166900267268320 54459
1764166900294445024 54460
1764166900328756096 54461
1764166900372213984 54462
1764166900404677920 54463
1764166900431435552 54464
1764166900466397856 54465
1764166900493852800 54466
1764166900530317344 54467
1764166900565054560 54468
1764166900599323424 54469
1764166900634617440 54470
1764166900661320672 54471
1764166900706015264 54472
1764166900732992512 54473
1764166900760202720 54474
1764166900795711520 54475
1764166900835265504 54476
1764166900861493152 54477
1764166900896083200 54478
1764166900931566976 54479
1764166900971517184 54480
1764166900997913952 54481
1764166901035561280 54482
1764166901061784576 54483
1764166901102024320 54484
1764166901127154336 54485
1764166901169242304 54486
1764166901194832960 54487
1764166901235253152 54488
1764166901260387648 54489
1764166901299384224 54490
1764166901329474592 54491
1764166901365102752 54492
1764166901398278240 54493
1764166901431673248 54494
1764166901467809632 54495
1764166901503040992 54496
1764166901530392224 54497
1764166901564892480 54498
1764166901598442272 54499
1764166901635160672 54500
1764166901661063040 54501
1764166901697310144 54502
1764166901732153792 54503
1764166901765485984 54504
1764166901800463008 54505
1764166901830546592 54506
1764166901870620768 54507
1764166901897843424 54508
1764166901931983360 54509
1764166901965011904 54510
1764166902003185088 54511
1764166902044202368 54512
1764166902065188832 54513
1764166902106480288 54514
1764166902132323840 54515
1764166902160687776 54516
1764166902197141984 54517
1764166902231663488 54518
1764166902260602656 54519
1764166902300754688 54520
1764166902326437888 54521
1764166902361296640 54522
1764166902397775904 54523
1764166902435528000 54524
1764166902461906816 54525
1764166902509247136 54526
1764166902535233056 54527
1764166902560296384 54528
1764166902595232928 54529
1764166902635074336 54530
1764166902660983968 54531
1764166902697516896 54532
1764166902735751488 54533
1764166902763196288 54534
1764166902797545152 54535
1764166902833751648 54536
1764166902859993216 54537
1764166902896252864 54538
1764166902931263584 54539
1764166902964923232 54540
1764166902994003584 54541
1764166903032934016 54542
1764166903060546240 54543
1764166903099517216 54544
1764166903127367136 54545
1764166903162160224 54546
1764166903201940064 54547
1764166903229202272 54548
1764166903264173792 54549
1764166903297929696 54550
1764166903335906016 54551
1764166903361644672 54552
1764166903410494688 54553
1764166903431371392 54554
1764166903464565728 54555
1764166903499357408 54556
1764166903535000672 54557
1764166903563976992 54558
1764166903593574432 54559
1764166903628848064 54560
1764166903663819552 54561
1764166903701736480 54562
1764166903727357728 54563
1764166903762492064 54564
1764166903798448992 54565
1764166903828849856 54566
1764166903862985984 54567
1764166903897493984 54568
1764166903931040544 54569
1764166903966452192 54570
1764166903994772768 54571
1764166904029390304 54572
1764166904065509056 54573
1764166904097912032 54574
1764166904127268608 54575
1764166904162724576 54576
1764166904197829312 54577
1764166904240716256 54578
1764166904266313248 54579
1764166904294526880 54580
1764166904329893344 54581
1764166904367104256 54582
1764166904393156416 54583
1764166904430240352 54584
1764166904464532768 54585
1764166904497585920 54586
1764166904531224448 54587
1764166904564605568 54588
1764166904598101536 54589
1764166904631601920 54590
1764166904660307552 54591
1764166904698003968 54592
1764166904732322016 54593
1764166904776164512 54594
1764166904799504928 54595
1764166904842690656 54596
1764166904866178304 54597
1764166904895801888 54598
1764166904929211936 54599
1764166904966193120 54600
1764166904993313920 54601
1764166905030559488 54602
1764166905067193984 54603
1764166905097712256 54604
1764166905132478304 54605
1764166905162212704 54606
1764166905199093696 54607
1764166905228525696 54608
1764166905263662176 54609
1764166905298887200 54610
1764166905334451904 54611
1764166905360064064 54612
1764166905396988256 54613
1764166905431509216 54614
1764166905464075712 54615
1764166905497816992 54616
1764166905531430464 54617
1764166905564852960 54618
1764166905598226784 54619
1764166905631411552 54620
1764166905674257344 54621
1764166905697333472 54622
1764166905738540224 54623
1764166905763745248 54624
1764166905798818880 54625
1764166905845140800 54626
1764166905865560352 54627
1764166905892009216 54628
1764166905930371712 54629
1764166905966476672 54630
1764166905993670656 54631
1764166906028242336 54632
1764166906065834464 54633
1764166906093569536 54634
1764166906129304448 54635
1764166906164632832 54636
1764166906197929792 54637
1764166906233353792 54638
1764166906260109888 54639
1764166906296202816 54640
1764166906332929696 54641
1764166906359786208 54642
1764166906397079296 54643
1764166906430879392 54644
1764166906477603392 54645
1764166906501509984 54646
1764166906527090656 54647
1764166906564432736 54648
1764166906597847744 54649
1764166906631009984 54650
1764166906664072256 54651
1764166906698371136 54652
1764166906732209472 54653
1764166906766767136 54654
1764166906793594720 54655
1764166906826437344 54656
1764166906867347200 54657
1764166906897715648 54658
1764166906931548864 54659
1764166906965874400 54660
1764166906997375296 54661
1764166907031392448 54662
1764166907059292064 54663
1764166907096371424 54664
1764166907132148672 54665
1764166907165788928 54666
1764166907193189696 54667
1764166907234662144 54668
1764166907267952000 54669
1764166907293908992 54670
1764166907329444768 54671
1764166907371816864 54672
1764166907396830560 54673
1764166907429873728 54674
1764166907463889280 54675
1764166907497496288 54676
1764166907530626944 54677
1764166907560251616 54678
1764166907595171328 54679
1764166907629862720 54680
1764166907664308064 54681
1764166907697543008 54682
1764166907730622720 54683
1764166907764361984 54684
1764166907798959296 54685
1764166907826358592 54686
1764166907861795936 54687
1764166907897776864 54688
1764166907938464064 54689
1764166907963963360 54690
1764166908007702976 54691
1764166908029791552 54692
1764166908063948576 54693
1764166908098224480 54694
1764166908131817632 54695
1764166908161480992 54696
1764166908196137120 54697
1764166908242467232 54698
1764166908263317760 54699
1764166908298862400 54700
1764166908329273280 54701
1764166908374147296 54702
1764166908397955040 54703
1764166908434450240 54704
1764166908460463104 54705
1764166908496228768 54706
1764166908530562752 54707
1764166908558625664 54708
1764166908593568768 54709
1764166908628729984 54710
1764166908668237504 54711
1764166908693375296 54712
1764166908728619456 54713
1764166908762181248 54714
1764166908796934784 54715
1764166908825768608 54716
1764166908864238240 54717
1764166908898145632 54718
1764166908925535840 54719
1764166908965256512 54720
1764166908992481920 54721
1764166909028524832 54722
1764166909062521280 54723
1764166909097274240 54724
1764166909125840224 54725
1764166909161254016 54726
1764166909195495840 54727
1764166909229619968 54728
1764166909266515872 54729
1764166909297886496 54730
1764166909330532128 54731
1764166909363617760 54732
1764166909397312064 54733
1764166909432591872 54734
1764166909460667072 54735
1764166909494719456 54736
1764166909539520032 54737
1764166909563442752 54738
1764166909596089568 54739
1764166909630378336 54740
1764166909663517504 54741
1764166909692047488 54742
1764166909735100864 54743
1764166909763122496 54744
1764166909812057152 54745
1764166909831306208 54746
1764166909861936832 54747
1764166909898461440 54748
1764166909927071392 54749
1764166909961403616 54750
1764166909996585696 54751
1764166910034475776 54752
1764166910061329088 54753
1764166910095828480 54754
1764166910136343488 54755
1764166910162262528 54756
1764166910195650304 54757
1764166910230198240 54758
1764166910263557216 54759
1764166910297367488 54760
1764166910328202880 54761
1764166910364525088 54762
1764166910392853024 54763
1764166910425960032 54764
1764166910462010144 54765
1764166910496921824 54766
1764166910524650208 54767
1764166910561596352 54768
1764166910598456320 54769
1764166910625079168 54770
1764166910659229440 54771
1764166910694761792 54772
1764166910728878784 54773
1764166910763600576 54774
1764166910796808608 54775
1764166910830239072 54776
1764166910862960608 54777
1764166910899609920 54778
1764166910929323808 54779
1764166910963918624 54780
1764166910991306048 54781
1764166911025569120 54782
1764166911060603392 54783
1764166911092476544 54784
1764166911141190208 54785
1764166911174789216 54786
1764166911197981056 54787
1764166911225814848 54788
1764166911264475584 54789
1764166911293092832 54790
1764166911328432096 54791
1764166911363659328 54792
1764166911395441184 54793
1764166911429822016 54794
1764166911464319872 54795
1764166911492380832 54796
1764166911528403968 54797
1764166911561809728 54798
1764166911596479136 54799
1764166911639445024 54800
1764166911664939840 54801
1764166911696511008 54802
1764166911738457760 54803
1764166911763432448 54804
1764166911800317536 54805
1764166911824908864 54806
1764166911859542976 54807
1764166911906846880 54808
1764166911930607104 54809
1764166911962786272 54810
1764166911991523328 54811
1764166912026687360 54812
1764166912062062144 54813
1764166912096911232 54814
1764166912131530656 54815
1764166912157952000 54816
1764166912193185504 54817
1764166912229787424 54818
1764166912263109184 54819
1764166912297820704 54820
1764166912334082016 54821
1764166912358326208 54822
1764166912392727584 54823
1764166912429526112 54824
1764166912474585312 54825
1764166912495652736 54826
1764166912530494592 54827
1764166912558022240 54828
1764166912596964288 54829
1764166912631259776 54830
1764166912658454656 54831
1764166912693845056 54832
1764166912730853216 54833
1764166912766959776 54834
1764166912792614816 54835
1764166912841566208 54836
1764166912863073216 54837
1764166912896486304 54838
1764166912929182112 54839
1764166912959793696 54840
1764166913019398848 54841
1764166913037842368 54842
1764166913067572192 54843
1764166913109285376 54844
1764166913129367200 54845
1764166913162826688 54846
1764166913190502464 54847
1764166913224876128 54848
1764166913259991008 54849
1764166913302870688 54850
1764166913329895456 54851
1764166913359059200 54852
1764166913394075328 54853
1764166913429375392 54854
1764166913462836960 54855
1764166913496567328 54856
1764166913534455456 54857
1764166913561484864 54858
1764166913590592800 54859
1764166913631008704 54860
1764166913658938784 54861
1764166913695223392 54862
1764166913735428704 54863
1764166913768303040 54864
1764166913795410912 54865
1764166913829623840 54866
1764166913861959232 54867
1764166913897241184 54868
1764166913930467072 54869
1764166913958768640 54870
1764166913995796224 54871
1764166914034454208 54872
1764166914062058080 54873
1764166914096448032 54874
1764166914128119168 54875
1764166914163939904 54876
1764166914193142400 54877
1764166914228407936 54878
1764166914257688800 54879
1764166914298444064 54880
1764166914325113216 54881
1764166914361320032 54882
1764166914395626784 54883
1764166914424072768 54884
1764166914460362592 54885
1764166914497052832 54886
1764166914530469440 54887
1764166914557919296 54888
1764166914597241024 54889
1764166914625565632 54890
1764166914675189696 54891
1764166914698414432 54892
1764166914731440288 54893
1764166914757010304 54894
1764166914791228800 54895
1764166914827647168 54896
1764166914863860064 54897
1764166914895983168 54898
1764166914928739296 54899
1764166914963613792 54900
1764166914990530784 54901
1764166915027143424 54902
1764166915063352448 54903
1764166915112124000 54904
1764166915132525248 54905
1764166915158368352 54906
1764166915202251936 54907
1764166915228606048 54908
1764166915262493472 54909
1764166915290317504 54910
1764166915325173728 54911
1764166915361113824 54912
1764166915395793152 54913
1764166915428354400 54914
1764166915462708160 54915
1764166915495421184 54916
1764166915528243552 54917
1764166915561719616 54918
1764166915595686080 54919
1764166915629502464 54920
1764166915663398368 54921
1764166915690351520 54922
1764166915723701152 54923
1764166915758077056 54924
1764166915794266208 54925
1764166915829071840 54926
1764166915878469344 54927
1764166915913126752 54928
1764166915934572224 54929
1764166915961924864 54930
1764166915994587872 54931
1764166916041905568 54932
1764166916075559456 54933
1764166916095267264 54934
1764166916128555712 54935
1764166916163727808 54936
1764166916194731232 54937
1764166916228211904 54938
1764166916264152448 54939
1764166916292347776 54940
1764166916326493408 54941
1764166916362204896 54942
1764166916394889056 54943
1764166916428054048 54944
1764166916463098400 54945
1764166916490782720 54946
1764166916528670112 54947
1764166916557561696 54948
1764166916614447328 54949
1764166916630609856 54950
1764166916660231872 54951
1764166916695566784 54952
1764166916732282080 54953
1764166916760827168 54954
1764166916796094784 54955
1764166916840019744 54956
1764166916863263808 54957
1764166916890227296 54958
1764166916924898784 54959
1764166916960799840 54960
1764166916996234272 54961
1764166917030193152 54962
1764166917068968256 54963
1764166917094518112 54964
1764166917127338880 54965
1764166917171799232 54966
1764166917197511328 54967
1764166917224258208 54968
1764166917261580992 54969
1764166917295063616 54970
1764166917331358656 54971
1764166917357916288 54972
1764166917391912928 54973
1764166917428145600 54974
1764166917461278912 54975
1764166917489971328 54976
1764166917528684416 54977
1764166917560089344 54978
1764166917595440192 54979
1764166917627358432 54980
1764166917674991168 54981
1764166917693871072 54982
1764166917735654720 54983
1764166917761763168 54984
1764166917790482944 54985
1764166917827756672 54986
1764166917865058784 54987
1764166917892317120 54988
1764166917926039488 54989
1764166917961413344 54990
1764166917994808160 54991
1764166918034460960 54992
1764166918061642208 54993
1764166918095251424 54994
1764166918128692096 54995
1764166918175091872 54996
1764166918193925856 54997
1764166918228983488 54998
1764166918256163040 54999
1764166918292619456 55000
1764166918327896352 55001
1764166918361168000 55002
1764166918394934880 55003
1764166918428139104 55004
1764166918457107264 55005
1764166918494479232 55006
1764166918526259136 55007
1764166918561995648 55008
1764166918590024256 55009
1764166918625611776 55010
1764166918662588224 55011
1764166918696362688 55012
1764166918730138656 55013
1764166918755789856 55014
1764166918793612064 55015
1764166918829442912 55016
1764166918862576480 55017
1764166918904864256 55018
1764166918933580928 55019
1764166918975065504 55020
1764166918998101600 55021
1764166919023832160 55022
1764166919058967424 55023
1764166919094482592 55024
1764166919130778528 55025
1764166919157121248 55026
1764166919190798528 55027
1764166919225499872 55028
1764166919265319232 55029
1764166919293531360 55030
1764166919328463968 55031
1764166919356194624 55032
1764166919396494528 55033
1764166919423220640 55034
1764166919457928512 55035
1764166919496090112 55036
1764166919525333632 55037
1764166919559542912 55038
1764166919593496960 55039
1764166919626805920 55040
1764166919661610752 55041
1764166919688916512 55042
1764166919725302112 55043
1764166919761649632 55044
1764166919795851872 55045
1764166919823908128 55046
1764166919861669472 55047
1764166919896618528 55048
1764166919924257248 55049
1764166919960353504 55050
1764166919995794944 55051
1764166920023871232 55052
1764166920059393408 55053
1764166920094115392 55054
1764166920128381792 55055
1764166920161881216 55056
1764166920194281280 55057
1764166920227648160 55058
1764166920261787552 55059
1764166920289987744 55060
1764166920326253568 55061
1764166920360603392 55062
1764166920394352224 55063
1764166920424289664 55064
1764166920460559840 55065
1764166920495494624 55066
1764166920522870912 55067
1764166920557054592 55068
1764166920595999264 55069
1764166920624332192 55070
1764166920659228896 55071
1764166920695103456 55072
1764166920723284320 55073
1764166920758321632 55074
1764166920793188480 55075
1764166920827965440 55076
1764166920857328000 55077
1764166920893370528 55078
1764166920927756512 55079
1764166920961207488 55080
1764166920994861888 55081
1764166921023282944 55082
1764166921057784992 55083
1764166921092333536 55084
1764166921127449984 55085
1764166921156230016 55086
1764166921193262016 55087
1764166921228601152 55088
1764166921264176384 55089
1764166921290204352 55090
1764166921326091168 55091
1764166921362823552 55092
1764166921393119008 55093
1764166921428176608 55094
1764166921462348800 55095
1764166921489487360 55096
1764166921524114848 55097
1764166921559103136 55098
1764166921594536352 55099
1764166921628189856 55100
1764166921655990624 55101
1764166921693165344 55102
1764166921727415456 55103
1764166921763743776 55104
1764166921790109056 55105
1764166921825808256 55106
1764166921860916384 55107
1764166921893838080 55108
1764166921928584288 55109
1764166921957434144 55110
1764166921994452128 55111
1764166922029814464 55112
1764166922062645184 55113
1764166922091211296 55114
1764166922142534080 55115
1764166922162578976 55116
1764166922193774784 55117
1764166922227158976 55118
1764166922261052064 55119
1764166922294006656 55120
1764166922327519360 55121
1764166922361302976 55122
1764166922395500416 55123
1764166922427280448 55124
1764166922468751584 55125
1764166922492760640 55126
1764166922530009632 55127
1764166922562289952 55128
1764166922591944352 55129
1764166922628018880 55130
1764166922654832224 55131
1764166922688750528 55132
1764166922727282912 55133
1764166922757508128 55134
1764166922793258784 55135
1764166922821761536 55136
1764166922861075168 55137
1764166922894922176 55138
1764166922922493920 55139
1764166922957483296 55140
1764166922993383520 55141
1764166923026735488 55142
1764166923075478624 55143
1764166923092168832 55144
1764166923125476960 55145
1764166923160093216 55146
1764166923193125760 55147
1764166923227465056 55148
1764166923255902592 55149
1764166923290738656 55150
1764166923325289888 55151
1764166923359349344 55152
1764166923395921056 55153
1764166923430006720 55154
1764166923459459968 55155
1764166923492514688 55156
1764166923526245696 55157
1764166923559455392 55158
1764166923596142656 55159
1764166923623447936 55160
1764166923660839264 55161
1764166923688439552 55162
1764166923724188416 55163
1764166923763638336 55164
1764166923790705152 55165
1764166923824285856 55166
1764166923859308096 55167
1764166923892791968 55168
1764166923942733728 55169
1764166923961295392 55170
1764166923988167104 55171
1764166924023000864 55172
1764166924059454016 55173
1764166924093949792 55174
1764166924127332448 55175
1764166924160744512 55176
1764166924189242464 55177
1764166924225783744 55178
1764166924265735648 55179
1764166924293444128 55180
1764166924323942048 55181
1764166924359621312 55182
1764166924403070720 55183
1764166924428526656 55184
1764166924460445312 55185
1764166924488943232 55186
1764166924523224832 55187
1764166924558162016 55188
1764166924592709984 55189
1764166924627304992 55190
1764166924662357344 55191
1764166924689492608 55192
1764166924724285408 55193
1764166924759365536 55194
1764166924793815872 55195
1764166924821832480 55196
1764166924856450560 55197
1764166924894467680 55198
1764166924933385248 55199
1764166924961031232 55200
1764166924988875808 55201
1764166925024735968 55202
1764166925058903392 55203
1764166925096575328 55204
1764166925122943424 55205
1764166925159742720 55206
1764166925188117440 55207
1764166925221992160 55208
1764166925258611360 55209
1764166925296339136 55210
1764166925321974720 55211
1764166925356695264 55212
1764166925393292704 55213
1764166925421529984 55214
1764166925460903968 55215
1764166925489661664 55216
1764166925524379456 55217
1764166925558451328 55218
1764166925593885376 55219
1764166925627381088 55220
1764166925655456096 55221
1764166925690901888 55222
1764166925726562080 55223
1764166925759604288 55224
1764166925793286688 55225
1764166925825815104 55226
1764166925858604960 55227
1764166925892974656 55228
1764166925925769024 55229
1764166925961951776 55230
1764166925997730304 55231
1764166926027201216 55232
1764166926058112736 55233
1764166926091824896 55234
1764166926128736256 55235
1764166926161470624 55236
1764166926189471360 55237
1764166926224674528 55238
1764166926259675072 55239
1764166926287694560 55240
1764166926329169728 55241
1764166926356134368 55242
1764166926391714848 55243
1764166926432431456 55244
1764166926459333952 55245
1764166926492163360 55246
1764166926526786496 55247
1764166926556997408 55248
1764166926591711712 55249
1764166926625938688 55250
1764166926658875360 55251
1764166926695351808 55252
1764166926722132960 55253
1764166926757233952 55254
1764166926791395808 55255
1764166926826435616 55256
1764166926876427808 55257
1764166926899862432 55258
1764166926928231648 55259
1764166926956260672 55260
1764166926993318208 55261
1764166927025187456 55262
1764166927060052416 55263
1764166927091784416 55264
1764166927125881024 55265
1764166927160413568 55266
1764166927188705344 55267
1764166927223223584 55268
1764166927259511232 55269
1764166927292123936 55270
1764166927326224768 55271
1764166927358990048 55272
1764166927395354944 55273
1764166927421349312 55274
1764166927459093376 55275
1764166927492272064 55276
1764166927527112384 55277
1764166927559871424 55278
1764166927598118848 55279
1764166927626932512 55280
1764166927654999200 55281
1764166927690019808 55282
1764166927733717632 55283
1764166927759088512 55284
1764166927797747104 55285
1764166927827063008 55286
1764166927856718528 55287
1764166927936066944 55288
1764166927966927040 55289
1764166927992940960 55290
1764166928017981056 55291
1764166928046612256 55292
1764166928065190496 55293
1764166928101168960 55294
1764166928127286496 55295
1764166928154437408 55296
1764166928188483296 55297
1764166928223322848 55298
1764166928257946400 55299
1764166928291905536 55300
1764166928326440224 55301
1764166928362007296 55302
1764166928388173824 55303
1764166928423098112 55304
1764166928457644608 55305
1764166928491876864 55306
1764166928527563968 55307
1764166928553939296 55308
1764166928597468480 55309
1764166928625067872 55310
1764166928659618784 55311
1764166928693155424 55312
1764166928726514464 55313
1764166928753887392 55314
1764166928799923296 55315
1764166928827113056 55316
1764166928857271744 55317
1764166928891169376 55318
1764166928937519104 55319
1764166928962815776 55320
1764166928988242464 55321
1764166929025359936 55322
1764166929058184896 55323
1764166929091474944 55324
1764166929126056352 55325
1764166929157268672 55326
1764166929191889504 55327
1764166929231186560 55328
1764166929279011200 55329
1764166929294824224 55330
1764166929325665568 55331
1764166929352965856 55332
1764166929388656192 55333
1764166929424559584 55334
1764166929467977696 55335
1764166929492285152 55336
1764166929526446240 55337
1764166929564203136 55338
1764166929592606336 55339
1764166929619730752 55340
1764166929655494272 55341
1764166929692927136 55342
1764166929730951168 55343
1764166929758855264 55344
1764166929788195328 55345
1764166929825017824 55346
1764166929858969856 55347
1764166929891058176 55348
1764166929926302912 55349
1764166929954205504 55350
1764166929992059008 55351
1764166930025823552 55352
1764166930059160576 55353
1764166930092409824 55354
1764166930126272032 55355
1764166930155843584 55356
1764166930190692864 55357
1764166930225529984 55358
1764166930258472544 55359
1764166930291944000 55360
1764166930323669536 55361
1764166930358640448 55362
1764166930392278464 55363
1764166930424127744 55364
1764166930469350400 55365
1764166930491401984 55366
1764166930525243232 55367
1764166930561567360 55368
1764166930587316896 55369
1764166930623950304 55370
1764166930658336064 55371
1764166930689664032 55372
1764166930724670432 55373
1764166930758743136 55374
1764166930787577280 55375
1764166930822890528 55376
1764166930857763104 55377
1764166930891591360 55378
1764166930925839040 55379
1764166930959070016 55380
1764166930986556352 55381
1764166931020720192 55382
1764166931066612672 55383
1764166931101714432 55384
1764166931130849184 55385
1764166931158846560 55386
1764166931186231520 55387
1764166931221052288 55388
1764166931260015232 55389
1764166931291304384 55390
1764166931326325664 55391
1764166931364512896 55392
1764166931391270016 55393
1764166931424838880 55394
1764166931462040896 55395
1764166931489031808 55396
1764166931527996448 55397
1764166931563563040 55398
1764166931594821024 55399
1764166931653404064 55400
1764166931669919712 55401
1764166931702261248 55402
1764166931728149792 55403
1764166931764686592 55404
1764166931795241632 55405
1764166931822269600 55406
1764166931857729792 55407
1764166931888657760 55408
1764166931923596896 55409
1764166931958349504 55410
1764166931993508864 55411
1764166932021902944 55412
1764166932055963680 55413
1764166932098452256 55414
1764166932124195808 55415
1764166932160035328 55416
1764166932186112320 55417
1764166932220919264 55418
1764166932267619360 55419
1764166932291929504 55420
1764166932321815168 55421
1764166932355678816 55422
1764166932394105760 55423
1764166932433856832 55424
1764166932458415360 55425
1764166932502363520 55426
1764166932534994848 55427
1764166932562641664 55428
1764166932592858688 55429
1764166932622995328 55430
1764166932657271456 55431
1764166932690890848 55432
1764166932723936096 55433
1764166932757830112 55434
1764166932786004832 55435
1764166932825052448 55436
1764166932858436480 55437
1764166932892003840 55438
1764166932920571264 55439
1764166932958129280 55440
1764166932990843712 55441
1764166933025030400 55442
1764166933058600608 55443
1764166933090113696 55444
