105952 3570618783 1764164648760.279541 1764164648761 1764164648768
105953 3570652127 1764164648793.622559 1764164648793 1764164648801
105954 3570685471 1764164648826.965576 1764164648827 1764164648834
105955 3570718815 1764164648860.308838 1764164648861 1764164648868
105956 3570752159 1764164648893.651855 1764164648893 1764164648901
105957 3570785503 1764164648926.994873 1764164648927 1764164648934
105958 3570818847 1764164648960.338135 1764164648961 1764164648968
105959 3570852191 1764164648993.681396 1764164648993 1764164649001
105960 3570885535 1764164649027.024414 1764164649027 1764164649034
105961 3570918879 1764164649060.367676 1764164649061 1764164649068
105962 3570952223 1764164649093.710938 1764164649094 1764164649101
105963 3570985567 1764164649127.054199 1764164649127 1764164649134
105964 3571018911 1764164649160.397461 1764164649161 1764164649168
105965 3571052254 1764164649193.739746 1764164649194 1764164649201
105966 3571085598 1764164649227.083008 1764164649227 1764164649234
105967 3571118942 1764164649260.426270 1764164649261 1764164649268
105968 3571152286 1764164649293.769531 1764164649294 1764164649301
105969 3571185630 1764164649327.113037 1764164649327 1764164649334
105970 3571218974 1764164649360.456299 1764164649361 1764164649368
105971 3571252318 1764164649393.799805 1764164649394 1764164649401
105972 3571285662 1764164649427.143066 1764164649428 1764164649435
105973 3571319006 1764164649460.486572 1764164649460 1764164649468
105974 3571352350 1764164649493.829834 1764164649494 1764164649501
105975 3571385694 1764164649527.173340 1764164649528 1764164649535
105976 3571419038 1764164649560.516846 1764164649560 1764164649568
105977 3571452382 1764164649593.860352 1764164649594 1764164649601
105978 3571485725 1764164649627.202881 1764164649628 1764164649635
105979 3571519069 1764164649660.546387 1764164649660 1764164649668
105980 3571552413 1764164649693.887451 1764164649694 1764164649701
105981 3571585757 1764164649727.230957 1764164649728 1764164649735
105982 3571619101 1764164649760.574219 1764164649760 1764164649768
105983 3571652445 1764164649793.917725 1764164649794 1764164649801
105984 3571685789 1764164649827.261230 1764164649828 1764164649835
105985 3571719133 1764164649860.604736 1764164649860 1764164649868
105986 3571752477 1764164649893.947998 1764164649894 1764164649901
105987 3571785821 1764164649927.291504 1764164649928 1764164649935
105988 3571819165 1764164649960.635010 1764164649960 1764164649968
105989 3571852509 1764164649993.978516 1764164649994 1764164650001
105990 3571885853 1764164650027.322266 1764164650028 1764164650035
105991 3571919196 1764164650060.664795 1764164650061 1764164650068
105992 3571952540 1764164650094.008301 1764164650094 1764164650101
105993 3571985884 1764164650127.351807 1764164650128 1764164650135
105994 3572019228 1764164650160.695557 1764164650161 1764164650168
105995 3572052572 1764164650194.039062 1764164650194 1764164650201
105996 3572085916 1764164650227.382812 1764164650228 1764164650235
105997 3572119260 1764164650260.726318 1764164650261 1764164650268
105998 3572152604 1764164650294.070068 1764164650295 1764164650302
105999 3572185948 1764164650327.413818 1764164650328 1764164650335
106000 3572219292 1764164650360.757568 1764164650361 1764164650368
106001 3572252636 1764164650394.101074 1764164650394 1764164650402
106002 3572285980 1764164650427.444824 1764164650427 1764164650435
106003 3572319324 1764164650460.788574 1764164650461 1764164650468
106004 3572352668 1764164650494.132324 1764164650495 1764164650502
106005 3572386011 1764164650527.475098 1764164650527 1764164650535
106006 3572419355 1764164650560.819092 1764164650561 1764164650568
106007 3572452699 1764164650594.162842 1764164650595 1764164650602
106008 3572486043 1764164650627.506592 1764164650627 1764164650635
106009 3572519387 1764164650660.850342 1764164650661 1764164650668
106010 3572552731 1764164650694.194336 1764164650695 1764164650702
106011 3572586075 1764164650727.538574 1764164650727 1764164650735
106012 3572619419 1764164650760.883057 1764164650761 1764164650768
106013 3572652763 1764164650794.227539 1764164650795 1764164650802
106014 3572686107 1764164650827.571777 1764164650827 1764164650835
106015 3572719451 1764164650860.916260 1764164650861 1764164650868
106016 3572752795 1764164650894.260742 1764164650895 1764164650902
106017 3572786139 1764164650927.605225 1764164650928 1764164650935
106018 3572819482 1764164650960.948730 1764164650961 1764164650968
106019 3572852826 1764164650994.293213 1764164650995 1764164651002
106020 3572886170 1764164651027.637939 1764164651028 1764164651035
106021 3572919514 1764164651060.982422 1764164651061 1764164651068
106022 3572952858 1764164651094.327148 1764164651095 1764164651102
106023 3572986202 1764164651127.671631 1764164651128 1764164651135
106024 3573019546 1764164651161.016357 1764164651161 1764164651168
106025 3573052890 1764164651194.360840 1764164651194 1764164651202
106026 3573086234 1764164651227.705566 1764164651228 1764164651235
106027 3573119578 1764164651261.050293 1764164651262 1764164651269
106028 3573152922 1764164651294.395020 1764164651294 1764164651302
106029 3573186266 1764164651327.739746 1764164651328 1764164651335
106030 3573219610 1764164651361.084473 1764164651362 1764164651369
106031 3573252953 1764164651394.428467 1764164651394 1764164651402
106032 3573286297 1764164651427.773193 1764164651428 1764164651435
106033 3573319641 1764164651461.117920 1764164651462 1764164651469
106034 3573352985 1764164651494.462891 1764164651494 1764164651502
106035 3573386329 1764164651527.807617 1764164651528 1764164651535
106036 3573419673 1764164651561.152588 1764164651562 1764164651569
106037 3573453017 1764164651594.497559 1764164651594 1764164651602
106038 3573486361 1764164651627.842529 1764164651628 1764164651635
106039 3573519705 1764164651661.187500 1764164651662 1764164651669
106040 3573553049 1764164651694.532471 1764164651694 1764164651702
106041 3573586393 1764164651727.877686 1764164651728 1764164651735
106042 3573619737 1764164651761.222900 1764164651762 1764164651769
106043 3573653081 1764164651794.568115 1764164651795 1764164651802
106044 3573686425 1764164651827.913330 1764164651828 1764164651835
106045 3573719768 1764164651861.257812 1764164651862 1764164651869
106046 3573753112 1764164651894.603027 1764164651895 1764164651902
106047 3573786456 1764164651927.948486 1764164651928 1764164651935
106048 3573819800 1764164651961.293945 1764164651962 1764164651969
106049 3573853144 1764164651994.639404 1764164651995 1764164652002
106050 3573886488 1764164652027.984619 1764164652028 1764164652035
106051 3573919832 1764164652061.330322 1764164652062 1764164652069
106052 3573953176 1764164652094.675781 1764164652095 1764164652102
106053 3573986520 1764164652128.021240 1764164652129 1764164652136
106054 3574019864 1764164652161.366699 1764164652162 1764164652169
106055 3574053208 1764164652194.712402 1764164652195 1764164652202
106056 3574086552 1764164652228.057861 1764164652229 1764164652236
106057 3574119896 1764164652261.403564 1764164652261 1764164652269
106058 3574153239 1764164652294.748291 1764164652295 1764164652302
106059 3574186583 1764164652328.093994 1764164652329 1764164652336
106060 3574219927 1764164652361.439697 1764164652361 1764164652369
106061 3574253271 1764164652394.785400 1764164652395 1764164652402
106062 3574286615 1764164652428.131104 1764164652428 1764164652438
106063 3574319959 1764164652461.477051 1764164652461 1764164652469
106064 3574353303 1764164652494.822754 1764164652495 1764164652502
106065 3574386647 1764164652528.168701 1764164652529 1764164652536
106066 3574419991 1764164652561.514404 1764164652561 1764164652569
106067 3574453335 1764164652594.860352 1764164652595 1764164652602
106068 3574486679 1764164652628.206299 1764164652629 1764164652636
106069 3574520023 1764164652661.552246 1764164652661 1764164652669
106070 3574553367 1764164652694.898193 1764164652695 1764164652702
106071 3574586710 1764164652728.242676 1764164652729 1764164652736
106072 3574620054 1764164652761.588135 1764164652762 1764164652769
106073 3574653398 1764164652794.933838 1764164652795 1764164652802
106074 3574686742 1764164652828.279541 1764164652829 1764164652836
106075 3574720086 1764164652861.625000 1764164652862 1764164652869
106076 3574753430 1764164652894.970703 1764164652895 1764164652902
106077 3574786774 1764164652928.316406 1764164652929 1764164652936
106078 3574820118 1764164652961.662109 1764164652962 1764164652969
106079 3574853462 1764164652995.007812 1764164652995 1764164653002
106080 3574886806 1764164653028.353760 1764164653029 1764164653036
106081 3574920150 1764164653061.699463 1764164653062 1764164653069
106082 3574953494 1764164653095.045410 1764164653096 1764164653103
106083 3574986838 1764164653128.391113 1764164653129 1764164653136
106084 3575020182 1764164653161.737061 1764164653162 1764164653169
106085 3575053525 1764164653195.082031 1764164653196 1764164653203
106086 3575086869 1764164653228.427979 1764164653228 1764164653236
106087 3575120213 1764164653261.773926 1764164653262 1764164653269
106088 3575153557 1764164653295.119873 1764164653296 1764164653303
106089 3575186901 1764164653328.465820 1764164653328 1764164653336
106090 3575220245 1764164653361.811768 1764164653362 1764164653369
106091 3575253589 1764164653395.157959 1764164653396 1764164653403
106092 3575286933 1764164653428.504150 1764164653428 1764164653436
106093 3575320277 1764164653461.850098 1764164653462 1764164653469
106094 3575353621 1764164653495.196289 1764164653496 1764164653503
106095 3575386965 1764164653528.542480 1764164653528 1764164653536
106096 3575420309 1764164653561.888672 1764164653562 1764164653569
106097 3575453653 1764164653595.234863 1764164653596 1764164653603
106098 3575486996 1764164653628.580078 1764164653628 1764164653636
106099 3575520340 1764164653661.926514 1764164653662 1764164653669
106100 3575553684 1764164653695.272705 1764164653696 1764164653703
106101 3575587028 1764164653728.618652 1764164653729 1764164653736
106102 3575620372 1764164653761.964600 1764164653762 1764164653769
106103 3575653716 1764164653795.310791 1764164653796 1764164653803
106104 3575687060 1764164653828.656738 1764164653829 1764164653836
106105 3575720404 1764164653862.002930 1764164653863 1764164653870
106106 3575753748 1764164653895.349121 1764164653896 1764164653903
106107 3575787092 1764164653928.695068 1764164653929 1764164653936
106108 3575820436 1764164653962.041260 1764164653963 1764164653970
106109 3575853780 1764164653995.387695 1764164653995 1764164654003
106110 3575887124 1764164654028.733887 1764164654029 1764164654036
106111 3575920467 1764164654062.079102 1764164654063 1764164654070
106112 3575953811 1764164654095.425293 1764164654095 1764164654103
106113 3575987155 1764164654128.771729 1764164654129 1764164654136
106114 3576020499 1764164654162.118164 1764164654163 1764164654170
106115 3576053843 1764164654195.464355 1764164654195 1764164654203
106116 3576087187 1764164654228.810791 1764164654229 1764164654236
106117 3576120531 1764164654262.157227 1764164654263 1764164654270
106118 3576153875 1764164654295.503662 1764164654295 1764164654303
106119 3576187219 1764164654328.850098 1764164654329 1764164654336
106120 3576220563 1764164654362.196777 1764164654363 1764164654370
106121 3576253907 1764164654395.543213 1764164654395 1764164654403
106122 3576287251 1764164654428.889893 1764164654429 1764164654436
106123 3576320595 1764164654462.236572 1764164654463 1764164654470
106124 3576353939 1764164654495.583008 1764164654495 1764164654503
106125 3576387282 1764164654528.928711 1764164654529 1764164654539
106126 3576420626 1764164654562.275391 1764164654563 1764164654570
106127 3576453970 1764164654595.622070 1764164654596 1764164654603
106128 3576487314 1764164654628.968994 1764164654629 1764164654636
106129 3576520658 1764164654662.315674 1764164654663 1764164654670
106130 3576554002 1764164654695.662354 1764164654696 1764164654703
106131 3576587346 1764164654729.008545 1764164654730 1764164654737
106132 3576620690 1764164654762.354980 1764164654763 1764164654770
106133 3576654034 1764164654795.701172 1764164654796 1764164654803
106134 3576687378 1764164654829.047363 1764164654830 1764164654837
106135 3576720722 1764164654862.393799 1764164654863 1764164654870
106136 3576754066 1764164654895.740234 1764164654896 1764164654903
106137 3576787410 1764164654929.086670 1764164654930 1764164654937
106138 3576820753 1764164654962.431885 1764164654963 1764164654970
106139 3576854097 1764164654995.778320 1764164654996 1764164655003
106140 3576887441 1764164655029.125000 1764164655030 1764164655037
106141 3576920785 1764164655062.471436 1764164655062 1764164655070
106142 3576954129 1764164655095.817871 1764164655096 1764164655103
106143 3576987473 1764164655129.164551 1764164655130 1764164655137
106144 3577020817 1764164655162.510986 1764164655162 1764164655170
106145 3577054161 1764164655195.857666 1764164655196 1764164655203
106146 3577087505 1764164655229.204346 1764164655230 1764164655237
106147 3577120849 1764164655262.551025 1764164655262 1764164655270
106148 3577154193 1764164655295.897705 1764164655296 1764164655303
106149 3577187537 1764164655329.244385 1764164655330 1764164655337
106150 3577220881 1764164655362.591064 1764164655362 1764164655370
106151 3577254224 1764164655395.936768 1764164655396 1764164655403
106152 3577287568 1764164655429.283691 1764164655430 1764164655437
106153 3577320912 1764164655462.630371 1764164655463 1764164655470
106154 3577354256 1764164655495.977295 1764164655496 1764164655503
106155 3577387600 1764164655529.324219 1764164655530 1764164655537
106156 3577420944 1764164655562.671143 1764164655563 1764164655570
106157 3577454288 1764164655596.018066 1764164655596 1764164655603
106158 3577487632 1764164655629.364990 1764164655630 1764164655637
106159 3577520976 1764164655662.711914 1764164655663 1764164655670
106160 3577554320 1764164655696.059082 1764164655697 1764164655704
106161 3577587664 1764164655729.405762 1764164655730 1764164655737
106162 3577621008 1764164655762.752441 1764164655763 1764164655770
106163 3577654352 1764164655796.099365 1764164655797 1764164655804
106164 3577687696 1764164655829.446045 1764164655830 1764164655837
106165 3577721039 1764164655862.791992 1764164655863 1764164655870
106166 3577754383 1764164655896.138916 1764164655897 1764164655904
106167 3577787727 1764164655929.485840 1764164655929 1764164655937
106168 3577821071 1764164655962.832764 1764164655963 1764164655970
106169 3577854415 1764164655996.179688 1764164655997 1764164656004
106170 3577887759 1764164656029.526611 1764164656029 1764164656037
106171 3577921103 1764164656062.873779 1764164656063 1764164656070
106172 3577954447 1764164656096.220703 1764164656097 1764164656104
106173 3577987791 1764164656129.567871 1764164656129 1764164656137
106174 3578021135 1764164656162.915039 1764164656163 1764164656170
106175 3578054479 1764164656196.262207 1764164656197 1764164656204
106176 3578087823 1764164656229.609375 1764164656229 1764164656237
106177 3578121167 1764164656262.956543 1764164656263 1764164656270
106178 3578154510 1764164656296.302734 1764164656297 1764164656304
106179 3578187854 1764164656329.649902 1764164656329 1764164656337
106180 3578221198 1764164656362.997314 1764164656363 1764164656370
106181 3578254542 1764164656396.344727 1764164656397 1764164656404
106182 3578287886 1764164656429.691895 1764164656430 1764164656437
106183 3578321230 1764164656463.039307 1764164656464 1764164656471
106184 3578354574 1764164656496.386719 1764164656497 1764164656504
106185 3578387918 1764164656529.734131 1764164656530 1764164656537
106186 3578421262 1764164656563.081787 1764164656564 1764164656571
106187 3578454606 1764164656596.429199 1764164656597 1764164656604
106188 3578487950 1764164656629.776855 1764164656630 1764164656637
106189 3578521294 1764164656663.124268 1764164656664 1764164656671
106190 3578554638 1764164656696.471924 1764164656697 1764164656704
106191 3578587981 1764164656729.817871 1764164656730 1764164656737
106192 3578621325 1764164656763.164795 1764164656764 1764164656771
106193 3578654669 1764164656796.511719 1764164656797 1764164656804
106194 3578688013 1764164656829.858643 1764164656830 1764164656837
106195 3578721357 1764164656863.205811 1764164656864 1764164656871
106196 3578754701 1764164656896.552734 1764164656896 1764164656904
106197 3578788045 1764164656929.899902 1764164656930 1764164656937
106198 3578821389 1764164656963.246826 1764164656964 1764164656971
106199 3578854733 1764164656996.593994 1764164656996 1764164657004
106200 3578888077 1764164657029.941162 1764164657030 1764164657037
106201 3578921421 1764164657063.288330 1764164657064 1764164657071
106202 3578954765 1764164657096.635742 1764164657096 1764164657104
106203 3578988109 1764164657129.982910 1764164657130 1764164657137
106204 3579021453 1764164657163.330078 1764164657164 1764164657171
106205 3579054796 1764164657196.676514 1764164657196 1764164657204
106206 3579088140 1764164657230.023682 1764164657230 1764164657237
106207 3579121484 1764164657263.371094 1764164657264 1764164657271
106208 3579154828 1764164657296.718506 1764164657297 1764164657304
106209 3579188172 1764164657330.065918 1764164657330 1764164657337
106210 3579221516 1764164657363.413330 1764164657364 1764164657371
106211 3579254860 1764164657396.760986 1764164657397 1764164657404
106212 3579288204 1764164657430.108398 1764164657430 1764164657437
106213 3579321548 1764164657463.456055 1764164657464 1764164657471
106214 3579354892 1764164657496.803467 1764164657497 1764164657504
106215 3579388236 1764164657530.151123 1764164657530 1764164657537
106216 3579421580 1764164657563.498779 1764164657564 1764164657571
106217 3579454924 1764164657596.846436 1764164657597 1764164657604
106218 3579488267 1764164657630.193115 1764164657631 1764164657638
106219 3579521611 1764164657663.540771 1764164657664 1764164657671
106220 3579554955 1764164657696.888428 1764164657697 1764164657704
106221 3579588299 1764164657730.235596 1764164657731 1764164657738
106222 3579621643 1764164657763.583008 1764164657763 1764164657771
106223 3579654987 1764164657796.930176 1764164657797 1764164657804
106224 3579688331 1764164657830.277344 1764164657831 1764164657838
106225 3579721675 1764164657863.624756 1764164657863 1764164657871
106226 3579755019 1764164657896.972168 1764164657897 1764164657904
106227 3579788363 1764164657930.319336 1764164657931 1764164657938
106228 3579821707 1764164657963.666748 1764164657963 1764164657971
106229 3579855051 1764164657997.014160 1764164657997 1764164658004
106230 3579888395 1764164658030.361816 1764164658031 1764164658038
106231 3579921738 1764164658063.708252 1764164658063 1764164658071
106232 3579955082 1764164658097.055664 1764164658097 1764164658104
106233 3579988426 1764164658130.403320 1764164658131 1764164658138
106234 3580021770 1764164658163.750732 1764164658163 1764164658171
106235 3580055114 1764164658197.098389 1764164658197 1764164658204
106236 3580088458 1764164658230.446045 1764164658231 1764164658238
106237 3580121802 1764164658263.793701 1764164658264 1764164658271
106238 3580155146 1764164658297.141357 1764164658297 1764164658304
106239 3580188490 1764164658330.489014 1764164658331 1764164658338
106240 3580221834 1764164658363.836914 1764164658364 1764164658371
106241 3580255178 1764164658397.184570 1764164658397 1764164658404
106242 3580288522 1764164658430.532471 1764164658431 1764164658438
106243 3580321866 1764164658463.880127 1764164658464 1764164658471
106244 3580355210 1764164658497.228027 1764164658498 1764164658505
106245 3580388553 1764164658530.574951 1764164658531 1764164658538
106246 3580421897 1764164658563.922852 1764164658564 1764164658571
106247 3580455241 1764164658597.270752 1764164658598 1764164658605
106248 3580488585 1764164658630.618652 1764164658630 1764164658638
106249 3580521929 1764164658663.966797 1764164658664 1764164658671
106250 3580555273 1764164658697.314697 1764164658698 1764164658705
106251 3580588617 1764164658730.662354 1764164658730 1764164658738
106252 3580621961 1764164658764.010254 1764164658764 1764164658771
106253 3580655305 1764164658797.357910 1764164658798 1764164658805
106254 3580688649 1764164658830.705811 1764164658830 1764164658838
106255 3580721993 1764164658864.053467 1764164658864 1764164658871
106256 3580755337 1764164658897.401367 1764164658898 1764164658905
106257 3580788681 1764164658930.749268 1764164658930 1764164658938
106258 3580822024 1764164658964.096191 1764164658964 1764164658971
106259 3580855368 1764164658997.444092 1764164658998 1764164659005
106260 3580888712 1764164659030.792236 1764164659031 1764164659038
106261 3580922056 1764164659064.140137 1764164659065 1764164659072
106262 3580955400 1764164659097.488281 1764164659098 1764164659105
106263 3580988744 1764164659130.836182 1764164659131 1764164659138
106264 3581022088 1764164659164.184326 1764164659164 1764164659171
106265 3581055432 1764164659197.532471 1764164659198 1764164659205
106266 3581088776 1764164659230.880615 1764164659231 1764164659238
106267 3581122120 1764164659264.228760 1764164659264 1764164659271
106268 3581155464 1764164659297.576904 1764164659298 1764164659305
106269 3581188808 1764164659330.925293 1764164659331 1764164659338
106270 3581222152 1764164659364.273438 1764164659364 1764164659371
106271 3581255495 1764164659397.620850 1764164659398 1764164659405
106272 3581288839 1764164659430.968994 1764164659431 1764164659438
106273 3581322183 1764164659464.317383 1764164659465 1764164659472
106274 3581355527 1764164659497.665771 1764164659498 1764164659505
106275 3581388871 1764164659531.014160 1764164659531 1764164659538
106276 3581422215 1764164659564.362549 1764164659565 1764164659572
106277 3581455559 1764164659597.710938 1764164659597 1764164659605
106278 3581488903 1764164659631.059570 1764164659631 1764164659638
106279 3581522247 1764164659664.407959 1764164659665 1764164659672
106280 3581555591 1764164659697.756592 1764164659697 1764164659705
106281 3581588935 1764164659731.103516 1764164659731 1764164659738
106282 3581622279 1764164659764.450684 1764164659765 1764164659772
106283 3581655623 1764164659797.797607 1764164659797 1764164659805
106284 3581688967 1764164659831.144775 1764164659831 1764164659838
106285 3581722310 1764164659864.490723 1764164659865 1764164659872
106286 3581755654 1764164659897.837891 1764164659897 1764164659905
106287 3581788998 1764164659931.185059 1764164659931 1764164659938
106288 3581822342 1764164659964.532227 1764164659964 1764164659972
106289 3581855686 1764164659997.879395 1764164659997 1764164660005
106290 3581889030 1764164660031.226562 1764164660031 1764164660038
106291 3581922374 1764164660064.573730 1764164660065 1764164660072
106292 3581955718 1764164660097.920898 1764164660098 1764164660105
106293 3581989062 1764164660131.268311 1764164660131 1764164660138
106294 3582022406 1764164660164.615479 1764164660165 1764164660172
106295 3582055750 1764164660197.962891 1764164660198 1764164660205
106296 3582089094 1764164660231.310303 1764164660231 1764164660238
106297 3582122438 1764164660264.657471 1764164660265 1764164660272
106298 3582155781 1764164660298.003906 1764164660298 1764164660305
106299 3582189125 1764164660331.351318 1764164660332 1764164660339
106300 3582222469 1764164660364.698730 1764164660365 1764164660372
106301 3582255813 1764164660398.046143 1764164660398 1764164660405
106302 3582289157 1764164660431.393555 1764164660432 1764164660439
106303 3582322501 1764164660464.740967 1764164660464 1764164660472
106304 3582355845 1764164660498.088623 1764164660498 1764164660505
106305 3582389189 1764164660531.436035 1764164660532 1764164660539
106306 3582422533 1764164660564.783691 1764164660564 1764164660572
106307 3582455877 1764164660598.131104 1764164660598 1764164660605
106308 3582489221 1764164660631.478760 1764164660632 1764164660639
106309 3582522565 1764164660664.826416 1764164660664 1764164660672
106310 3582555909 1764164660698.174072 1764164660698 1764164660705
106311 3582589252 1764164660731.519531 1764164660732 1764164660739
106312 3582622596 1764164660764.865967 1764164660764 1764164660772
106313 3582655940 1764164660798.212646 1764164660798 1764164660805
106314 3582689284 1764164660831.559082 1764164660832 1764164660839
106315 3582722628 1764164660864.905762 1764164660864 1764164660872
106316 3582755972 1764164660898.252197 1764164660898 1764164660905
106317 3582789316 1764164660931.598877 1764164660932 1764164660939
106318 3582822660 1764164660964.945557 1764164660965 1764164660972
106319 3582856004 1764164660998.292236 1764164660998 1764164661005
106320 3582889348 1764164661031.638672 1764164661032 1764164661039
106321 3582922692 1764164661064.985352 1764164661065 1764164661072
106322 3582956036 1764164661098.332031 1764164661098 1764164661105
106323 3582989380 1764164661131.678711 1764164661132 1764164661139
106324 3583022724 1764164661165.025391 1764164661165 1764164661172
106325 3583056067 1764164661198.371338 1764164661198 1764164661205
106326 3583089411 1764164661231.718018 1764164661232 1764164661239
106327 3583122755 1764164661265.064697 1764164661265 1764164661272
106328 3583156099 1764164661298.411377 1764164661299 1764164661306
106329 3583189443 1764164661331.758301 1764164661332 1764164661339
106330 3583222787 1764164661365.104980 1764164661365 1764164661372
106331 3583256131 1764164661398.451904 1764164661399 1764164661406
106332 3583289475 1764164661431.798584 1764164661431 1764164661439
106333 3583322819 1764164661465.145508 1764164661465 1764164661472
106334 3583356163 1764164661498.492432 1764164661499 1764164661506
106335 3583389507 1764164661531.839355 1764164661531 1764164661539
106336 3583422851 1764164661565.186035 1764164661565 1764164661572
106337 3583456195 1764164661598.532959 1764164661599 1764164661606
106338 3583489538 1764164661631.878906 1764164661631 1764164661639
106339 3583522882 1764164661665.225830 1764164661665 1764164661672
106340 3583556226 1764164661698.572754 1764164661699 1764164661706
106341 3583589570 1764164661731.918945 1764164661731 1764164661739
106342 3583622914 1764164661765.265137 1764164661765 1764164661772
106343 3583656258 1764164661798.611328 1764164661799 1764164661806
106344 3583689602 1764164661831.957764 1764164661831 1764164661839
106345 3583722946 1764164661865.303955 1764164661865 1764164661872
106346 3583756290 1764164661898.650146 1764164661899 1764164661906
106347 3583789634 1764164661931.996338 1764164661932 1764164661939
106348 3583822978 1764164661965.342529 1764164661965 1764164661972
106349 3583856322 1764164661998.688965 1764164661999 1764164662006
106350 3583889666 1764164662032.035156 1764164662032 1764164662039
106351 3583923009 1764164662065.380371 1764164662065 1764164662073
106352 3583956353 1764164662098.726807 1764164662098 1764164662106
106353 3583989697 1764164662132.072998 1764164662132 1764164662139
106354 3584023041 1764164662165.419434 1764164662166 1764164662173
106355 3584056385 1764164662198.765625 1764164662199 1764164662206
106356 3584089729 1764164662232.112061 1764164662232 1764164662239
106357 3584123073 1764164662265.458496 1764164662266 1764164662273
106358 3584156417 1764164662298.804688 1764164662299 1764164662306
106359 3584189761 1764164662332.151123 1764164662332 1764164662339
106360 3584223105 1764164662365.497559 1764164662366 1764164662373
106361 3584256449 1764164662398.843750 1764164662398 1764164662406
106362 3584289793 1764164662432.190186 1764164662432 1764164662439
106363 3584323137 1764164662465.536621 1764164662466 1764164662473
106364 3584356481 1764164662498.883057 1764164662498 1764164662506
106365 3584389824 1764164662532.228516 1764164662532 1764164662539
106366 3584423168 1764164662565.574951 1764164662566 1764164662573
106367 3584456512 1764164662598.921387 1764164662598 1764164662606
106368 3584489856 1764164662632.267822 1764164662632 1764164662639
106369 3584523200 1764164662665.614258 1764164662666 1764164662673
106370 3584556544 1764164662698.960693 1764164662698 1764164662706
106371 3584589888 1764164662732.306396 1764164662732 1764164662739
106372 3584623232 1764164662765.652100 1764164662766 1764164662773
106373 3584656576 1764164662798.997803 1764164662799 1764164662806
106374 3584689920 1764164662832.343506 1764164662833 1764164662840
106375 3584723264 1764164662865.689453 1764164662866 1764164662873
106376 3584756608 1764164662899.035156 1764164662899 1764164662906
106377 3584789952 1764164662932.380859 1764164662932 1764164662939
106378 3584823295 1764164662965.725586 1764164662966 1764164662973
106379 3584856639 1764164662999.071289 1764164662999 1764164663006
106380 3584889983 1764164663032.417236 1764164663033 1764164663040
106381 3584923327 1764164663065.762939 1764164663066 1764164663073
106382 3584956671 1764164663099.108643 1764164663099 1764164663106
106383 3584990015 1764164663132.454346 1764164663133 1764164663140
106384 3585023359 1764164663165.800293 1764164663166 1764164663173
106385 3585056703 1764164663199.145996 1764164663199 1764164663206
106386 3585090047 1764164663232.491699 1764164663233 1764164663240
106387 3585123391 1764164663265.837402 1764164663265 1764164663273
106388 3585156735 1764164663299.183350 1764164663299 1764164663306
106389 3585190079 1764164663332.529053 1764164663333 1764164663340
106390 3585223423 1764164663365.874756 1764164663365 1764164663373
106391 3585256766 1764164663399.219727 1764164663399 1764164663406
106392 3585290110 1764164663432.565430 1764164663433 1764164663440
106393 3585323454 1764164663465.911133 1764164663465 1764164663473
106394 3585356798 1764164663499.257080 1764164663499 1764164663506
106395 3585390142 1764164663532.602783 1764164663533 1764164663540
106396 3585423486 1764164663565.948486 1764164663565 1764164663573
106397 3585456830 1764164663599.294434 1764164663599 1764164663606
106398 3585490174 1764164663632.640137 1764164663633 1764164663640
106399 3585523518 1764164663665.985840 1764164663665 1764164663673
106400 3585556862 1764164663699.331787 1764164663699 1764164663706
106401 3585590206 1764164663732.677002 1764164663733 1764164663740
106402 3585623550 1764164663766.022461 1764164663766 1764164663773
106403 3585656894 1764164663799.367676 1764164663799 1764164663806
106404 3585690238 1764164663832.712891 1764164663833 1764164663840
106405 3585723581 1764164663866.057373 1764164663866 1764164663873
106406 3585756925 1764164663899.402588 1764164663900 1764164663907
106407 3585790269 1764164663932.748047 1764164663933 1764164663940
106408 3585823613 1764164663966.093262 1764164663966 1764164663973
106409 3585856957 1764164663999.438477 1764164664000 1764164664007
106410 3585890301 1764164664032.783936 1764164664033 1764164664040
106411 3585923645 1764164664066.129150 1764164664066 1764164664073
106412 3585956989 1764164664099.474609 1764164664100 1764164664107
106413 3585990333 1764164664132.819824 1764164664133 1764164664140
106414 3586023677 1764164664166.165039 1764164664166 1764164664173
106415 3586057021 1764164664199.510498 1764164664200 1764164664207
106416 3586090365 1764164664232.855713 1764164664232 1764164664240
106417 3586123709 1764164664266.200928 1764164664266 1764164664273
106418 3586157052 1764164664299.545166 1764164664300 1764164664307
106419 3586190396 1764164664332.890625 1764164664332 1764164664340
106420 3586223740 1764164664366.235840 1764164664366 1764164664373
106421 3586257084 1764164664399.581055 1764164664400 1764164664407
106422 3586290428 1764164664432.926514 1764164664432 1764164664440
106423 3586323772 1764164664466.271729 1764164664466 1764164664473
106424 3586357116 1764164664499.616943 1764164664500 1764164664507
106425 3586390460 1764164664532.962158 1764164664533 1764164664540
106426 3586423804 1764164664566.307617 1764164664566 1764164664573
106427 3586457148 1764164664599.652832 1764164664600 1764164664607
106428 3586490492 1764164664632.998047 1764164664633 1764164664640
106429 3586523836 1764164664666.343262 1764164664667 1764164664674
106430 3586557180 1764164664699.688477 1764164664700 1764164664707
106431 3586590523 1764164664733.032959 1764164664733 1764164664740
106432 3586623867 1764164664766.378174 1764164664766 1764164664773
106433 3586657211 1764164664799.723389 1764164664800 1764164664807
106434 3586690555 1764164664833.068848 1764164664833 1764164664840
106435 3586723899 1764164664866.414062 1764164664866 1764164664873
106436 3586757243 1764164664899.759521 1764164664899 1764164664907
106437 3586790587 1764164664933.104736 1764164664933 1764164664940
106438 3586823931 1764164664966.449951 1764164664967 1764164664974
106439 3586857275 1764164664999.795166 1764164665000 1764164665007
106440 3586890619 1764164665033.140625 1764164665033 1764164665040
106441 3586923963 1764164665066.485840 1764164665067 1764164665074
106442 3586957307 1764164665099.831055 1764164665099 1764164665107
106443 3586990651 1764164665133.176514 1764164665133 1764164665140
106444 3587023995 1764164665166.521729 1764164665167 1764164665174
106445 3587057338 1764164665199.865967 1764164665199 1764164665207
106446 3587090682 1764164665233.211182 1764164665233 1764164665240
106447 3587124026 1764164665266.556396 1764164665267 1764164665274
106448 3587157370 1764164665299.901855 1764164665299 1764164665307
106449 3587190714 1764164665333.247070 1764164665333 1764164665340
106450 3587224058 1764164665366.592285 1764164665367 1764164665374
106451 3587257402 1764164665399.937500 1764164665399 1764164665407
106452 3587290746 1764164665433.282715 1764164665433 1764164665440
106453 3587324090 1764164665466.628174 1764164665467 1764164665474
106454 3587357434 1764164665499.973389 1764164665499 1764164665507
106455 3587390778 1764164665533.318604 1764164665533 1764164665540
106456 3587424122 1764164665566.663818 1764164665567 1764164665574
106457 3587457466 1764164665600.009033 1764164665600 1764164665607
106458 3587490809 1764164665633.353271 1764164665633 1764164665640
106459 3587524153 1764164665666.698486 1764164665667 1764164665674
106460 3587557497 1764164665700.043701 1764164665700 1764164665707
106461 3587590841 1764164665733.389160 1764164665733 1764164665740
106462 3587624185 1764164665766.734619 1764164665767 1764164665774
106463 3587657529 1764164665800.080078 1764164665800 1764164665807
106464 3587690873 1764164665833.425537 1764164665833 1764164665840
106465 3587724217 1764164665866.770996 1764164665867 1764164665874
106466 3587757561 1764164665900.116455 1764164665900 1764164665907
106467 3587790905 1764164665933.461914 1764164665934 1764164665941
106468 3587824249 1764164665966.807373 1764164665966 1764164665974
106469 3587857593 1764164666000.152832 1764164666000 1764164666007
106470 3587890937 1764164666033.498291 1764164666034 1764164666041
106471 3587924280 1764164666066.842773 1764164666066 1764164666074
106472 3587957624 1764164666100.188232 1764164666100 1764164666107
106473 3587990968 1764164666133.533691 1764164666134 1764164666141
106474 3588024312 1764164666166.879150 1764164666166 1764164666174
106475 3588057656 1764164666200.224609 1764164666200 1764164666207
106476 3588091000 1764164666233.570068 1764164666234 1764164666241
106477 3588124344 1764164666266.915527 1764164666266 1764164666274
106478 3588157688 1764164666300.260742 1764164666300 1764164666307
106479 3588191032 1764164666333.606201 1764164666334 1764164666341
106480 3588224376 1764164666366.951660 1764164666366 1764164666374
106481 3588257720 1764164666400.297119 1764164666400 1764164666407
106482 3588291064 1764164666433.642578 1764164666434 1764164666441
106483 3588324408 1764164666466.988037 1764164666467 1764164666474
106484 3588357752 1764164666500.333496 1764164666500 1764164666507
106485 3588391095 1764164666533.677979 1764164666534 1764164666541
106486 3588424439 1764164666567.023438 1764164666567 1764164666574
106487 3588457783 1764164666600.368652 1764164666600 1764164666607
106488 3588491127 1764164666633.714111 1764164666634 1764164666641
106489 3588524471 1764164666667.059570 1764164666667 1764164666674
106490 3588557815 1764164666700.405029 1764164666700 1764164666707
106491 3588591159 1764164666733.750488 1764164666734 1764164666741
106492 3588624503 1764164666767.095947 1764164666767 1764164666774
106493 3588657847 1764164666800.441162 1764164666801 1764164666808
106494 3588691191 1764164666833.786621 1764164666834 1764164666841
106495 3588724535 1764164666867.132080 1764164666867 1764164666874
106496 3588757879 1764164666900.477539 1764164666901 1764164666908
106497 3588791223 1764164666933.822754 1764164666933 1764164666943
106498 3588824566 1764164666967.167236 1764164666967 1764164666974
106499 3588857910 1764164667000.512695 1764164667001 1764164667008
106500 3588891254 1764164667033.857910 1764164667033 1764164667041
106501 3588924598 1764164667067.203369 1764164667068 1764164667075
106502 3588957942 1764164667100.548828 1764164667101 1764164667108
106503 3588991286 1764164667133.894043 1764164667133 1764164667141
106504 3589024630 1764164667167.239502 1764164667167 1764164667174
106505 3589057974 1764164667200.584961 1764164667201 1764164667208
106506 3589091318 1764164667233.930420 1764164667233 1764164667241
106507 3589124662 1764164667267.275635 1764164667267 1764164667274
106508 3589158006 1764164667300.621094 1764164667301 1764164667308
106509 3589191350 1764164667333.966553 1764164667333 1764164667341
106510 3589224694 1764164667367.311768 1764164667367 1764164667374
106511 3589258037 1764164667400.656250 1764164667401 1764164667408
106512 3589291381 1764164667434.001709 1764164667434 1764164667441
106513 3589324725 1764164667467.346924 1764164667467 1764164667474
106514 3589358069 1764164667500.692383 1764164667501 1764164667508
106515 3589391413 1764164667534.037598 1764164667534 1764164667541
106516 3589424757 1764164667567.383057 1764164667567 1764164667574
106517 3589458101 1764164667600.728516 1764164667600 1764164667608
106518 3589491445 1764164667634.073730 1764164667634 1764164667641
106519 3589524789 1764164667667.419189 1764164667667 1764164667674
106520 3589558133 1764164667700.764648 1764164667701 1764164667708
106521 3589591477 1764164667734.110107 1764164667734 1764164667741
106522 3589624821 1764164667767.455566 1764164667768 1764164667775
106523 3589658165 1764164667800.801025 1764164667800 1764164667808
106524 3589691509 1764164667834.146484 1764164667834 1764164667841
106525 3589724852 1764164667867.491211 1764164667868 1764164667875
106526 3589758196 1764164667900.836670 1764164667900 1764164667908
106527 3589791540 1764164667934.182129 1764164667934 1764164667941
106528 3589824884 1764164667967.527588 1764164667968 1764164667975
106529 3589858228 1764164668000.873047 1764164668000 1764164668008
106530 3589891572 1764164668034.218506 1764164668034 1764164668041
106531 3589924916 1764164668067.564209 1764164668068 1764164668075
106532 3589958260 1764164668100.909668 1764164668100 1764164668108
106533 3589991604 1764164668134.255127 1764164668134 1764164668141
106534 3590024948 1764164668167.600586 1764164668168 1764164668175
106535 3590058292 1764164668200.946045 1764164668200 1764164668208
106536 3590091636 1764164668234.291748 1764164668234 1764164668241
106537 3590124980 1764164668267.637207 1764164668268 1764164668275
106538 3590158323 1764164668300.981689 1764164668301 1764164668308
106539 3590191667 1764164668334.327148 1764164668334 1764164668341
106540 3590225011 1764164668367.672607 1764164668368 1764164668375
106541 3590258355 1764164668401.018311 1764164668401 1764164668408
106542 3590291699 1764164668434.363770 1764164668434 1764164668441
106543 3590325043 1764164668467.709229 1764164668468 1764164668475
106544 3590358387 1764164668501.054688 1764164668501 1764164668508
106545 3590391731 1764164668534.400146 1764164668534 1764164668541
106546 3590425075 1764164668567.745850 1764164668568 1764164668575
106547 3590458419 1764164668601.091309 1764164668601 1764164668608
106548 3590491763 1764164668634.436768 1764164668635 1764164668642
106549 3590525107 1764164668667.782227 1764164668668 1764164668675
106550 3590558451 1764164668701.127686 1764164668701 1764164668708
106551 3590591794 1764164668734.472168 1764164668735 1764164668742
106552 3590625138 1764164668767.817383 1764164668767 1764164668775
106553 3590658482 1764164668801.162842 1764164668801 1764164668808
106554 3590691826 1764164668834.508301 1764164668835 1764164668842
106555 3590725170 1764164668867.853516 1764164668867 1764164668875
106556 3590758514 1764164668901.198975 1764164668901 1764164668908
106557 3590791858 1764164668934.544189 1764164668935 1764164668942
106558 3590825202 1764164668967.889648 1764164668967 1764164668975
106559 3590858546 1764164669001.235107 1764164669001 1764164669008
106560 3590891890 1764164669034.580322 1764164669035 1764164669042
106561 3590925234 1764164669067.925781 1764164669067 1764164669075
106562 3590958578 1764164669101.270996 1764164669101 1764164669108
106563 3590991922 1764164669134.616455 1764164669135 1764164669142
106564 3591025266 1764164669167.961670 1764164669167 1764164669175
106565 3591058609 1764164669201.306152 1764164669201 1764164669208
106566 3591091953 1764164669234.651367 1764164669235 1764164669242
106567 3591125297 1764164669267.996826 1764164669268 1764164669275
106568 3591158641 1764164669301.342041 1764164669301 1764164669308
106569 3591191985 1764164669334.687500 1764164669335 1764164669342
106570 3591225329 1764164669368.032715 1764164669368 1764164669375
106571 3591258673 1764164669401.378174 1764164669401 1764164669408
106572 3591292017 1764164669434.723389 1764164669435 1764164669442
106573 3591325361 1764164669468.068848 1764164669468 1764164669475
106574 3591358705 1764164669501.414062 1764164669502 1764164669509
106575 3591392049 1764164669534.759521 1764164669535 1764164669542
106576 3591425393 1764164669568.104736 1764164669568 1764164669575
106577 3591458737 1764164669601.450195 1764164669602 1764164669609
106578 3591492080 1764164669634.794434 1764164669635 1764164669642
106579 3591525424 1764164669668.139648 1764164669668 1764164669675
106580 3591558768 1764164669701.485107 1764164669702 1764164669709
106581 3591592112 1764164669734.830566 1764164669734 1764164669742
106582 3591625456 1764164669768.176270 1764164669768 1764164669775
106583 3591658800 1764164669801.521729 1764164669802 1764164669809
106584 3591692144 1764164669834.867432 1764164669834 1764164669842
106585 3591725488 1764164669868.212891 1764164669868 1764164669875
106586 3591758832 1764164669901.558594 1764164669902 1764164669909
106587 3591792176 1764164669934.904053 1764164669934 1764164669942
106588 3591825520 1764164669968.249756 1764164669968 1764164669975
106589 3591858864 1764164670001.595459 1764164670002 1764164670009
106590 3591892208 1764164670034.940918 1764164670034 1764164670042
106591 3591925551 1764164670068.285400 1764164670068 1764164670075
106592 3591958895 1764164670101.631104 1764164670102 1764164670109
106593 3591992239 1764164670134.976562 1764164670135 1764164670142
106594 3592025583 1764164670168.322266 1764164670168 1764164670175
106595 3592058927 1764164670201.667969 1764164670202 1764164670209
106596 3592092271 1764164670235.013428 1764164670235 1764164670242
106597 3592125615 1764164670268.359131 1764164670268 1764164670275
106598 3592158959 1764164670301.704590 1764164670302 1764164670309
106599 3592192303 1764164670335.050293 1764164670335 1764164670342
106600 3592225647 1764164670368.395752 1764164670369 1764164670376
106601 3592258991 1764164670401.741455 1764164670402 1764164670409
106602 3592292335 1764164670435.086914 1764164670435 1764164670442
106603 3592325679 1764164670468.432617 1764164670469 1764164670476
106604 3592359023 1764164670501.778076 1764164670501 1764164670509
106605 3592392366 1764164670535.122803 1764164670535 1764164670542
106606 3592425710 1764164670568.468262 1764164670569 1764164670576
106607 3592459054 1764164670601.813965 1764164670601 1764164670609
106608 3592492398 1764164670635.159424 1764164670635 1764164670642
106609 3592525742 1764164670668.505127 1764164670669 1764164670676
106610 3592559086 1764164670701.850586 1764164670701 1764164670709
106611 3592592430 1764164670735.196045 1764164670735 1764164670742
106612 3592625774 1764164670768.541504 1764164670769 1764164670776
106613 3592659118 1764164670801.887207 1764164670801 1764164670809
106614 3592692462 1764164670835.232666 1764164670835 1764164670842
106615 3592725806 1764164670868.578125 1764164670869 1764164670876
106616 3592759150 1764164670901.923584 1764164670901 1764164670910
106617 3592792494 1764164670935.269043 1764164670935 1764164670942
106618 3592825837 1764164670968.613525 1764164670969 1764164670976
106619 3592859181 1764164671001.958984 1764164671002 1764164671009
106620 3592892525 1764164671035.304443 1764164671035 1764164671042
106621 3592925869 1764164671068.650146 1764164671069 1764164671076
106622 3592959213 1764164671101.995605 1764164671102 1764164671109
106623 3592992557 1764164671135.341064 1764164671136 1764164671143
106624 3593025901 1764164671168.686523 1764164671168 1764164671176
106625 3593059245 1764164671202.031982 1764164671202 1764164671209
106626 3593092589 1764164671235.377441 1764164671236 1764164671243
106627 3593125933 1764164671268.722900 1764164671269 1764164671276
106628 3593159277 1764164671302.068359 1764164671302 1764164671309
106629 3593192621 1764164671335.414062 1764164671336 1764164671343
106630 3593225965 1764164671368.759521 1764164671368 1764164671376
106631 3593259308 1764164671402.104004 1764164671402 1764164671409
106632 3593292652 1764164671435.449463 1764164671435 1764164671443
106633 3593325996 1764164671468.794922 1764164671468 1764164671476
106634 3593359340 1764164671502.140381 1764164671502 1764164671509
106635 3593392684 1764164671535.485840 1764164671536 1764164671543
106636 3593426028 1764164671568.831299 1764164671568 1764164671576
106637 3593459372 1764164671602.176758 1764164671602 1764164671609
106638 3593492716 1764164671635.522217 1764164671636 1764164671643
106639 3593526060 1764164671668.867676 1764164671668 1764164671676
106640 3593559404 1764164671702.213135 1764164671702 1764164671709
106641 3593592748 1764164671735.559082 1764164671736 1764164671743
106642 3593626092 1764164671768.905029 1764164671769 1764164671776
106643 3593659436 1764164671802.250977 1764164671802 1764164671809
106644 3593692780 1764164671835.596680 1764164671836 1764164671843
106645 3593726123 1764164671868.941650 1764164671869 1764164671876
106646 3593759467 1764164671902.287598 1764164671902 1764164671909
106647 3593792811 1764164671935.633545 1764164671936 1764164671943
106648 3593826155 1764164671968.979492 1764164671969 1764164671976
106649 3593859499 1764164672002.325195 1764164672003 1764164672010
106650 3593892843 1764164672035.671143 1764164672036 1764164672043
106651 3593926187 1764164672069.017090 1764164672069 1764164672076
106652 3593959531 1764164672102.363037 1764164672103 1764164672110
106653 3593992875 1764164672135.708984 1764164672135 1764164672143
106654 3594026219 1764164672169.054932 1764164672169 1764164672176
106655 3594059563 1764164672202.400879 1764164672203 1764164672210
106656 3594092907 1764164672235.746826 1764164672235 1764164672243
106657 3594126251 1764164672269.092773 1764164672269 1764164672276
106658 3594159594 1764164672302.437500 1764164672303 1764164672310
106659 3594192938 1764164672335.783447 1764164672335 1764164672343
106660 3594226282 1764164672369.129395 1764164672369 1764164672376
106661 3594259626 1764164672402.475342 1764164672403 1764164672410
106662 3594292970 1764164672435.821289 1764164672435 1764164672443
106663 3594326314 1764164672469.167236 1764164672469 1764164672476
106664 3594359658 1764164672502.513184 1764164672503 1764164672510
106665 3594393002 1764164672535.859131 1764164672535 1764164672543
106666 3594426346 1764164672569.205078 1764164672569 1764164672576
106667 3594459690 1764164672602.551025 1764164672603 1764164672610
106668 3594493034 1764164672635.896973 1764164672636 1764164672643
106669 3594526378 1764164672669.242920 1764164672669 1764164672676
106670 3594559722 1764164672702.588867 1764164672703 1764164672710
106671 3594593065 1764164672735.933838 1764164672736 1764164672743
106672 3594626409 1764164672769.280029 1764164672769 1764164672776
106673 3594659753 1764164672802.625977 1764164672803 1764164672810
106674 3594693097 1764164672835.971924 1764164672836 1764164672843
106675 3594726441 1764164672869.318115 1764164672870 1764164672877
106676 3594759785 1764164672902.664062 1764164672903 1764164672910
106677 3594793129 1764164672936.010254 1764164672936 1764164672943
106678 3594826473 1764164672969.356201 1764164672970 1764164672977
106679 3594859817 1764164673002.702148 1764164673002 1764164673010
106680 3594893161 1764164673036.048340 1764164673036 1764164673043
106681 3594926505 1764164673069.394287 1764164673070 1764164673077
106682 3594959849 1764164673102.740479 1764164673102 1764164673110
106683 3594993193 1764164673136.086426 1764164673136 1764164673143
106684 3595026537 1764164673169.432617 1764164673170 1764164673177
106685 3595059880 1764164673202.777588 1764164673202 1764164673210
106686 3595093224 1764164673236.123779 1764164673236 1764164673243
106687 3595126568 1764164673269.469727 1764164673270 1764164673277
106688 3595159912 1764164673302.815918 1764164673302 1764164673310
106689 3595193256 1764164673336.161865 1764164673337 1764164673344
106690 3595226600 1764164673369.508057 1764164673370 1764164673377
106691 3595259944 1764164673402.854248 1764164673403 1764164673410
106692 3595293288 1764164673436.200195 1764164673436 1764164673443
106693 3595326632 1764164673469.546387 1764164673470 1764164673477
106694 3595359976 1764164673502.892334 1764164673503 1764164673510
106695 3595393320 1764164673536.238525 1764164673536 1764164673543
106696 3595426664 1764164673569.584717 1764164673570 1764164673577
106697 3595460008 1764164673602.930664 1764164673603 1764164673610
106698 3595493351 1764164673636.275879 1764164673637 1764164673644
106699 3595526695 1764164673669.621826 1764164673670 1764164673677
106700 3595560039 1764164673702.968018 1764164673703 1764164673710
106701 3595593383 1764164673736.314453 1764164673737 1764164673744
106702 3595626727 1764164673769.660889 1764164673770 1764164673777
106703 3595660071 1764164673803.007324 1764164673803 1764164673810
106704 3595693415 1764164673836.353760 1764164673837 1764164673844
106705 3595726759 1764164673869.699951 1764164673869 1764164673877
106706 3595760103 1764164673903.046387 1764164673903 1764164673910
106707 3595793447 1764164673936.392822 1764164673937 1764164673944
106708 3595826791 1764164673969.739258 1764164673969 1764164673977
106709 3595860135 1764164674003.085693 1764164674003 1764164674010
106710 3595893479 1764164674036.432129 1764164674037 1764164674044
106711 3595926822 1764164674069.777588 1764164674069 1764164674077
106712 3595960166 1764164674103.124023 1764164674103 1764164674110
106713 3595993510 1764164674136.470703 1764164674137 1764164674144
106714 3596026854 1764164674169.817139 1764164674169 1764164674177
106715 3596060198 1764164674203.163574 1764164674203 1764164674210
106716 3596093542 1764164674236.510010 1764164674237 1764164674244
106717 3596126886 1764164674269.856445 1764164674270 1764164674277
106718 3596160230 1764164674303.202881 1764164674303 1764164674310
106719 3596193574 1764164674336.549561 1764164674337 1764164674344
106720 3596226918 1764164674369.895996 1764164674370 1764164674377
106721 3596260262 1764164674403.242432 1764164674403 1764164674410
106722 3596293606 1764164674436.589111 1764164674437 1764164674444
106723 3596326950 1764164674469.935547 1764164674470 1764164674477
106724 3596360294 1764164674503.281982 1764164674503 1764164674510
106725 3596393637 1764164674536.627441 1764164674536 1764164674544
106726 3596426981 1764164674569.974121 1764164674570 1764164674577
106727 3596460325 1764164674603.320557 1764164674604 1764164674611
106728 3596493669 1764164674636.667236 1764164674636 1764164674644
106729 3596527013 1764164674670.013672 1764164674670 1764164674677
106730 3596560357 1764164674703.360352 1764164674704 1764164674711
106731 3596593701 1764164674736.705811 1764164674736 1764164674744
106732 3596627045 1764164674770.053467 1764164674770 1764164674777
106733 3596660389 1764164674803.401123 1764164674804 1764164674811
106734 3596693733 1764164674836.748779 1764164674836 1764164674844
106735 3596727077 1764164674870.096436 1764164674870 1764164674877
106736 3596760421 1764164674903.444092 1764164674904 1764164674911
106737 3596793765 1764164674936.791748 1764164674936 1764164674944
106738 3596827108 1764164674970.138428 1764164674970 1764164674977
106739 3596860452 1764164675003.486328 1764164675004 1764164675011
106740 3596893796 1764164675036.833984 1764164675037 1764164675044
106741 3596927140 1764164675070.181641 1764164675070 1764164675077
106742 3596960484 1764164675103.529541 1764164675104 1764164675111
106743 3596993828 1764164675136.877197 1764164675137 1764164675144
106744 3597027172 1764164675170.225098 1764164675170 1764164675177
106745 3597060516 1764164675203.572754 1764164675204 1764164675211
106746 3597093860 1764164675236.920654 1764164675237 1764164675244
106747 3597127204 1764164675270.268555 1764164675270 1764164675277
106748 3597160548 1764164675303.616455 1764164675304 1764164675311
106749 3597193892 1764164675336.964111 1764164675337 1764164675344
106750 3597227236 1764164675370.312012 1764164675371 1764164675378
106751 3597260579 1764164675403.658936 1764164675403 1764164675411
106752 3597293923 1764164675437.006836 1764164675437 1764164675444
106753 3597327267 1764164675470.354736 1764164675471 1764164675478
106754 3597360611 1764164675503.702881 1764164675503 1764164675511
106755 3597393955 1764164675537.050781 1764164675537 1764164675544
106756 3597427299 1764164675570.398682 1764164675571 1764164675578
106757 3597460643 1764164675603.746826 1764164675603 1764164675611
106758 3597493987 1764164675637.094727 1764164675638 1764164675645
106759 3597527331 1764164675670.442871 1764164675671 1764164675678
106760 3597560675 1764164675703.790771 1764164675703 1764164675711
106761 3597594019 1764164675737.138916 1764164675737 1764164675744
106762 3597627363 1764164675770.485596 1764164675771 1764164675778
106763 3597660707 1764164675803.832520 1764164675803 1764164675811
106764 3597694051 1764164675837.179443 1764164675837 1764164675844
106765 3597727394 1764164675870.525391 1764164675871 1764164675878
106766 3597760738 1764164675903.872314 1764164675904 1764164675911
106767 3597794082 1764164675937.219238 1764164675937 1764164675944
106768 3597827426 1764164675970.566162 1764164675970 1764164675981
106769 3597860770 1764164676003.913086 1764164676004 1764164676011
106770 3597894114 1764164676037.260010 1764164676037 1764164676044
106771 3597927458 1764164676070.606934 1764164676071 1764164676078
106772 3597960802 1764164676103.953857 1764164676104 1764164676111
106773 3597994146 1764164676137.301025 1764164676138 1764164676145
106774 3598027490 1764164676170.647949 1764164676171 1764164676178
106775 3598060834 1764164676203.994873 1764164676204 1764164676211
106776 3598094178 1764164676237.341797 1764164676238 1764164676245
106777 3598127522 1764164676270.688965 1764164676271 1764164676278
106778 3598160865 1764164676304.034912 1764164676304 1764164676311
106779 3598194209 1764164676337.381836 1764164676338 1764164676345
106780 3598227553 1764164676370.729004 1764164676370 1764164676378
106781 3598260897 1764164676404.075928 1764164676404 1764164676411
106782 3598294241 1764164676437.423096 1764164676438 1764164676445
106783 3598327585 1764164676470.770020 1764164676470 1764164676478
106784 3598360929 1764164676504.117188 1764164676504 1764164676511
106785 3598394273 1764164676537.464111 1764164676538 1764164676545
106786 3598427617 1764164676570.811279 1764164676570 1764164676578
106787 3598460961 1764164676604.158447 1764164676604 1764164676611
106788 3598494305 1764164676637.505371 1764164676638 1764164676645
106789 3598527649 1764164676670.852539 1764164676671 1764164676678
106790 3598560993 1764164676704.199707 1764164676704 1764164676711
106791 3598594336 1764164676737.545654 1764164676738 1764164676745
106792 3598627680 1764164676770.892822 1764164676771 1764164676778
106793 3598661024 1764164676804.239990 1764164676804 1764164676811
106794 3598694368 1764164676837.587158 1764164676838 1764164676845
106795 3598727712 1764164676870.934082 1764164676871 1764164676878
106796 3598761056 1764164676904.281250 1764164676904 1764164676911
106797 3598794400 1764164676937.628418 1764164676938 1764164676945
106798 3598827744 1764164676970.975586 1764164676971 1764164676978
106799 3598861088 1764164677004.322754 1764164677005 1764164677012
106800 3598894432 1764164677037.669922 1764164677037 1764164677045
106801 3598927776 1764164677071.017090 1764164677071 1764164677078
106802 3598961120 1764164677104.364258 1764164677105 1764164677112
106803 3598994464 1764164677137.711426 1764164677137 1764164677145
106804 3599027808 1764164677171.058594 1764164677171 1764164677178
106805 3599061151 1764164677204.404785 1764164677205 1764164677212
106806 3599094495 1764164677237.752197 1764164677237 1764164677245
106807 3599127839 1764164677271.099365 1764164677271 1764164677278
106808 3599161183 1764164677304.446533 1764164677305 1764164677312
106809 3599194527 1764164677337.793701 1764164677337 1764164677345
106810 3599227871 1764164677371.141113 1764164677371 1764164677378
106811 3599261215 1764164677404.488281 1764164677405 1764164677412
106812 3599294559 1764164677437.835693 1764164677437 1764164677445
106813 3599327903 1764164677471.182861 1764164677471 1764164677478
106814 3599361247 1764164677504.530029 1764164677505 1764164677512
106815 3599394591 1764164677537.877441 1764164677538 1764164677545
106816 3599427935 1764164677571.224854 1764164677571 1764164677578
106817 3599461279 1764164677604.572021 1764164677605 1764164677612
106818 3599494622 1764164677637.918457 1764164677638 1764164677645
106819 3599527966 1764164677671.265625 1764164677671 1764164677678
106820 3599561310 1764164677704.613037 1764164677705 1764164677712
106821 3599594654 1764164677737.960449 1764164677738 1764164677745
106822 3599627998 1764164677771.307617 1764164677771 1764164677778
