101057 3401923959 1764164485789.870361 1764164485789 1764164485797
101058 3401957302 1764164485823.211182 1764164485823 1764164485830
101059 3401990646 1764164485856.552979 1764164485857 1764164485864
101060 3402023990 1764164485889.894775 1764164485889 1764164485897
101061 3402057334 1764164485923.236572 1764164485923 1764164485930
101062 3402090678 1764164485956.578369 1764164485957 1764164485964
101063 3402124022 1764164485989.920166 1764164485989 1764164485997
101064 3402157366 1764164486023.261719 1764164486023 1764164486030
101065 3402190710 1764164486056.603516 1764164486057 1764164486064
101066 3402224054 1764164486089.945312 1764164486089 1764164486097
101067 3402257398 1764164486123.287109 1764164486123 1764164486130
101068 3402290742 1764164486156.628906 1764164486157 1764164486164
101069 3402324086 1764164486189.970947 1764164486189 1764164486197
101070 3402357430 1764164486223.312744 1764164486223 1764164486230
101071 3402390774 1764164486256.654541 1764164486257 1764164486264
101072 3402424117 1764164486289.995361 1764164486290 1764164486297
101073 3402457461 1764164486323.337158 1764164486323 1764164486330
101074 3402490805 1764164486356.678955 1764164486357 1764164486364
101075 3402524149 1764164486390.020752 1764164486390 1764164486397
101076 3402557493 1764164486423.362549 1764164486424 1764164486431
101077 3402590837 1764164486456.703613 1764164486457 1764164486464
101078 3402624181 1764164486490.044434 1764164486490 1764164486497
101079 3402657525 1764164486523.385254 1764164486523 1764164486530
101080 3402690869 1764164486556.726318 1764164486557 1764164486564
101081 3402724213 1764164486590.067139 1764164486590 1764164486597
101082 3402757557 1764164486623.408203 1764164486623 1764164486630
101083 3402790901 1764164486656.749023 1764164486657 1764164486664
101084 3402824245 1764164486690.089844 1764164486690 1764164486697
101085 3402857588 1764164486723.429932 1764164486723 1764164486730
101086 3402890932 1764164486756.770752 1764164486756 1764164486764
101087 3402924276 1764164486790.111816 1764164486790 1764164486797
101088 3402957620 1764164486823.452637 1764164486823 1764164486830
101089 3402990964 1764164486856.793701 1764164486857 1764164486864
101090 3403024308 1764164486890.134521 1764164486890 1764164486897
101091 3403057652 1764164486923.475342 1764164486924 1764164486931
101092 3403090996 1764164486956.816406 1764164486957 1764164486964
101093 3403124340 1764164486990.157227 1764164486990 1764164486997
101094 3403157684 1764164487023.498291 1764164487024 1764164487031
101095 3403191028 1764164487056.839111 1764164487056 1764164487064
101096 3403224372 1764164487090.180176 1764164487090 1764164487097
101097 3403257716 1764164487123.520996 1764164487124 1764164487131
101098 3403291059 1764164487156.861084 1764164487156 1764164487164
101099 3403324403 1764164487190.201904 1764164487190 1764164487197
101100 3403357747 1764164487223.542725 1764164487224 1764164487231
101101 3403391091 1764164487256.883789 1764164487256 1764164487264
101102 3403424435 1764164487290.224609 1764164487290 1764164487297
101103 3403457779 1764164487323.565674 1764164487324 1764164487331
101104 3403491123 1764164487356.906494 1764164487356 1764164487364
101105 3403524467 1764164487390.247559 1764164487390 1764164487397
101106 3403557811 1764164487423.588379 1764164487424 1764164487431
101107 3403591155 1764164487456.929199 1764164487456 1764164487464
101108 3403624499 1764164487490.269775 1764164487490 1764164487497
101109 3403657843 1764164487523.610352 1764164487524 1764164487531
101110 3403691187 1764164487556.950928 1764164487556 1764164487564
101111 3403724531 1764164487590.291504 1764164487590 1764164487597
101112 3403757874 1764164487623.631104 1764164487624 1764164487631
101113 3403791218 1764164487656.971680 1764164487656 1764164487664
101114 3403824562 1764164487690.312256 1764164487690 1764164487697
101115 3403857906 1764164487723.652832 1764164487724 1764164487731
101116 3403891250 1764164487756.993408 1764164487756 1764164487764
101117 3403924594 1764164487790.333984 1764164487790 1764164487797
101118 3403957938 1764164487823.674561 1764164487824 1764164487831
101119 3403991282 1764164487857.015137 1764164487857 1764164487864
101120 3404024626 1764164487890.355713 1764164487890 1764164487897
101121 3404057970 1764164487923.696289 1764164487924 1764164487931
101122 3404091314 1764164487957.036865 1764164487957 1764164487964
101123 3404124658 1764164487990.377441 1764164487990 1764164487997
101124 3404158002 1764164488023.718018 1764164488024 1764164488031
101125 3404191345 1764164488057.057617 1764164488057 1764164488064
101126 3404224689 1764164488090.398193 1764164488090 1764164488097
101127 3404258033 1764164488123.738770 1764164488124 1764164488131
101128 3404291377 1764164488157.079346 1764164488157 1764164488164
101129 3404324721 1764164488190.419922 1764164488190 1764164488197
101130 3404358065 1764164488223.760254 1764164488224 1764164488231
101131 3404391409 1764164488257.100830 1764164488257 1764164488264
101132 3404424753 1764164488290.441406 1764164488290 1764164488297
101133 3404458097 1764164488323.781982 1764164488324 1764164488331
101134 3404491441 1764164488357.122559 1764164488357 1764164488364
101135 3404524785 1764164488390.463135 1764164488391 1764164488398
101136 3404558129 1764164488423.803711 1764164488424 1764164488431
101137 3404591473 1764164488457.143066 1764164488457 1764164488464
101138 3404624816 1764164488490.481689 1764164488490 1764164488497
101139 3404658160 1764164488523.821289 1764164488524 1764164488531
101140 3404691504 1764164488557.160645 1764164488557 1764164488564
101141 3404724848 1764164488590.500244 1764164488590 1764164488598
101142 3404758192 1764164488623.839844 1764164488624 1764164488631
101143 3404791536 1764164488657.179199 1764164488657 1764164488664
101144 3404824880 1764164488690.518799 1764164488690 1764164488697
101145 3404858224 1764164488723.858154 1764164488724 1764164488731
101146 3404891568 1764164488757.197510 1764164488757 1764164488764
101147 3404924912 1764164488790.537109 1764164488790 1764164488797
101148 3404958256 1764164488823.876465 1764164488824 1764164488831
101149 3404991600 1764164488857.215820 1764164488857 1764164488864
101150 3405024944 1764164488890.555420 1764164488890 1764164488897
101151 3405058288 1764164488923.894775 1764164488924 1764164488931
101152 3405091631 1764164488957.233154 1764164488957 1764164488964
101153 3405124975 1764164488990.572510 1764164488991 1764164488998
101154 3405158319 1764164489023.911865 1764164489024 1764164489031
101155 3405191663 1764164489057.251221 1764164489057 1764164489064
101156 3405225007 1764164489090.590576 1764164489091 1764164489098
101157 3405258351 1764164489123.929932 1764164489123 1764164489132
101158 3405291695 1764164489157.269287 1764164489157 1764164489164
101159 3405325039 1764164489190.608643 1764164489191 1764164489198
101160 3405358383 1764164489223.947998 1764164489224 1764164489231
101161 3405391727 1764164489257.287354 1764164489257 1764164489264
101162 3405425071 1764164489290.626709 1764164489291 1764164489298
101163 3405458415 1764164489323.965820 1764164489324 1764164489331
101164 3405491759 1764164489357.305176 1764164489357 1764164489364
101165 3405525102 1764164489390.643555 1764164489391 1764164489398
101166 3405558446 1764164489423.982666 1764164489424 1764164489431
101167 3405591790 1764164489457.321777 1764164489457 1764164489464
101168 3405625134 1764164489490.660889 1764164489491 1764164489498
101169 3405658478 1764164489523.999756 1764164489524 1764164489531
101170 3405691822 1764164489557.338867 1764164489557 1764164489564
101171 3405725166 1764164489590.677734 1764164489591 1764164489598
101172 3405758510 1764164489624.016846 1764164489623 1764164489631
101173 3405791854 1764164489657.355713 1764164489657 1764164489664
101174 3405825198 1764164489690.694824 1764164489691 1764164489698
101175 3405858542 1764164489724.033691 1764164489723 1764164489731
101176 3405891886 1764164489757.372559 1764164489757 1764164489764
101177 3405925230 1764164489790.711426 1764164489791 1764164489798
101178 3405958573 1764164489824.049316 1764164489823 1764164489831
101179 3405991917 1764164489857.388184 1764164489857 1764164489864
101180 3406025261 1764164489890.727051 1764164489891 1764164489898
101181 3406058605 1764164489924.065918 1764164489923 1764164489931
101182 3406091949 1764164489957.404785 1764164489957 1764164489964
101183 3406125293 1764164489990.743652 1764164489991 1764164489998
101184 3406158637 1764164490024.082520 1764164490023 1764164490031
101185 3406191981 1764164490057.421387 1764164490057 1764164490064
101186 3406225325 1764164490090.760010 1764164490091 1764164490098
101187 3406258669 1764164490124.098877 1764164490123 1764164490131
101188 3406292013 1764164490157.437744 1764164490157 1764164490164
101189 3406325357 1764164490190.776367 1764164490191 1764164490198
101190 3406358701 1764164490224.115234 1764164490223 1764164490231
101191 3406392045 1764164490257.453857 1764164490257 1764164490264
101192 3406425388 1764164490290.791748 1764164490291 1764164490298
101193 3406458732 1764164490324.130371 1764164490323 1764164490331
101194 3406492076 1764164490357.468994 1764164490357 1764164490364
101195 3406525420 1764164490390.807861 1764164490391 1764164490398
101196 3406558764 1764164490424.146484 1764164490423 1764164490431
101197 3406592108 1764164490457.484619 1764164490457 1764164490464
101198 3406625452 1764164490490.822998 1764164490491 1764164490498
101199 3406658796 1764164490524.161133 1764164490523 1764164490531
101200 3406692140 1764164490557.499512 1764164490557 1764164490564
101201 3406725484 1764164490590.837646 1764164490591 1764164490598
101202 3406758828 1764164490624.175781 1764164490623 1764164490631
101203 3406792172 1764164490657.513916 1764164490657 1764164490664
101204 3406825516 1764164490690.852051 1764164490691 1764164490698
101205 3406858859 1764164490724.189209 1764164490723 1764164490731
101206 3406892203 1764164490757.527344 1764164490757 1764164490764
101207 3406925547 1764164490790.865479 1764164490791 1764164490798
101208 3406958891 1764164490824.203613 1764164490823 1764164490831
101209 3406992235 1764164490857.541748 1764164490857 1764164490864
101210 3407025579 1764164490890.879639 1764164490891 1764164490898
101211 3407058923 1764164490924.217773 1764164490923 1764164490931
101212 3407092267 1764164490957.555664 1764164490957 1764164490964
101213 3407125611 1764164490990.893799 1764164490991 1764164490998
101214 3407158955 1764164491024.231689 1764164491023 1764164491031
101215 3407192299 1764164491057.569580 1764164491057 1764164491064
101216 3407225643 1764164491090.907715 1764164491091 1764164491098
101217 3407258987 1764164491124.245605 1764164491123 1764164491131
101218 3407292330 1764164491157.582520 1764164491157 1764164491164
101219 3407325674 1764164491190.920410 1764164491191 1764164491198
101220 3407359018 1764164491224.258301 1764164491223 1764164491231
101221 3407392362 1764164491257.596191 1764164491257 1764164491264
101222 3407425706 1764164491290.933838 1764164491291 1764164491298
101223 3407459050 1764164491324.271729 1764164491324 1764164491331
101224 3407492394 1764164491357.609619 1764164491357 1764164491364
101225 3407525738 1764164491390.947266 1764164491391 1764164491398
101226 3407559082 1764164491424.285156 1764164491423 1764164491431
101227 3407592426 1764164491457.625488 1764164491457 1764164491464
101228 3407625770 1764164491490.962891 1764164491491 1764164491498
101229 3407659114 1764164491524.300049 1764164491524 1764164491531
101230 3407692458 1764164491557.637207 1764164491557 1764164491564
101231 3407725802 1764164491590.974365 1764164491591 1764164491598
101232 3407759145 1764164491624.310547 1764164491624 1764164491631
101233 3407792489 1764164491657.647705 1764164491657 1764164491664
101234 3407825833 1764164491690.984863 1764164491691 1764164491698
101235 3407859177 1764164491724.322021 1764164491724 1764164491731
101236 3407892521 1764164491757.658936 1764164491757 1764164491764
101237 3407925865 1764164491790.996094 1764164491791 1764164491798
101238 3407959209 1764164491824.333252 1764164491824 1764164491831
101239 3407992553 1764164491857.670166 1764164491857 1764164491864
101240 3408025897 1764164491891.007080 1764164491891 1764164491898
101241 3408059241 1764164491924.343994 1764164491924 1764164491931
101242 3408092585 1764164491957.681152 1764164491957 1764164491964
101243 3408125929 1764164491991.018066 1764164491991 1764164491998
101244 3408159273 1764164492024.354736 1764164492024 1764164492031
101245 3408192616 1764164492057.690674 1764164492057 1764164492064
101246 3408225960 1764164492091.027588 1764164492091 1764164492098
101247 3408259304 1764164492124.364502 1764164492124 1764164492131
101248 3408292648 1764164492157.701172 1764164492157 1764164492164
101249 3408325992 1764164492191.038086 1764164492191 1764164492198
101250 3408359336 1764164492224.374756 1764164492224 1764164492231
101251 3408392680 1764164492257.711426 1764164492257 1764164492264
101252 3408426024 1764164492291.048096 1764164492291 1764164492298
101253 3408459368 1764164492324.384766 1764164492324 1764164492331
101254 3408492712 1764164492357.721436 1764164492357 1764164492364
101255 3408526056 1764164492391.058105 1764164492390 1764164492398
101256 3408559400 1764164492424.394775 1764164492424 1764164492431
101257 3408592744 1764164492457.731445 1764164492457 1764164492464
101258 3408626087 1764164492491.067139 1764164492491 1764164492498
101259 3408659431 1764164492524.403564 1764164492524 1764164492531
101260 3408692775 1764164492557.740234 1764164492557 1764164492564
101261 3408726119 1764164492591.076660 1764164492591 1764164492598
101262 3408759463 1764164492624.413086 1764164492624 1764164492631
101263 3408792807 1764164492657.749512 1764164492657 1764164492664
101264 3408826151 1764164492691.086182 1764164492691 1764164492698
101265 3408859495 1764164492724.422607 1764164492724 1764164492731
101266 3408892839 1764164492757.758789 1764164492757 1764164492764
101267 3408926183 1764164492791.095215 1764164492791 1764164492798
101268 3408959527 1764164492824.431641 1764164492824 1764164492831
101269 3408992871 1764164492857.767822 1764164492857 1764164492864
101270 3409026215 1764164492891.104248 1764164492891 1764164492898
101271 3409059559 1764164492924.440430 1764164492924 1764164492931
101272 3409092902 1764164492957.775635 1764164492957 1764164492964
101273 3409126246 1764164492991.111816 1764164492991 1764164492998
101274 3409159590 1764164493024.447998 1764164493024 1764164493031
101275 3409192934 1764164493057.784180 1764164493057 1764164493064
101276 3409226278 1764164493091.120361 1764164493091 1764164493098
101277 3409259622 1764164493124.456299 1764164493124 1764164493131
101278 3409292966 1764164493157.792480 1764164493157 1764164493165
101279 3409326310 1764164493191.128418 1764164493191 1764164493198
101280 3409359654 1764164493224.464600 1764164493224 1764164493231
101281 3409392998 1764164493257.800537 1764164493258 1764164493265
101282 3409426342 1764164493291.136475 1764164493291 1764164493298
101283 3409459686 1764164493324.472412 1764164493324 1764164493331
101284 3409493030 1764164493357.808350 1764164493358 1764164493365
101285 3409526373 1764164493391.143311 1764164493391 1764164493398
101286 3409559717 1764164493424.479004 1764164493424 1764164493431
101287 3409593061 1764164493457.814941 1764164493458 1764164493465
101288 3409626405 1764164493491.151611 1764164493490 1764164493498
101289 3409659749 1764164493524.488037 1764164493524 1764164493531
101290 3409693093 1764164493557.824707 1764164493558 1764164493565
101291 3409726437 1764164493591.161133 1764164493590 1764164493598
101292 3409759781 1764164493624.497803 1764164493624 1764164493631
101293 3409793125 1764164493657.834229 1764164493658 1764164493665
101294 3409826469 1764164493691.170654 1764164493691 1764164493698
101295 3409859813 1764164493724.507324 1764164493724 1764164493731
101296 3409893157 1764164493757.843750 1764164493758 1764164493765
101297 3409926501 1764164493791.180176 1764164493790 1764164493798
101298 3409959844 1764164493824.515381 1764164493824 1764164493831
101299 3409993188 1764164493857.851807 1764164493858 1764164493865
101300 3410026532 1764164493891.188232 1764164493890 1764164493898
101301 3410059876 1764164493924.524658 1764164493924 1764164493931
101302 3410093220 1764164493957.860840 1764164493958 1764164493965
101303 3410126564 1764164493991.197266 1764164493990 1764164493998
101304 3410159908 1764164494024.533447 1764164494024 1764164494031
101305 3410193252 1764164494057.869629 1764164494058 1764164494065
101306 3410226596 1764164494091.206055 1764164494090 1764164494098
101307 3410259940 1764164494124.542236 1764164494124 1764164494131
101308 3410293284 1764164494157.878418 1764164494158 1764164494165
101309 3410326628 1764164494191.214600 1764164494190 1764164494198
101310 3410359972 1764164494224.550781 1764164494224 1764164494231
101311 3410393316 1764164494257.886963 1764164494258 1764164494265
101312 3410426659 1764164494291.221924 1764164494290 1764164494298
101313 3410460003 1764164494324.558105 1764164494324 1764164494331
101314 3410493347 1764164494357.894287 1764164494358 1764164494365
101315 3410526691 1764164494391.230225 1764164494390 1764164494398
101316 3410560035 1764164494424.566406 1764164494424 1764164494431
101317 3410593379 1764164494457.902344 1764164494458 1764164494465
101318 3410626723 1764164494491.238037 1764164494490 1764164494498
101319 3410660067 1764164494524.573730 1764164494524 1764164494531
101320 3410693411 1764164494557.909424 1764164494558 1764164494565
101321 3410726755 1764164494591.244873 1764164494590 1764164494598
101322 3410760099 1764164494624.580566 1764164494624 1764164494631
101323 3410793443 1764164494657.916016 1764164494658 1764164494665
101324 3410826787 1764164494691.251709 1764164494691 1764164494698
101325 3410860130 1764164494724.586182 1764164494724 1764164494731
101326 3410893474 1764164494757.921631 1764164494758 1764164494765
101327 3410926818 1764164494791.257080 1764164494790 1764164494798
101328 3410960162 1764164494824.592529 1764164494824 1764164494831
101329 3410993506 1764164494857.927734 1764164494858 1764164494865
101330 3411026850 1764164494891.263184 1764164494890 1764164494898
101331 3411060194 1764164494924.598389 1764164494924 1764164494931
101332 3411093538 1764164494957.933838 1764164494958 1764164494965
101333 3411126882 1764164494991.269043 1764164494990 1764164494998
101334 3411160226 1764164495024.604248 1764164495024 1764164495031
101335 3411193570 1764164495057.939453 1764164495058 1764164495065
101336 3411226914 1764164495091.274658 1764164495090 1764164495098
101337 3411260258 1764164495124.609863 1764164495124 1764164495131
101338 3411293601 1764164495157.943848 1764164495158 1764164495165
101339 3411326945 1764164495191.279053 1764164495190 1764164495198
101340 3411360289 1764164495224.614014 1764164495224 1764164495231
101341 3411393633 1764164495257.949219 1764164495258 1764164495265
101342 3411426977 1764164495291.284180 1764164495290 1764164495298
101343 3411460321 1764164495324.619141 1764164495324 1764164495331
101344 3411493665 1764164495357.954102 1764164495358 1764164495365
101345 3411527009 1764164495391.289062 1764164495390 1764164495398
101346 3411560353 1764164495424.623779 1764164495424 1764164495431
101347 3411593697 1764164495457.958740 1764164495458 1764164495465
101348 3411627041 1764164495491.293945 1764164495491 1764164495501
101349 3411660385 1764164495524.628906 1764164495524 1764164495531
101350 3411693729 1764164495557.964111 1764164495558 1764164495565
101351 3411727073 1764164495591.299072 1764164495590 1764164495598
101352 3411760416 1764164495624.633057 1764164495624 1764164495631
101353 3411793760 1764164495657.968018 1764164495658 1764164495665
101354 3411827104 1764164495691.302979 1764164495690 1764164495698
101355 3411860448 1764164495724.637939 1764164495724 1764164495731
101356 3411893792 1764164495757.972900 1764164495758 1764164495765
101357 3411927136 1764164495791.307861 1764164495791 1764164495798
101358 3411960480 1764164495824.642578 1764164495824 1764164495831
101359 3411993824 1764164495857.977295 1764164495858 1764164495865
101360 3412027168 1764164495891.312256 1764164495891 1764164495898
101361 3412060512 1764164495924.646973 1764164495924 1764164495931
101362 3412093856 1764164495957.981689 1764164495958 1764164495965
101363 3412127200 1764164495991.316162 1764164495991 1764164495998
101364 3412160544 1764164496024.650879 1764164496024 1764164496031
101365 3412193887 1764164496057.984375 1764164496058 1764164496065
101366 3412227231 1764164496091.319092 1764164496091 1764164496098
101367 3412260575 1764164496124.653564 1764164496124 1764164496131
101368 3412293919 1764164496157.988037 1764164496158 1764164496165
101369 3412327263 1764164496191.322510 1764164496191 1764164496198
101370 3412360607 1764164496224.656982 1764164496224 1764164496231
101371 3412393951 1764164496257.991455 1764164496258 1764164496265
101372 3412427295 1764164496291.325928 1764164496291 1764164496298
101373 3412460639 1764164496324.660156 1764164496324 1764164496331
101374 3412493983 1764164496357.994629 1764164496358 1764164496365
101375 3412527327 1764164496391.328857 1764164496391 1764164496398
101376 3412560671 1764164496424.663086 1764164496424 1764164496431
101377 3412594015 1764164496457.997314 1764164496458 1764164496465
101378 3412627358 1764164496491.331299 1764164496491 1764164496498
101379 3412660702 1764164496524.666260 1764164496524 1764164496531
101380 3412694046 1764164496558.000977 1764164496558 1764164496565
101381 3412727390 1764164496591.335693 1764164496591 1764164496598
101382 3412760734 1764164496624.670654 1764164496624 1764164496631
101383 3412794078 1764164496658.005371 1764164496658 1764164496665
101384 3412827422 1764164496691.340088 1764164496691 1764164496698
101385 3412860766 1764164496724.674805 1764164496724 1764164496731
101386 3412894110 1764164496758.009277 1764164496758 1764164496765
101387 3412927454 1764164496791.343994 1764164496791 1764164496798
101388 3412960798 1764164496824.678467 1764164496824 1764164496831
101389 3412994142 1764164496858.013184 1764164496858 1764164496865
101390 3413027486 1764164496891.347656 1764164496891 1764164496898
101391 3413060830 1764164496924.682129 1764164496924 1764164496931
101392 3413094173 1764164496958.015625 1764164496958 1764164496965
101393 3413127517 1764164496991.350098 1764164496991 1764164496998
101394 3413160861 1764164497024.684326 1764164497024 1764164497031
101395 3413194205 1764164497058.018799 1764164497058 1764164497065
101396 3413227549 1764164497091.353027 1764164497091 1764164497098
101397 3413260893 1764164497124.687500 1764164497125 1764164497132
101398 3413294237 1764164497158.021729 1764164497158 1764164497165
101399 3413327581 1764164497191.355957 1764164497191 1764164497198
101400 3413360925 1764164497224.690186 1764164497225 1764164497232
101401 3413394269 1764164497258.024414 1764164497258 1764164497265
101402 3413427613 1764164497291.358398 1764164497291 1764164497298
101403 3413460957 1764164497324.692627 1764164497325 1764164497332
101404 3413494301 1764164497358.026611 1764164497358 1764164497365
101405 3413527644 1764164497391.359863 1764164497391 1764164497398
101406 3413560988 1764164497424.693848 1764164497425 1764164497432
101407 3413594332 1764164497458.027832 1764164497457 1764164497465
101408 3413627676 1764164497491.362549 1764164497491 1764164497498
101409 3413661020 1764164497524.697021 1764164497525 1764164497532
101410 3413694364 1764164497558.031738 1764164497558 1764164497565
101411 3413727708 1764164497591.366211 1764164497591 1764164497598
101412 3413761052 1764164497624.700684 1764164497625 1764164497632
101413 3413794396 1764164497658.035156 1764164497658 1764164497665
101414 3413827740 1764164497691.369629 1764164497691 1764164497698
101415 3413861084 1764164497724.704102 1764164497725 1764164497732
101416 3413894428 1764164497758.038330 1764164497758 1764164497765
101417 3413927772 1764164497791.372803 1764164497791 1764164497798
101418 3413961115 1764164497824.706055 1764164497825 1764164497832
101419 3413994459 1764164497858.040283 1764164497857 1764164497865
101420 3414027803 1764164497891.374512 1764164497891 1764164497898
101421 3414061147 1764164497924.708740 1764164497925 1764164497932
101422 3414094491 1764164497958.042969 1764164497957 1764164497965
101423 3414127835 1764164497991.377197 1764164497991 1764164497998
101424 3414161179 1764164498024.711426 1764164498025 1764164498032
101425 3414194523 1764164498058.045410 1764164498057 1764164498065
101426 3414227867 1764164498091.379395 1764164498091 1764164498098
101427 3414261211 1764164498124.713623 1764164498125 1764164498132
101428 3414294555 1764164498158.047607 1764164498157 1764164498165
101429 3414327899 1764164498191.381592 1764164498191 1764164498198
101430 3414361243 1764164498224.715576 1764164498225 1764164498232
101431 3414394587 1764164498258.049316 1764164498257 1764164498265
101432 3414427930 1764164498291.382324 1764164498291 1764164498298
101433 3414461274 1764164498324.716064 1764164498325 1764164498332
101434 3414494618 1764164498358.050049 1764164498357 1764164498365
101435 3414527962 1764164498391.383789 1764164498391 1764164498398
101436 3414561306 1764164498424.717529 1764164498425 1764164498432
101437 3414594650 1764164498458.051270 1764164498457 1764164498465
101438 3414627994 1764164498491.385986 1764164498491 1764164498498
101439 3414661338 1764164498524.720703 1764164498525 1764164498532
101440 3414694682 1764164498558.055420 1764164498557 1764164498565
101441 3414728026 1764164498591.390137 1764164498591 1764164498598
101442 3414761370 1764164498624.724609 1764164498625 1764164498632
101443 3414794714 1764164498658.059326 1764164498657 1764164498665
101444 3414828058 1764164498691.393799 1764164498691 1764164498698
101445 3414861401 1764164498724.727295 1764164498725 1764164498732
101446 3414894745 1764164498758.061768 1764164498757 1764164498765
101447 3414928089 1764164498791.396484 1764164498791 1764164498798
101448 3414961433 1764164498824.730713 1764164498825 1764164498832
101449 3414994777 1764164498858.065186 1764164498857 1764164498865
101450 3415028121 1764164498891.399658 1764164498891 1764164498898
101451 3415061465 1764164498924.734131 1764164498925 1764164498932
101452 3415094809 1764164498958.068359 1764164498957 1764164498965
101453 3415128153 1764164498991.402832 1764164498991 1764164498998
101454 3415161497 1764164499024.737061 1764164499025 1764164499032
101455 3415194841 1764164499058.071289 1764164499057 1764164499065
101456 3415228185 1764164499091.405518 1764164499091 1764164499098
101457 3415261529 1764164499124.739990 1764164499125 1764164499132
101458 3415294872 1764164499158.072998 1764164499157 1764164499165
101459 3415328216 1764164499191.407227 1764164499191 1764164499198
101460 3415361560 1764164499224.741455 1764164499225 1764164499232
101461 3415394904 1764164499258.075684 1764164499257 1764164499265
101462 3415428248 1764164499291.409668 1764164499291 1764164499298
101463 3415461592 1764164499324.743652 1764164499325 1764164499332
101464 3415494936 1764164499358.077881 1764164499357 1764164499365
101465 3415528280 1764164499391.411865 1764164499392 1764164499399
101466 3415561624 1764164499424.745850 1764164499425 1764164499432
101467 3415594968 1764164499458.079834 1764164499457 1764164499465
101468 3415628312 1764164499491.414551 1764164499491 1764164499498
101469 3415661656 1764164499524.749512 1764164499525 1764164499532
101470 3415695000 1764164499558.084229 1764164499557 1764164499565
101471 3415728344 1764164499591.418945 1764164499591 1764164499598
101472 3415761687 1764164499624.752441 1764164499625 1764164499632
101473 3415795031 1764164499658.087158 1764164499657 1764164499665
101474 3415828375 1764164499691.421875 1764164499691 1764164499698
101475 3415861719 1764164499724.756348 1764164499725 1764164499732
101476 3415895063 1764164499758.091064 1764164499757 1764164499765
101477 3415928407 1764164499791.425537 1764164499791 1764164499798
101478 3415961751 1764164499824.760254 1764164499825 1764164499832
101479 3415995095 1764164499858.094727 1764164499858 1764164499865
101480 3416028439 1764164499891.429199 1764164499891 1764164499898
101481 3416061783 1764164499924.763672 1764164499925 1764164499932
101482 3416095127 1764164499958.098145 1764164499958 1764164499965
101483 3416128471 1764164499991.432617 1764164499991 1764164499998
101484 3416161815 1764164500024.767090 1764164500025 1764164500032
101485 3416195158 1764164500058.100342 1764164500058 1764164500065
101486 3416228502 1764164500091.434814 1764164500091 1764164500098
101487 3416261846 1764164500124.769043 1764164500125 1764164500132
101488 3416295190 1764164500158.103516 1764164500158 1764164500165
101489 3416328534 1764164500191.437744 1764164500192 1764164500199
101490 3416361878 1764164500224.771973 1764164500225 1764164500232
101491 3416395222 1764164500258.106201 1764164500258 1764164500265
101492 3416428566 1764164500291.440430 1764164500291 1764164500298
101493 3416461910 1764164500324.774658 1764164500325 1764164500332
101494 3416495254 1764164500358.108887 1764164500358 1764164500365
101495 3416528598 1764164500391.443115 1764164500391 1764164500398
101496 3416561942 1764164500424.777100 1764164500424 1764164500434
101497 3416595286 1764164500458.111328 1764164500458 1764164500465
101498 3416628629 1764164500491.444824 1764164500491 1764164500498
101499 3416661973 1764164500524.779541 1764164500525 1764164500532
101500 3416695317 1764164500558.114014 1764164500558 1764164500565
101501 3416728661 1764164500591.448486 1764164500591 1764164500598
101502 3416762005 1764164500624.782959 1764164500624 1764164500632
101503 3416795349 1764164500658.117676 1764164500658 1764164500665
101504 3416828693 1764164500691.451904 1764164500691 1764164500698
101505 3416862037 1764164500724.786377 1764164500725 1764164500732
101506 3416895381 1764164500758.120850 1764164500758 1764164500765
101507 3416928725 1764164500791.455322 1764164500791 1764164500798
101508 3416962069 1764164500824.789551 1764164500825 1764164500832
101509 3416995413 1764164500858.124023 1764164500858 1764164500865
101510 3417028757 1764164500891.458252 1764164500891 1764164500898
101511 3417062101 1764164500924.792725 1764164500925 1764164500932
101512 3417095444 1764164500958.125977 1764164500958 1764164500965
101513 3417128788 1764164500991.460205 1764164500991 1764164500998
101514 3417162132 1764164501024.794434 1764164501025 1764164501032
101515 3417195476 1764164501058.128662 1764164501058 1764164501065
101516 3417228820 1764164501091.462891 1764164501091 1764164501098
101517 3417262164 1764164501124.796875 1764164501125 1764164501132
101518 3417295508 1764164501158.131104 1764164501158 1764164501165
101519 3417328852 1764164501191.465332 1764164501191 1764164501198
101520 3417362196 1764164501224.799316 1764164501225 1764164501232
101521 3417395540 1764164501258.133545 1764164501258 1764164501265
101522 3417428884 1764164501291.467529 1764164501291 1764164501299
101523 3417462228 1764164501324.801514 1764164501325 1764164501332
101524 3417495572 1764164501358.135498 1764164501358 1764164501365
101525 3417528915 1764164501391.468506 1764164501392 1764164501399
101526 3417562259 1764164501424.802490 1764164501425 1764164501432
101527 3417595603 1764164501458.136475 1764164501458 1764164501465
101528 3417628947 1764164501491.471924 1764164501492 1764164501499
101529 3417662291 1764164501524.807373 1764164501525 1764164501532
101530 3417695635 1764164501558.143066 1764164501558 1764164501565
101531 3417728979 1764164501591.478516 1764164501592 1764164501599
101532 3417762323 1764164501624.813965 1764164501625 1764164501632
101533 3417795667 1764164501658.149414 1764164501658 1764164501665
101534 3417829011 1764164501691.484863 1764164501692 1764164501699
101535 3417862355 1764164501724.820312 1764164501724 1764164501732
101536 3417895699 1764164501758.155762 1764164501758 1764164501765
101537 3417929043 1764164501791.491211 1764164501792 1764164501799
101538 3417962386 1764164501824.825684 1764164501825 1764164501832
101539 3417995730 1764164501858.161133 1764164501858 1764164501865
101540 3418029074 1764164501891.496338 1764164501892 1764164501899
101541 3418062418 1764164501924.831787 1764164501925 1764164501932
101542 3418095762 1764164501958.167236 1764164501958 1764164501965
101543 3418129106 1764164501991.502686 1764164501992 1764164501999
101544 3418162450 1764164502024.837891 1764164502024 1764164502032
101545 3418195794 1764164502058.173340 1764164502058 1764164502065
101546 3418229138 1764164502091.508789 1764164502092 1764164502099
101547 3418262482 1764164502124.843994 1764164502124 1764164502132
101548 3418295826 1764164502158.179443 1764164502158 1764164502165
101549 3418329170 1764164502191.514648 1764164502192 1764164502199
101550 3418362514 1764164502224.850098 1764164502224 1764164502232
101551 3418395858 1764164502258.185303 1764164502258 1764164502265
101552 3418429201 1764164502291.519531 1764164502292 1764164502299
101553 3418462545 1764164502324.854980 1764164502324 1764164502332
101554 3418495889 1764164502358.190186 1764164502358 1764164502365
101555 3418529233 1764164502391.525391 1764164502392 1764164502399
101556 3418562577 1764164502424.860596 1764164502424 1764164502432
101557 3418595921 1764164502458.196045 1764164502458 1764164502465
101558 3418629265 1764164502491.531738 1764164502492 1764164502499
101559 3418662609 1764164502524.867188 1764164502524 1764164502532
101560 3418695953 1764164502558.202881 1764164502558 1764164502565
101561 3418729297 1764164502591.538574 1764164502592 1764164502599
101562 3418762641 1764164502624.874268 1764164502624 1764164502632
101563 3418795985 1764164502658.209717 1764164502658 1764164502665
101564 3418829329 1764164502691.545410 1764164502692 1764164502699
101565 3418862672 1764164502724.880127 1764164502724 1764164502732
101566 3418896016 1764164502758.215576 1764164502758 1764164502765
101567 3418929360 1764164502791.551270 1764164502792 1764164502799
101568 3418962704 1764164502824.886719 1764164502824 1764164502832
101569 3418996048 1764164502858.222412 1764164502858 1764164502865
101570 3419029392 1764164502891.557861 1764164502891 1764164502899
101571 3419062736 1764164502924.893555 1764164502924 1764164502932
101572 3419096080 1764164502958.229004 1764164502958 1764164502965
101573 3419129424 1764164502991.564697 1764164502992 1764164502999
101574 3419162768 1764164503024.900146 1764164503024 1764164503032
101575 3419196112 1764164503058.235596 1764164503058 1764164503065
101576 3419229456 1764164503091.571045 1764164503092 1764164503099
101577 3419262800 1764164503124.906738 1764164503124 1764164503132
101578 3419296143 1764164503158.241211 1764164503158 1764164503165
101579 3419329487 1764164503191.576660 1764164503192 1764164503199
101580 3419362831 1764164503224.912109 1764164503224 1764164503232
101581 3419396175 1764164503258.247559 1764164503258 1764164503265
101582 3419429519 1764164503291.583008 1764164503292 1764164503299
101583 3419462863 1764164503324.918457 1764164503324 1764164503332
101584 3419496207 1764164503358.253906 1764164503358 1764164503365
101585 3419529551 1764164503391.589355 1764164503392 1764164503399
101586 3419562895 1764164503424.924805 1764164503424 1764164503432
101587 3419596239 1764164503458.260254 1764164503458 1764164503465
101588 3419629583 1764164503491.599121 1764164503492 1764164503499
101589 3419662927 1764164503524.937988 1764164503524 1764164503532
101590 3419696271 1764164503558.277100 1764164503558 1764164503565
101591 3419729615 1764164503591.615967 1764164503592 1764164503599
101592 3419762958 1764164503624.953857 1764164503624 1764164503632
101593 3419796302 1764164503658.292725 1764164503658 1764164503665
101594 3419829646 1764164503691.631836 1764164503692 1764164503699
101595 3419862990 1764164503724.970703 1764164503725 1764164503732
101596 3419896334 1764164503758.309814 1764164503758 1764164503765
101597 3419929678 1764164503791.648926 1764164503792 1764164503799
101598 3419963022 1764164503824.987793 1764164503824 1764164503832
101599 3419996366 1764164503858.326904 1764164503858 1764164503865
101600 3420029710 1764164503891.666016 1764164503892 1764164503899
101601 3420063054 1764164503925.005127 1764164503924 1764164503932
101602 3420096398 1764164503958.344238 1764164503958 1764164503965
101603 3420129742 1764164503991.683350 1764164503992 1764164503999
101604 3420163086 1764164504025.022461 1764164504025 1764164504032
101605 3420196429 1764164504058.360596 1764164504058 1764164504065
101606 3420229773 1764164504091.699707 1764164504092 1764164504099
101607 3420263117 1764164504125.039062 1764164504125 1764164504132
101608 3420296461 1764164504158.378174 1764164504158 1764164504165
101609 3420329805 1764164504191.717285 1764164504192 1764164504199
101610 3420363149 1764164504225.056641 1764164504225 1764164504232
101611 3420396493 1764164504258.395752 1764164504258 1764164504265
101612 3420429837 1764164504291.735107 1764164504292 1764164504299
101613 3420463181 1764164504325.074463 1764164504325 1764164504332
101614 3420496525 1764164504358.413574 1764164504358 1764164504365
101615 3420529869 1764164504391.752930 1764164504392 1764164504399
101616 3420563213 1764164504425.092285 1764164504425 1764164504432
101617 3420596557 1764164504458.431641 1764164504458 1764164504465
101618 3420629900 1764164504491.766357 1764164504492 1764164504499
101619 3420663244 1764164504525.101807 1764164504525 1764164504532
101620 3420696588 1764164504558.437500 1764164504558 1764164504565
101621 3420729932 1764164504591.773193 1764164504592 1764164504599
101622 3420763276 1764164504625.108643 1764164504625 1764164504632
101623 3420796620 1764164504658.444336 1764164504658 1764164504665
101624 3420829964 1764164504691.780029 1764164504692 1764164504699
101625 3420863308 1764164504725.115479 1764164504725 1764164504732
101626 3420896652 1764164504758.451172 1764164504758 1764164504765
101627 3420929996 1764164504791.786621 1764164504791 1764164504799
101628 3420963340 1764164504825.122314 1764164504825 1764164504832
101629 3420996684 1764164504858.457764 1764164504858 1764164504865
101630 3421030028 1764164504891.793457 1764164504892 1764164504899
101631 3421063372 1764164504925.128906 1764164504926 1764164504933
101632 3421096715 1764164504958.463379 1764164504958 1764164504965
101633 3421130059 1764164504991.799072 1764164504992 1764164504999
101634 3421163403 1764164505025.134521 1764164505025 1764164505032
101635 3421196747 1764164505058.470215 1764164505058 1764164505065
101636 3421230091 1764164505091.805664 1764164505092 1764164505099
101637 3421263435 1764164505125.141113 1764164505125 1764164505132
101638 3421296779 1764164505158.476562 1764164505158 1764164505165
101639 3421330123 1764164505191.812256 1764164505192 1764164505199
101640 3421363467 1764164505225.147705 1764164505225 1764164505232
101641 3421396811 1764164505258.483154 1764164505259 1764164505266
101642 3421430155 1764164505291.818604 1764164505292 1764164505299
101643 3421463499 1764164505325.154053 1764164505325 1764164505332
101644 3421496843 1764164505358.489746 1764164505359 1764164505366
101645 3421530186 1764164505391.824219 1764164505392 1764164505399
101646 3421563530 1764164505425.159668 1764164505425 1764164505432
101647 3421596874 1764164505458.495117 1764164505459 1764164505466
101648 3421630218 1764164505491.830811 1764164505492 1764164505499
101649 3421663562 1764164505525.166504 1764164505525 1764164505532
101650 3421696906 1764164505558.502197 1764164505559 1764164505566
101651 3421730250 1764164505591.837891 1764164505592 1764164505599
101652 3421763594 1764164505625.173584 1764164505625 1764164505632
101653 3421796938 1764164505658.509277 1764164505659 1764164505666
101654 3421830282 1764164505691.844971 1764164505692 1764164505699
101655 3421863626 1764164505725.180420 1764164505725 1764164505732
101656 3421896970 1764164505758.516113 1764164505759 1764164505766
101657 3421930314 1764164505791.851807 1764164505792 1764164505799
101658 3421963657 1764164505825.186523 1764164505825 1764164505832
101659 3421997001 1764164505858.522217 1764164505859 1764164505866
101660 3422030345 1764164505891.857910 1764164505891 1764164505899
101661 3422063689 1764164505925.193604 1764164505925 1764164505932
101662 3422097033 1764164505958.529053 1764164505959 1764164505966
101663 3422130377 1764164505991.864746 1764164505991 1764164505999
101664 3422163721 1764164506025.200439 1764164506025 1764164506032
101665 3422197065 1764164506058.536133 1764164506059 1764164506066
101666 3422230409 1764164506091.871826 1764164506091 1764164506099
101667 3422263753 1764164506125.207275 1764164506125 1764164506132
101668 3422297097 1764164506158.542969 1764164506159 1764164506166
101669 3422330441 1764164506191.878662 1764164506191 1764164506199
101670 3422363785 1764164506225.214111 1764164506225 1764164506232
101671 3422397129 1764164506258.549805 1764164506259 1764164506266
101672 3422430472 1764164506291.884521 1764164506291 1764164506299
101673 3422463816 1764164506325.219971 1764164506325 1764164506332
101674 3422497160 1764164506358.555664 1764164506359 1764164506366
101675 3422530504 1764164506391.891357 1764164506391 1764164506399
101676 3422563848 1764164506425.226807 1764164506425 1764164506432
101677 3422597192 1764164506458.562500 1764164506459 1764164506466
101678 3422630536 1764164506491.898193 1764164506491 1764164506499
101679 3422663880 1764164506525.234131 1764164506525 1764164506532
101680 3422697224 1764164506558.569824 1764164506559 1764164506566
101681 3422730568 1764164506591.905762 1764164506591 1764164506599
101682 3422763912 1764164506625.241455 1764164506625 1764164506632
101683 3422797256 1764164506658.577148 1764164506659 1764164506666
101684 3422830600 1764164506691.913086 1764164506691 1764164506699
101685 3422863943 1764164506725.247803 1764164506725 1764164506732
101686 3422897287 1764164506758.583496 1764164506758 1764164506766
101687 3422930631 1764164506791.919434 1764164506791 1764164506799
101688 3422963975 1764164506825.255127 1764164506825 1764164506832
101689 3422997319 1764164506858.590820 1764164506859 1764164506866
101690 3423030663 1764164506891.926514 1764164506891 1764164506899
101691 3423064007 1764164506925.262451 1764164506925 1764164506932
101692 3423097351 1764164506958.598145 1764164506959 1764164506966
101693 3423130695 1764164506991.933838 1764164506991 1764164506999
101694 3423164039 1764164507025.269775 1764164507025 1764164507032
101695 3423197383 1764164507058.605469 1764164507059 1764164507066
101696 3423230727 1764164507091.941162 1764164507091 1764164507099
101697 3423264071 1764164507125.276855 1764164507125 1764164507132
101698 3423297414 1764164507158.611572 1764164507159 1764164507166
101699 3423330758 1764164507191.947510 1764164507191 1764164507199
101700 3423364102 1764164507225.283203 1764164507225 1764164507232
101701 3423397446 1764164507258.618896 1764164507259 1764164507266
101702 3423430790 1764164507291.954590 1764164507291 1764164507299
101703 3423464134 1764164507325.290283 1764164507325 1764164507332
101704 3423497478 1764164507358.625977 1764164507359 1764164507366
101705 3423530822 1764164507391.961914 1764164507391 1764164507399
101706 3423564166 1764164507425.297607 1764164507425 1764164507432
101707 3423597510 1764164507458.633301 1764164507459 1764164507466
101708 3423630854 1764164507491.969238 1764164507491 1764164507499
101709 3423664198 1764164507525.305176 1764164507525 1764164507532
101710 3423697542 1764164507558.641357 1764164507559 1764164507566
101711 3423730886 1764164507591.977295 1764164507591 1764164507599
101712 3423764229 1764164507625.312256 1764164507625 1764164507632
101713 3423797573 1764164507658.648438 1764164507659 1764164507666
101714 3423830917 1764164507691.984375 1764164507691 1764164507699
101715 3423864261 1764164507725.320312 1764164507725 1764164507732
101716 3423897605 1764164507758.656250 1764164507759 1764164507766
101717 3423930949 1764164507791.992432 1764164507791 1764164507799
101718 3423964293 1764164507825.328369 1764164507825 1764164507832
101719 3423997637 1764164507858.664307 1764164507859 1764164507866
101720 3424030981 1764164507892.000488 1764164507891 1764164507899
101721 3424064325 1764164507925.336426 1764164507925 1764164507932
101722 3424097669 1764164507958.672363 1764164507959 1764164507966
101723 3424131013 1764164507992.008301 1764164507991 1764164507999
101724 3424164357 1764164508025.344482 1764164508025 1764164508032
101725 3424197700 1764164508058.679443 1764164508059 1764164508066
101726 3424231044 1764164508092.015381 1764164508092 1764164508099
101727 3424264388 1764164508125.351318 1764164508125 1764164508132
101728 3424297732 1764164508158.687256 1764164508159 1764164508166
101729 3424331076 1764164508192.023438 1764164508192 1764164508199
101730 3424364420 1764164508225.359375 1764164508225 1764164508232
101731 3424397764 1764164508258.695312 1764164508259 1764164508266
101732 3424431108 1764164508292.031250 1764164508292 1764164508299
101733 3424464452 1764164508325.367188 1764164508326 1764164508333
101734 3424497796 1764164508358.703369 1764164508359 1764164508366
101735 3424531140 1764164508392.039307 1764164508392 1764164508399
101736 3424564484 1764164508425.375244 1764164508425 1764164508432
101737 3424597828 1764164508458.711182 1764164508459 1764164508466
101738 3424631171 1764164508492.045898 1764164508492 1764164508499
101739 3424664515 1764164508525.381592 1764164508525 1764164508532
101740 3424697859 1764164508558.717529 1764164508559 1764164508566
101741 3424731203 1764164508592.053223 1764164508592 1764164508599
101742 3424764547 1764164508625.388916 1764164508625 1764164508632
101743 3424797891 1764164508658.724609 1764164508659 1764164508666
101744 3424831235 1764164508692.060303 1764164508692 1764164508699
101745 3424864579 1764164508725.395996 1764164508725 1764164508732
101746 3424897923 1764164508758.731689 1764164508759 1764164508766
101747 3424931267 1764164508792.067383 1764164508792 1764164508799
101748 3424964611 1764164508825.403076 1764164508825 1764164508832
101749 3424997955 1764164508858.738770 1764164508859 1764164508866
101750 3425031299 1764164508892.074707 1764164508892 1764164508899
101751 3425064643 1764164508925.410400 1764164508925 1764164508932
101752 3425097986 1764164508958.744873 1764164508959 1764164508966
101753 3425131330 1764164508992.080566 1764164508992 1764164508999
101754 3425164674 1764164509025.416260 1764164509025 1764164509032
101755 3425198018 1764164509058.751953 1764164509059 1764164509066
101756 3425231362 1764164509092.087646 1764164509092 1764164509099
101757 3425264706 1764164509125.423340 1764164509125 1764164509132
101758 3425298050 1764164509158.759033 1764164509159 1764164509166
101759 3425331394 1764164509192.094727 1764164509192 1764164509199
101760 3425364738 1764164509225.430420 1764164509226 1764164509233
101761 3425398082 1764164509258.766113 1764164509259 1764164509266
101762 3425431426 1764164509292.101807 1764164509292 1764164509299
101763 3425464770 1764164509325.437500 1764164509325 1764164509332
101764 3425498114 1764164509358.773193 1764164509359 1764164509366
101765 3425531457 1764164509392.107910 1764164509392 1764164509399
101766 3425564801 1764164509425.443359 1764164509426 1764164509433
101767 3425598145 1764164509458.779053 1764164509458 1764164509466
101768 3425631489 1764164509492.119629 1764164509492 1764164509499
101769 3425664833 1764164509525.459961 1764164509525 1764164509532
101770 3425698177 1764164509558.800293 1764164509558 1764164509566
101771 3425731521 1764164509592.140869 1764164509592 1764164509599
101772 3425764865 1764164509625.481445 1764164509626 1764164509633
101773 3425798209 1764164509658.822021 1764164509659 1764164509666
101774 3425831553 1764164509692.162598 1764164509692 1764164509699
101775 3425864897 1764164509725.503174 1764164509726 1764164509733
101776 3425898241 1764164509758.843750 1764164509759 1764164509766
101777 3425931585 1764164509792.184326 1764164509792 1764164509799
101778 3425964928 1764164509825.523926 1764164509826 1764164509833
101779 3425998272 1764164509858.864746 1764164509859 1764164509866
101780 3426031616 1764164509892.205322 1764164509892 1764164509899
101781 3426064960 1764164509925.546143 1764164509926 1764164509933
101782 3426098304 1764164509958.886963 1764164509959 1764164509966
101783 3426131648 1764164509992.227783 1764164509992 1764164509999
101784 3426164992 1764164510025.568604 1764164510026 1764164510033
101785 3426198336 1764164510058.909424 1764164510059 1764164510066
101786 3426231680 1764164510092.250244 1764164510092 1764164510099
101787 3426265024 1764164510125.591064 1764164510126 1764164510133
101788 3426298368 1764164510158.932129 1764164510158 1764164510166
101789 3426331712 1764164510192.272949 1764164510192 1764164510199
101790 3426365056 1764164510225.614014 1764164510226 1764164510233
101791 3426398400 1764164510258.955078 1764164510258 1764164510266
101792 3426431743 1764164510292.295166 1764164510292 1764164510299
101793 3426465087 1764164510325.636230 1764164510326 1764164510333
101794 3426498431 1764164510358.977295 1764164510358 1764164510366
101795 3426531775 1764164510392.318359 1764164510392 1764164510399
101796 3426565119 1764164510425.659424 1764164510426 1764164510433
101797 3426598463 1764164510459.000732 1764164510458 1764164510466
101798 3426631807 1764164510492.336914 1764164510492 1764164510499
101799 3426665151 1764164510525.673340 1764164510526 1764164510533
101800 3426698495 1764164510559.009766 1764164510558 1764164510566
101801 3426731839 1764164510592.346191 1764164510592 1764164510599
101802 3426765183 1764164510625.682373 1764164510626 1764164510633
101803 3426798527 1764164510659.018799 1764164510658 1764164510666
101804 3426831871 1764164510692.355225 1764164510692 1764164510699
101805 3426865214 1764164510725.690430 1764164510726 1764164510733
101806 3426898558 1764164510759.026855 1764164510758 1764164510766
101807 3426931902 1764164510792.363281 1764164510792 1764164510799
101808 3426965246 1764164510825.699463 1764164510826 1764164510833
101809 3426998590 1764164510859.035889 1764164510858 1764164510866
101810 3427031934 1764164510892.372314 1764164510892 1764164510899
101811 3427065278 1764164510925.708740 1764164510926 1764164510933
101812 3427098622 1764164510959.044922 1764164510958 1764164510966
101813 3427131966 1764164510992.381348 1764164510992 1764164510999
101814 3427165310 1764164511025.717773 1764164511026 1764164511033
101815 3427198654 1764164511059.053955 1764164511058 1764164511066
101816 3427231998 1764164511092.390381 1764164511092 1764164511099
101817 3427265342 1764164511125.726807 1764164511126 1764164511133
101818 3427298685 1764164511159.062256 1764164511158 1764164511166
101819 3427332029 1764164511192.398438 1764164511192 1764164511199
101820 3427365373 1764164511225.734863 1764164511226 1764164511233
101821 3427398717 1764164511259.071289 1764164511258 1764164511266
101822 3427432061 1764164511292.407471 1764164511292 1764164511299
101823 3427465405 1764164511325.743896 1764164511326 1764164511333
101824 3427498749 1764164511359.080322 1764164511358 1764164511366
101825 3427532093 1764164511392.416748 1764164511392 1764164511399
101826 3427565437 1764164511425.752930 1764164511426 1764164511433
101827 3427598781 1764164511459.089355 1764164511458 1764164511466
101828 3427632125 1764164511492.424561 1764164511492 1764164511499
101829 3427665469 1764164511525.759766 1764164511525 1764164511534
101830 3427698813 1764164511559.095215 1764164511558 1764164511567
101831 3427732157 1764164511592.430420 1764164511592 1764164511599
101832 3427765500 1764164511625.764648 1764164511626 1764164511633
101833 3427798844 1764164511659.099854 1764164511658 1764164511666
101834 3427832188 1764164511692.435059 1764164511692 1764164511699
101835 3427865532 1764164511725.770264 1764164511726 1764164511733
101836 3427898876 1764164511759.105469 1764164511758 1764164511766
101837 3427932220 1764164511792.440430 1764164511792 1764164511799
101838 3427965564 1764164511825.775635 1764164511826 1764164511833
101839 3427998908 1764164511859.110840 1764164511858 1764164511866
101840 3428032252 1764164511892.446045 1764164511892 1764164511899
101841 3428065596 1764164511925.781250 1764164511926 1764164511933
101842 3428098940 1764164511959.116455 1764164511958 1764164511966
101843 3428132284 1764164511992.451416 1764164511992 1764164511999
101844 3428165628 1764164512025.786621 1764164512026 1764164512033
101845 3428198971 1764164512059.120605 1764164512058 1764164512066
101846 3428232315 1764164512092.455811 1764164512093 1764164512100
101847 3428265659 1764164512125.791016 1764164512126 1764164512133
101848 3428299003 1764164512159.125977 1764164512158 1764164512166
101849 3428332347 1764164512192.461182 1764164512192 1764164512199
101850 3428365691 1764164512225.796143 1764164512226 1764164512233
101851 3428399035 1764164512259.131348 1764164512259 1764164512266
101852 3428432379 1764164512292.466309 1764164512293 1764164512300
101853 3428465723 1764164512325.801514 1764164512326 1764164512333
101854 3428499067 1764164512359.136475 1764164512359 1764164512366
101855 3428532411 1764164512392.471436 1764164512392 1764164512399
101856 3428565755 1764164512425.806641 1764164512426 1764164512433
101857 3428599099 1764164512459.141602 1764164512459 1764164512466
101858 3428632442 1764164512492.477051 1764164512492 1764164512499
101859 3428665786 1764164512525.812256 1764164512526 1764164512533
101860 3428699130 1764164512559.147705 1764164512559 1764164512566
101861 3428732474 1764164512592.482910 1764164512592 1764164512599
101862 3428765818 1764164512625.818115 1764164512626 1764164512633
101863 3428799162 1764164512659.153320 1764164512659 1764164512666
101864 3428832506 1764164512692.488525 1764164512692 1764164512699
101865 3428865850 1764164512725.823730 1764164512726 1764164512733
101866 3428899194 1764164512759.158936 1764164512759 1764164512766
101867 3428932538 1764164512792.494141 1764164512792 1764164512799
101868 3428965882 1764164512825.829346 1764164512826 1764164512833
101869 3428999226 1764164512859.164551 1764164512859 1764164512866
101870 3429032570 1764164512892.499756 1764164512892 1764164512899
101871 3429065914 1764164512925.834961 1764164512926 1764164512933
101872 3429099257 1764164512959.168945 1764164512959 1764164512966
101873 3429132601 1764164512992.504150 1764164512992 1764164512999
101874 3429165945 1764164513025.839355 1764164513026 1764164513033
101875 3429199289 1764164513059.174561 1764164513059 1764164513066
101876 3429232633 1764164513092.509521 1764164513092 1764164513099
101877 3429265977 1764164513125.844727 1764164513126 1764164513133
101878 3429299321 1764164513159.179932 1764164513159 1764164513166
101879 3429332665 1764164513192.514893 1764164513192 1764164513199
101880 3429366009 1764164513225.850098 1764164513226 1764164513233
101881 3429399353 1764164513259.185059 1764164513259 1764164513266
101882 3429432697 1764164513292.520264 1764164513292 1764164513299
101883 3429466041 1764164513325.855225 1764164513326 1764164513333
101884 3429499385 1764164513359.190430 1764164513359 1764164513366
101885 3429532728 1764164513392.524414 1764164513392 1764164513399
101886 3429566072 1764164513425.859619 1764164513426 1764164513433
101887 3429599416 1764164513459.194580 1764164513459 1764164513466
101888 3429632760 1764164513492.529541 1764164513493 1764164513500
101889 3429666104 1764164513525.864990 1764164513526 1764164513533
101890 3429699448 1764164513559.200439 1764164513559 1764164513566
101891 3429732792 1764164513592.535889 1764164513592 1764164513600
101892 3429766136 1764164513625.871338 1764164513626 1764164513633
101893 3429799480 1764164513659.206787 1764164513659 1764164513666
101894 3429832824 1764164513692.542236 1764164513692 1764164513700
101895 3429866168 1764164513725.877686 1764164513726 1764164513733
101896 3429899512 1764164513759.212891 1764164513759 1764164513766
101897 3429932856 1764164513792.548340 1764164513793 1764164513800
101898 3429966199 1764164513825.882812 1764164513826 1764164513833
101899 3429999543 1764164513859.218262 1764164513859 1764164513866
101900 3430032887 1764164513892.553467 1764164513893 1764164513900
101901 3430066231 1764164513925.888916 1764164513926 1764164513933
101902 3430099575 1764164513959.224365 1764164513959 1764164513966
101903 3430132919 1764164513992.559570 1764164513993 1764164514000
101904 3430166263 1764164514025.895020 1764164514026 1764164514033
101905 3430199607 1764164514059.230225 1764164514059 1764164514066
101906 3430232951 1764164514092.565674 1764164514093 1764164514100
101907 3430266295 1764164514125.900879 1764164514125 1764164514133
101908 3430299639 1764164514159.236328 1764164514159 1764164514166
101909 3430332983 1764164514192.571533 1764164514193 1764164514200
101910 3430366327 1764164514225.906982 1764164514225 1764164514233
101911 3430399671 1764164514259.242188 1764164514259 1764164514266
101912 3430433014 1764164514292.576660 1764164514293 1764164514300
101913 3430466358 1764164514325.911865 1764164514325 1764164514333
101914 3430499702 1764164514359.247070 1764164514359 1764164514366
101915 3430533046 1764164514392.582520 1764164514393 1764164514400
101916 3430566390 1764164514425.917725 1764164514425 1764164514433
101917 3430599734 1764164514459.252930 1764164514459 1764164514466
101918 3430633078 1764164514492.588135 1764164514493 1764164514500
101919 3430666422 1764164514525.923584 1764164514525 1764164514533
101920 3430699766 1764164514559.259033 1764164514559 1764164514567
101921 3430733110 1764164514592.594238 1764164514593 1764164514600
101922 3430766454 1764164514625.929688 1764164514625 1764164514633
101923 3430799798 1764164514659.264893 1764164514659 1764164514666
101924 3430833142 1764164514692.600342 1764164514693 1764164514700
101925 3430866485 1764164514725.934570 1764164514725 1764164514733
101926 3430899829 1764164514759.270020 1764164514759 1764164514766
101927 3430933173 1764164514792.605225 1764164514793 1764164514800
101928 3430966517 1764164514825.940430 1764164514825 1764164514833
101929 3430999861 1764164514859.275879 1764164514859 1764164514866
101930 3431033205 1764164514892.611084 1764164514893 1764164514900
101931 3431066549 1764164514925.946289 1764164514925 1764164514933
101932 3431099893 1764164514959.281738 1764164514959 1764164514966
101933 3431133237 1764164514992.616943 1764164514993 1764164515000
101934 3431166581 1764164515025.952148 1764164515025 1764164515033
101935 3431199925 1764164515059.287354 1764164515059 1764164515066
101936 3431233269 1764164515092.622559 1764164515093 1764164515100
101937 3431266613 1764164515125.957764 1764164515125 1764164515133
101938 3431299956 1764164515159.291992 1764164515159 1764164515166
101939 3431333300 1764164515192.627197 1764164515193 1764164515200
101940 3431366644 1764164515225.962402 1764164515225 1764164515233
101941 3431399988 1764164515259.297607 1764164515259 1764164515266
101942 3431433332 1764164515292.632812 1764164515293 1764164515300
101943 3431466676 1764164515325.968018 1764164515325 1764164515333
101944 3431500020 1764164515359.303223 1764164515359 1764164515366
101945 3431533364 1764164515392.638428 1764164515393 1764164515400
101946 3431566708 1764164515425.973633 1764164515425 1764164515433
101947 3431600052 1764164515459.308838 1764164515459 1764164515466
101948 3431633396 1764164515492.644043 1764164515493 1764164515500
101949 3431666740 1764164515525.979004 1764164515525 1764164515533
101950 3431700084 1764164515559.314209 1764164515559 1764164515566
101951 3431733428 1764164515592.649414 1764164515593 1764164515600
101952 3431766771 1764164515625.983398 1764164515625 1764164515633
101953 3431800115 1764164515659.318604 1764164515660 1764164515667
101954 3431833459 1764164515692.653564 1764164515693 1764164515700
101955 3431866803 1764164515725.988770 1764164515725 1764164515733
101956 3431900147 1764164515759.323975 1764164515759 1764164515766
101957 3431933491 1764164515792.658936 1764164515793 1764164515800
101958 3431966835 1764164515825.993896 1764164515825 1764164515833
101959 3432000179 1764164515859.329102 1764164515859 1764164515866
101960 3432033523 1764164515892.664062 1764164515893 1764164515900
101961 3432066867 1764164515925.999268 1764164515925 1764164515933
101962 3432100211 1764164515959.334229 1764164515959 1764164515966
101963 3432133555 1764164515992.669189 1764164515993 1764164516000
101964 3432166899 1764164516026.004150 1764164516025 1764164516033
101965 3432200242 1764164516059.338135 1764164516059 1764164516066
101966 3432233586 1764164516092.673340 1764164516093 1764164516100
101967 3432266930 1764164516126.008301 1764164516125 1764164516133
101968 3432300274 1764164516159.343262 1764164516159 1764164516166
101969 3432333618 1764164516192.678223 1764164516193 1764164516200
101970 3432366962 1764164516226.013184 1764164516225 1764164516233
101971 3432400306 1764164516259.348145 1764164516259 1764164516266
101972 3432433650 1764164516292.683105 1764164516293 1764164516300
101973 3432466994 1764164516326.018066 1764164516326 1764164516333
101974 3432500338 1764164516359.353027 1764164516359 1764164516366
101975 3432533682 1764164516392.687744 1764164516393 1764164516400
101976 3432567026 1764164516426.022705 1764164516426 1764164516433
101977 3432600370 1764164516459.357666 1764164516459 1764164516466
101978 3432633713 1764164516492.691650 1764164516493 1764164516500
101979 3432667057 1764164516526.027100 1764164516526 1764164516533
101980 3432700401 1764164516559.362549 1764164516559 1764164516566
101981 3432733745 1764164516592.697998 1764164516593 1764164516600
101982 3432767089 1764164516626.033447 1764164516626 1764164516633
101983 3432800433 1764164516659.368896 1764164516659 1764164516666
101984 3432833777 1764164516692.704346 1764164516693 1764164516700
101985 3432867121 1764164516726.039795 1764164516726 1764164516733
101986 3432900465 1764164516759.375244 1764164516759 1764164516766
101987 3432933809 1764164516792.710449 1764164516793 1764164516800
101988 3432967153 1764164516826.045898 1764164516826 1764164516833
101989 3433000497 1764164516859.381348 1764164516859 1764164516866
101990 3433033841 1764164516892.716797 1764164516893 1764164516900
101991 3433067185 1764164516926.052246 1764164516926 1764164516933
101992 3433100528 1764164516959.386475 1764164516959 1764164516966
101993 3433133872 1764164516992.721924 1764164516993 1764164517000
101994 3433167216 1764164517026.057373 1764164517026 1764164517033
101995 3433200560 1764164517059.392578 1764164517060 1764164517067
101996 3433233904 1764164517092.728027 1764164517092 1764164517100
101997 3433267248 1764164517126.063477 1764164517126 1764164517133
101998 3433300592 1764164517159.398682 1764164517159 1764164517166
