103150 3477189106 1764164555349.254639 1764164555348 1764164555355
103151 3477222449 1764164555382.583252 1764164555382 1764164555389
103152 3477255793 1764164555415.912842 1764164555415 1764164555422
103153 3477289137 1764164555449.242432 1764164555448 1764164555455
103154 3477322481 1764164555482.572021 1764164555482 1764164555489
103155 3477355825 1764164555515.904785 1764164555515 1764164555522
103156 3477389169 1764164555549.237549 1764164555548 1764164555555
103157 3477422513 1764164555582.570312 1764164555582 1764164555589
103158 3477455857 1764164555615.902832 1764164555615 1764164555622
103159 3477489201 1764164555649.235596 1764164555648 1764164555655
103160 3477522545 1764164555682.568115 1764164555682 1764164555689
103161 3477555889 1764164555715.900879 1764164555715 1764164555722
103162 3477589233 1764164555749.233398 1764164555748 1764164555757
103163 3477622577 1764164555782.565918 1764164555782 1764164555789
103164 3477655921 1764164555815.898438 1764164555815 1764164555822
103165 3477689264 1764164555849.229736 1764164555848 1764164555855
103166 3477722608 1764164555882.562256 1764164555882 1764164555889
103167 3477755952 1764164555915.894775 1764164555915 1764164555922
103168 3477789296 1764164555949.227051 1764164555948 1764164555955
103169 3477822640 1764164555982.559326 1764164555982 1764164555989
103170 3477855984 1764164556015.891602 1764164556015 1764164556022
103171 3477889328 1764164556049.223877 1764164556048 1764164556055
103172 3477922672 1764164556082.556152 1764164556082 1764164556089
103173 3477956016 1764164556115.888428 1764164556115 1764164556122
103174 3477989360 1764164556149.220703 1764164556148 1764164556155
103175 3478022704 1764164556182.552734 1764164556182 1764164556189
103176 3478056048 1764164556215.885010 1764164556215 1764164556222
103177 3478089392 1764164556249.217041 1764164556248 1764164556255
103178 3478122735 1764164556282.548096 1764164556282 1764164556289
103179 3478156079 1764164556315.880127 1764164556315 1764164556322
103180 3478189423 1764164556349.212158 1764164556348 1764164556356
103181 3478222767 1764164556382.544189 1764164556382 1764164556389
103182 3478256111 1764164556415.875977 1764164556415 1764164556422
103183 3478289455 1764164556449.208008 1764164556449 1764164556458
103184 3478322799 1764164556482.540039 1764164556482 1764164556489
103185 3478356143 1764164556515.872314 1764164556515 1764164556522
103186 3478389487 1764164556549.204834 1764164556549 1764164556556
103187 3478422831 1764164556582.537354 1764164556582 1764164556589
103188 3478456175 1764164556615.869629 1764164556615 1764164556622
103189 3478489519 1764164556649.201904 1764164556649 1764164556656
103190 3478522863 1764164556682.534180 1764164556681 1764164556689
103191 3478556206 1764164556715.865479 1764164556715 1764164556722
103192 3478589550 1764164556749.197754 1764164556749 1764164556756
103193 3478622894 1764164556782.530029 1764164556781 1764164556789
103194 3478656238 1764164556815.862061 1764164556815 1764164556822
103195 3478689582 1764164556849.194092 1764164556849 1764164556856
103196 3478722926 1764164556882.526367 1764164556881 1764164556889
103197 3478756270 1764164556915.858154 1764164556915 1764164556922
103198 3478789614 1764164556949.190186 1764164556949 1764164556956
103199 3478822958 1764164556982.522217 1764164556981 1764164556989
103200 3478856302 1764164557015.854004 1764164557015 1764164557022
103201 3478889646 1764164557049.186035 1764164557049 1764164557056
103202 3478922990 1764164557082.517822 1764164557081 1764164557089
103203 3478956334 1764164557115.849609 1764164557115 1764164557122
103204 3478989678 1764164557149.181396 1764164557149 1764164557156
103205 3479023021 1764164557182.511963 1764164557181 1764164557189
103206 3479056365 1764164557215.843750 1764164557215 1764164557222
103207 3479089709 1764164557249.175293 1764164557249 1764164557256
103208 3479123053 1764164557282.506836 1764164557281 1764164557289
103209 3479156397 1764164557315.838379 1764164557315 1764164557322
103210 3479189741 1764164557349.169922 1764164557349 1764164557356
103211 3479223085 1764164557382.501465 1764164557381 1764164557389
103212 3479256429 1764164557415.832764 1764164557415 1764164557422
103213 3479289773 1764164557449.164307 1764164557449 1764164557456
103214 3479323117 1764164557482.495605 1764164557481 1764164557489
103215 3479356461 1764164557515.833252 1764164557515 1764164557522
103216 3479389805 1764164557549.165283 1764164557549 1764164557556
103217 3479423149 1764164557582.497314 1764164557581 1764164557589
103218 3479456492 1764164557615.828369 1764164557615 1764164557622
103219 3479489836 1764164557649.160400 1764164557649 1764164557656
103220 3479523180 1764164557682.492188 1764164557681 1764164557689
103221 3479556524 1764164557715.823975 1764164557715 1764164557722
103222 3479589868 1764164557749.156006 1764164557749 1764164557756
103223 3479623212 1764164557782.487793 1764164557781 1764164557789
103224 3479656556 1764164557815.819580 1764164557815 1764164557822
103225 3479689900 1764164557849.151123 1764164557849 1764164557856
103226 3479723244 1764164557882.482910 1764164557881 1764164557889
103227 3479756588 1764164557915.814453 1764164557915 1764164557922
103228 3479789932 1764164557949.145996 1764164557949 1764164557956
103229 3479823276 1764164557982.477539 1764164557981 1764164557989
103230 3479856620 1764164558015.809082 1764164558015 1764164558022
103231 3479889963 1764164558049.139648 1764164558049 1764164558056
103232 3479923307 1764164558082.470947 1764164558081 1764164558089
103233 3479956651 1764164558115.802490 1764164558115 1764164558122
103234 3479989995 1764164558149.133789 1764164558149 1764164558156
103235 3480023339 1764164558182.465088 1764164558182 1764164558189
103236 3480056683 1764164558215.796387 1764164558215 1764164558222
103237 3480090027 1764164558249.127686 1764164558249 1764164558256
103238 3480123371 1764164558282.458740 1764164558281 1764164558289
103239 3480156715 1764164558315.790039 1764164558315 1764164558322
103240 3480190059 1764164558349.121094 1764164558349 1764164558356
103241 3480223403 1764164558382.452148 1764164558381 1764164558389
103242 3480256747 1764164558415.783203 1764164558415 1764164558422
103243 3480290091 1764164558449.114258 1764164558449 1764164558456
103244 3480323435 1764164558482.445068 1764164558481 1764164558489
103245 3480356778 1764164558515.775146 1764164558515 1764164558522
103246 3480390122 1764164558549.107422 1764164558549 1764164558556
103247 3480423466 1764164558582.439697 1764164558581 1764164558589
103248 3480456810 1764164558615.771973 1764164558615 1764164558622
103249 3480490154 1764164558649.104248 1764164558649 1764164558656
103250 3480523498 1764164558682.436279 1764164558681 1764164558689
103251 3480556842 1764164558715.768555 1764164558715 1764164558722
103252 3480590186 1764164558749.100586 1764164558749 1764164558756
103253 3480623530 1764164558782.432617 1764164558781 1764164558789
103254 3480656874 1764164558815.764648 1764164558815 1764164558822
103255 3480690218 1764164558849.096680 1764164558849 1764164558856
103256 3480723562 1764164558882.428467 1764164558881 1764164558889
103257 3480756906 1764164558915.760498 1764164558915 1764164558922
103258 3480790249 1764164558949.091309 1764164558949 1764164558956
103259 3480823593 1764164558982.423340 1764164558982 1764164558989
103260 3480856937 1764164559015.755127 1764164559015 1764164559022
103261 3480890281 1764164559049.086914 1764164559049 1764164559056
103262 3480923625 1764164559082.418701 1764164559081 1764164559089
103263 3480956969 1764164559115.750244 1764164559115 1764164559122
103264 3480990313 1764164559149.082031 1764164559149 1764164559156
103265 3481023657 1764164559182.413574 1764164559182 1764164559189
103266 3481057001 1764164559215.745361 1764164559215 1764164559222
103267 3481090345 1764164559249.076904 1764164559249 1764164559256
103268 3481123689 1764164559282.408447 1764164559282 1764164559289
103269 3481157033 1764164559315.739990 1764164559315 1764164559322
103270 3481190377 1764164559349.071289 1764164559349 1764164559356
103271 3481223720 1764164559382.401855 1764164559382 1764164559389
103272 3481257064 1764164559415.733154 1764164559415 1764164559423
103273 3481290408 1764164559449.064453 1764164559449 1764164559456
103274 3481323752 1764164559482.395996 1764164559482 1764164559489
103275 3481357096 1764164559515.727295 1764164559515 1764164559522
103276 3481390440 1764164559549.060059 1764164559549 1764164559556
103277 3481423784 1764164559582.392822 1764164559582 1764164559589
103278 3481457128 1764164559615.725586 1764164559615 1764164559622
103279 3481490472 1764164559649.058105 1764164559649 1764164559656
103280 3481523816 1764164559682.390869 1764164559682 1764164559689
103281 3481557160 1764164559715.723389 1764164559716 1764164559723
103282 3481590504 1764164559749.056152 1764164559749 1764164559756
103283 3481623848 1764164559782.388672 1764164559782 1764164559789
103284 3481657192 1764164559815.721191 1764164559815 1764164559822
103285 3481690535 1764164559849.052734 1764164559849 1764164559856
103286 3481723879 1764164559882.385254 1764164559882 1764164559889
103287 3481757223 1764164559915.717529 1764164559915 1764164559922
103288 3481790567 1764164559949.050049 1764164559949 1764164559956
103289 3481823911 1764164559982.382324 1764164559982 1764164559989
103290 3481857255 1764164560015.714844 1764164560015 1764164560022
103291 3481890599 1764164560049.047119 1764164560049 1764164560056
103292 3481923943 1764164560082.379395 1764164560082 1764164560089
103293 3481957287 1764164560115.711670 1764164560115 1764164560122
103294 3481990631 1764164560149.043945 1764164560149 1764164560156
103295 3482023975 1764164560182.376221 1764164560182 1764164560189
103296 3482057319 1764164560215.708252 1764164560215 1764164560222
103297 3482090663 1764164560249.040527 1764164560249 1764164560256
103298 3482124006 1764164560282.371582 1764164560282 1764164560289
103299 3482157350 1764164560315.703857 1764164560315 1764164560322
103300 3482190694 1764164560349.035889 1764164560349 1764164560356
103301 3482224038 1764164560382.367920 1764164560382 1764164560389
103302 3482257382 1764164560415.699951 1764164560415 1764164560422
103303 3482290726 1764164560449.031738 1764164560449 1764164560456
103304 3482324070 1764164560482.363770 1764164560482 1764164560489
103305 3482357414 1764164560515.695801 1764164560515 1764164560523
103306 3482390758 1764164560549.028564 1764164560549 1764164560556
103307 3482424102 1764164560582.361084 1764164560582 1764164560589
103308 3482457446 1764164560615.693848 1764164560616 1764164560623
103309 3482490790 1764164560649.026367 1764164560649 1764164560656
103310 3482524134 1764164560682.358887 1764164560682 1764164560689
103311 3482557477 1764164560715.690674 1764164560716 1764164560723
103312 3482590821 1764164560749.023193 1764164560749 1764164560756
103313 3482624165 1764164560782.355469 1764164560782 1764164560789
103314 3482657509 1764164560815.687988 1764164560816 1764164560823
103315 3482690853 1764164560849.020508 1764164560848 1764164560856
103316 3482724197 1764164560882.352783 1764164560882 1764164560889
103317 3482757541 1764164560915.685303 1764164560916 1764164560923
103318 3482790885 1764164560949.017578 1764164560948 1764164560956
103319 3482824229 1764164560982.349854 1764164560982 1764164560989
103320 3482857573 1764164561015.682129 1764164561016 1764164561023
103321 3482890917 1764164561049.014404 1764164561049 1764164561056
103322 3482924261 1764164561082.346680 1764164561082 1764164561089
103323 3482957605 1764164561115.678955 1764164561116 1764164561123
103324 3482990949 1764164561149.010986 1764164561148 1764164561156
103325 3483024292 1764164561182.342285 1764164561182 1764164561189
103326 3483057636 1764164561215.674316 1764164561216 1764164561223
103327 3483090980 1764164561249.006348 1764164561248 1764164561256
103328 3483124324 1764164561282.338379 1764164561282 1764164561289
103329 3483157668 1764164561315.670410 1764164561316 1764164561323
103330 3483191012 1764164561349.002441 1764164561348 1764164561356
103331 3483224356 1764164561382.334473 1764164561382 1764164561389
103332 3483257700 1764164561415.666260 1764164561416 1764164561423
103333 3483291044 1764164561448.998291 1764164561448 1764164561456
103334 3483324388 1764164561482.330078 1764164561482 1764164561489
103335 3483357732 1764164561515.661865 1764164561516 1764164561523
103336 3483391076 1764164561548.995361 1764164561548 1764164561556
103337 3483424420 1764164561582.328613 1764164561582 1764164561589
103338 3483457763 1764164561615.661133 1764164561616 1764164561623
103339 3483491107 1764164561648.994385 1764164561648 1764164561656
103340 3483524451 1764164561682.327637 1764164561682 1764164561689
103341 3483557795 1764164561715.660889 1764164561716 1764164561723
103342 3483591139 1764164561748.994141 1764164561748 1764164561756
103343 3483624483 1764164561782.327393 1764164561782 1764164561789
103344 3483657827 1764164561815.660645 1764164561816 1764164561823
103345 3483691171 1764164561848.993896 1764164561848 1764164561856
103346 3483724515 1764164561882.327148 1764164561882 1764164561889
103347 3483757859 1764164561915.660400 1764164561916 1764164561923
103348 3483791203 1764164561948.993408 1764164561948 1764164561956
103349 3483824547 1764164561982.326660 1764164561982 1764164561989
103350 3483857891 1764164562015.659668 1764164562016 1764164562023
103351 3483891234 1764164562048.991699 1764164562048 1764164562056
103352 3483924578 1764164562082.324951 1764164562082 1764164562089
103353 3483957922 1764164562115.657959 1764164562116 1764164562123
103354 3483991266 1764164562148.990967 1764164562148 1764164562156
103355 3484024610 1764164562182.323975 1764164562182 1764164562189
103356 3484057954 1764164562215.656982 1764164562216 1764164562223
103357 3484091298 1764164562248.989990 1764164562248 1764164562256
103358 3484124642 1764164562282.322754 1764164562282 1764164562289
103359 3484157986 1764164562315.655762 1764164562316 1764164562323
103360 3484191330 1764164562348.988770 1764164562348 1764164562356
103361 3484224674 1764164562382.321533 1764164562382 1764164562389
103362 3484258018 1764164562415.654297 1764164562416 1764164562423
103363 3484291362 1764164562448.987305 1764164562448 1764164562456
103364 3484324706 1764164562482.320068 1764164562482 1764164562489
103365 3484358049 1764164562515.651855 1764164562516 1764164562523
103366 3484391393 1764164562548.984619 1764164562548 1764164562556
103367 3484424737 1764164562582.317139 1764164562582 1764164562589
103368 3484458081 1764164562615.649902 1764164562616 1764164562623
103369 3484491425 1764164562648.982422 1764164562648 1764164562656
103370 3484524769 1764164562682.314941 1764164562682 1764164562689
103371 3484558113 1764164562715.647461 1764164562716 1764164562723
103372 3484591457 1764164562748.979980 1764164562748 1764164562756
103373 3484624801 1764164562782.312256 1764164562782 1764164562789
103374 3484658145 1764164562815.644775 1764164562816 1764164562823
103375 3484691489 1764164562848.977051 1764164562848 1764164562856
103376 3484724833 1764164562882.309570 1764164562882 1764164562889
103377 3484758177 1764164562915.641846 1764164562916 1764164562923
103378 3484791520 1764164562948.973145 1764164562948 1764164562956
103379 3484824864 1764164562982.305420 1764164562982 1764164562989
103380 3484858208 1764164563015.637695 1764164563016 1764164563023
103381 3484891552 1764164563048.969727 1764164563048 1764164563056
103382 3484924896 1764164563082.302002 1764164563082 1764164563089
103383 3484958240 1764164563115.634277 1764164563116 1764164563123
103384 3484991584 1764164563148.966309 1764164563149 1764164563156
103385 3485024928 1764164563182.298340 1764164563182 1764164563189
103386 3485058272 1764164563215.630371 1764164563216 1764164563223
103387 3485091616 1764164563248.962402 1764164563249 1764164563256
103388 3485124960 1764164563282.294434 1764164563282 1764164563289
103389 3485158304 1764164563315.626465 1764164563316 1764164563323
103390 3485191648 1764164563348.958252 1764164563349 1764164563356
103391 3485224991 1764164563382.289307 1764164563382 1764164563389
103392 3485258335 1764164563415.621094 1764164563416 1764164563423
103393 3485291679 1764164563448.952881 1764164563449 1764164563456
103394 3485325023 1764164563482.284668 1764164563482 1764164563489
103395 3485358367 1764164563515.616455 1764164563516 1764164563523
103396 3485391711 1764164563548.949707 1764164563549 1764164563556
103397 3485425055 1764164563582.282959 1764164563582 1764164563589
103398 3485458399 1764164563615.615967 1764164563616 1764164563623
103399 3485491743 1764164563648.948975 1764164563649 1764164563656
103400 3485525087 1764164563682.282227 1764164563682 1764164563689
103401 3485558431 1764164563715.615234 1764164563716 1764164563723
103402 3485591775 1764164563748.948242 1764164563749 1764164563756
103403 3485625119 1764164563782.281250 1764164563782 1764164563789
103404 3485658463 1764164563815.614014 1764164563816 1764164563823
103405 3485691806 1764164563848.946045 1764164563849 1764164563856
103406 3485725150 1764164563882.279053 1764164563882 1764164563889
103407 3485758494 1764164563915.611816 1764164563916 1764164563923
103408 3485791838 1764164563948.944580 1764164563949 1764164563956
103409 3485825182 1764164563982.277588 1764164563982 1764164563989
103410 3485858526 1764164564015.610352 1764164564016 1764164564023
103411 3485891870 1764164564048.943115 1764164564049 1764164564056
103412 3485925214 1764164564082.275879 1764164564082 1764164564089
103413 3485958558 1764164564115.608643 1764164564116 1764164564123
103414 3485991902 1764164564148.941162 1764164564149 1764164564156
103415 3486025246 1764164564182.273926 1764164564182 1764164564189
103416 3486058590 1764164564215.606689 1764164564216 1764164564223
103417 3486091934 1764164564248.939209 1764164564249 1764164564256
103418 3486125277 1764164564282.270752 1764164564282 1764164564289
103419 3486158621 1764164564315.603271 1764164564316 1764164564323
103420 3486191965 1764164564348.935791 1764164564349 1764164564356
103421 3486225309 1764164564382.268311 1764164564382 1764164564389
103422 3486258653 1764164564415.600830 1764164564416 1764164564423
103423 3486291997 1764164564448.933350 1764164564449 1764164564456
103424 3486325341 1764164564482.265869 1764164564482 1764164564490
103425 3486358685 1764164564515.598145 1764164564516 1764164564523
103426 3486392029 1764164564548.931152 1764164564549 1764164564556
103427 3486425373 1764164564582.263916 1764164564582 1764164564589
103428 3486458717 1764164564615.596924 1764164564616 1764164564623
103429 3486492061 1764164564648.929688 1764164564649 1764164564656
103430 3486525405 1764164564682.262451 1764164564683 1764164564690
103431 3486558748 1764164564715.594238 1764164564716 1764164564723
103432 3486592092 1764164564748.926758 1764164564749 1764164564756
103433 3486625436 1764164564782.259521 1764164564783 1764164564790
103434 3486658780 1764164564815.592285 1764164564816 1764164564823
103435 3486692124 1764164564848.924805 1764164564849 1764164564856
103436 3486725468 1764164564882.257568 1764164564883 1764164564890
103437 3486758812 1764164564915.590088 1764164564915 1764164564923
103438 3486792156 1764164564948.922607 1764164564949 1764164564956
103439 3486825500 1764164564982.255127 1764164564983 1764164564990
103440 3486858844 1764164565015.587646 1764164565016 1764164565023
103441 3486892188 1764164565048.920166 1764164565049 1764164565056
103442 3486925532 1764164565082.252686 1764164565083 1764164565090
103443 3486958876 1764164565115.584961 1764164565115 1764164565123
103444 3486992220 1764164565148.917480 1764164565149 1764164565156
103445 3487025563 1764164565182.248779 1764164565183 1764164565190
103446 3487058907 1764164565215.581055 1764164565216 1764164565223
103447 3487092251 1764164565248.913330 1764164565249 1764164565256
103448 3487125595 1764164565282.245850 1764164565283 1764164565290
103449 3487158939 1764164565315.577881 1764164565316 1764164565323
103450 3487192283 1764164565348.910156 1764164565349 1764164565356
103451 3487225627 1764164565382.242432 1764164565383 1764164565390
103452 3487258971 1764164565415.574707 1764164565415 1764164565423
103453 3487292315 1764164565448.906738 1764164565449 1764164565456
103454 3487325659 1764164565482.238770 1764164565483 1764164565490
103455 3487359003 1764164565515.571045 1764164565515 1764164565523
103456 3487392347 1764164565548.905029 1764164565549 1764164565556
103457 3487425691 1764164565582.239258 1764164565583 1764164565590
103458 3487459034 1764164565615.572510 1764164565615 1764164565623
103459 3487492378 1764164565648.906738 1764164565649 1764164565656
103460 3487525722 1764164565682.240723 1764164565683 1764164565690
103461 3487559066 1764164565715.574951 1764164565715 1764164565723
103462 3487592410 1764164565748.908936 1764164565749 1764164565756
103463 3487625754 1764164565782.243164 1764164565783 1764164565790
103464 3487659098 1764164565815.577148 1764164565815 1764164565823
103465 3487692442 1764164565848.911377 1764164565849 1764164565856
103466 3487725786 1764164565882.245361 1764164565883 1764164565890
103467 3487759130 1764164565915.579590 1764164565915 1764164565923
103468 3487792474 1764164565948.913574 1764164565949 1764164565956
103469 3487825818 1764164565982.247559 1764164565983 1764164565990
103470 3487859162 1764164566015.581543 1764164566015 1764164566023
103471 3487892505 1764164566048.914551 1764164566049 1764164566056
103472 3487925849 1764164566082.248779 1764164566083 1764164566090
103473 3487959193 1764164566115.582764 1764164566115 1764164566123
103474 3487992537 1764164566148.916748 1764164566149 1764164566156
103475 3488025881 1764164566182.250732 1764164566183 1764164566190
103476 3488059225 1764164566215.584717 1764164566215 1764164566223
103477 3488092569 1764164566248.918701 1764164566249 1764164566256
103478 3488125913 1764164566282.252441 1764164566283 1764164566290
103479 3488159257 1764164566315.586426 1764164566315 1764164566323
103480 3488192601 1764164566348.920410 1764164566349 1764164566356
103481 3488225945 1764164566382.254395 1764164566383 1764164566390
103482 3488259289 1764164566415.588379 1764164566415 1764164566423
103483 3488292633 1764164566448.922119 1764164566449 1764164566456
103484 3488325977 1764164566482.256104 1764164566483 1764164566490
103485 3488359320 1764164566515.588867 1764164566515 1764164566523
103486 3488392664 1764164566548.922607 1764164566549 1764164566556
103487 3488426008 1764164566582.256348 1764164566583 1764164566590
103488 3488459352 1764164566615.590088 1764164566615 1764164566623
103489 3488492696 1764164566648.923828 1764164566649 1764164566656
103490 3488526040 1764164566682.257324 1764164566683 1764164566690
103491 3488559384 1764164566715.591064 1764164566715 1764164566723
103492 3488592728 1764164566748.924561 1764164566749 1764164566756
103493 3488626072 1764164566782.258301 1764164566783 1764164566790
103494 3488659416 1764164566815.591797 1764164566815 1764164566823
103495 3488692760 1764164566848.925293 1764164566849 1764164566856
103496 3488726104 1764164566882.258789 1764164566883 1764164566890
103497 3488759448 1764164566915.592285 1764164566915 1764164566923
103498 3488792791 1764164566948.924805 1764164566949 1764164566956
103499 3488826135 1764164566982.258301 1764164566983 1764164566990
103500 3488859479 1764164567015.591553 1764164567015 1764164567023
103501 3488892823 1764164567048.925049 1764164567049 1764164567056
103502 3488926167 1764164567082.258545 1764164567083 1764164567090
103503 3488959511 1764164567115.591797 1764164567115 1764164567123
103504 3488992855 1764164567148.925293 1764164567149 1764164567156
103505 3489026199 1764164567182.258545 1764164567183 1764164567190
103506 3489059543 1764164567215.591797 1764164567215 1764164567223
103507 3489092887 1764164567248.925049 1764164567249 1764164567256
103508 3489126231 1764164567282.258545 1764164567283 1764164567290
103509 3489159575 1764164567315.591797 1764164567315 1764164567323
103510 3489192919 1764164567348.924805 1764164567349 1764164567356
103511 3489226262 1764164567382.257080 1764164567383 1764164567390
103512 3489259606 1764164567415.590332 1764164567415 1764164567423
103513 3489292950 1764164567448.923584 1764164567449 1764164567456
103514 3489326294 1764164567482.256592 1764164567483 1764164567490
103515 3489359638 1764164567515.589844 1764164567516 1764164567523
103516 3489392982 1764164567548.923096 1764164567549 1764164567556
103517 3489426326 1764164567582.256104 1764164567583 1764164567590
103518 3489459670 1764164567615.589355 1764164567616 1764164567623
103519 3489493014 1764164567648.922607 1764164567649 1764164567656
103520 3489526358 1764164567682.255615 1764164567683 1764164567690
103521 3489559702 1764164567715.588867 1764164567716 1764164567723
103522 3489593046 1764164567748.921875 1764164567749 1764164567756
103523 3489626390 1764164567782.254883 1764164567783 1764164567790
103524 3489659734 1764164567815.587891 1764164567816 1764164567823
103525 3489693077 1764164567848.919922 1764164567849 1764164567856
103526 3489726421 1764164567882.252930 1764164567883 1764164567890
103527 3489759765 1764164567915.585938 1764164567916 1764164567923
103528 3489793109 1764164567948.918701 1764164567949 1764164567956
103529 3489826453 1764164567982.251709 1764164567983 1764164567990
103530 3489859797 1764164568015.584473 1764164568016 1764164568023
103531 3489893141 1764164568048.917480 1764164568049 1764164568056
103532 3489926485 1764164568082.250244 1764164568083 1764164568090
103533 3489959829 1764164568115.583008 1764164568116 1764164568123
103534 3489993173 1764164568148.915771 1764164568149 1764164568156
103535 3490026517 1764164568182.248535 1764164568183 1764164568190
103536 3490059861 1764164568215.581299 1764164568216 1764164568223
103537 3490093205 1764164568248.914062 1764164568249 1764164568256
103538 3490126548 1764164568282.245850 1764164568283 1764164568290
103539 3490159892 1764164568315.578369 1764164568316 1764164568323
103540 3490193236 1764164568348.911133 1764164568349 1764164568356
103541 3490226580 1764164568382.243652 1764164568383 1764164568390
103542 3490259924 1764164568415.576172 1764164568417 1764164568424
103543 3490293268 1764164568448.908936 1764164568449 1764164568456
103544 3490326612 1764164568482.241455 1764164568482 1764164568490
103545 3490359956 1764164568515.573975 1764164568516 1764164568523
103546 3490393300 1764164568548.923584 1764164568549 1764164568556
103547 3490426644 1764164568582.273193 1764164568583 1764164568590
103548 3490459988 1764164568615.623291 1764164568616 1764164568623
103549 3490493332 1764164568648.973389 1764164568649 1764164568656
103550 3490526676 1764164568682.323730 1764164568683 1764164568690
103551 3490560019 1764164568715.673340 1764164568716 1764164568723
103552 3490593363 1764164568749.024170 1764164568749 1764164568756
103553 3490626707 1764164568782.375000 1764164568783 1764164568790
103554 3490660051 1764164568815.726318 1764164568816 1764164568823
103555 3490693395 1764164568849.077637 1764164568849 1764164568856
103556 3490726739 1764164568882.429199 1764164568883 1764164568890
103557 3490760083 1764164568915.780762 1764164568916 1764164568923
103558 3490793427 1764164568949.132812 1764164568950 1764164568957
103559 3490826771 1764164568982.484863 1764164568983 1764164568990
103560 3490860115 1764164569015.837158 1764164569016 1764164569023
103561 3490893459 1764164569049.189453 1764164569050 1764164569057
103562 3490926803 1764164569082.542236 1764164569083 1764164569090
103563 3490960147 1764164569115.895020 1764164569116 1764164569123
103564 3490993491 1764164569149.248047 1764164569150 1764164569157
103565 3491026834 1764164569182.600342 1764164569183 1764164569190
103566 3491060178 1764164569215.953857 1764164569216 1764164569223
103567 3491093522 1764164569249.307373 1764164569250 1764164569257
103568 3491126866 1764164569282.661133 1764164569283 1764164569290
103569 3491160210 1764164569316.015137 1764164569316 1764164569323
103570 3491193554 1764164569349.369385 1764164569350 1764164569357
103571 3491226898 1764164569382.723877 1764164569383 1764164569390
103572 3491260242 1764164569416.078369 1764164569416 1764164569423
103573 3491293586 1764164569449.433105 1764164569450 1764164569457
103574 3491326930 1764164569482.788086 1764164569482 1764164569490
103575 3491360274 1764164569516.143066 1764164569516 1764164569523
103576 3491393618 1764164569549.478760 1764164569550 1764164569557
103577 3491426962 1764164569582.814697 1764164569582 1764164569590
103578 3491460305 1764164569616.149414 1764164569616 1764164569623
103579 3491493649 1764164569649.485107 1764164569650 1764164569657
103580 3491526993 1764164569682.820801 1764164569682 1764164569690
103581 3491560337 1764164569716.156494 1764164569716 1764164569723
103582 3491593681 1764164569749.492188 1764164569750 1764164569757
103583 3491627025 1764164569782.827881 1764164569782 1764164569790
103584 3491660369 1764164569816.163818 1764164569816 1764164569823
103585 3491693713 1764164569849.499512 1764164569850 1764164569857
103586 3491727057 1764164569882.835205 1764164569882 1764164569890
103587 3491760401 1764164569916.170898 1764164569916 1764164569923
103588 3491793745 1764164569949.506592 1764164569950 1764164569957
103589 3491827089 1764164569982.842285 1764164569982 1764164569990
103590 3491860433 1764164570016.177979 1764164570016 1764164570023
103591 3491893776 1764164570049.512695 1764164570050 1764164570057
103592 3491927120 1764164570082.848389 1764164570082 1764164570090
103593 3491960464 1764164570116.184082 1764164570116 1764164570123
103594 3491993808 1764164570149.519775 1764164570150 1764164570157
103595 3492027152 1764164570182.855469 1764164570182 1764164570190
103596 3492060496 1764164570216.191162 1764164570216 1764164570223
103597 3492093840 1764164570249.526855 1764164570250 1764164570257
103598 3492127184 1764164570282.862549 1764164570282 1764164570290
103599 3492160528 1764164570316.198242 1764164570316 1764164570323
103600 3492193872 1764164570349.533936 1764164570350 1764164570357
103601 3492227216 1764164570382.869629 1764164570382 1764164570390
103602 3492260560 1764164570416.205322 1764164570416 1764164570423
103603 3492293904 1764164570449.540771 1764164570450 1764164570457
103604 3492327248 1764164570482.876465 1764164570482 1764164570490
103605 3492360591 1764164570516.211182 1764164570516 1764164570523
103606 3492393935 1764164570549.547363 1764164570550 1764164570557
103607 3492427279 1764164570582.883545 1764164570582 1764164570590
103608 3492460623 1764164570616.219727 1764164570616 1764164570623
103609 3492493967 1764164570649.555908 1764164570650 1764164570657
103610 3492527311 1764164570682.892090 1764164570682 1764164570690
103611 3492560655 1764164570716.228027 1764164570716 1764164570723
103612 3492593999 1764164570749.564209 1764164570750 1764164570757
103613 3492627343 1764164570782.900391 1764164570782 1764164570790
103614 3492660687 1764164570816.236572 1764164570816 1764164570823
103615 3492694031 1764164570849.572754 1764164570850 1764164570857
103616 3492727375 1764164570882.908936 1764164570882 1764164570890
103617 3492760719 1764164570916.245117 1764164570916 1764164570923
103618 3492794062 1764164570949.580078 1764164570950 1764164570957
103619 3492827406 1764164570982.916260 1764164570982 1764164570990
103620 3492860750 1764164571016.252441 1764164571016 1764164571023
103621 3492894094 1764164571049.588623 1764164571050 1764164571057
103622 3492927438 1764164571082.924805 1764164571082 1764164571090
103623 3492960782 1764164571116.260986 1764164571116 1764164571123
103624 3492994126 1764164571149.597168 1764164571150 1764164571157
103625 3493027470 1764164571182.933350 1764164571182 1764164571190
103626 3493060814 1764164571216.269531 1764164571216 1764164571223
103627 3493094158 1764164571249.605469 1764164571250 1764164571257
103628 3493127502 1764164571282.941650 1764164571282 1764164571290
103629 3493160846 1764164571316.277832 1764164571316 1764164571323
103630 3493194190 1764164571349.614014 1764164571350 1764164571357
103631 3493227533 1764164571382.949219 1764164571382 1764164571390
103632 3493260877 1764164571416.285400 1764164571416 1764164571423
103633 3493294221 1764164571449.621582 1764164571450 1764164571457
103634 3493327565 1764164571482.957764 1764164571483 1764164571490
103635 3493360909 1764164571516.293945 1764164571516 1764164571523
103636 3493394253 1764164571549.629639 1764164571550 1764164571557
103637 3493427597 1764164571582.965576 1764164571582 1764164571590
103638 3493460941 1764164571616.301514 1764164571616 1764164571623
103639 3493494285 1764164571649.637451 1764164571650 1764164571657
103640 3493527629 1764164571682.973389 1764164571683 1764164571690
103641 3493560973 1764164571716.309326 1764164571716 1764164571723
103642 3493594317 1764164571749.645264 1764164571750 1764164571757
103643 3493627661 1764164571782.980957 1764164571783 1764164571790
103644 3493661005 1764164571816.316895 1764164571816 1764164571823
103645 3493694348 1764164571849.651855 1764164571850 1764164571857
103646 3493727692 1764164571882.987793 1764164571883 1764164571890
103647 3493761036 1764164571916.323730 1764164571916 1764164571923
103648 3493794380 1764164571949.659424 1764164571950 1764164571957
103649 3493827724 1764164571982.995361 1764164571983 1764164571990
103650 3493861068 1764164572016.331299 1764164572016 1764164572023
103651 3493894412 1764164572049.667236 1764164572050 1764164572057
103652 3493927756 1764164572083.002930 1764164572083 1764164572090
103653 3493961100 1764164572116.338867 1764164572116 1764164572123
103654 3493994444 1764164572149.674805 1764164572150 1764164572157
103655 3494027788 1764164572183.010742 1764164572183 1764164572190
103656 3494061132 1764164572216.346436 1764164572216 1764164572223
103657 3494094476 1764164572249.682373 1764164572250 1764164572257
103658 3494127819 1764164572283.017334 1764164572283 1764164572290
103659 3494161163 1764164572316.353027 1764164572317 1764164572324
103660 3494194507 1764164572349.688965 1764164572350 1764164572357
103661 3494227851 1764164572383.024902 1764164572383 1764164572390
103662 3494261195 1764164572416.360840 1764164572416 1764164572423
103663 3494294539 1764164572449.696533 1764164572450 1764164572457
103664 3494327883 1764164572483.032471 1764164572483 1764164572490
103665 3494361227 1764164572516.368408 1764164572517 1764164572524
103666 3494394571 1764164572549.704346 1764164572550 1764164572557
103667 3494427915 1764164572583.040527 1764164572583 1764164572590
103668 3494461259 1764164572616.376709 1764164572616 1764164572623
103669 3494494603 1764164572649.712891 1764164572650 1764164572657
103670 3494527947 1764164572683.049072 1764164572683 1764164572690
103671 3494561290 1764164572716.384277 1764164572716 1764164572723
103672 3494594634 1764164572749.720459 1764164572750 1764164572757
103673 3494627978 1764164572783.056641 1764164572783 1764164572790
103674 3494661322 1764164572816.393066 1764164572816 1764164572823
103675 3494694666 1764164572849.729248 1764164572850 1764164572857
103676 3494728010 1764164572883.065430 1764164572883 1764164572890
103677 3494761354 1764164572916.401611 1764164572917 1764164572924
103678 3494794698 1764164572949.737793 1764164572950 1764164572957
103679 3494828042 1764164572983.073975 1764164572983 1764164572990
103680 3494861386 1764164573016.410156 1764164573016 1764164573023
103681 3494894730 1764164573049.746338 1764164573050 1764164573057
103682 3494928074 1764164573083.082520 1764164573083 1764164573090
103683 3494961418 1764164573116.418945 1764164573116 1764164573123
103684 3494994762 1764164573149.755127 1764164573150 1764164573157
103685 3495028105 1764164573183.090332 1764164573183 1764164573190
103686 3495061449 1764164573216.426514 1764164573217 1764164573224
103687 3495094793 1764164573249.762695 1764164573250 1764164573257
103688 3495128137 1764164573283.098877 1764164573283 1764164573290
103689 3495161481 1764164573316.435303 1764164573317 1764164573324
103690 3495194825 1764164573349.771484 1764164573350 1764164573357
103691 3495228169 1764164573383.107666 1764164573383 1764164573390
103692 3495261513 1764164573416.443848 1764164573417 1764164573424
103693 3495294857 1764164573449.780273 1764164573450 1764164573457
103694 3495328201 1764164573483.116455 1764164573483 1764164573490
103695 3495361545 1764164573516.452637 1764164573517 1764164573524
103696 3495394889 1764164573549.788574 1764164573550 1764164573557
103697 3495428233 1764164573583.124512 1764164573583 1764164573590
103698 3495461576 1764164573616.459229 1764164573617 1764164573624
103699 3495494920 1764164573649.795166 1764164573649 1764164573657
103700 3495528264 1764164573683.131104 1764164573683 1764164573690
103701 3495561608 1764164573716.467041 1764164573717 1764164573724
103702 3495594952 1764164573749.802734 1764164573749 1764164573757
103703 3495628296 1764164573783.138672 1764164573783 1764164573791
103704 3495661640 1764164573816.474609 1764164573817 1764164573824
103705 3495694984 1764164573849.810303 1764164573849 1764164573857
103706 3495728328 1764164573883.146240 1764164573883 1764164573890
103707 3495761672 1764164573916.482178 1764164573917 1764164573924
103708 3495795016 1764164573949.818115 1764164573949 1764164573957
103709 3495828360 1764164573983.153809 1764164573983 1764164573990
103710 3495861704 1764164574016.489746 1764164574017 1764164574024
103711 3495895047 1764164574049.824707 1764164574049 1764164574057
103712 3495928391 1764164574083.160400 1764164574083 1764164574090
103713 3495961735 1764164574116.496338 1764164574117 1764164574124
103714 3495995079 1764164574149.832275 1764164574149 1764164574157
103715 3496028423 1764164574183.167969 1764164574183 1764164574190
103716 3496061767 1764164574216.503906 1764164574217 1764164574224
103717 3496095111 1764164574249.839844 1764164574249 1764164574257
103718 3496128455 1764164574283.175537 1764164574283 1764164574290
103719 3496161799 1764164574316.511475 1764164574317 1764164574324
103720 3496195143 1764164574349.847168 1764164574349 1764164574357
103721 3496228487 1764164574383.183105 1764164574383 1764164574390
103722 3496261831 1764164574416.519043 1764164574417 1764164574424
103723 3496295175 1764164574449.854736 1764164574449 1764164574457
103724 3496328519 1764164574483.190674 1764164574483 1764164574490
103725 3496361862 1764164574516.525391 1764164574517 1764164574524
103726 3496395206 1764164574549.864258 1764164574549 1764164574557
103727 3496428550 1764164574583.202881 1764164574583 1764164574590
103728 3496461894 1764164574616.541504 1764164574617 1764164574624
103729 3496495238 1764164574649.880371 1764164574649 1764164574657
103730 3496528582 1764164574683.218994 1764164574683 1764164574690
103731 3496561926 1764164574716.557861 1764164574717 1764164574724
103732 3496595270 1764164574749.896484 1764164574749 1764164574757
103733 3496628614 1764164574783.235352 1764164574783 1764164574790
103734 3496661958 1764164574816.574219 1764164574817 1764164574824
103735 3496695302 1764164574849.912842 1764164574849 1764164574857
103736 3496728646 1764164574883.251709 1764164574883 1764164574890
103737 3496761990 1764164574916.590576 1764164574917 1764164574924
103738 3496795333 1764164574949.928467 1764164574949 1764164574957
103739 3496828677 1764164574983.267334 1764164574983 1764164574990
103740 3496862021 1764164575016.606201 1764164575017 1764164575024
103741 3496895365 1764164575049.945312 1764164575049 1764164575057
103742 3496928709 1764164575083.284180 1764164575083 1764164575090
103743 3496962053 1764164575116.623047 1764164575117 1764164575124
103744 3496995397 1764164575149.962158 1764164575149 1764164575157
103745 3497028741 1764164575183.301025 1764164575183 1764164575190
103746 3497062085 1764164575216.640137 1764164575217 1764164575224
103747 3497095429 1764164575249.979004 1764164575249 1764164575257
103748 3497128773 1764164575283.318115 1764164575283 1764164575290
103749 3497162117 1764164575316.657227 1764164575316 1764164575324
103750 3497195461 1764164575349.996094 1764164575349 1764164575357
103751 3497228804 1764164575383.334229 1764164575383 1764164575390
103752 3497262148 1764164575416.673340 1764164575417 1764164575424
103753 3497295492 1764164575450.012451 1764164575450 1764164575457
103754 3497328836 1764164575483.351562 1764164575483 1764164575490
103755 3497362180 1764164575516.690674 1764164575517 1764164575524
103756 3497395524 1764164575550.027100 1764164575549 1764164575557
103757 3497428868 1764164575583.363037 1764164575583 1764164575590
103758 3497462212 1764164575616.698975 1764164575617 1764164575624
103759 3497495556 1764164575650.034912 1764164575649 1764164575657
103760 3497528900 1764164575683.370850 1764164575683 1764164575690
103761 3497562244 1764164575716.706787 1764164575717 1764164575724
103762 3497595588 1764164575750.042725 1764164575749 1764164575757
103763 3497628932 1764164575783.378418 1764164575783 1764164575790
103764 3497662276 1764164575816.714355 1764164575817 1764164575824
103765 3497695619 1764164575850.049316 1764164575850 1764164575857
103766 3497728963 1764164575883.385254 1764164575883 1764164575890
103767 3497762307 1764164575916.721191 1764164575917 1764164575924
103768 3497795651 1764164575950.057129 1764164575950 1764164575957
103769 3497828995 1764164575983.393066 1764164575983 1764164575990
103770 3497862339 1764164576016.729004 1764164576017 1764164576024
103771 3497895683 1764164576050.064941 1764164576050 1764164576057
103772 3497929027 1764164576083.400879 1764164576083 1764164576090
103773 3497962371 1764164576116.736572 1764164576117 1764164576124
103774 3497995715 1764164576150.072510 1764164576150 1764164576157
103775 3498029059 1764164576183.408447 1764164576183 1764164576190
103776 3498062403 1764164576216.744385 1764164576217 1764164576224
103777 3498095747 1764164576250.080322 1764164576250 1764164576257
103778 3498129090 1764164576283.415283 1764164576283 1764164576290
103779 3498162434 1764164576316.750977 1764164576317 1764164576324
103780 3498195778 1764164576350.086914 1764164576350 1764164576357
103781 3498229122 1764164576383.422852 1764164576383 1764164576390
103782 3498262466 1764164576416.758789 1764164576417 1764164576424
103783 3498295810 1764164576450.094727 1764164576450 1764164576457
103784 3498329154 1764164576483.430664 1764164576483 1764164576490
103785 3498362498 1764164576516.766357 1764164576517 1764164576524
103786 3498395842 1764164576550.102295 1764164576550 1764164576557
103787 3498429186 1764164576583.438232 1764164576583 1764164576590
103788 3498462530 1764164576616.773926 1764164576617 1764164576624
103789 3498495874 1764164576650.109619 1764164576650 1764164576657
103790 3498529218 1764164576683.445312 1764164576683 1764164576690
103791 3498562561 1764164576716.780029 1764164576717 1764164576724
103792 3498595905 1764164576750.115967 1764164576750 1764164576757
103793 3498629249 1764164576783.451660 1764164576783 1764164576790
103794 3498662593 1764164576816.787354 1764164576817 1764164576824
103795 3498695937 1764164576850.123047 1764164576850 1764164576857
103796 3498729281 1764164576883.458984 1764164576883 1764164576890
103797 3498762625 1764164576916.794678 1764164576917 1764164576924
103798 3498795969 1764164576950.130371 1764164576950 1764164576957
103799 3498829313 1764164576983.466064 1764164576983 1764164576990
103800 3498862657 1764164577016.801758 1764164577017 1764164577024
103801 3498896001 1764164577050.137451 1764164577050 1764164577057
103802 3498929345 1764164577083.473389 1764164577083 1764164577090
103803 3498962689 1764164577116.809082 1764164577117 1764164577124
103804 3498996033 1764164577150.144775 1764164577150 1764164577157
103805 3499029376 1764164577183.479492 1764164577184 1764164577191
103806 3499062720 1764164577216.815186 1764164577217 1764164577224
103807 3499096064 1764164577250.150879 1764164577250 1764164577257
103808 3499129408 1764164577283.486572 1764164577284 1764164577291
103809 3499162752 1764164577316.822266 1764164577317 1764164577324
103810 3499196096 1764164577350.157959 1764164577350 1764164577357
103811 3499229440 1764164577383.493652 1764164577384 1764164577391
103812 3499262784 1764164577416.829346 1764164577417 1764164577424
103813 3499296128 1764164577450.165039 1764164577450 1764164577457
103814 3499329472 1764164577483.500732 1764164577484 1764164577491
103815 3499362816 1764164577516.836426 1764164577517 1764164577524
103816 3499396160 1764164577550.172119 1764164577551 1764164577558
103817 3499429504 1764164577583.535156 1764164577584 1764164577591
103818 3499462847 1764164577616.897217 1764164577617 1764164577624
103819 3499496191 1764164577650.260254 1764164577650 1764164577657
103820 3499529535 1764164577683.623779 1764164577684 1764164577691
103821 3499562879 1764164577716.987305 1764164577716 1764164577724
103822 3499596223 1764164577750.351074 1764164577750 1764164577757
103823 3499629567 1764164577783.714844 1764164577784 1764164577791
103824 3499662911 1764164577817.079102 1764164577817 1764164577824
103825 3499696255 1764164577850.443359 1764164577850 1764164577857
103826 3499729599 1764164577883.807617 1764164577884 1764164577891
103827 3499762943 1764164577917.172363 1764164577916 1764164577924
103828 3499796287 1764164577950.537109 1764164577950 1764164577957
103829 3499829631 1764164577983.902100 1764164577984 1764164577991
103830 3499862975 1764164578017.267090 1764164578016 1764164578024
103831 3499896318 1764164578050.631348 1764164578050 1764164578057
103832 3499929662 1764164578083.996826 1764164578084 1764164578091
103833 3499963006 1764164578117.362549 1764164578116 1764164578124
103834 3499996350 1764164578150.728271 1764164578150 1764164578157
103835 3500029694 1764164578184.094238 1764164578184 1764164578191
103836 3500063038 1764164578217.460449 1764164578216 1764164578224
103837 3500096382 1764164578250.826660 1764164578250 1764164578257
103838 3500129726 1764164578284.193115 1764164578284 1764164578291
103839 3500163070 1764164578317.559814 1764164578316 1764164578324
103840 3500196414 1764164578350.926758 1764164578350 1764164578357
103841 3500229758 1764164578384.293701 1764164578384 1764164578391
103842 3500263102 1764164578417.660889 1764164578416 1764164578424
103843 3500296446 1764164578451.028076 1764164578450 1764164578457
103844 3500329790 1764164578484.395752 1764164578484 1764164578491
103845 3500363133 1764164578517.762451 1764164578516 1764164578524
103846 3500396477 1764164578551.129883 1764164578550 1764164578557
103847 3500429821 1764164578584.462891 1764164578584 1764164578591
103848 3500463165 1764164578617.795654 1764164578616 1764164578624
103849 3500496509 1764164578651.128418 1764164578650 1764164578657
103850 3500529853 1764164578684.461426 1764164578684 1764164578691
103851 3500563197 1764164578717.794189 1764164578716 1764164578724
103852 3500596541 1764164578751.126953 1764164578750 1764164578757
103853 3500629885 1764164578784.459717 1764164578784 1764164578791
103854 3500663229 1764164578817.792236 1764164578816 1764164578824
103855 3500696573 1764164578851.125000 1764164578850 1764164578857
103856 3500729917 1764164578884.457520 1764164578884 1764164578891
103857 3500763261 1764164578917.790283 1764164578916 1764164578924
103858 3500796604 1764164578951.121826 1764164578950 1764164578957
103859 3500829948 1764164578984.454346 1764164578984 1764164578991
103860 3500863292 1764164579017.786865 1764164579016 1764164579024
103861 3500896636 1764164579051.119385 1764164579050 1764164579057
103862 3500929980 1764164579084.451904 1764164579084 1764164579091
103863 3500963324 1764164579117.784424 1764164579116 1764164579124
103864 3500996668 1764164579151.116699 1764164579150 1764164579157
103865 3501030012 1764164579184.449219 1764164579184 1764164579191
103866 3501063356 1764164579217.781494 1764164579216 1764164579224
103867 3501096700 1764164579251.114014 1764164579250 1764164579257
103868 3501130044 1764164579284.446289 1764164579284 1764164579291
103869 3501163388 1764164579317.778564 1764164579316 1764164579324
103870 3501196732 1764164579351.110840 1764164579350 1764164579357
103871 3501230075 1764164579384.441895 1764164579384 1764164579391
103872 3501263419 1764164579417.774170 1764164579416 1764164579424
103873 3501296763 1764164579451.106445 1764164579450 1764164579457
103874 3501330107 1764164579484.438477 1764164579484 1764164579491
103875 3501363451 1764164579517.770752 1764164579516 1764164579524
103876 3501396795 1764164579551.102783 1764164579550 1764164579557
103877 3501430139 1764164579584.436035 1764164579584 1764164579591
103878 3501463483 1764164579617.769043 1764164579616 1764164579624
103879 3501496827 1764164579651.102051 1764164579650 1764164579657
103880 3501530171 1764164579684.435059 1764164579684 1764164579691
103881 3501563515 1764164579717.768066 1764164579716 1764164579724
103882 3501596859 1764164579751.101074 1764164579750 1764164579757
103883 3501630203 1764164579784.434082 1764164579784 1764164579791
103884 3501663547 1764164579817.767090 1764164579816 1764164579824
103885 3501696890 1764164579851.098877 1764164579850 1764164579857
103886 3501730234 1764164579884.431885 1764164579884 1764164579891
103887 3501763578 1764164579917.764648 1764164579916 1764164579924
103888 3501796922 1764164579951.097412 1764164579950 1764164579957
103889 3501830266 1764164579984.430420 1764164579984 1764164579991
103890 3501863610 1764164580017.763184 1764164580016 1764164580024
103891 3501896954 1764164580051.095947 1764164580050 1764164580057
103892 3501930298 1764164580084.428711 1764164580084 1764164580091
103893 3501963642 1764164580117.761230 1764164580117 1764164580124
103894 3501996986 1764164580151.093994 1764164580150 1764164580157
103895 3502030330 1764164580184.426758 1764164580184 1764164580191
103896 3502063674 1764164580217.759277 1764164580217 1764164580224
103897 3502097018 1764164580251.092041 1764164580251 1764164580258
103898 3502130361 1764164580284.423584 1764164580284 1764164580291
103899 3502163705 1764164580317.756104 1764164580317 1764164580324
103900 3502197049 1764164580351.088623 1764164580350 1764164580357
103901 3502230393 1764164580384.421143 1764164580384 1764164580391
103902 3502263737 1764164580417.753662 1764164580417 1764164580424
103903 3502297081 1764164580451.086182 1764164580450 1764164580457
103904 3502330425 1764164580484.418457 1764164580484 1764164580491
103905 3502363769 1764164580517.750977 1764164580517 1764164580524
103906 3502397113 1764164580551.083496 1764164580550 1764164580557
103907 3502430457 1764164580584.416748 1764164580584 1764164580591
103908 3502463801 1764164580617.750000 1764164580617 1764164580624
103909 3502497145 1764164580651.083008 1764164580650 1764164580657
103910 3502530489 1764164580684.416260 1764164580684 1764164580691
103911 3502563832 1764164580717.748535 1764164580717 1764164580724
103912 3502597176 1764164580751.081543 1764164580750 1764164580757
103913 3502630520 1764164580784.414551 1764164580784 1764164580791
103914 3502663864 1764164580817.747803 1764164580817 1764164580824
103915 3502697208 1764164580851.080811 1764164580850 1764164580857
103916 3502730552 1764164580884.413818 1764164580884 1764164580891
103917 3502763896 1764164580917.746826 1764164580917 1764164580924
103918 3502797240 1764164580951.079834 1764164580950 1764164580957
103919 3502830584 1764164580984.412842 1764164580983 1764164580991
103920 3502863928 1764164581017.745605 1764164581017 1764164581024
103921 3502897272 1764164581051.078613 1764164581050 1764164581057
103922 3502930616 1764164581084.411377 1764164581084 1764164581091
103923 3502963960 1764164581117.744385 1764164581117 1764164581124
103924 3502997304 1764164581151.077148 1764164581151 1764164581158
103925 3503030647 1764164581184.408936 1764164581184 1764164581191
103926 3503063991 1764164581217.741699 1764164581217 1764164581224
103927 3503097335 1764164581251.074463 1764164581250 1764164581257
103928 3503130679 1764164581284.407227 1764164581284 1764164581291
103929 3503164023 1764164581317.739990 1764164581317 1764164581324
103930 3503197367 1764164581351.072510 1764164581350 1764164581357
103931 3503230711 1764164581384.405273 1764164581384 1764164581391
103932 3503264055 1764164581417.737793 1764164581417 1764164581424
103933 3503297399 1764164581451.070557 1764164581451 1764164581458
103934 3503330743 1764164581484.403076 1764164581484 1764164581491
103935 3503364087 1764164581517.735596 1764164581517 1764164581524
103936 3503397431 1764164581551.068115 1764164581551 1764164581558
103937 3503430775 1764164581584.401367 1764164581584 1764164581591
103938 3503464118 1764164581617.733643 1764164581617 1764164581624
103939 3503497462 1764164581651.066650 1764164581651 1764164581658
103940 3503530806 1764164581684.399902 1764164581684 1764164581691
103941 3503564150 1764164581717.732910 1764164581717 1764164581724
103942 3503597494 1764164581751.065918 1764164581751 1764164581758
103943 3503630838 1764164581784.398926 1764164581783 1764164581791
103944 3503664182 1764164581817.731934 1764164581817 1764164581824
103945 3503697526 1764164581851.064941 1764164581851 1764164581858
103946 3503730870 1764164581884.397949 1764164581884 1764164581891
103947 3503764214 1764164581917.730957 1764164581917 1764164581924
103948 3503797558 1764164581951.063721 1764164581951 1764164581958
103949 3503830902 1764164581984.396729 1764164581984 1764164581991
103950 3503864246 1764164582017.729492 1764164582017 1764164582024
103951 3503897589 1764164582051.061279 1764164582051 1764164582058
103952 3503930933 1764164582084.394043 1764164582083 1764164582091
103953 3503964277 1764164582117.726807 1764164582117 1764164582124
103954 3503997621 1764164582151.059570 1764164582151 1764164582158
103955 3504030965 1764164582184.392334 1764164582183 1764164582191
103956 3504064309 1764164582217.725098 1764164582217 1764164582224
103957 3504097653 1764164582251.057861 1764164582251 1764164582258
103958 3504130997 1764164582284.390381 1764164582283 1764164582291
103959 3504164341 1764164582317.722900 1764164582317 1764164582324
103960 3504197685 1764164582351.055664 1764164582351 1764164582358
103961 3504231029 1764164582384.388184 1764164582383 1764164582391
103962 3504264373 1764164582417.720703 1764164582417 1764164582424
103963 3504297717 1764164582451.053223 1764164582451 1764164582458
103964 3504331060 1764164582484.384766 1764164582483 1764164582491
103965 3504364404 1764164582517.717285 1764164582517 1764164582524
103966 3504397748 1764164582551.049561 1764164582551 1764164582558
103967 3504431092 1764164582584.383301 1764164582583 1764164582591
103968 3504464436 1764164582617.716797 1764164582617 1764164582624
103969 3504497780 1764164582651.050293 1764164582651 1764164582658
103970 3504531124 1764164582684.383789 1764164582683 1764164582691
103971 3504564468 1764164582717.717285 1764164582717 1764164582724
103972 3504597812 1764164582751.050781 1764164582751 1764164582758
103973 3504631156 1764164582784.384033 1764164582783 1764164582791
103974 3504664500 1764164582817.717529 1764164582817 1764164582824
103975 3504697844 1764164582851.050781 1764164582851 1764164582858
103976 3504731188 1764164582884.384277 1764164582883 1764164582891
103977 3504764532 1764164582917.717529 1764164582917 1764164582924
103978 3504797875 1764164582951.049805 1764164582951 1764164582958
103979 3504831219 1764164582984.383057 1764164582983 1764164582991
103980 3504864563 1764164583017.716553 1764164583017 1764164583024
103981 3504897907 1764164583051.049805 1764164583051 1764164583058
103982 3504931251 1764164583084.382812 1764164583083 1764164583091
103983 3504964595 1764164583117.716064 1764164583117 1764164583124
103984 3504997939 1764164583151.049316 1764164583151 1764164583158
103985 3505031283 1764164583184.382568 1764164583183 1764164583191
103986 3505064627 1764164583217.715576 1764164583217 1764164583224
103987 3505097971 1764164583251.048828 1764164583251 1764164583258
103988 3505131315 1764164583284.381836 1764164583283 1764164583291
103989 3505164659 1764164583317.714844 1764164583317 1764164583324
103990 3505198003 1764164583351.047852 1764164583351 1764164583358
103991 3505231346 1764164583384.379883 1764164583383 1764164583391
103992 3505264690 1764164583417.712891 1764164583417 1764164583424
103993 3505298034 1764164583451.045898 1764164583451 1764164583458
103994 3505331378 1764164583484.378906 1764164583483 1764164583491
103995 3505364722 1764164583517.711914 1764164583517 1764164583524
103996 3505398066 1764164583551.044922 1764164583551 1764164583558
103997 3505431410 1764164583584.377930 1764164583583 1764164583591
103998 3505464754 1764164583617.710938 1764164583617 1764164583624
103999 3505498098 1764164583651.043945 1764164583651 1764164583658
104000 3505531442 1764164583684.376709 1764164583683 1764164583691
104001 3505564786 1764164583717.709717 1764164583717 1764164583724
104002 3505598130 1764164583751.042725 1764164583751 1764164583758
104003 3505631474 1764164583784.375488 1764164583783 1764164583791
104004 3505664818 1764164583817.708252 1764164583817 1764164583824
104005 3505698161 1764164583851.040039 1764164583851 1764164583858
104006 3505731505 1764164583884.373047 1764164583883 1764164583891
104007 3505764849 1764164583917.705811 1764164583917 1764164583924
104008 3505798193 1764164583951.038330 1764164583951 1764164583958
104009 3505831537 1764164583984.371094 1764164583983 1764164583991
104010 3505864881 1764164584017.703857 1764164584017 1764164584024
104011 3505898225 1764164584051.036377 1764164584051 1764164584058
104012 3505931569 1764164584084.369141 1764164584083 1764164584091
104013 3505964913 1764164584117.701660 1764164584117 1764164584124
104014 3505998257 1764164584151.034180 1764164584151 1764164584158
104015 3506031601 1764164584184.366943 1764164584183 1764164584191
104016 3506064945 1764164584217.699463 1764164584217 1764164584224
104017 3506098289 1764164584251.031738 1764164584251 1764164584258
104018 3506131632 1764164584284.363281 1764164584284 1764164584291
104019 3506164976 1764164584317.695801 1764164584317 1764164584324
104020 3506198320 1764164584351.028076 1764164584351 1764164584358
104021 3506231664 1764164584384.360596 1764164584384 1764164584391
104022 3506265008 1764164584417.692871 1764164584417 1764164584424
104023 3506298352 1764164584451.025146 1764164584450 1764164584458
104024 3506331696 1764164584484.357666 1764164584484 1764164584491
104025 3506365040 1764164584517.689941 1764164584517 1764164584524
104026 3506398384 1764164584551.022217 1764164584551 1764164584558
104027 3506431728 1764164584584.364014 1764164584584 1764164584591
104028 3506465072 1764164584617.705811 1764164584617 1764164584624
104029 3506498416 1764164584651.047852 1764164584651 1764164584658
104030 3506531760 1764164584684.389648 1764164584684 1764164584691
104031 3506565103 1764164584717.730713 1764164584718 1764164584725
104032 3506598447 1764164584751.072754 1764164584750 1764164584758
104033 3506631791 1764164584784.414795 1764164584784 1764164584791
104034 3506665135 1764164584817.756836 1764164584818 1764164584825
104035 3506698479 1764164584851.099121 1764164584851 1764164584858
104036 3506731823 1764164584884.441162 1764164584884 1764164584891
104037 3506765167 1764164584917.783447 1764164584917 1764164584924
104038 3506798511 1764164584951.125488 1764164584951 1764164584958
104039 3506831855 1764164584984.467773 1764164584984 1764164584991
104040 3506865199 1764164585017.810059 1764164585018 1764164585025
104041 3506898543 1764164585051.152344 1764164585051 1764164585058
104042 3506931887 1764164585084.494629 1764164585084 1764164585091
104043 3506965231 1764164585117.837158 1764164585117 1764164585124
104044 3506998574 1764164585151.178467 1764164585151 1764164585158
104045 3507031918 1764164585184.520996 1764164585184 1764164585191
104046 3507065262 1764164585217.863281 1764164585217 1764164585224
104047 3507098606 1764164585251.205811 1764164585251 1764164585258
104048 3507131950 1764164585284.548340 1764164585284 1764164585291
104049 3507165294 1764164585317.890869 1764164585317 1764164585324
104050 3507198638 1764164585351.233398 1764164585350 1764164585358
104051 3507231982 1764164585384.576172 1764164585384 1764164585391
104052 3507265326 1764164585417.918701 1764164585417 1764164585424
104053 3507298670 1764164585451.261475 1764164585451 1764164585458
104054 3507332014 1764164585484.604248 1764164585484 1764164585491
104055 3507365358 1764164585517.946777 1764164585518 1764164585525
104056 3507398702 1764164585551.289551 1764164585551 1764164585558
104057 3507432046 1764164585584.622803 1764164585584 1764164585591
104058 3507465389 1764164585617.955078 1764164585618 1764164585625
104059 3507498733 1764164585651.288086 1764164585651 1764164585658
104060 3507532077 1764164585684.621094 1764164585684 1764164585691
104061 3507565421 1764164585717.954346 1764164585718 1764164585725
104062 3507598765 1764164585751.287354 1764164585751 1764164585758
104063 3507632109 1764164585784.620361 1764164585784 1764164585791
104064 3507665453 1764164585817.953369 1764164585818 1764164585825
104065 3507698797 1764164585851.286377 1764164585850 1764164585858
104066 3507732141 1764164585884.619385 1764164585884 1764164585891
104067 3507765485 1764164585917.952148 1764164585918 1764164585925
104068 3507798829 1764164585951.285156 1764164585951 1764164585958
104069 3507832173 1764164585984.617920 1764164585984 1764164585991
104070 3507865517 1764164586017.950684 1764164586018 1764164586025
104071 3507898860 1764164586051.282715 1764164586051 1764164586058
104072 3507932204 1764164586084.615479 1764164586084 1764164586091
104073 3507965548 1764164586117.947998 1764164586118 1764164586125
104074 3507998892 1764164586151.280762 1764164586151 1764164586158
104075 3508032236 1764164586184.613525 1764164586184 1764164586191
104076 3508065580 1764164586217.946289 1764164586218 1764164586225
104077 3508098924 1764164586251.278809 1764164586251 1764164586258
104078 3508132268 1764164586284.611328 1764164586284 1764164586291
104079 3508165612 1764164586317.944092 1764164586318 1764164586325
104080 3508198956 1764164586351.276611 1764164586350 1764164586358
104081 3508232300 1764164586384.609131 1764164586384 1764164586391
104082 3508265644 1764164586417.941650 1764164586417 1764164586427
104083 3508298988 1764164586451.274170 1764164586450 1764164586458
104084 3508332332 1764164586484.606445 1764164586484 1764164586491
104085 3508365675 1764164586517.937988 1764164586518 1764164586525
104086 3508399019 1764164586551.270264 1764164586550 1764164586558
104087 3508432363 1764164586584.602539 1764164586584 1764164586591
104088 3508465707 1764164586617.934814 1764164586618 1764164586625
104089 3508499051 1764164586651.267090 1764164586650 1764164586658
104090 3508532395 1764164586684.599365 1764164586684 1764164586691
104091 3508565739 1764164586717.931396 1764164586718 1764164586725
104092 3508599083 1764164586751.263672 1764164586750 1764164586758
104093 3508632427 1764164586784.595703 1764164586784 1764164586791
104094 3508665771 1764164586817.927734 1764164586818 1764164586825
104095 3508699115 1764164586851.259766 1764164586850 1764164586858
104096 3508732459 1764164586884.591797 1764164586884 1764164586891
104097 3508765803 1764164586917.923828 1764164586918 1764164586925
104098 3508799146 1764164586951.254639 1764164586950 1764164586958
104099 3508832490 1764164586984.586670 1764164586984 1764164586991
104100 3508865834 1764164587017.918457 1764164587018 1764164587025
104101 3508899178 1764164587051.250244 1764164587050 1764164587058
104102 3508932522 1764164587084.582031 1764164587084 1764164587091
104103 3508965866 1764164587117.913818 1764164587118 1764164587125
104104 3508999210 1764164587151.245605 1764164587150 1764164587158
104105 3509032554 1764164587184.577393 1764164587184 1764164587191
104106 3509065898 1764164587217.908936 1764164587218 1764164587225
104107 3509099242 1764164587251.240723 1764164587250 1764164587258
104108 3509132586 1764164587284.572266 1764164587284 1764164587291
104109 3509165930 1764164587317.903809 1764164587318 1764164587325
104110 3509199274 1764164587351.235352 1764164587350 1764164587358
104111 3509232617 1764164587384.565918 1764164587384 1764164587391
104112 3509265961 1764164587417.897217 1764164587418 1764164587425
104113 3509299305 1764164587451.228760 1764164587450 1764164587458
104114 3509332649 1764164587484.560059 1764164587484 1764164587491
104115 3509365993 1764164587517.891602 1764164587518 1764164587525
104116 3509399337 1764164587551.222900 1764164587551 1764164587558
104117 3509432681 1764164587584.555664 1764164587584 1764164587591
104118 3509466025 1764164587617.888184 1764164587618 1764164587625
104119 3509499369 1764164587651.220947 1764164587651 1764164587658
104120 3509532713 1764164587684.553467 1764164587684 1764164587691
104121 3509566057 1764164587717.885986 1764164587718 1764164587725
104122 3509599401 1764164587751.218506 1764164587751 1764164587758
104123 3509632745 1764164587784.551025 1764164587784 1764164587791
104124 3509666088 1764164587817.882568 1764164587818 1764164587825
104125 3509699432 1764164587851.215088 1764164587851 1764164587858
104126 3509732776 1764164587884.547363 1764164587885 1764164587892
104127 3509766120 1764164587917.879883 1764164587918 1764164587925
104128 3509799464 1764164587951.212158 1764164587951 1764164587958
104129 3509832808 1764164587984.544434 1764164587984 1764164587991
104130 3509866152 1764164588017.876709 1764164588018 1764164588025
104131 3509899496 1764164588051.208984 1764164588051 1764164588058
104132 3509932840 1764164588084.541260 1764164588085 1764164588092
104133 3509966184 1764164588117.873535 1764164588118 1764164588125
104134 3509999528 1764164588151.205566 1764164588151 1764164588158
104135 3510032872 1764164588184.537842 1764164588185 1764164588192
104136 3510066216 1764164588217.869873 1764164588218 1764164588225
104137 3510099560 1764164588251.201904 1764164588251 1764164588258
104138 3510132903 1764164588284.532959 1764164588285 1764164588292
104139 3510166247 1764164588317.864990 1764164588317 1764164588325
104140 3510199591 1764164588351.197021 1764164588351 1764164588358
104141 3510232935 1764164588384.528809 1764164588385 1764164588392
104142 3510266279 1764164588417.860840 1764164588417 1764164588425
104143 3510299623 1764164588451.192627 1764164588451 1764164588458
104144 3510332967 1764164588484.524658 1764164588485 1764164588492
104145 3510366311 1764164588517.856445 1764164588517 1764164588525
104146 3510399655 1764164588551.188232 1764164588551 1764164588558
104147 3510432999 1764164588584.521973 1764164588585 1764164588592
104148 3510466343 1764164588617.855713 1764164588617 1764164588625
104149 3510499687 1764164588651.189209 1764164588651 1764164588658
104150 3510533031 1764164588684.522949 1764164588685 1764164588692
104151 3510566374 1764164588717.855469 1764164588717 1764164588725
104152 3510599718 1764164588751.188965 1764164588751 1764164588758
104153 3510633062 1764164588784.522705 1764164588785 1764164588792
104154 3510666406 1764164588817.856201 1764164588817 1764164588825
104155 3510699750 1764164588851.189697 1764164588851 1764164588858
104156 3510733094 1764164588884.523193 1764164588885 1764164588892
104157 3510766438 1764164588917.856445 1764164588917 1764164588925
104158 3510799782 1764164588951.189941 1764164588951 1764164588958
104159 3510833126 1764164588984.523438 1764164588985 1764164588992
104160 3510866470 1764164589017.856689 1764164589017 1764164589025
104161 3510899814 1764164589051.190186 1764164589051 1764164589058
104162 3510933158 1764164589084.523438 1764164589085 1764164589092
104163 3510966502 1764164589117.856689 1764164589118 1764164589125
104164 3510999846 1764164589151.189941 1764164589151 1764164589158
104165 3511033189 1764164589184.522217 1764164589185 1764164589192
104166 3511066533 1764164589217.855469 1764164589218 1764164589225
104167 3511099877 1764164589251.188721 1764164589251 1764164589258
104168 3511133221 1764164589284.521729 1764164589285 1764164589292
104169 3511166565 1764164589317.854980 1764164589318 1764164589325
104170 3511199909 1764164589351.187988 1764164589351 1764164589358
104171 3511233253 1764164589384.521240 1764164589385 1764164589392
104172 3511266597 1764164589417.854248 1764164589418 1764164589425
104173 3511299941 1764164589451.187256 1764164589452 1764164589459
104174 3511333285 1764164589484.520264 1764164589485 1764164589492
104175 3511366629 1764164589517.853271 1764164589518 1764164589525
104176 3511399973 1764164589551.186279 1764164589552 1764164589559
104177 3511433317 1764164589584.520996 1764164589585 1764164589592
104178 3511466660 1764164589617.854492 1764164589618 1764164589625
104179 3511500004 1764164589651.189209 1764164589652 1764164589659
104180 3511533348 1764164589684.523682 1764164589684 1764164589692
104181 3511566692 1764164589717.858154 1764164589718 1764164589725
