1764164395966474880 98333
1764164396001475104 98334
1764164396036550176 98335
1764164396065232640 98336
1764164396100630656 98337
1764164396148588544 98338
1764164396168653312 98339
1764164396202398784 98340
1764164396235919872 98341
1764164396276976672 98342
1764164396308983936 98343
1764164396335302784 98344
1764164396368826528 98345
1764164396403029120 98346
1764164396442405664 98347
1764164396468150176 98348
1764164396504760352 98349
1764164396536257536 98350
1764164396571083904 98351
1764164396602122304 98352
1764164396637115744 98353
1764164396669460864 98354
1764164396697009792 98355
1764164396732316064 98356
1764164396768814464 98357
1764164396803421664 98358
1764164396838050560 98359
1764164396864390752 98360
1764164396901039104 98361
1764164396934938176 98362
1764164396969653984 98363
1764164397003649376 98364
1764164397036311168 98365
1764164397069342432 98366
1764164397102701024 98367
1764164397137196672 98368
1764164397163604416 98369
1764164397197960896 98370
1764164397239113408 98371
1764164397268180768 98372
1764164397301931648 98373
1764164397336125344 98374
1764164397364259584 98375
1764164397399834048 98376
1764164397435637664 98377
1764164397469131744 98378
1764164397502331840 98379
1764164397535856640 98380
1764164397569894048 98381
1764164397597676992 98382
1764164397634920832 98383
1764164397669477184 98384
1764164397703562528 98385
1764164397736722496 98386
1764164397764667392 98387
1764164397802621120 98388
1764164397846976288 98389
1764164397868710880 98390
1764164397902265344 98391
1764164397935456096 98392
1764164397969509568 98393
1764164398002688992 98394
1764164398035947264 98395
1764164398064318080 98396
1764164398102615328 98397
1764164398131555488 98398
1764164398169638272 98399
1764164398202101280 98400
1764164398234884352 98401
1764164398269545664 98402
1764164398302352896 98403
1764164398340485952 98404
1764164398366421408 98405
1764164398401333600 98406
1764164398434863232 98407
1764164398468962560 98408
1764164398502794208 98409
1764164398530916832 98410
1764164398565877280 98411
1764164398601544448 98412
1764164398636006528 98413
1764164398670143488 98414
1764164398697397856 98415
1764164398731522880 98416
1764164398766956992 98417
1764164398803887296 98418
1764164398831150976 98419
1764164398866610336 98420
1764164398901941536 98421
1764164398935157504 98422
1764164398968192544 98423
1764164399002089408 98424
1764164399036391968 98425
1764164399070219520 98426
1764164399096930848 98427
1764164399132308000 98428
1764164399173481184 98429
1764164399202000160 98430
1764164399237040032 98431
1764164399263654624 98432
1764164399299286400 98433
1764164399334292096 98434
1764164399369117952 98435
1764164399396367840 98436
1764164399431948544 98437
1764164399466830560 98438
1764164399511174880 98439
1764164399539302752 98440
1764164399566965152 98441
1764164399600161216 98442
1764164399640687232 98443
1764164399674136384 98444
1764164399702321792 98445
1764164399736234304 98446
1764164399762771936 98447
1764164399801727968 98448
1764164399835006624 98449
1764164399868795072 98450
1764164399901628544 98451
1764164399934865248 98452
1764164399970206816 98453
1764164399997441728 98454
1764164400035413280 98455
1764164400063850976 98456
1764164400100921088 98457
1764164400135548096 98458
1764164400163400608 98459
1764164400198646112 98460
1764164400235275328 98461
1764164400269259456 98462
1764164400302143264 98463
1764164400333342016 98464
1764164400368345856 98465
1764164400419347680 98466
1764164400435333728 98467
1764164400463357408 98468
1764164400500040160 98469
1764164400535665760 98470
1764164400564292864 98471
1764164400599885728 98472
1764164400634439456 98473
1764164400668055104 98474
1764164400696013504 98475
1764164400732332640 98476
1764164400768530752 98477
1764164400801436416 98478
1764164400834910432 98479
1764164400868154400 98480
1764164400913789056 98481
1764164400934294112 98482
1764164400968316320 98483
1764164401000963648 98484
1764164401037146208 98485
1764164401064576288 98486
1764164401098809504 98487
1764164401133297472 98488
1764164401167337888 98489
1764164401200705152 98490
1764164401235927072 98491
1764164401263602144 98492
1764164401301419104 98493
1764164401335437184 98494
1764164401363377824 98495
1764164401401442816 98496
1764164401434321472 98497
1764164401467284192 98498
1764164401501186208 98499
1764164401535679936 98500
1764164401564183968 98501
1764164401598370880 98502
1764164401634304032 98503
1764164401672919264 98504
1764164401702004032 98505
1764164401735611136 98506
1764164401764526592 98507
1764164401799468608 98508
1764164401834352768 98509
1764164401862872768 98510
1764164401898540128 98511
1764164401934514976 98512
1764164401968249312 98513
1764164401996794464 98514
1764164402032805088 98515
1764164402068285888 98516
1764164402101136128 98517
1764164402134634272 98518
1764164402170026112 98519
1764164402203303360 98520
1764164402229774880 98521
1764164402265137408 98522
1764164402299371008 98523
1764164402334046208 98524
1764164402368950208 98525
1764164402396050176 98526
1764164402434015552 98527
1764164402467437312 98528
1764164402495828928 98529
1764164402532798496 98530
1764164402568554976 98531
1764164402596303680 98532
1764164402632897344 98533
1764164402668244160 98534
1764164402704006240 98535
1764164402730354336 98536
1764164402767916352 98537
1764164402801186624 98538
1764164402833554752 98539
1764164402868252672 98540
1764164402895241600 98541
1764164402932154464 98542
1764164402968987040 98543
1764164402996574272 98544
1764164403031946048 98545
1764164403068015808 98546
1764164403097105056 98547
1764164403131896480 98548
1764164403166137536 98549
1764164403205954816 98550
1764164403233653056 98551
1764164403267335712 98552
1764164403300263936 98553
1764164403339681088 98554
1764164403369852160 98555
1764164403404370400 98556
1764164403429469856 98557
1764164403466538432 98558
1764164403501546784 98559
1764164403536120928 98560
1764164403562704032 98561
1764164403600093216 98562
1764164403634251744 98563
1764164403683730560 98564
1764164403700362368 98565
1764164403734153280 98566
1764164403772249152 98567
1764164403801272480 98568
1764164403835060448 98569
1764164403867189536 98570
1764164403917600352 98571
1764164403948015104 98572
1764164403978181344 98573
1764164403998941664 98574
1764164404031857760 98575
1764164404067003264 98576
1764164404101067040 98577
1764164404140358560 98578
1764164404167598016 98579
1764164404207470016 98580
1764164404236354144 98581
1764164404266539584 98582
1764164404295883712 98583
1764164404333470624 98584
1764164404367019488 98585
1764164404402370848 98586
1764164404431785696 98587
1764164404467526464 98588
1764164404500726400 98589
1764164404534253440 98590
1764164404567064672 98591
1764164404599891744 98592
1764164404633467808 98593
1764164404662805536 98594
1764164404697645792 98595
1764164404732043968 98596
1764164404767800768 98597
1764164404796301696 98598
1764164404831869216 98599
1764164404867154592 98600
1764164404896026240 98601
1764164404936699520 98602
1764164404968660192 98603
1764164404995757536 98604
1764164405031999840 98605
1764164405067533056 98606
1764164405101490272 98607
1764164405134376416 98608
1764164405167775680 98609
1764164405200031008 98610
1764164405229270912 98611
1764164405265676928 98612
1764164405295669440 98613
1764164405332969792 98614
1764164405366627392 98615
1764164405404071040 98616
1764164405429534528 98617
1764164405471470688 98618
1764164405506393888 98619
1764164405532411680 98620
1764164405566358432 98621
1764164405601159744 98622
1764164405632186784 98623
1764164405666353248 98624
1764164405700062560 98625
1764164405733503840 98626
1764164405767566144 98627
1764164405801016576 98628
1764164405846914752 98629
1764164405867291712 98630
1764164405899722944 98631
1764164405929295776 98632
1764164405966699424 98633
1764164406001095232 98634
1764164406034124160 98635
1764164406066988352 98636
1764164406100994144 98637
1764164406134217120 98638
1764164406167432640 98639
1764164406200555936 98640
1764164406233220640 98641
1764164406270210688 98642
1764164406296056224 98643
1764164406330682816 98644
1764164406365624768 98645
1764164406399887008 98646
1764164406433052288 98647
1764164406466989184 98648
1764164406500655584 98649
1764164406534824736 98650
1764164406562520768 98651
1764164406597244416 98652
1764164406633099488 98653
1764164406670139744 98654
1764164406696410432 98655
1764164406732268544 98656
1764164406766493120 98657
1764164406799964320 98658
1764164406833242432 98659
1764164406866592128 98660
1764164406900778272 98661
1764164406934447040 98662
1764164406962771648 98663
1764164406999524512 98664
1764164407033419648 98665
1764164407066925568 98666
1764164407101085728 98667
1764164407127965664 98668
1764164407163409856 98669
1764164407198701888 98670
1764164407233564384 98671
1764164407272880672 98672
1764164407301842368 98673
1764164407329112992 98674
1764164407365818752 98675
1764164407401977696 98676
1764164407436343648 98677
1764164407487350016 98678
1764164407503743712 98679
1764164407529840928 98680
1764164407565824352 98681
1764164407599750208 98682
1764164407632193504 98683
1764164407667068160 98684
1764164407700488000 98685
1764164407733709280 98686
1764164407767219872 98687
1764164407799879872 98688
1764164407835267424 98689
1764164407877724032 98690
1764164407934308928 98691
1764164407965696768 98692
1764164407987133664 98693
1764164408011035712 98694
1764164408039154848 98695
1764164408066778848 98696
1764164408099788608 98697
1764164408142789088 98698
1764164408170090112 98699
1764164408205840800 98700
1764164408232810784 98701
1764164408266847072 98702
1764164408296810752 98703
1764164408332535520 98704
1764164408365510656 98705
1764164408399428640 98706
1764164408432738496 98707
1764164408465901856 98708
1764164408499351168 98709
1764164408532202976 98710
1764164408566627808 98711
1764164408598914560 98712
1764164408633161280 98713
1764164408666310048 98714
1764164408699443072 98715
1764164408733909760 98716
1764164408766187136 98717
1764164408799570656 98718
1764164408832372032 98719
1764164408865570976 98720
1764164408899042592 98721
1764164408932300832 98722
1764164408968345408 98723
1764164408997898048 98724
1764164409032568288 98725
1764164409066681984 98726
1764164409100002752 98727
1764164409128635360 98728
1764164409164793248 98729
1764164409199522304 98730
1764164409233111168 98731
1764164409265478912 98732
1764164409300964736 98733
1764164409327521184 98734
1764164409365637856 98735
1764164409398917792 98736
1764164409432467328 98737
1764164409466976160 98738
1764164409495733184 98739
1764164409531529504 98740
1764164409566076128 98741
1764164409598908128 98742
1764164409632576768 98743
1764164409665323872 98744
1764164409698936288 98745
1764164409732585376 98746
1764164409765318624 98747
1764164409802192608 98748
1764164409831356032 98749
1764164409865866272 98750
1764164409898622912 98751
1764164409933841664 98752
1764164409961901152 98753
1764164410003926976 98754
1764164410038911616 98755
1764164410065009408 98756
1764164410103223936 98757
1764164410127712608 98758
1764164410166686144 98759
1764164410196753088 98760
1764164410232253088 98761
1764164410264924832 98762
1764164410300027072 98763
1764164410327279008 98764
1764164410362250240 98765
1764164410401298624 98766
1764164410429487232 98767
1764164410464009120 98768
1764164410499156288 98769
1764164410534700416 98770
1764164410565217248 98771
1764164410598074912 98772
1764164410634575264 98773
1764164410663759360 98774
1764164410700199008 98775
1764164410731338016 98776
1764164410765997472 98777
1764164410798664576 98778
1764164410833121216 98779
1764164410870829376 98780
1764164410907293824 98781
1764164410931603040 98782
1764164410964263072 98783
1764164410999267232 98784
1764164411032778560 98785
1764164411061880960 98786
1764164411097963264 98787
1764164411131920160 98788
1764164411166959680 98789
1764164411199570176 98790
1764164411227821664 98791
1764164411266802240 98792
1764164411293768832 98793
1764164411329766112 98794
1764164411365962464 98795
1764164411400833760 98796
1764164411452224480 98797
1764164411471475328 98798
1764164411503999520 98799
1764164411531515904 98800
1764164411567094912 98801
1764164411595722208 98802
1764164411631516192 98803
1764164411666179328 98804
1764164411694537280 98805
1764164411732568704 98806
1764164411766010144 98807
1764164411798428832 98808
1764164411832908416 98809
1764164411865982784 98810
1764164411899754848 98811
1764164411935104192 98812
1764164411962940704 98813
1764164411999961376 98814
1764164412034637600 98815
1764164412063096224 98816
1764164412097406848 98817
1764164412131586144 98818
1764164412165585088 98819
1764164412198573056 98820
1764164412227130560 98821
1764164412262063296 98822
1764164412298440928 98823
1764164412331496320 98824
1764164412364920448 98825
1764164412398050528 98826
1764164412433352288 98827
1764164412460419104 98828
1764164412497706176 98829
1764164412531952384 98830
1764164412560931552 98831
1764164412597616224 98832
1764164412632027744 98833
1764164412666833344 98834
1764164412699663648 98835
1764164412727350656 98836
1764164412763214720 98837
1764164412801127712 98838
1764164412829188928 98839
1764164412866125408 98840
1764164412904091712 98841
1764164412931107008 98842
1764164412964843264 98843
1764164412998580224 98844
1764164413033381344 98845
1764164413062620672 98846
1764164413097936608 98847
1764164413131495200 98848
1764164413165186496 98849
1764164413204059040 98850
1764164413233166688 98851
1764164413259709088 98852
1764164413300310112 98853
1764164413329371008 98854
1764164413364580416 98855
1764164413397734112 98856
1764164413432522688 98857
1764164413464511168 98858
1764164413495537536 98859
1764164413532925120 98860
1764164413568717536 98861
1764164413612451936 98862
1764164413652446880 98863
1764164413669471456 98864
1764164413699947488 98865
1764164413738183328 98866
1764164413774638848 98867
1764164413800385408 98868
1764164413831292416 98869
1764164413866342048 98870
1764164413893233248 98871
1764164413931525824 98872
1764164413967132960 98873
1764164413994557152 98874
1764164414031392960 98875
1764164414064566528 98876
1764164414097638016 98877
1764164414132230592 98878
1764164414165930656 98879
1764164414203448928 98880
1764164414231514208 98881
1764164414267283360 98882
1764164414293323360 98883
1764164414331865216 98884
1764164414360135168 98885
1764164414396212832 98886
1764164414431704672 98887
1764164414467715424 98888
1764164414493759200 98889
1764164414533493568 98890
1764164414560432352 98891
1764164414595694208 98892
1764164414633273600 98893
1764164414660809568 98894
1764164414695766400 98895
1764164414733820512 98896
1764164414763536160 98897
1764164414797099072 98898
1764164414833905504 98899
1764164414867131168 98900
1764164414892586304 98901
1764164414931824672 98902
1764164414967088384 98903
1764164414994956160 98904
1764164415033249376 98905
1764164415059766048 98906
1764164415096695424 98907
1764164415130852896 98908
1764164415167579296 98909
1764164415194988608 98910
1764164415233981024 98911
1764164415261152032 98912
1764164415296780128 98913
1764164415336758688 98914
1764164415373309280 98915
1764164415404204128 98916
1764164415430774368 98917
1764164415464169152 98918
1764164415497289536 98919
1764164415535342848 98920
1764164415563817536 98921
1764164415597250432 98922
1764164415630933664 98923
1764164415664520096 98924
1764164415697635264 98925
1764164415727250272 98926
1764164415762550304 98927
1764164415797928128 98928
1764164415831340064 98929
1764164415864810656 98930
1764164415897361344 98931
1764164415931129920 98932
1764164415967218496 98933
1764164416001268160 98934
1764164416028907584 98935
1764164416067080992 98936
1764164416098833824 98937
1764164416127574176 98938
1764164416163733152 98939
1764164416197487136 98940
1764164416230156992 98941
1764164416264402560 98942
1764164416300043744 98943
1764164416327400768 98944
1764164416362717280 98945
1764164416397606112 98946
1764164416430261440 98947
1764164416467884064 98948
1764164416495945696 98949
1764164416529717440 98950
1764164416564316128 98951
1764164416602503008 98952
1764164416640955136 98953
1764164416663617376 98954
1764164416699718624 98955
1764164416730268288 98956
1764164416763709824 98957
1764164416797281632 98958
1764164416829843968 98959
1764164416863754944 98960
1764164416897829824 98961
1764164416933223936 98962
1764164416959194400 98963
1764164416995763904 98964
1764164417030466336 98965
1764164417066779552 98966
1764164417092770528 98967
1764164417135092064 98968
1764164417159688320 98969
1764164417197545280 98970
1764164417234035584 98971
1764164417264605056 98972
1764164417292538624 98973
1764164417329002528 98974
1764164417369367264 98975
1764164417397429856 98976
1764164417432797632 98977
1764164417463214304 98978
1764164417497305632 98979
1764164417529814816 98980
1764164417564173056 98981
1764164417597432288 98982
1764164417631521760 98983
1764164417659623008 98984
1764164417695610016 98985
1764164417731794080 98986
1764164417759844224 98987
1764164417796594592 98988
1764164417834949536 98989
1764164417869571744 98990
1764164417897763872 98991
1764164417930414176 98992
1764164417967143680 98993
1764164417994998336 98994
1764164418033402016 98995
1764164418060151232 98996
1764164418096033600 98997
1764164418134168704 98998
1764164418160262464 98999
1764164418195315808 99000
1764164418231553024 99001
1764164418259191968 99002
1764164418295321280 99003
1764164418329877504 99004
1764164418368353824 99005
1764164418396232608 99006
1764164418431116032 99007
1764164418458726368 99008
1764164418496633536 99009
1764164418530201344 99010
1764164418566673664 99011
1764164418602550624 99012
1764164418640091808 99013
1764164418662258208 99014
1764164418700266112 99015
1764164418726848128 99016
1764164418764216096 99017
1764164418797644864 99018
1764164418830163456 99019
1764164418862999520 99020
1764164418898450432 99021
1764164418929125920 99022
1764164418966540224 99023
1764164418992847584 99024
1764164419033052832 99025
1764164419059415360 99026
1764164419101095680 99027
1764164419137189120 99028
1764164419163025568 99029
1764164419197642944 99030
1764164419230322624 99031
1764164419263252480 99032
1764164419296001888 99033
1764164419331093824 99034
1764164419362036672 99035
1764164419398886208 99036
1764164419442233952 99037
1764164419473109536 99038
1764164419501408672 99039
1764164419526921696 99040
1764164419563148000 99041
1764164419600103136 99042
1764164419628378464 99043
1764164419664271872 99044
1764164419698856064 99045
1764164419734038880 99046
1764164419758406880 99047
1764164419794204704 99048
1764164419829618496 99049
1764164419863590560 99050
1764164419891940768 99051
1764164419927683968 99052
1764164419966945696 99053
1764164419993398816 99054
1764164420027768960 99055
1764164420064541184 99056
1764164420092087008 99057
1764164420131523648 99058
1764164420164751232 99059
1764164420192068736 99060
1764164420229755872 99061
1764164420262535968 99062
1764164420291702080 99063
1764164420333189504 99064
1764164420362453600 99065
1764164420396381248 99066
1764164420429180544 99067
1764164420467666688 99068
1764164420492139712 99069
1764164420526981984 99070
1764164420561703744 99071
1764164420598695456 99072
1764164420632956160 99073
1764164420659380320 99074
1764164420694579936 99075
1764164420734139328 99076
1764164420761241344 99077
1764164420796374752 99078
1764164420835866592 99079
1764164420865531968 99080
1764164420892670048 99081
1764164420927953888 99082
1764164420965832704 99083
1764164420992728480 99084
1764164421034029152 99085
1764164421059140544 99086
1764164421094012672 99087
1764164421128441216 99088
1764164421159205376 99089
1764164421194605440 99090
1764164421228781344 99091
1764164421263393056 99092
1764164421300027424 99093
1764164421325266784 99094
1764164421362220096 99095
1764164421400795296 99096
1764164421429052128 99097
1764164421463510752 99098
1764164421495708288 99099
1764164421529436128 99100
1764164421563106496 99101
1764164421595701888 99102
1764164421631592320 99103
1764164421661852544 99104
1764164421696862816 99105
1764164421731731040 99106
1764164421757619584 99107
1764164421795753856 99108
1764164421831577728 99109
1764164421857557376 99110
1764164421892307712 99111
1764164421935896224 99112
1764164421962952000 99113
1764164422000575648 99114
1764164422025461728 99115
1764164422063078784 99116
1764164422095731648 99117
1764164422129595104 99118
1764164422163038912 99119
1764164422198943680 99120
1764164422227924928 99121
1764164422262118752 99122
1764164422295385216 99123
1764164422331534464 99124
1764164422364314976 99125
1764164422391648480 99126
1764164422434555680 99127
1764164422467179424 99128
