1764164485949942496 101033
1764164485978696992 101034
1764164486015365440 101035
1764164486063708960 101036
1764164486081269408 101037
1764164486112046112 101038
1764164486148944768 101039
1764164486189545440 101040
1764164486215276480 101041
1764164486248991168 101042
1764164486287722848 101043
1764164486312745280 101044
1764164486347534656 101045
1764164486381574336 101046
1764164486416155200 101047
1764164486451057856 101048
1764164486483561920 101049
1764164486517186144 101050
1764164486554458016 101051
1764164486579050464 101052
1764164486614949632 101053
1764164486649535360 101054
1764164486683971680 101055
1764164486716628992 101056
1764164486749456992 101057
1764164486783689952 101058
1764164486822770272 101059
1764164486849900544 101060
1764164486884386016 101061
1764164486917010400 101062
1764164486951549568 101063
1764164486982035872 101064
1764164487016263008 101065
1764164487061958816 101066
1764164487085432640 101067
1764164487111368416 101068
1764164487158477888 101069
1764164487181867680 101070
1764164487214975424 101071
1764164487250001088 101072
1764164487287565600 101073
1764164487311998688 101074
1764164487348155520 101075
1764164487383069920 101076
1764164487411523424 101077
1764164487446905536 101078
1764164487481895264 101079
1764164487516483936 101080
1764164487550457952 101081
1764164487583526112 101082
1764164487617020000 101083
1764164487650269568 101084
1764164487683697632 101085
1764164487712297120 101086
1764164487749035200 101087
1764164487782867136 101088
1764164487817094656 101089
1764164487858922688 101090
1764164487884274240 101091
1764164487918754336 101092
1764164487953209376 101093
1764164487981050624 101094
1764164488014357568 101095
1764164488048305568 101096
1764164488085383072 101097
1764164488110820000 101098
1764164488147599296 101099
1764164488181846144 101100
1764164488217076704 101101
1764164488255827744 101102
1764164488283464256 101103
1764164488312753696 101104
1764164488347971072 101105
1764164488383242592 101106
1764164488416530112 101107
1764164488448937824 101108
1764164488483358656 101109
1764164488517162560 101110
1764164488560561440 101111
1764164488582136928 101112
1764164488616286784 101113
1764164488649352672 101114
1764164488682761664 101115
1764164488717084384 101116
1764164488751043584 101117
1764164488783901344 101118
1764164488812972576 101119
1764164488847777952 101120
1764164488883382528 101121
1764164488912617888 101122
1764164488949058944 101123
1764164488983096000 101124
1764164489011973056 101125
1764164489047095936 101126
1764164489082878016 101127
1764164489115707296 101128
1764164489149496064 101129
1764164489182019264 101130
1764164489215637152 101131
1764164489249465472 101132
1764164489282914144 101133
1764164489313036928 101134
1764164489346987744 101135
1764164489383491552 101136
1764164489410790752 101137
1764164489448666656 101138
1764164489484016672 101139
1764164489517010304 101140
1764164489546118112 101141
1764164489581017376 101142
1764164489616779552 101143
1764164489649840448 101144
1764164489677527360 101145
1764164489713637984 101146
1764164489748796384 101147
1764164489783024800 101148
1764164489822848384 101149
1764164489849563648 101150
1764164489883038432 101151
1764164489916379072 101152
1764164489950572000 101153
1764164489990817376 101154
1764164490014786368 101155
1764164490044490336 101156
1764164490079044928 101157
1764164490112380832 101158
1764164490147379200 101159
1764164490181881696 101160
1764164490222468096 101161
1764164490248738624 101162
1764164490287185952 101163
1764164490312881408 101164
1764164490347223360 101165
1764164490383523104 101166
1764164490423833696 101167
1764164490449717408 101168
1764164490489558048 101169
1764164490515417312 101170
1764164490553329184 101171
1764164490585285344 101172
1764164490611412832 101173
1764164490647768992 101174
1764164490683689472 101175
1764164490710907776 101176
1764164490748646912 101177
1764164490782935936 101178
1764164490814479968 101179
1764164490850298016 101180
1764164490884159936 101181
1764164490909970304 101182
1764164490945033440 101183
1764164490979404800 101184
1764164491016287040 101185
1764164491060040384 101186
1764164491087549728 101187
1764164491116377472 101188
1764164491156564928 101189
1764164491184204384 101190
1764164491211555776 101191
1764164491246190816 101192
1764164491281126848 101193
1764164491317702880 101194
1764164491345042496 101195
1764164491389719584 101196
1764164491421273440 101197
1764164491448342464 101198
1764164491477266016 101199
1764164491512522176 101200
1764164491547769856 101201
1764164491582882400 101202
1764164491615829248 101203
1764164491649302560 101204
1764164491682756256 101205
1764164491715148096 101206
1764164491748481728 101207
1764164491778101216 101208
1764164491813808288 101209
1764164491849113504 101210
1764164491877568832 101211
1764164491911458752 101212
1764164491945933184 101213
1764164491994961824 101214
1764164492016683584 101215
1764164492043350784 101216
1764164492081455136 101217
1764164492127041088 101218
1764164492147321440 101219
1764164492177463936 101220
1764164492212260672 101221
1764164492247139552 101222
1764164492281492448 101223
1764164492315215168 101224
1764164492353968384 101225
1764164492382272704 101226
1764164492415396128 101227
1764164492449729600 101228
1764164492486066464 101229
1764164492511515968 101230
1764164492546825696 101231
1764164492584605920 101232
1764164492616478688 101233
1764164492643930880 101234
1764164492680338528 101235
1764164492713446592 101236
1764164492748197184 101237
1764164492781781056 101238
1764164492815711264 101239
1764164492848155904 101240
1764164492882036288 101241
1764164492917487040 101242
1764164492969024768 101243
1764164492988563616 101244
1764164493023763680 101245
1764164493053500224 101246
1764164493080792960 101247
1764164493114347168 101248
1764164493148235872 101249
1764164493181574496 101250
1764164493215142656 101251
1764164493247791008 101252
1764164493280790240 101253
1764164493315241088 101254
1764164493349341152 101255
1764164493383222752 101256
1764164493412574752 101257
1764164493447156704 101258
1764164493481884960 101259
1764164493514948736 101260
1764164493548526016 101261
1764164493581515360 101262
1764164493614032320 101263
1764164493648663264 101264
1764164493681875744 101265
1764164493709476928 101266
1764164493746810144 101267
1764164493782002208 101268
1764164493821794944 101269
1764164493847185248 101270
1764164493889734240 101271
1764164493913602848 101272
1764164493951259392 101273
1764164493977251552 101274
1764164494011164192 101275
1764164494046438976 101276
1764164494087350176 101277
1764164494113434624 101278
1764164494148298720 101279
1764164494182246112 101280
1764164494210479808 101281
1764164494251341728 101282
1764164494281278720 101283
1764164494315498464 101284
1764164494347798368 101285
1764164494376194528 101286
1764164494411742240 101287
1764164494451427520 101288
1764164494478028800 101289
1764164494515519968 101290
1764164494553372544 101291
1764164494579953504 101292
1764164494628406656 101293
1764164494646507040 101294
1764164494681845344 101295
1764164494714696672 101296
1764164494748377056 101297
1764164494781350976 101298
1764164494816087584 101299
1764164494843322144 101300
1764164494879222112 101301
1764164494916584000 101302
1764164494947388992 101303
1764164494982309056 101304
1764164495011205760 101305
1764164495045355168 101306
1764164495079871136 101307
1764164495115205568 101308
1764164495144785984 101309
1764164495178938752 101310
1764164495218479296 101311
1764164495243749824 101312
1764164495278285408 101313
1764164495313265120 101314
1764164495349336672 101315
1764164495379880544 101316
1764164495409690496 101317
1764164495443104384 101318
1764164495479004320 101319
1764164495526792928 101320
1764164495547121216 101321
1764164495580004192 101322
1764164495614983104 101323
1764164495643029536 101324
1764164495677631104 101325
1764164495715128288 101326
1764164495748426592 101327
1764164495783160928 101328
1764164495814232416 101329
1764164495843528352 101330
1764164495877833056 101331
1764164495914064928 101332
1764164495943786304 101333
1764164495986461344 101334
1764164496022320928 101335
1764164496047369216 101336
1764164496087761664 101337
1764164496114331104 101338
1764164496152328096 101339
1764164496184992928 101340
1764164496213470880 101341
1764164496246298944 101342
1764164496280901312 101343
1764164496317232224 101344
1764164496347237760 101345
1764164496381325632 101346
1764164496414891968 101347
1764164496452084000 101348
1764164496477231744 101349
1764164496511334080 101350
1764164496547821440 101351
1764164496578535136 101352
1764164496614700640 101353
1764164496648088352 101354
1764164496684067520 101355
1764164496710197728 101356
1764164496744631776 101357
1764164496782005600 101358
1764164496815636864 101359
1764164496845144352 101360
1764164496878688864 101361
1764164496913963424 101362
1764164496943313824 101363
1764164496980570688 101364
1764164497017017408 101365
1764164497044099872 101366
1764164497079427584 101367
1764164497114279840 101368
1764164497148310528 101369
1764164497181547488 101370
1764164497214411424 101371
1764164497243098816 101372
1764164497278811296 101373
1764164497324160864 101374
1764164497347513120 101375
1764164497376083040 101376
1764164497410847712 101377
1764164497446122432 101378
1764164497482502560 101379
1764164497515288864 101380
1764164497563449568 101381
1764164497582346784 101382
1764164497608524672 101383
1764164497642713568 101384
1764164497677168224 101385
1764164497712122528 101386
1764164497746991456 101387
1764164497784483648 101388
1764164497809055424 101389
1764164497846546080 101390
1764164497881278496 101391
1764164497914325920 101392
1764164497951042016 101393
1764164497976553440 101394
1764164498011555776 101395
1764164498046343168 101396
1764164498080677952 101397
1764164498116965408 101398
1764164498146133088 101399
1764164498175444736 101400
1764164498210100448 101401
1764164498248715936 101402
1764164498276857824 101403
1764164498313460608 101404
1764164498346317888 101405
1764164498380306976 101406
1764164498415538816 101407
1764164498442445920 101408
1764164498479375200 101409
1764164498513184064 101410
1764164498547074784 101411
1764164498580441440 101412
1764164498608534304 101413
1764164498650365792 101414
1764164498675642656 101415
1764164498709861536 101416
1764164498752362688 101417
1764164498786162784 101418
1764164498813968512 101419
1764164498841273280 101420
1764164498876951072 101421
1764164498914176672 101422
1764164498947042144 101423
1764164498981708960 101424
1764164499009038048 101425
1764164499045176992 101426
1764164499080033728 101427
1764164499114042720 101428
1764164499148375968 101429
1764164499185141408 101430
1764164499214365760 101431
1764164499241593248 101432
1764164499275860416 101433
1764164499314197600 101434
1764164499362556992 101435
1764164499381739968 101436
1764164499415584992 101437
1764164499448482112 101438
1764164499486130944 101439
1764164499524942016 101440
1764164499562052352 101441
1764164499579205376 101442
1764164499612125856 101443
1764164499647021632 101444
1764164499684951520 101445
1764164499722441152 101446
1764164499747011040 101447
1764164499775539712 101448
1764164499810656224 101449
1764164499846079648 101450
1764164499875730112 101451
1764164499912720448 101452
1764164499948862528 101453
1764164499980448544 101454
1764164500014937152 101455
1764164500051190176 101456
1764164500079020512 101457
1764164500129661632 101458
1764164500153405344 101459
1764164500190076512 101460
1764164500236961216 101461
1764164500256207136 101462
1764164500280775872 101463
1764164500308302272 101464
1764164500342509376 101465
1764164500379471072 101466
1764164500415192576 101467
1764164500442613888 101468
1764164500480842048 101469
1764164500509221728 101470
1764164500544845280 101471
1764164500580240864 101472
1764164500614043648 101473
1764164500643031840 101474
1764164500677850464 101475
1764164500711980128 101476
1764164500747038624 101477
1764164500778909440 101478
1764164500813132608 101479
1764164500845918976 101480
1764164500874378080 101481
1764164500926460352 101482
1764164500945728512 101483
1764164500979717632 101484
1764164501012449440 101485
1764164501041291936 101486
1764164501075564448 101487
1764164501109779744 101488
1764164501144351296 101489
1764164501179270624 101490
1764164501207414432 101491
1764164501245381088 101492
1764164501288557280 101493
1764164501319502528 101494
1764164501345831104 101495
1764164501379972224 101496
1764164501413341984 101497
1764164501457109312 101498
1764164501481123232 101499
1764164501507721920 101500
1764164501545053728 101501
1764164501581280384 101502
1764164501609201408 101503
1764164501645958592 101504
1764164501679893824 101505
1764164501714581504 101506
1764164501741819872 101507
1764164501777772288 101508
1764164501826325856 101509
1764164501844637088 101510
1764164501878197536 101511
1764164501913492512 101512
1764164501946278400 101513
1764164501980688736 101514
1764164502007926752 101515
1764164502042820000 101516
1764164502077131328 101517
1764164502112204032 101518
1764164502146427008 101519
1764164502179610016 101520
1764164502207843680 101521
1764164502242745120 101522
1764164502283191072 101523
1764164502312463264 101524
1764164502345459168 101525
1764164502381673824 101526
1764164502413946144 101527
1764164502440629504 101528
1764164502475545600 101529
1764164502510374592 101530
1764164502545104128 101531
1764164502579068640 101532
1764164502612488288 101533
1764164502646137920 101534
1764164502679501312 101535
1764164502714788640 101536
1764164502750362432 101537
1764164502777697472 101538
1764164502812149856 101539
1764164502861585472 101540
1764164502880841920 101541
1764164502907802080 101542
1764164502943798720 101543
1764164502978921248 101544
1764164503014013216 101545
1764164503040477664 101546
1764164503074367680 101547
1764164503110460928 101548
1764164503146336448 101549
1764164503179761024 101550
1764164503213724704 101551
1764164503244727616 101552
1764164503278267840 101553
1764164503312478464 101554
1764164503345670848 101555
1764164503379310592 101556
1764164503413509760 101557
1764164503440592736 101558
1764164503476287424 101559
1764164503512551872 101560
1764164503545948320 101561
1764164503588967136 101562
1764164503617580768 101563
1764164503647127872 101564
1764164503679002880 101565
1764164503712797280 101566
1764164503745481120 101567
1764164503778581760 101568
1764164503807909344 101569
1764164503845014656 101570
1764164503879795328 101571
1764164503912863424 101572
1764164503940865280 101573
1764164503975604416 101574
1764164504010211232 101575
1764164504045642560 101576
1764164504082887072 101577
1764164504109762496 101578
1764164504144561120 101579
1764164504179891968 101580
1764164504214611104 101581
1764164504246598304 101582
1764164504281328128 101583
1764164504307937600 101584
1764164504344294720 101585
1764164504379919104 101586
1764164504411329536 101587
1764164504445171552 101588
1764164504475590304 101589
1764164504510016864 101590
1764164504543813056 101591
1764164504594448480 101592
1764164504611805696 101593
1764164504644527520 101594
1764164504681663296 101595
1764164504708423808 101596
1764164504744411840 101597
1764164504778529440 101598
1764164504811831744 101599
1764164504847336160 101600
1764164504885677344 101601
1764164504913114080 101602
1764164504947004928 101603
1764164504976655104 101604
1764164505010528128 101605
1764164505049737376 101606
1764164505078016864 101607
1764164505111809984 101608
1764164505145937376 101609
1764164505178924928 101610
1764164505215300320 101611
1764164505245589408 101612
1764164505279534816 101613
1764164505306910656 101614
1764164505341575776 101615
1764164505379022624 101616
1764164505413893536 101617
1764164505443652064 101618
1764164505477727744 101619
1764164505511743744 101620
1764164505539862880 101621
1764164505575806336 101622
1764164505611196864 101623
1764164505646959232 101624
1764164505675007648 101625
1764164505710332800 101626
1764164505745494784 101627
1764164505774900480 101628
1764164505809444928 101629
1764164505845664064 101630
1764164505878029472 101631
1764164505911426464 101632
1764164505940029152 101633
1764164505978411168 101634
1764164506011682848 101635
1764164506046362144 101636
1764164506084875072 101637
1764164506114141312 101638
1764164506140814048 101639
1764164506178098880 101640
1764164506211748384 101641
1764164506241133568 101642
1764164506277317376 101643
1764164506310918112 101644
1764164506345252288 101645
1764164506377943872 101646
1764164506411326592 101647
1764164506444575488 101648
1764164506477441888 101649
1764164506511682464 101650
1764164506545100800 101651
1764164506579948512 101652
1764164506609373472 101653
1764164506644382368 101654
1764164506677834912 101655
1764164506717103648 101656
1764164506745740032 101657
1764164506773287712 101658
1764164506807789024 101659
1764164506843496608 101660
1764164506879388544 101661
1764164506910803872 101662
1764164506943700256 101663
1764164506977975872 101664
1764164507012039648 101665
1764164507042777952 101666
1764164507078245632 101667
1764164507112808448 101668
1764164507139821856 101669
1764164507175315680 101670
1764164507210328896 101671
1764164507244728928 101672
1764164507278086016 101673
1764164507311250368 101674
1764164507347444896 101675
1764164507374286752 101676
1764164507411911456 101677
1764164507447583744 101678
1764164507492560256 101679
1764164507518930656 101680
1764164507547121472 101681
1764164507581715808 101682
1764164507606317600 101683
1764164507647293152 101684
1764164507682786400 101685
1764164507712349184 101686
1764164507750446656 101687
1764164507777456448 101688
1764164507811021920 101689
1764164507845080352 101690
1764164507878022528 101691
1764164507916018912 101692
1764164507945076320 101693
1764164507978840096 101694
1764164508007584960 101695
1764164508042841440 101696
1764164508078646208 101697
1764164508112095040 101698
1764164508153701632 101699
1764164508187314720 101700
1764164508213974016 101701
1764164508241366592 101702
1764164508275126368 101703
1764164508313025920 101704
1764164508340644192 101705
1764164508376068672 101706
1764164508410083712 101707
1764164508444592544 101708
1764164508477959968 101709
1764164508509088128 101710
1764164508542820608 101711
1764164508577653248 101712
1764164508610957984 101713
1764164508645757920 101714
1764164508674462336 101715
1764164508708952928 101716
1764164508744960672 101717
1764164508778440992 101718
1764164508812199680 101719
1764164508839722656 101720
1764164508881018848 101721
1764164508907025728 101722
1764164508948367232 101723
1764164508981372960 101724
1764164509008257920 101725
1764164509042980320 101726
1764164509077453728 101727
1764164509111695296 101728
1764164509144514080 101729
1764164509176928128 101730
1764164509211611264 101731
1764164509239657728 101732
1764164509277672832 101733
1764164509311029920 101734
1764164509345203968 101735
1764164509384563968 101736
1764164509410370336 101737
1764164509443622784 101738
1764164509479789440 101739
1764164509510850272 101740
1764164509545216864 101741
1764164509577880736 101742
1764164509611022336 101743
1764164509644990624 101744
1764164509682710624 101745
1764164509711506720 101746
1764164509744982784 101747
1764164509782186976 101748
1764164509817514976 101749
1764164509843794016 101750
1764164509878012640 101751
1764164509911260480 101752
1764164509944641472 101753
1764164509977992384 101754
1764164510010906816 101755
1764164510045197184 101756
1764164510083674400 101757
1764164510110215680 101758
1764164510144933600 101759
1764164510172779776 101760
1764164510206772352 101761
1764164510241289344 101762
1764164510277005408 101763
1764164510310025952 101764
1764164510344339648 101765
1764164510377623328 101766
1764164510410601248 101767
1764164510443364800 101768
1764164510478913536 101769
1764164510505627360 101770
1764164510544160928 101771
1764164510578069472 101772
1764164510611727840 101773
1764164510638908576 101774
1764164510675818752 101775
1764164510711371456 101776
1764164510745884736 101777
1764164510775046080 101778
1764164510811234080 101779
1764164510844253632 101780
1764164510879196224 101781
1764164510905180320 101782
1764164510939299488 101783
1764164510980131808 101784
1764164511007739520 101785
1764164511042799712 101786
1764164511077425888 101787
1764164511110082016 101788
1764164511143614144 101789
1764164511177866624 101790
1764164511210606240 101791
1764164511243133376 101792
1764164511276403552 101793
1764164511310157472 101794
1764164511339224448 101795
1764164511375617440 101796
1764164511410187936 101797
1764164511443431872 101798
1764164511475782464 101799
1764164511510984096 101800
1764164511544627104 101801
1764164511577269472 101802
1764164511610444288 101803
1764164511644828768 101804
1764164511690924576 101805
1764164511728352352 101806
1764164511753737216 101807
1764164511776995520 101808
1764164511811420704 101809
1764164511843528896 101810
1764164511876652704 101811
1764164511909716096 101812
1764164511946747136 101813
1764164511973248960 101814
1764164512010777632 101815
1764164512043144768 101816
1764164512079922112 101817
1764164512105901184 101818
1764164512141195744 101819
1764164512175795904 101820
1764164512213244896 101821
1764164512239303136 101822
1764164512279879680 101823
1764164512306717568 101824
1764164512343067616 101825
1764164512376710304 101826
1764164512405405472 101827
1764164512447270272 101828
1764164512476069728 101829
1764164512511964224 101830
1764164512543109088 101831
1764164512575412608 101832
1764164512610877248 101833
1764164512646972288 101834
1764164512675315424 101835
1764164512709411904 101836
1764164512743464256 101837
1764164512776703008 101838
1764164512811318592 101839
1764164512838814464 101840
1764164512874578208 101841
1764164512909308512 101842
1764164512944100416 101843
1764164512978922592 101844
1764164513005397184 101845
1764164513040626048 101846
1764164513074999520 101847
1764164513108988544 101848
1764164513143058304 101849
1764164513176076032 101850
1764164513213147680 101851
1764164513239468576 101852
1764164513276747616 101853
1764164513309685728 101854
1764164513346669344 101855
1764164513372840160 101856
1764164513408334944 101857
1764164513443908288 101858
1764164513484398240 101859
1764164513510241856 101860
1764164513543403872 101861
1764164513572208896 101862
1764164513610109056 101863
1764164513646280096 101864
1764164513672503712 101865
1764164513707288416 101866
1764164513742340800 101867
1764164513776879936 101868
1764164513805781664 101869
1764164513844002464 101870
1764164513882109632 101871
1764164513926406240 101872
1764164513943179776 101873
1764164513976139424 101874
1764164514009781568 101875
1764164514042747616 101876
1764164514079067968 101877
1764164514111375072 101878
1764164514139022368 101879
1764164514174915040 101880
1764164514209883520 101881
1764164514243547680 101882
1764164514278469568 101883
1764164514304854176 101884
1764164514338764960 101885
1764164514377842688 101886
1764164514406446016 101887
1764164514442867200 101888
1764164514477217184 101889
1764164514505246336 101890
1764164514547748000 101891
1764164514577047040 101892
1764164514609573856 101893
1764164514643413568 101894
1764164514676713568 101895
1764164514709813984 101896
1764164514738796480 101897
1764164514774207968 101898
1764164514811710272 101899
1764164514838661312 101900
1764164514873672864 101901
1764164514908653568 101902
1764164514942887520 101903
1764164514972212512 101904
1764164515011932224 101905
1764164515038321984 101906
1764164515075564288 101907
1764164515108401248 101908
1764164515142517920 101909
1764164515175785216 101910
1764164515209193664 101911
1764164515242708512 101912
1764164515278448544 101913
1764164515305090656 101914
1764164515338932736 101915
1764164515373821952 101916
1764164515408869216 101917
1764164515445854176 101918
1764164515487935168 101919
1764164515518373024 101920
1764164515542324832 101921
1764164515579795968 101922
1764164515604924704 101923
1764164515644088352 101924
1764164515679956608 101925
1764164515705955232 101926
1764164515742917376 101927
1764164515776571936 101928
1764164515806346208 101929
1764164515848062688 101930
1764164515879896480 101931
1764164515915612256 101932
1764164515941986048 101933
1764164515975298112 101934
1764164516013883392 101935
1764164516039996736 101936
1764164516075278400 101937
1764164516111791776 101938
1764164516137494368 101939
1764164516176895520 101940
1764164516215671616 101941
1764164516241759872 101942
1764164516280614272 101943
1764164516322703744 101944
1764164516344151680 101945
1764164516374596896 101946
1764164516411865024 101947
1764164516438322336 101948
1764164516472617472 101949
1764164516507389216 101950
1764164516542252864 101951
1764164516579760064 101952
1764164516607838496 101953
1764164516641978464 101954
1764164516675244512 101955
1764164516714174112 101956
1764164516752563232 101957
1764164516775594336 101958
1764164516803990848 101959
1764164516843749184 101960
1764164516896613152 101961
1764164516915158464 101962
1764164516952249088 101963
1764164516975508608 101964
1764164517018565504 101965
1764164517041078336 101966
1764164517075537664 101967
1764164517108790848 101968
1764164517141916768 101969
