17508 261363318 1764165666852.846191 1764165666852 1764165666860
17509 261396662 1764165666886.192871 1764165666886 1764165666893
17510 261430006 1764165666919.539551 1764165666920 1764165666927
17511 261463350 1764165666952.886230 1764165666952 1764165666960
17512 261496694 1764165666986.232910 1764165666986 1764165666993
17513 261530038 1764165667019.579346 1764165667020 1764165667027
17514 261563382 1764165667052.926025 1764165667052 1764165667060
17515 261596726 1764165667086.272705 1764165667086 1764165667093
17516 261630070 1764165667119.619141 1764165667120 1764165667127
17517 261663413 1764165667152.964600 1764165667153 1764165667160
17518 261696757 1764165667186.311279 1764165667186 1764165667193
17519 261730101 1764165667219.657715 1764165667220 1764165667227
17520 261763445 1764165667253.004395 1764165667253 1764165667260
17521 261796789 1764165667286.350830 1764165667286 1764165667293
17522 261830133 1764165667319.697510 1764165667320 1764165667327
17523 261863477 1764165667353.043945 1764165667354 1764165667362
17524 261896821 1764165667386.390625 1764165667386 1764165667393
17525 261930165 1764165667419.737061 1764165667420 1764165667427
17526 261963509 1764165667453.083740 1764165667453 1764165667460
17527 261996853 1764165667486.430176 1764165667487 1764165667494
17528 262030197 1764165667519.776611 1764165667520 1764165667527
17529 262063541 1764165667553.123291 1764165667553 1764165667560
17530 262096884 1764165667586.468750 1764165667587 1764165667594
17531 262130228 1764165667619.815186 1764165667619 1764165667627
17532 262163572 1764165667653.161865 1764165667653 1764165667660
17533 262196916 1764165667686.508301 1764165667687 1764165667694
17534 262230260 1764165667719.854736 1764165667719 1764165667727
17535 262263604 1764165667753.201416 1764165667753 1764165667760
17536 262296948 1764165667786.547852 1764165667787 1764165667794
17537 262330292 1764165667819.894287 1764165667819 1764165667827
17538 262363636 1764165667853.240967 1764165667853 1764165667860
17539 262396980 1764165667886.587402 1764165667887 1764165667894
17540 262430324 1764165667919.933838 1764165667919 1764165667927
17541 262463668 1764165667953.280273 1764165667953 1764165667960
17542 262497012 1764165667986.626953 1764165667987 1764165667994
17543 262530355 1764165668019.972412 1764165668020 1764165668027
17544 262563699 1764165668053.319580 1764165668053 1764165668060
17545 262597043 1764165668086.666748 1764165668087 1764165668094
17546 262630387 1764165668120.013916 1764165668120 1764165668127
17547 262663731 1764165668153.361084 1764165668153 1764165668160
17548 262697075 1764165668186.708252 1764165668187 1764165668194
17549 262730419 1764165668220.055420 1764165668220 1764165668227
17550 262763763 1764165668253.402588 1764165668253 1764165668260
17551 262797107 1764165668286.750000 1764165668287 1764165668294
17552 262830451 1764165668320.097168 1764165668320 1764165668327
17553 262863795 1764165668353.444336 1764165668354 1764165668361
17554 262897139 1764165668386.791504 1764165668386 1764165668394
17555 262930483 1764165668420.138916 1764165668420 1764165668427
17556 262963827 1764165668453.486084 1764165668454 1764165668461
17557 262997170 1764165668486.832275 1764165668486 1764165668494
17558 263030514 1764165668520.179443 1764165668520 1764165668527
17559 263063858 1764165668553.526855 1764165668554 1764165668561
17560 263097202 1764165668586.874023 1764165668586 1764165668594
17561 263130546 1764165668620.221436 1764165668621 1764165668628
17562 263163890 1764165668653.568604 1764165668654 1764165668661
17563 263197234 1764165668686.916016 1764165668686 1764165668694
17564 263230578 1764165668720.263184 1764165668720 1764165668727
17565 263263922 1764165668753.610596 1764165668754 1764165668761
17566 263297266 1764165668786.957764 1764165668787 1764165668794
17567 263330610 1764165668820.305176 1764165668820 1764165668827
17568 263363954 1764165668853.652344 1764165668854 1764165668861
17569 263397298 1764165668886.999756 1764165668887 1764165668894
17570 263430641 1764165668920.345947 1764165668920 1764165668927
17571 263463985 1764165668953.693359 1764165668954 1764165668961
17572 263497329 1764165668987.040771 1764165668987 1764165668994
17573 263530673 1764165669020.387939 1764165669020 1764165669027
17574 263564017 1764165669053.734863 1764165669054 1764165669061
17575 263597361 1764165669087.081787 1764165669087 1764165669094
17576 263630705 1764165669120.428711 1764165669121 1764165669128
17577 263664049 1764165669153.775635 1764165669154 1764165669161
17578 263697393 1764165669187.122559 1764165669187 1764165669194
17579 263730737 1764165669220.469482 1764165669221 1764165669228
17580 263764081 1764165669253.816162 1764165669253 1764165669261
17581 263797425 1764165669287.163086 1764165669287 1764165669294
17582 263830769 1764165669320.510010 1764165669321 1764165669328
17583 263864112 1764165669353.855957 1764165669353 1764165669361
17584 263897456 1764165669387.202881 1764165669387 1764165669394
17585 263930800 1764165669420.549805 1764165669421 1764165669428
17586 263964144 1764165669453.896729 1764165669453 1764165669461
17587 263997488 1764165669487.243408 1764165669487 1764165669494
17588 264030832 1764165669520.590332 1764165669521 1764165669528
17589 264064176 1764165669553.937256 1764165669553 1764165669561
17590 264097520 1764165669587.284180 1764165669587 1764165669594
17591 264130864 1764165669620.631104 1764165669621 1764165669628
17592 264164208 1764165669653.978027 1764165669654 1764165669661
17593 264197552 1764165669687.324951 1764165669687 1764165669694
17594 264230896 1764165669720.671631 1764165669721 1764165669728
17595 264264240 1764165669754.018555 1764165669754 1764165669761
17596 264297584 1764165669787.365479 1764165669787 1764165669794
17597 264330927 1764165669820.711426 1764165669821 1764165669828
17598 264364271 1764165669854.058350 1764165669854 1764165669861
17599 264397615 1764165669887.405273 1764165669887 1764165669894
17600 264430959 1764165669920.751953 1764165669921 1764165669928
17601 264464303 1764165669954.098877 1764165669954 1764165669961
17602 264497647 1764165669987.445801 1764165669987 1764165669996
17603 264530991 1764165670020.792725 1764165670020 1764165670028
17604 264564335 1764165670054.139404 1764165670054 1764165670061
17605 264597679 1764165670087.486084 1764165670088 1764165670095
17606 264631023 1764165670120.832764 1764165670120 1764165670128
17607 264664367 1764165670154.179443 1764165670154 1764165670161
17608 264697711 1764165670187.526123 1764165670188 1764165670195
17609 264731055 1764165670220.872803 1764165670220 1764165670228
17610 264764398 1764165670254.218506 1764165670254 1764165670261
17611 264797742 1764165670287.564941 1764165670288 1764165670295
17612 264831086 1764165670320.911621 1764165670321 1764165670328
17613 264864430 1764165670354.258301 1764165670354 1764165670361
17614 264897774 1764165670387.604980 1764165670388 1764165670395
17615 264931118 1764165670420.951660 1764165670420 1764165670428
17616 264964462 1764165670454.298340 1764165670454 1764165670461
17617 264997806 1764165670487.645020 1764165670488 1764165670495
17618 265031150 1764165670520.991455 1764165670521 1764165670528
17619 265064494 1764165670554.338135 1764165670554 1764165670561
17620 265097838 1764165670587.684814 1764165670588 1764165670595
17621 265131182 1764165670621.031494 1764165670621 1764165670628
17622 265164526 1764165670654.378174 1764165670654 1764165670661
17623 265197869 1764165670687.723633 1764165670688 1764165670695
17624 265231213 1764165670721.070312 1764165670721 1764165670728
17625 265264557 1764165670754.416992 1764165670755 1764165670762
17626 265297901 1764165670787.763428 1764165670788 1764165670795
17627 265331245 1764165670821.110107 1764165670821 1764165670828
17628 265364589 1764165670854.456787 1764165670855 1764165670862
17629 265397933 1764165670887.803467 1764165670887 1764165670895
17630 265431277 1764165670921.149902 1764165670921 1764165670928
17631 265464621 1764165670954.496582 1764165670955 1764165670962
17632 265497965 1764165670987.843262 1764165670987 1764165670995
17633 265531309 1764165671021.189697 1764165671021 1764165671029
17634 265564653 1764165671054.536377 1764165671055 1764165671062
17635 265597997 1764165671087.882812 1764165671087 1764165671095
17636 265631341 1764165671121.229492 1764165671121 1764165671128
17637 265664684 1764165671154.574951 1764165671155 1764165671162
17638 265698028 1764165671187.921631 1764165671187 1764165671195
17639 265731372 1764165671221.268311 1764165671221 1764165671228
17640 265764716 1764165671254.614746 1764165671255 1764165671262
17641 265798060 1764165671287.961426 1764165671288 1764165671295
17642 265831404 1764165671321.307861 1764165671321 1764165671328
17643 265864748 1764165671354.654297 1764165671355 1764165671362
17644 265898092 1764165671388.000977 1764165671388 1764165671395
17645 265931436 1764165671421.347412 1764165671421 1764165671428
17646 265964780 1764165671454.694092 1764165671455 1764165671462
17647 265998124 1764165671488.040527 1764165671488 1764165671495
17648 266031468 1764165671521.387207 1764165671521 1764165671528
17649 266064812 1764165671554.733643 1764165671555 1764165671562
17650 266098155 1764165671588.079102 1764165671588 1764165671595
17651 266131499 1764165671621.425781 1764165671622 1764165671629
17652 266164843 1764165671654.772217 1764165671654 1764165671662
17653 266198187 1764165671688.118896 1764165671688 1764165671695
17654 266231531 1764165671721.465332 1764165671722 1764165671729
17655 266264875 1764165671754.811768 1764165671754 1764165671762
17656 266298219 1764165671788.158447 1764165671788 1764165671795
17657 266331563 1764165671821.504883 1764165671822 1764165671829
17658 266364907 1764165671854.851318 1764165671854 1764165671862
17659 266398251 1764165671888.197754 1764165671888 1764165671895
17660 266431595 1764165671921.544434 1764165671922 1764165671929
17661 266464939 1764165671954.890869 1764165671954 1764165671962
17662 266498283 1764165671988.237305 1764165671988 1764165671995
17663 266531626 1764165672021.582764 1764165672021 1764165672029
17664 266564970 1764165672054.929443 1764165672054 1764165672062
17665 266598314 1764165672088.276123 1764165672088 1764165672095
17666 266631658 1764165672121.622803 1764165672122 1764165672129
17667 266665002 1764165672154.969238 1764165672155 1764165672162
17668 266698346 1764165672188.315918 1764165672188 1764165672195
17669 266731690 1764165672221.662598 1764165672221 1764165672229
17670 266765034 1764165672255.009033 1764165672255 1764165672262
17671 266798378 1764165672288.355713 1764165672288 1764165672295
17672 266831722 1764165672321.702393 1764165672322 1764165672329
17673 266865066 1764165672355.048828 1764165672355 1764165672362
17674 266898410 1764165672388.395508 1764165672389 1764165672396
17675 266931754 1764165672421.742188 1764165672422 1764165672429
17676 266965098 1764165672455.088623 1764165672455 1764165672462
17677 266998441 1764165672488.434326 1764165672489 1764165672496
17678 267031785 1764165672521.780762 1764165672521 1764165672529
17679 267065129 1764165672555.127441 1764165672555 1764165672562
17680 267098473 1764165672588.474121 1764165672589 1764165672596
17681 267131817 1764165672621.820557 1764165672622 1764165672629
17682 267165161 1764165672655.167236 1764165672655 1764165672662
17683 267198505 1764165672688.513672 1764165672689 1764165672696
17684 267231849 1764165672721.860352 1764165672722 1764165672729
17685 267265193 1764165672755.206787 1764165672755 1764165672762
17686 267298537 1764165672788.553467 1764165672789 1764165672796
17687 267331881 1764165672821.899902 1764165672821 1764165672829
17688 267365225 1764165672855.246582 1764165672855 1764165672862
17689 267398569 1764165672888.593018 1764165672889 1764165672896
17690 267431912 1764165672921.938721 1764165672921 1764165672929
17691 267465256 1764165672955.285156 1764165672955 1764165672962
17692 267498600 1764165672988.631592 1764165672989 1764165672996
17693 267531944 1764165673021.978271 1764165673021 1764165673029
17694 267565288 1764165673055.323975 1764165673055 1764165673062
17695 267598632 1764165673088.669678 1764165673089 1764165673096
17696 267631976 1764165673122.015381 1764165673121 1764165673129
17697 267665320 1764165673155.361084 1764165673155 1764165673162
17698 267698664 1764165673188.706787 1764165673189 1764165673196
17699 267732008 1764165673222.052490 1764165673221 1764165673229
17700 267765352 1764165673255.398193 1764165673255 1764165673262
17701 267798696 1764165673288.743896 1764165673289 1764165673296
17702 267832040 1764165673322.089600 1764165673321 1764165673329
17703 267865383 1764165673355.434326 1764165673355 1764165673362
17704 267898727 1764165673388.780029 1764165673389 1764165673396
17705 267932071 1764165673422.125732 1764165673422 1764165673429
17706 267965415 1764165673455.471191 1764165673455 1764165673462
17707 267998759 1764165673488.816895 1764165673489 1764165673496
17708 268032103 1764165673522.162598 1764165673522 1764165673529
17709 268065447 1764165673555.508301 1764165673555 1764165673562
17710 268098791 1764165673588.853760 1764165673589 1764165673596
17711 268132135 1764165673622.199463 1764165673622 1764165673629
17712 268165479 1764165673655.545166 1764165673655 1764165673662
17713 268198823 1764165673688.890625 1764165673689 1764165673696
17714 268232167 1764165673722.236328 1764165673722 1764165673729
17715 268265511 1764165673755.581787 1764165673755 1764165673762
17716 268298855 1764165673788.927490 1764165673789 1764165673796
17717 268332198 1764165673822.271973 1764165673822 1764165673829
17718 268365542 1764165673855.617676 1764165673856 1764165673863
17719 268398886 1764165673888.963135 1764165673889 1764165673896
17720 268432230 1764165673922.308838 1764165673922 1764165673929
17721 268465574 1764165673955.654297 1764165673956 1764165673963
17722 268498918 1764165673989.000000 1764165673989 1764165673996
17723 268532262 1764165674022.345459 1764165674022 1764165674029
17724 268565606 1764165674055.690430 1764165674056 1764165674063
17725 268598950 1764165674089.035645 1764165674088 1764165674096
17726 268632294 1764165674122.380615 1764165674122 1764165674129
17727 268665638 1764165674155.725586 1764165674156 1764165674163
17728 268698982 1764165674189.070557 1764165674188 1764165674196
17729 268732326 1764165674222.415527 1764165674222 1764165674229
17730 268765669 1764165674255.759521 1764165674256 1764165674263
17731 268799013 1764165674289.104492 1764165674288 1764165674296
17732 268832357 1764165674322.449463 1764165674322 1764165674329
17733 268865701 1764165674355.794434 1764165674356 1764165674363
17734 268899045 1764165674389.139160 1764165674388 1764165674396
17735 268932389 1764165674422.484131 1764165674422 1764165674429
17736 268965733 1764165674455.829102 1764165674456 1764165674463
17737 268999077 1764165674489.173828 1764165674489 1764165674496
17738 269032421 1764165674522.518799 1764165674522 1764165674529
17739 269065765 1764165674555.863770 1764165674556 1764165674563
17740 269099109 1764165674589.208496 1764165674588 1764165674596
17741 269132453 1764165674622.553467 1764165674622 1764165674629
17742 269165797 1764165674655.898193 1764165674656 1764165674663
17743 269199140 1764165674689.241943 1764165674689 1764165674696
17744 269232484 1764165674722.586670 1764165674722 1764165674729
17745 269265828 1764165674755.931641 1764165674756 1764165674763
17746 269299172 1764165674789.276367 1764165674789 1764165674796
17747 269332516 1764165674822.621094 1764165674822 1764165674829
17748 269365860 1764165674855.965820 1764165674856 1764165674863
17749 269399204 1764165674889.310547 1764165674889 1764165674896
17750 269432548 1764165674922.655273 1764165674922 1764165674929
17751 269465892 1764165674956.000000 1764165674956 1764165674963
17752 269499236 1764165674989.344727 1764165674989 1764165674996
17753 269532580 1764165675022.689453 1764165675022 1764165675029
17754 269565924 1764165675056.035889 1764165675056 1764165675063
17755 269599268 1764165675089.379639 1764165675089 1764165675096
17756 269632612 1764165675122.723389 1764165675123 1764165675130
17757 269665955 1764165675156.066162 1764165675156 1764165675163
17758 269699299 1764165675189.409912 1764165675189 1764165675196
17759 269732643 1764165675222.753418 1764165675223 1764165675230
17760 269765987 1764165675256.097168 1764165675255 1764165675263
17761 269799331 1764165675289.440674 1764165675289 1764165675296
17762 269832675 1764165675322.784424 1764165675323 1764165675330
17763 269866019 1764165675356.127930 1764165675355 1764165675363
17764 269899363 1764165675389.471436 1764165675389 1764165675396
17765 269932707 1764165675422.815186 1764165675423 1764165675430
17766 269966051 1764165675456.158691 1764165675455 1764165675463
17767 269999395 1764165675489.502197 1764165675489 1764165675496
17768 270032739 1764165675522.845703 1764165675523 1764165675530
17769 270066083 1764165675556.188965 1764165675555 1764165675563
17770 270099426 1764165675589.531494 1764165675589 1764165675596
17771 270132770 1764165675622.875000 1764165675623 1764165675630
17772 270166114 1764165675656.218262 1764165675655 1764165675663
17773 270199458 1764165675689.561768 1764165675689 1764165675696
17774 270232802 1764165675722.905029 1764165675723 1764165675730
17775 270266146 1764165675756.248535 1764165675755 1764165675763
17776 270299490 1764165675789.591797 1764165675789 1764165675796
17777 270332834 1764165675822.935059 1764165675823 1764165675830
17778 270366178 1764165675856.278320 1764165675856 1764165675863
17779 270399522 1764165675889.621582 1764165675889 1764165675896
17780 270432866 1764165675922.964844 1764165675923 1764165675930
17781 270466210 1764165675956.308105 1764165675956 1764165675963
17782 270499554 1764165675989.651367 1764165675989 1764165675996
17783 270532897 1764165676022.993408 1764165676023 1764165676030
17784 270566241 1764165676056.336670 1764165676056 1764165676063
17785 270599585 1764165676089.679688 1764165676089 1764165676096
17786 270632929 1764165676123.022705 1764165676123 1764165676130
17787 270666273 1764165676156.365479 1764165676156 1764165676163
17788 270699617 1764165676189.708496 1764165676189 1764165676196
17789 270732961 1764165676223.051270 1764165676223 1764165676230
17790 270766305 1764165676256.394287 1764165676256 1764165676263
17791 270799649 1764165676289.737061 1764165676289 1764165676296
17792 270832993 1764165676323.079834 1764165676323 1764165676330
17793 270866337 1764165676356.422607 1764165676356 1764165676363
17794 270899681 1764165676389.765381 1764165676389 1764165676396
17795 270933025 1764165676423.108154 1764165676422 1764165676430
17796 270966369 1764165676456.450928 1764165676456 1764165676463
17797 270999712 1764165676489.792725 1764165676490 1764165676497
17798 271033056 1764165676523.135254 1764165676523 1764165676530
17799 271066400 1764165676556.478027 1764165676556 1764165676563
17800 271099744 1764165676589.820557 1764165676590 1764165676597
17801 271133088 1764165676623.163330 1764165676622 1764165676630
17802 271166432 1764165676656.505859 1764165676656 1764165676663
17803 271199776 1764165676689.848389 1764165676690 1764165676697
17804 271233120 1764165676723.190918 1764165676722 1764165676730
17805 271266464 1764165676756.533447 1764165676756 1764165676763
17806 271299808 1764165676789.875977 1764165676790 1764165676797
17807 271333152 1764165676823.218506 1764165676822 1764165676830
17808 271366496 1764165676856.560791 1764165676856 1764165676863
17809 271399840 1764165676889.903320 1764165676890 1764165676897
17810 271433183 1764165676923.244629 1764165676922 1764165676930
17811 271466527 1764165676956.586914 1764165676956 1764165676963
17812 271499871 1764165676989.929443 1764165676990 1764165676997
17813 271533215 1764165677023.271729 1764165677022 1764165677030
17814 271566559 1764165677056.614014 1764165677056 1764165677063
17815 271599903 1764165677089.957520 1764165677090 1764165677097
17816 271633247 1764165677123.301025 1764165677123 1764165677130
17817 271666591 1764165677156.644287 1764165677156 1764165677163
17818 271699935 1764165677189.987793 1764165677190 1764165677197
17819 271733279 1764165677223.331299 1764165677223 1764165677230
17820 271766623 1764165677256.674561 1764165677256 1764165677263
17821 271799967 1764165677290.018066 1764165677290 1764165677297
17822 271833311 1764165677323.361328 1764165677323 1764165677330
17823 271866654 1764165677356.703857 1764165677357 1764165677364
17824 271899998 1764165677390.047119 1764165677390 1764165677397
17825 271933342 1764165677423.390381 1764165677423 1764165677430
17826 271966686 1764165677456.733887 1764165677456 1764165677463
17827 272000030 1764165677490.077148 1764165677490 1764165677497
17828 272033374 1764165677523.420410 1764165677523 1764165677530
17829 272066718 1764165677556.763672 1764165677556 1764165677563
17830 272100062 1764165677590.106934 1764165677590 1764165677597
17831 272133406 1764165677623.450195 1764165677623 1764165677630
17832 272166750 1764165677656.793457 1764165677656 1764165677664
17833 272200094 1764165677690.136719 1764165677690 1764165677697
17834 272233438 1764165677723.479980 1764165677723 1764165677730
17835 272266782 1764165677756.823242 1764165677757 1764165677764
17836 272300126 1764165677790.166504 1764165677789 1764165677797
17837 272333469 1764165677823.508545 1764165677823 1764165677830
17838 272366813 1764165677856.851807 1764165677857 1764165677864
17839 272400157 1764165677890.195068 1764165677889 1764165677897
17840 272433501 1764165677923.538086 1764165677923 1764165677930
17841 272466845 1764165677956.881348 1764165677957 1764165677964
17842 272500189 1764165677990.224365 1764165677989 1764165677997
17843 272533533 1764165678023.567627 1764165678023 1764165678030
17844 272566877 1764165678056.910645 1764165678057 1764165678064
17845 272600221 1764165678090.252930 1764165678089 1764165678097
17846 272633565 1764165678123.595215 1764165678123 1764165678130
17847 272666909 1764165678156.937256 1764165678157 1764165678164
17848 272700253 1764165678190.279541 1764165678189 1764165678197
17849 272733597 1764165678223.621582 1764165678223 1764165678230
17850 272766940 1764165678256.962646 1764165678257 1764165678264
17851 272800284 1764165678290.304688 1764165678289 1764165678297
17852 272833628 1764165678323.646729 1764165678323 1764165678330
17853 272866972 1764165678356.988770 1764165678357 1764165678364
17854 272900316 1764165678390.330811 1764165678389 1764165678397
17855 272933660 1764165678423.672852 1764165678423 1764165678430
17856 272967004 1764165678457.014648 1764165678457 1764165678464
17857 273000348 1764165678490.356689 1764165678490 1764165678497
17858 273033692 1764165678523.698486 1764165678523 1764165678530
17859 273067036 1764165678557.040527 1764165678557 1764165678564
17860 273100380 1764165678590.382324 1764165678590 1764165678597
17861 273133724 1764165678623.724121 1764165678623 1764165678630
17862 273167068 1764165678657.065918 1764165678657 1764165678664
17863 273200411 1764165678690.406738 1764165678690 1764165678697
17864 273233755 1764165678723.748291 1764165678723 1764165678730
17865 273267099 1764165678757.090088 1764165678757 1764165678764
17866 273300443 1764165678790.431641 1764165678790 1764165678797
17867 273333787 1764165678823.773438 1764165678823 1764165678830
17868 273367131 1764165678857.114990 1764165678857 1764165678864
17869 273400475 1764165678890.456543 1764165678890 1764165678897
17870 273433819 1764165678923.798096 1764165678923 1764165678930
17871 273467163 1764165678957.139648 1764165678957 1764165678964
17872 273500507 1764165678990.481201 1764165678990 1764165678997
17873 273533851 1764165679023.822754 1764165679024 1764165679031
17874 273567195 1764165679057.164307 1764165679056 1764165679064
17875 273600539 1764165679090.505859 1764165679090 1764165679097
17876 273633883 1764165679123.847168 1764165679124 1764165679131
17877 273667226 1764165679157.187744 1764165679156 1764165679164
17878 273700570 1764165679190.529053 1764165679190 1764165679197
17879 273733914 1764165679223.870605 1764165679224 1764165679231
17880 273767258 1764165679257.211914 1764165679256 1764165679264
17881 273800602 1764165679290.553223 1764165679290 1764165679297
17882 273833946 1764165679323.894531 1764165679324 1764165679331
17883 273867290 1764165679357.235840 1764165679356 1764165679364
17884 273900634 1764165679390.577148 1764165679390 1764165679397
17885 273933978 1764165679423.918213 1764165679424 1764165679431
17886 273967322 1764165679457.259521 1764165679456 1764165679464
17887 274000666 1764165679490.600586 1764165679490 1764165679497
17888 274034010 1764165679523.941650 1764165679524 1764165679531
17889 274067354 1764165679557.282715 1764165679556 1764165679564
17890 274100697 1764165679590.622803 1764165679590 1764165679597
17891 274134041 1764165679623.963867 1764165679624 1764165679631
17892 274167385 1764165679657.304932 1764165679656 1764165679664
17893 274200729 1764165679690.645996 1764165679690 1764165679697
17894 274234073 1764165679723.986816 1764165679724 1764165679731
17895 274267417 1764165679757.327637 1764165679757 1764165679764
17896 274300761 1764165679790.668701 1764165679790 1764165679797
17897 274334105 1764165679824.009521 1764165679824 1764165679831
17898 274367449 1764165679857.350342 1764165679857 1764165679864
17899 274400793 1764165679890.691162 1764165679890 1764165679897
17900 274434137 1764165679924.031982 1764165679924 1764165679931
17901 274467481 1764165679957.372559 1764165679957 1764165679964
17902 274500825 1764165679990.713379 1764165679991 1764165679998
17903 274534168 1764165680024.052979 1764165680024 1764165680031
17904 274567512 1764165680057.393799 1764165680057 1764165680064
17905 274600856 1764165680090.734863 1764165680090 1764165680097
17906 274634200 1764165680124.076172 1764165680124 1764165680131
17907 274667544 1764165680157.417236 1764165680157 1764165680164
17908 274700888 1764165680190.758301 1764165680191 1764165680198
17909 274734232 1764165680224.099365 1764165680224 1764165680231
17910 274767576 1764165680257.440430 1764165680257 1764165680264
17911 274800920 1764165680290.781494 1764165680291 1764165680298
17912 274834264 1764165680324.122314 1764165680324 1764165680331
17913 274867608 1764165680357.463379 1764165680357 1764165680364
17914 274900952 1764165680390.804199 1764165680391 1764165680398
17915 274934296 1764165680424.145264 1764165680423 1764165680431
17916 274967640 1764165680457.486084 1764165680457 1764165680464
17917 275000983 1764165680490.825928 1764165680491 1764165680498
17918 275034327 1764165680524.166748 1764165680523 1764165680531
17919 275067671 1764165680557.507568 1764165680557 1764165680564
17920 275101015 1764165680590.848145 1764165680591 1764165680598
17921 275134359 1764165680624.188965 1764165680623 1764165680631
17922 275167703 1764165680657.529541 1764165680657 1764165680664
17923 275201047 1764165680690.870361 1764165680691 1764165680698
17924 275234391 1764165680724.210938 1764165680723 1764165680731
17925 275267735 1764165680757.551514 1764165680757 1764165680764
17926 275301079 1764165680790.892090 1764165680791 1764165680798
17927 275334423 1764165680824.232666 1764165680823 1764165680831
17928 275367767 1764165680857.573242 1764165680857 1764165680864
17929 275401111 1764165680890.913574 1764165680891 1764165680898
17930 275434454 1764165680924.253174 1764165680923 1764165680931
17931 275467798 1764165680957.593506 1764165680957 1764165680964
17932 275501142 1764165680990.933838 1764165680991 1764165680998
17933 275534486 1764165681024.274170 1764165681023 1764165681031
17934 275567830 1764165681057.614502 1764165681057 1764165681064
17935 275601174 1764165681090.955322 1764165681091 1764165681098
17936 275634518 1764165681124.295898 1764165681124 1764165681131
17937 275667862 1764165681157.636475 1764165681157 1764165681164
17938 275701206 1764165681190.977295 1764165681191 1764165681198
17939 275734550 1764165681224.317871 1764165681224 1764165681231
17940 275767894 1764165681257.658203 1764165681257 1764165681264
17941 275801238 1764165681290.998779 1764165681291 1764165681298
17942 275834582 1764165681324.339355 1764165681324 1764165681331
17943 275867925 1764165681357.678711 1764165681357 1764165681364
17944 275901269 1764165681391.019043 1764165681391 1764165681398
17945 275934613 1764165681424.359619 1764165681424 1764165681431
17946 275967957 1764165681457.699951 1764165681457 1764165681464
17947 276001301 1764165681491.040283 1764165681491 1764165681498
17948 276034645 1764165681524.380615 1764165681524 1764165681531
17949 276067989 1764165681557.720703 1764165681558 1764165681565
17950 276101333 1764165681591.061035 1764165681590 1764165681598
17951 276134677 1764165681624.401123 1764165681624 1764165681631
17952 276168021 1764165681657.741455 1764165681658 1764165681665
17953 276201365 1764165681691.081543 1764165681690 1764165681698
17954 276234709 1764165681724.421631 1764165681724 1764165681731
17955 276268053 1764165681757.761719 1764165681758 1764165681765
17956 276301397 1764165681791.101807 1764165681790 1764165681798
17957 276334740 1764165681824.440674 1764165681825 1764165681833
17958 276368084 1764165681857.780762 1764165681858 1764165681865
17959 276401428 1764165681891.120605 1764165681890 1764165681898
17960 276434772 1764165681924.460449 1764165681924 1764165681931
17961 276468116 1764165681957.800537 1764165681958 1764165681965
17962 276501460 1764165681991.140381 1764165681990 1764165681998
17963 276534804 1764165682024.480225 1764165682024 1764165682031
17964 276568148 1764165682057.819824 1764165682058 1764165682065
17965 276601492 1764165682091.160645 1764165682090 1764165682098
17966 276634836 1764165682124.501465 1764165682124 1764165682131
17967 276668180 1764165682157.842041 1764165682158 1764165682165
17968 276701524 1764165682191.182861 1764165682190 1764165682198
17969 276734868 1764165682224.523438 1764165682224 1764165682231
17970 276768211 1764165682257.863037 1764165682258 1764165682265
17971 276801555 1764165682291.203613 1764165682291 1764165682298
17972 276834899 1764165682324.544189 1764165682324 1764165682331
17973 276868243 1764165682357.884521 1764165682358 1764165682365
17974 276901587 1764165682391.225098 1764165682391 1764165682398
17975 276934931 1764165682424.565674 1764165682424 1764165682431
17976 276968275 1764165682457.906006 1764165682458 1764165682465
17977 277001619 1764165682491.246338 1764165682491 1764165682498
17978 277034963 1764165682524.586670 1764165682524 1764165682531
17979 277068307 1764165682557.927246 1764165682558 1764165682565
17980 277101651 1764165682591.267334 1764165682591 1764165682598
17981 277134995 1764165682624.607666 1764165682624 1764165682631
17982 277168339 1764165682657.947998 1764165682658 1764165682665
17983 277201682 1764165682691.287354 1764165682691 1764165682698
17984 277235026 1764165682724.627441 1764165682725 1764165682732
17985 277268370 1764165682757.967529 1764165682758 1764165682765
17986 277301714 1764165682791.307861 1764165682791 1764165682798
17987 277335058 1764165682824.647949 1764165682825 1764165682832
17988 277368402 1764165682857.988037 1764165682858 1764165682865
17989 277401746 1764165682891.328125 1764165682891 1764165682898
17990 277435090 1764165682924.668213 1764165682925 1764165682932
17991 277468434 1764165682958.008057 1764165682957 1764165682965
17992 277501778 1764165682991.348145 1764165682991 1764165682998
17993 277535122 1764165683024.687988 1764165683025 1764165683032
17994 277568466 1764165683058.028076 1764165683057 1764165683065
17995 277601810 1764165683091.369385 1764165683091 1764165683098
17996 277635154 1764165683124.710693 1764165683125 1764165683132
17997 277668497 1764165683158.050781 1764165683157 1764165683165
17998 277701841 1764165683191.392090 1764165683191 1764165683198
17999 277735185 1764165683224.733398 1764165683225 1764165683232
18000 277768529 1764165683258.074463 1764165683257 1764165683265
18001 277801873 1764165683291.415527 1764165683291 1764165683298
18002 277835217 1764165683324.756836 1764165683325 1764165683332
18003 277868561 1764165683358.097900 1764165683357 1764165683365
18004 277901905 1764165683391.438965 1764165683391 1764165683398
18005 277935249 1764165683424.780029 1764165683425 1764165683432
18006 277968593 1764165683458.121094 1764165683457 1764165683465
18007 278001937 1764165683491.462158 1764165683491 1764165683498
18008 278035281 1764165683524.803223 1764165683525 1764165683532
18009 278068625 1764165683558.144043 1764165683558 1764165683565
18010 278101968 1764165683591.484131 1764165683591 1764165683598
18011 278135312 1764165683624.824951 1764165683625 1764165683632
18012 278168656 1764165683658.166016 1764165683658 1764165683665
18013 278202000 1764165683691.506836 1764165683691 1764165683698
18014 278235344 1764165683724.847656 1764165683725 1764165683732
18015 278268688 1764165683758.188477 1764165683758 1764165683765
18016 278302032 1764165683791.529297 1764165683791 1764165683798
18017 278335376 1764165683824.870117 1764165683825 1764165683832
18018 278368720 1764165683858.210938 1764165683858 1764165683865
18019 278402064 1764165683891.551758 1764165683891 1764165683898
18020 278435408 1764165683924.892334 1764165683925 1764165683932
18021 278468752 1764165683958.233154 1764165683958 1764165683965
18022 278502096 1764165683991.573730 1764165683991 1764165683999
18023 278535439 1764165684024.913574 1764165684025 1764165684032
18024 278568783 1764165684058.254150 1764165684058 1764165684065
18025 278602127 1764165684091.594971 1764165684092 1764165684099
18026 278635471 1764165684124.935791 1764165684125 1764165684132
18027 278668815 1764165684158.276611 1764165684158 1764165684165
18028 278702159 1764165684191.617432 1764165684192 1764165684199
18029 278735503 1764165684224.958252 1764165684224 1764165684232
18030 278768847 1764165684258.299072 1764165684258 1764165684265
18031 278802191 1764165684291.639893 1764165684292 1764165684299
18032 278835535 1764165684324.980713 1764165684324 1764165684332
18033 278868879 1764165684358.321289 1764165684358 1764165684365
18034 278902223 1764165684391.662109 1764165684392 1764165684399
18035 278935567 1764165684425.002686 1764165684424 1764165684432
18036 278968911 1764165684458.343262 1764165684458 1764165684465
18037 279002254 1764165684491.682861 1764165684492 1764165684499
18038 279035598 1764165684525.023438 1764165684524 1764165684532
18039 279068942 1764165684558.364014 1764165684558 1764165684565
18040 279102286 1764165684591.704590 1764165684592 1764165684599
18041 279135630 1764165684625.045166 1764165684624 1764165684632
18042 279168974 1764165684658.385742 1764165684658 1764165684665
18043 279202318 1764165684691.726074 1764165684692 1764165684699
18044 279235662 1764165684725.066650 1764165684724 1764165684732
18045 279269006 1764165684758.406982 1764165684758 1764165684765
18046 279302350 1764165684791.747559 1764165684792 1764165684799
18047 279335694 1764165684825.087891 1764165684825 1764165684832
18048 279369038 1764165684858.428223 1764165684858 1764165684865
18049 279402382 1764165684891.768555 1764165684892 1764165684899
18050 279435725 1764165684925.107910 1764165684925 1764165684932
18051 279469069 1764165684958.448242 1764165684958 1764165684965
18052 279502413 1764165684991.788574 1764165684992 1764165684999
18053 279535757 1764165685025.128906 1764165685025 1764165685032
18054 279569101 1764165685058.468994 1764165685058 1764165685065
18055 279602445 1764165685091.810059 1764165685092 1764165685099
18056 279635789 1764165685125.150879 1764165685125 1764165685132
18057 279669133 1764165685158.491943 1764165685158 1764165685165
18058 279702477 1764165685191.832764 1764165685192 1764165685199
18059 279735821 1764165685225.173584 1764165685225 1764165685232
18060 279769165 1764165685258.514404 1764165685258 1764165685265
18061 279802509 1764165685291.855469 1764165685292 1764165685299
18062 279835853 1764165685325.196289 1764165685325 1764165685332
18063 279869196 1764165685358.535889 1764165685359 1764165685366
18064 279902540 1764165685391.876709 1764165685391 1764165685399
18065 279935884 1764165685425.217529 1764165685425 1764165685432
18066 279969228 1764165685458.558350 1764165685459 1764165685466
18067 280002572 1764165685491.899170 1764165685491 1764165685499
18068 280035916 1764165685525.239746 1764165685525 1764165685532
18069 280069260 1764165685558.580566 1764165685559 1764165685566
18070 280102604 1764165685591.921143 1764165685591 1764165685599
18071 280135948 1764165685625.261719 1764165685625 1764165685632
18072 280169292 1764165685658.602539 1764165685659 1764165685666
18073 280202636 1764165685691.943115 1764165685691 1764165685699
18074 280235980 1764165685725.283691 1764165685725 1764165685732
18075 280269324 1764165685758.624268 1764165685759 1764165685766
18076 280302668 1764165685791.964844 1764165685791 1764165685799
18077 280336011 1764165685825.304443 1764165685825 1764165685832
18078 280369355 1764165685858.645020 1764165685859 1764165685866
18079 280402699 1764165685891.985352 1764165685891 1764165685899
18080 280436043 1764165685925.325928 1764165685925 1764165685932
18081 280469387 1764165685958.666504 1764165685959 1764165685966
18082 280502731 1764165685992.006836 1764165685991 1764165685999
18083 280536075 1764165686025.347412 1764165686025 1764165686032
18084 280569419 1764165686058.687744 1764165686059 1764165686066
18085 280602763 1764165686092.029053 1764165686091 1764165686099
18086 280636107 1764165686125.370117 1764165686125 1764165686132
18087 280669451 1764165686158.711182 1764165686159 1764165686166
18088 280702795 1764165686192.052490 1764165686192 1764165686199
18089 280736139 1764165686225.393555 1764165686225 1764165686232
18090 280769482 1764165686258.733643 1764165686259 1764165686266
18091 280802826 1764165686292.074707 1764165686292 1764165686299
18092 280836170 1764165686325.415771 1764165686325 1764165686332
18093 280869514 1764165686358.757080 1764165686359 1764165686366
18094 280902858 1764165686392.098145 1764165686392 1764165686399
18095 280936202 1764165686425.439209 1764165686425 1764165686432
18096 280969546 1764165686458.780029 1764165686459 1764165686466
18097 281002890 1764165686492.121094 1764165686492 1764165686499
18098 281036234 1764165686525.462158 1764165686525 1764165686532
18099 281069578 1764165686558.803223 1764165686559 1764165686566
18100 281102922 1764165686592.144043 1764165686592 1764165686599
18101 281136266 1764165686625.485107 1764165686626 1764165686633
18102 281169610 1764165686658.826172 1764165686659 1764165686666
18103 281202953 1764165686692.166016 1764165686692 1764165686699
18104 281236297 1764165686725.506836 1764165686726 1764165686733
18105 281269641 1764165686758.847900 1764165686758 1764165686766
18106 281302985 1764165686792.188721 1764165686792 1764165686799
18107 281336329 1764165686825.529541 1764165686826 1764165686833
18108 281369673 1764165686858.870605 1764165686858 1764165686866
18109 281403017 1764165686892.211426 1764165686892 1764165686899
18110 281436361 1764165686925.552246 1764165686926 1764165686933
18111 281469705 1764165686958.893066 1764165686958 1764165686966
18112 281503049 1764165686992.233887 1764165686992 1764165686999
18113 281536393 1764165687025.574707 1764165687026 1764165687033
18114 281569737 1764165687058.915527 1764165687058 1764165687066
18115 281603081 1764165687092.259033 1764165687092 1764165687099
18116 281636425 1764165687125.602539 1764165687126 1764165687133
18117 281669768 1764165687158.945068 1764165687158 1764165687166
18118 281703112 1764165687192.288574 1764165687192 1764165687199
18119 281736456 1764165687225.632080 1764165687226 1764165687233
18120 281769800 1764165687258.975586 1764165687258 1764165687266
18121 281803144 1764165687292.319336 1764165687292 1764165687299
18122 281836488 1764165687325.662842 1764165687326 1764165687333
18123 281869832 1764165687359.006348 1764165687358 1764165687366
18124 281903176 1764165687392.349854 1764165687392 1764165687399
18125 281936520 1764165687425.693359 1764165687426 1764165687433
18126 281969864 1764165687459.037109 1764165687459 1764165687466
18127 282003208 1764165687492.380615 1764165687492 1764165687499
18128 282036552 1764165687525.724121 1764165687526 1764165687533
18129 282069896 1764165687559.067871 1764165687559 1764165687566
18130 282103239 1764165687592.410400 1764165687592 1764165687599
18131 282136583 1764165687625.753906 1764165687626 1764165687633
18132 282169927 1764165687659.097412 1764165687659 1764165687666
18133 282203271 1764165687692.441162 1764165687692 1764165687699
18134 282236615 1764165687725.784668 1764165687726 1764165687733
18135 282269959 1764165687759.128418 1764165687759 1764165687766
18136 282303303 1764165687792.471924 1764165687792 1764165687799
18137 282336647 1764165687825.815430 1764165687826 1764165687833
18138 282369991 1764165687859.159180 1764165687859 1764165687866
18139 282403335 1764165687892.502686 1764165687893 1764165687900
18140 282436679 1764165687925.846436 1764165687926 1764165687933
18141 282470023 1764165687959.189941 1764165687959 1764165687966
18142 282503367 1764165687992.533691 1764165687993 1764165688000
18143 282536710 1764165688025.876221 1764165688025 1764165688033
18144 282570054 1764165688059.219971 1764165688059 1764165688066
18145 282603398 1764165688092.562012 1764165688093 1764165688100
18146 282636742 1764165688125.903809 1764165688125 1764165688133
18147 282670086 1764165688159.245850 1764165688159 1764165688166
18148 282703430 1764165688192.587646 1764165688193 1764165688200
18149 282736774 1764165688225.929688 1764165688225 1764165688233
18150 282770118 1764165688259.271729 1764165688259 1764165688266
18151 282803462 1764165688292.613525 1764165688293 1764165688300
18152 282836806 1764165688325.955566 1764165688325 1764165688333
18153 282870150 1764165688359.297363 1764165688359 1764165688366
18154 282903494 1764165688392.639404 1764165688393 1764165688400
18155 282936838 1764165688425.981445 1764165688425 1764165688433
18156 282970182 1764165688459.323242 1764165688459 1764165688466
18157 283003525 1764165688492.664307 1764165688493 1764165688500
18158 283036869 1764165688526.006104 1764165688525 1764165688533
18159 283070213 1764165688559.348145 1764165688559 1764165688566
18160 283103557 1764165688592.689941 1764165688593 1764165688600
18161 283136901 1764165688626.031982 1764165688626 1764165688633
18162 283170245 1764165688659.373779 1764165688660 1764165688667
18163 283203589 1764165688692.715820 1764165688693 1764165688700
18164 283236933 1764165688726.057617 1764165688726 1764165688733
18165 283270277 1764165688759.399414 1764165688759 1764165688766
18166 283303621 1764165688792.741455 1764165688793 1764165688800
18167 283336965 1764165688826.083252 1764165688826 1764165688833
18168 283370309 1764165688859.425293 1764165688859 1764165688866
18169 283403653 1764165688892.767090 1764165688893 1764165688900
18170 283436996 1764165688926.108154 1764165688926 1764165688933
18171 283470340 1764165688959.449951 1764165688959 1764165688966
18172 283503684 1764165688992.791748 1764165688993 1764165689000
18173 283537028 1764165689026.133789 1764165689026 1764165689033
18174 283570372 1764165689059.475586 1764165689059 1764165689067
18175 283603716 1764165689092.817383 1764165689093 1764165689100
18176 283637060 1764165689126.158936 1764165689126 1764165689133
18177 283670404 1764165689159.500732 1764165689160 1764165689167
18178 283703748 1764165689192.842285 1764165689192 1764165689200
18179 283737092 1764165689226.184082 1764165689226 1764165689233
18180 283770436 1764165689259.525635 1764165689260 1764165689267
18181 283803780 1764165689292.867188 1764165689292 1764165689300
18182 283837124 1764165689326.208984 1764165689326 1764165689333
18183 283870467 1764165689359.549561 1764165689360 1764165689367
18184 283903811 1764165689392.891357 1764165689392 1764165689400
18185 283937155 1764165689426.232910 1764165689427 1764165689434
18186 283970499 1764165689459.574463 1764165689460 1764165689467
18187 284003843 1764165689492.916016 1764165689492 1764165689500
18188 284037187 1764165689526.257812 1764165689526 1764165689533
18189 284070531 1764165689559.599365 1764165689560 1764165689567
18190 284103875 1764165689592.940918 1764165689592 1764165689600
18191 284137219 1764165689626.282715 1764165689626 1764165689633
18192 284170563 1764165689659.624268 1764165689660 1764165689667
18193 284203907 1764165689692.965820 1764165689692 1764165689700
18194 284237251 1764165689726.307373 1764165689726 1764165689733
18195 284270595 1764165689759.648926 1764165689760 1764165689767
18196 284303939 1764165689792.990479 1764165689792 1764165689800
18197 284337282 1764165689826.331055 1764165689826 1764165689833
18198 284370626 1764165689859.672852 1764165689860 1764165689867
18199 284403970 1764165689893.014404 1764165689892 1764165689900
18200 284437314 1764165689926.355957 1764165689926 1764165689933
18201 284470658 1764165689959.697510 1764165689960 1764165689967
18202 284504002 1764165689993.039062 1764165689993 1764165690000
18203 284537346 1764165690026.380615 1764165690026 1764165690033
18204 284570690 1764165690059.722168 1764165690060 1764165690067
18205 284604034 1764165690093.063965 1764165690093 1764165690100
18206 284637378 1764165690126.405762 1764165690126 1764165690133
18207 284670722 1764165690159.747803 1764165690160 1764165690167
18208 284704066 1764165690193.089600 1764165690193 1764165690200
18209 284737410 1764165690226.431396 1764165690227 1764165690234
18210 284770753 1764165690259.772461 1764165690260 1764165690267
18211 284804097 1764165690293.114258 1764165690293 1764165690300
18212 284837441 1764165690326.456055 1764165690327 1764165690334
18213 284870785 1764165690359.798096 1764165690360 1764165690367
18214 284904129 1764165690393.139893 1764165690393 1764165690400
18215 284937473 1764165690426.481689 1764165690427 1764165690434
18216 284970817 1764165690459.823730 1764165690460 1764165690467
18217 285004161 1764165690493.165527 1764165690493 1764165690500
18218 285037505 1764165690526.507324 1764165690527 1764165690534
18219 285070849 1764165690559.849121 1764165690559 1764165690567
18220 285104193 1764165690593.191162 1764165690593 1764165690600
18221 285137537 1764165690626.532959 1764165690627 1764165690634
18222 285170881 1764165690659.874756 1764165690659 1764165690667
18223 285204224 1764165690693.215576 1764165690693 1764165690700
18224 285237568 1764165690726.557617 1764165690727 1764165690734
18225 285270912 1764165690759.899414 1764165690759 1764165690767
18226 285304256 1764165690793.241211 1764165690793 1764165690800
18227 285337600 1764165690826.583008 1764165690827 1764165690834
18228 285370944 1764165690859.924805 1764165690859 1764165690867
18229 285404288 1764165690893.266846 1764165690893 1764165690900
18230 285437632 1764165690926.608643 1764165690927 1764165690934
18231 285470976 1764165690959.950439 1764165690959 1764165690967
18232 285504320 1764165690993.292236 1764165690993 1764165691000
18233 285537664 1764165691026.634033 1764165691027 1764165691034
18234 285571008 1764165691059.976074 1764165691059 1764165691067
18235 285604352 1764165691093.318604 1764165691093 1764165691100
18236 285637696 1764165691126.661377 1764165691127 1764165691134
18237 285671039 1764165691160.002930 1764165691160 1764165691167
18238 285704383 1764165691193.345459 1764165691193 1764165691200
18239 285737727 1764165691226.688232 1764165691227 1764165691234
18240 285771071 1764165691260.030762 1764165691260 1764165691267
18241 285804415 1764165691293.373535 1764165691293 1764165691300
18242 285837759 1764165691326.716064 1764165691327 1764165691334
18243 285871103 1764165691360.058838 1764165691360 1764165691367
18244 285904447 1764165691393.401611 1764165691393 1764165691400
18245 285937791 1764165691426.744141 1764165691427 1764165691434
18246 285971135 1764165691460.086914 1764165691460 1764165691467
18247 286004479 1764165691493.429443 1764165691493 1764165691500
18248 286037823 1764165691526.772217 1764165691527 1764165691534
18249 286071167 1764165691560.114746 1764165691560 1764165691567
18250 286104510 1764165691593.456543 1764165691593 1764165691600
18251 286137854 1764165691626.799316 1764165691627 1764165691634
18252 286171198 1764165691660.141846 1764165691660 1764165691667
18253 286204542 1764165691693.484619 1764165691694 1764165691701
18254 286237886 1764165691726.827148 1764165691727 1764165691734
18255 286271230 1764165691760.169922 1764165691760 1764165691767
18256 286304574 1764165691793.512695 1764165691794 1764165691801
18257 286337918 1764165691826.855469 1764165691827 1764165691834
18258 286371262 1764165691860.197998 1764165691860 1764165691867
18259 286404606 1764165691893.540771 1764165691894 1764165691901
18260 286437950 1764165691926.883545 1764165691926 1764165691934
18261 286471294 1764165691960.226074 1764165691960 1764165691967
18262 286504638 1764165691993.568848 1764165691993 1764165692001
18263 286537981 1764165692026.910645 1764165692026 1764165692034
18264 286571325 1764165692060.253174 1764165692061 1764165692068
18265 286604669 1764165692093.594971 1764165692094 1764165692101
18266 286638013 1764165692126.936768 1764165692126 1764165692134
18267 286671357 1764165692160.278564 1764165692160 1764165692167
18268 286704701 1764165692193.620117 1764165692194 1764165692201
18269 286738045 1764165692226.961914 1764165692226 1764165692234
18270 286771389 1764165692260.303467 1764165692260 1764165692267
18271 286804733 1764165692293.645264 1764165692294 1764165692301
18272 286838077 1764165692326.987061 1764165692326 1764165692334
18273 286871421 1764165692360.328613 1764165692360 1764165692368
18274 286904765 1764165692393.670410 1764165692394 1764165692401
18275 286938109 1764165692427.011963 1764165692426 1764165692434
18276 286971453 1764165692460.353760 1764165692460 1764165692467
18277 287004796 1764165692493.694336 1764165692494 1764165692501
18278 287038140 1764165692527.036133 1764165692527 1764165692534
18279 287071484 1764165692560.377686 1764165692561 1764165692568
18280 287104828 1764165692593.719482 1764165692594 1764165692601
18281 287138172 1764165692627.061035 1764165692627 1764165692634
18282 287171516 1764165692660.402832 1764165692660 1764165692667
18283 287204860 1764165692693.744385 1764165692694 1764165692701
18284 287238204 1764165692727.086182 1764165692727 1764165692734
18285 287271548 1764165692760.427734 1764165692760 1764165692767
18286 287304892 1764165692793.769287 1764165692794 1764165692801
18287 287338236 1764165692827.111084 1764165692827 1764165692834
18288 287371580 1764165692860.452637 1764165692860 1764165692867
18289 287404924 1764165692893.794434 1764165692894 1764165692901
18290 287438267 1764165692927.135010 1764165692927 1764165692934
18291 287471611 1764165692960.476562 1764165692961 1764165692968
18292 287504955 1764165692993.818115 1764165692993 1764165693001
18293 287538299 1764165693027.159912 1764165693027 1764165693034
18294 287571643 1764165693060.501465 1764165693061 1764165693068
18295 287604987 1764165693093.848389 1764165693093 1764165693101
18296 287638331 1764165693127.195557 1764165693127 1764165693134
18297 287671675 1764165693160.542725 1764165693161 1764165693168
18298 287705019 1764165693193.889648 1764165693193 1764165693201
18299 287738363 1764165693227.236816 1764165693227 1764165693234
18300 287771707 1764165693260.583984 1764165693261 1764165693268
18301 287805051 1764165693293.931152 1764165693293 1764165693301
18302 287838395 1764165693327.278320 1764165693327 1764165693334
18303 287871738 1764165693360.624756 1764165693361 1764165693368
18304 287905082 1764165693393.971924 1764165693393 1764165693401
18305 287938426 1764165693427.319336 1764165693428 1764165693435
18306 287971770 1764165693460.666748 1764165693461 1764165693468
18307 288005114 1764165693494.013916 1764165693493 1764165693501
18308 288038458 1764165693527.361328 1764165693527 1764165693534
18309 288071802 1764165693560.708984 1764165693561 1764165693568
18310 288105146 1764165693594.056396 1764165693593 1764165693601
18311 288138490 1764165693627.403809 1764165693627 1764165693634
18312 288171834 1764165693660.751465 1764165693661 1764165693668
18313 288205178 1764165693694.098877 1764165693693 1764165693701
18314 288238522 1764165693727.446533 1764165693727 1764165693734
18315 288271866 1764165693760.794189 1764165693761 1764165693768
18316 288305210 1764165693794.141846 1764165693794 1764165693801
18317 288338553 1764165693827.488525 1764165693827 1764165693834
18318 288371897 1764165693860.836182 1764165693861 1764165693868
18319 288405241 1764165693894.183838 1764165693894 1764165693901
18320 288438585 1764165693927.531738 1764165693927 1764165693934
18321 288471929 1764165693960.879639 1764165693961 1764165693968
18322 288505273 1764165693994.227295 1764165693994 1764165694001
18323 288538617 1764165694027.575195 1764165694027 1764165694034
18324 288571961 1764165694060.923096 1764165694061 1764165694068
18325 288605305 1764165694094.264404 1764165694094 1764165694101
18326 288638649 1764165694127.605713 1764165694128 1764165694135
18327 288671993 1764165694160.946777 1764165694160 1764165694168
18328 288705337 1764165694194.288086 1764165694194 1764165694201
18329 288738681 1764165694227.629395 1764165694228 1764165694235
18330 288772024 1764165694260.969727 1764165694261 1764165694268
18331 288805368 1764165694294.310791 1764165694294 1764165694301
18332 288838712 1764165694327.652100 1764165694328 1764165694335
18333 288872056 1764165694360.993408 1764165694360 1764165694368
18334 288905400 1764165694394.334473 1764165694394 1764165694401
18335 288938744 1764165694427.675781 1764165694428 1764165694435
18336 288972088 1764165694461.016846 1764165694460 1764165694468
18337 289005432 1764165694494.358154 1764165694494 1764165694502
18338 289038776 1764165694527.699219 1764165694528 1764165694535
18339 289072120 1764165694561.040527 1764165694560 1764165694568
18340 289105464 1764165694594.381592 1764165694594 1764165694601
18341 289138808 1764165694627.722900 1764165694628 1764165694635
18342 289172152 1764165694661.063965 1764165694660 1764165694668
18343 289205495 1764165694694.404053 1764165694694 1764165694701
18344 289238839 1764165694727.745361 1764165694728 1764165694735
18345 289272183 1764165694761.086426 1764165694760 1764165694768
18346 289305527 1764165694794.427490 1764165694794 1764165694801
18347 289338871 1764165694827.768555 1764165694828 1764165694835
18348 289372215 1764165694861.109863 1764165694860 1764165694868
18349 289405559 1764165694894.450928 1764165694894 1764165694901
18350 289438903 1764165694927.791992 1764165694928 1764165694935
18351 289472247 1764165694961.133057 1764165694961 1764165694968
18352 289505591 1764165694994.474121 1764165694994 1764165695001
18353 289538935 1764165695027.815186 1764165695028 1764165695035
18354 289572279 1764165695061.156250 1764165695061 1764165695068
18355 289605623 1764165695094.497559 1764165695094 1764165695101
18356 289638967 1764165695127.838623 1764165695128 1764165695135
18357 289672310 1764165695161.178711 1764165695161 1764165695168
18358 289705654 1764165695194.520020 1764165695194 1764165695201
18359 289738998 1764165695227.861084 1764165695228 1764165695235
18360 289772342 1764165695261.202148 1764165695261 1764165695268
18361 289805686 1764165695294.543213 1764165695294 1764165695301
18362 289839030 1764165695327.884277 1764165695328 1764165695335
18363 289872374 1764165695361.225342 1764165695361 1764165695368
18364 289905718 1764165695394.566406 1764165695394 1764165695401
18365 289939062 1764165695427.907471 1764165695428 1764165695435
18366 289972406 1764165695461.248535 1764165695462 1764165695469
18367 290005750 1764165695494.589600 1764165695495 1764165695502
18368 290039094 1764165695527.930664 1764165695527 1764165695535
18369 290072438 1764165695561.271729 1764165695561 1764165695568
18370 290105781 1764165695594.611816 1764165695595 1764165695602
18371 290139125 1764165695627.952881 1764165695627 1764165695635
18372 290172469 1764165695661.293701 1764165695661 1764165695668
18373 290205813 1764165695694.634766 1764165695695 1764165695702
18374 290239157 1764165695727.975830 1764165695727 1764165695735
18375 290272501 1764165695761.316895 1764165695761 1764165695768
18376 290305845 1764165695794.657715 1764165695795 1764165695802
18377 290339189 1764165695827.998779 1764165695827 1764165695835
18378 290372533 1764165695861.339600 1764165695861 1764165695868
18379 290405877 1764165695894.680664 1764165695895 1764165695902
18380 290439221 1764165695928.021484 1764165695927 1764165695935
18381 290472565 1764165695961.362549 1764165695961 1764165695968
18382 290505909 1764165695994.703369 1764165695995 1764165696002
18383 290539252 1764165696028.043457 1764165696027 1764165696035
18384 290572596 1764165696061.384277 1764165696062 1764165696069
18385 290605940 1764165696094.726807 1764165696095 1764165696102
18386 290639284 1764165696128.069824 1764165696127 1764165696135
18387 290672628 1764165696161.412842 1764165696161 1764165696168
18388 290705972 1764165696194.756104 1764165696195 1764165696202
18389 290739316 1764165696228.099121 1764165696227 1764165696235
18390 290772660 1764165696261.442383 1764165696261 1764165696268
18391 290806004 1764165696294.785400 1764165696295 1764165696302
18392 290839348 1764165696328.128418 1764165696328 1764165696335
18393 290872692 1764165696361.471680 1764165696361 1764165696368
18394 290906036 1764165696394.814697 1764165696394 1764165696402
18395 290939380 1764165696428.157959 1764165696428 1764165696435
18396 290972724 1764165696461.500977 1764165696461 1764165696468
18397 291006067 1764165696494.843262 1764165696495 1764165696502
18398 291039411 1764165696528.186279 1764165696528 1764165696535
18399 291072755 1764165696561.529541 1764165696561 1764165696568
18400 291106099 1764165696594.872559 1764165696595 1764165696602
18401 291139443 1764165696628.215820 1764165696628 1764165696635
18402 291172787 1764165696661.559082 1764165696661 1764165696668
18403 291206131 1764165696694.902100 1764165696695 1764165696702
18404 291239475 1764165696728.245361 1764165696728 1764165696735
18405 291272819 1764165696761.588623 1764165696762 1764165696769
18406 291306163 1764165696794.931641 1764165696795 1764165696802
18407 291339507 1764165696828.274902 1764165696828 1764165696835
18408 291372851 1764165696861.618164 1764165696862 1764165696869
18409 291406195 1764165696894.961426 1764165696895 1764165696902
18410 291439538 1764165696928.303467 1764165696928 1764165696935
18411 291472882 1764165696961.646729 1764165696962 1764165696969
18412 291506226 1764165696994.989990 1764165696994 1764165697002
18413 291539570 1764165697028.333252 1764165697028 1764165697035
18414 291572914 1764165697061.676270 1764165697062 1764165697069
18415 291606258 1764165697095.019531 1764165697094 1764165697102
18416 291639602 1764165697128.362549 1764165697128 1764165697135
18417 291672946 1764165697161.705322 1764165697162 1764165697169
18418 291706290 1764165697195.048096 1764165697194 1764165697202
18419 291739634 1764165697228.391113 1764165697228 1764165697235
18420 291772978 1764165697261.733887 1764165697262 1764165697269
18421 291806322 1764165697295.076660 1764165697294 1764165697302
18422 291839666 1764165697328.419678 1764165697328 1764165697335
18423 291873009 1764165697361.761475 1764165697362 1764165697369
18424 291906353 1764165697395.104492 1764165697394 1764165697402
18425 291939697 1764165697428.447266 1764165697428 1764165697435
18426 291973041 1764165697461.790039 1764165697462 1764165697469
18427 292006385 1764165697495.133057 1764165697494 1764165697502
18428 292039729 1764165697528.475830 1764165697528 1764165697537
18429 292073073 1764165697561.818848 1764165697562 1764165697569
18430 292106417 1764165697595.161621 1764165697595 1764165697602
18431 292139761 1764165697628.504639 1764165697628 1764165697635
18432 292173105 1764165697661.847412 1764165697662 1764165697669
18433 292206449 1764165697695.190430 1764165697695 1764165697702
18434 292239793 1764165697728.533203 1764165697728 1764165697735
18435 292273137 1764165697761.876221 1764165697762 1764165697769
18436 292306481 1764165697795.218994 1764165697795 1764165697802
18437 292339824 1764165697828.560791 1764165697828 1764165697835
18438 292373168 1764165697861.903809 1764165697862 1764165697869
18439 292406512 1764165697895.246582 1764165697895 1764165697902
18440 292439856 1764165697928.589600 1764165697929 1764165697936
18441 292473200 1764165697961.932617 1764165697962 1764165697969
18442 292506544 1764165697995.275391 1764165697995 1764165698002
18443 292539888 1764165698028.618408 1764165698029 1764165698036
18444 292573232 1764165698061.961182 1764165698061 1764165698069
18445 292606576 1764165698095.304199 1764165698095 1764165698102
18446 292639920 1764165698128.645020 1764165698129 1764165698136
18447 292673264 1764165698161.985596 1764165698161 1764165698169
18448 292706608 1764165698195.326416 1764165698195 1764165698202
18449 292739952 1764165698228.667236 1764165698228 1764165698236
18450 292773295 1764165698262.006836 1764165698261 1764165698269
18451 292806639 1764165698295.347656 1764165698295 1764165698302
18452 292839983 1764165698328.688477 1764165698329 1764165698336
18453 292873327 1764165698362.029053 1764165698361 1764165698369
18454 292906671 1764165698395.369873 1764165698395 1764165698402
18455 292940015 1764165698428.710449 1764165698429 1764165698436
18456 292973359 1764165698462.051025 1764165698461 1764165698469
18457 293006703 1764165698495.391846 1764165698495 1764165698502
18458 293040047 1764165698528.732422 1764165698528 1764165698537
18459 293073391 1764165698562.072998 1764165698561 1764165698569
18460 293106735 1764165698595.413574 1764165698595 1764165698602
18461 293140079 1764165698628.754150 1764165698629 1764165698636
18462 293173423 1764165698662.094971 1764165698662 1764165698669
18463 293206766 1764165698695.434570 1764165698695 1764165698702
18464 293240110 1764165698728.774902 1764165698729 1764165698736
18465 293273454 1764165698762.115479 1764165698762 1764165698769
18466 293306798 1764165698795.456055 1764165698795 1764165698802
18467 293340142 1764165698828.796631 1764165698828 1764165698838
18468 293373486 1764165698862.137207 1764165698862 1764165698869
18469 293406830 1764165698895.477783 1764165698895 1764165698902
18470 293440174 1764165698928.818115 1764165698929 1764165698936
18471 293473518 1764165698962.158691 1764165698962 1764165698969
18472 293506862 1764165698995.499268 1764165698995 1764165699002
18473 293540206 1764165699028.839600 1764165699029 1764165699036
18474 293573550 1764165699062.180176 1764165699062 1764165699069
18475 293606894 1764165699095.520508 1764165699095 1764165699102
18476 293640238 1764165699128.862061 1764165699129 1764165699136
18477 293673581 1764165699162.202637 1764165699162 1764165699169
18478 293706925 1764165699195.544189 1764165699195 1764165699202
18479 293740269 1764165699228.885498 1764165699229 1764165699236
18480 293773613 1764165699262.227051 1764165699262 1764165699269
18481 293806957 1764165699295.568604 1764165699296 1764165699303
18482 293840301 1764165699328.910156 1764165699329 1764165699336
18483 293873645 1764165699362.251465 1764165699362 1764165699369
18484 293906989 1764165699395.593018 1764165699396 1764165699403
18485 293940333 1764165699428.934570 1764165699428 1764165699436
18486 293973677 1764165699462.275879 1764165699462 1764165699469
18487 294007021 1764165699495.617432 1764165699496 1764165699503
18488 294040365 1764165699528.958984 1764165699528 1764165699536
18489 294073709 1764165699562.300293 1764165699562 1764165699569
18490 294107052 1764165699595.640869 1764165699596 1764165699603
18491 294140396 1764165699628.982178 1764165699628 1764165699636
18492 294173740 1764165699662.323730 1764165699662 1764165699669
18493 294207084 1764165699695.665039 1764165699696 1764165699703
