49685 1334437512 1764166739890.621826 1764166739891 1764166739898
49686 1334470856 1764166739923.957275 1764166739924 1764166739931
49687 1334504200 1764166739957.292969 1764166739957 1764166739964
49688 1334537544 1764166739990.628662 1764166739991 1764166739998
49689 1334570888 1764166740023.964111 1764166740024 1764166740031
49690 1334604232 1764166740057.299805 1764166740057 1764166740064
49691 1334637576 1764166740090.635498 1764166740091 1764166740098
49692 1334670920 1764166740123.970947 1764166740124 1764166740131
49693 1334704264 1764166740157.307617 1764166740157 1764166740164
49694 1334737608 1764166740190.644287 1764166740191 1764166740198
49695 1334770952 1764166740223.980957 1764166740224 1764166740231
49696 1334804296 1764166740257.317627 1764166740257 1764166740264
49697 1334837640 1764166740290.654297 1764166740291 1764166740298
49698 1334870983 1764166740323.989990 1764166740324 1764166740331
49699 1334904327 1764166740357.326660 1764166740357 1764166740364
49700 1334937671 1764166740390.663330 1764166740391 1764166740398
49701 1334971015 1764166740424.000000 1764166740424 1764166740431
49702 1335004359 1764166740457.336914 1764166740457 1764166740464
49703 1335037703 1764166740490.673584 1764166740491 1764166740498
49704 1335071047 1764166740524.010254 1764166740524 1764166740531
49705 1335104391 1764166740557.346924 1764166740557 1764166740564
49706 1335137735 1764166740590.683838 1764166740591 1764166740598
49707 1335171079 1764166740624.020508 1764166740624 1764166740631
49708 1335204423 1764166740657.357178 1764166740658 1764166740665
49709 1335237767 1764166740690.694092 1764166740691 1764166740698
49710 1335271111 1764166740724.030762 1764166740724 1764166740731
49711 1335304455 1764166740757.367676 1764166740757 1764166740764
49712 1335337798 1764166740790.703369 1764166740791 1764166740798
49713 1335371142 1764166740824.040039 1764166740824 1764166740831
49714 1335404486 1764166740857.376953 1764166740857 1764166740864
49715 1335437830 1764166740890.713867 1764166740891 1764166740898
49716 1335471174 1764166740924.050537 1764166740924 1764166740931
49717 1335504518 1764166740957.387451 1764166740957 1764166740964
49718 1335537862 1764166740990.724121 1764166740991 1764166740998
49719 1335571206 1764166741024.061035 1764166741024 1764166741031
49720 1335604550 1764166741057.397949 1764166741058 1764166741065
49721 1335637894 1764166741090.734863 1764166741091 1764166741098
49722 1335671238 1764166741124.071533 1764166741124 1764166741131
49723 1335704582 1764166741157.407715 1764166741158 1764166741165
49724 1335737926 1764166741190.743652 1764166741191 1764166741198
49725 1335771269 1764166741224.078857 1764166741224 1764166741234
49726 1335804613 1764166741257.414795 1764166741258 1764166741265
49727 1335837957 1764166741290.750977 1764166741290 1764166741298
49728 1335871301 1764166741324.086914 1764166741324 1764166741331
49729 1335904645 1764166741357.423096 1764166741358 1764166741365
49730 1335937989 1764166741390.759033 1764166741391 1764166741398
49731 1335971333 1764166741424.095215 1764166741424 1764166741431
49732 1336004677 1764166741457.431152 1764166741458 1764166741465
49733 1336038021 1764166741490.767334 1764166741491 1764166741498
49734 1336071365 1764166741524.103271 1764166741524 1764166741531
49735 1336104709 1764166741557.439453 1764166741558 1764166741565
49736 1336138053 1764166741590.775635 1764166741591 1764166741598
49737 1336171397 1764166741624.111572 1764166741625 1764166741632
49738 1336204740 1764166741657.446533 1764166741658 1764166741665
49739 1336238084 1764166741690.782715 1764166741691 1764166741698
49740 1336271428 1764166741724.118652 1764166741724 1764166741731
49741 1336304772 1764166741757.454834 1764166741758 1764166741765
49742 1336338116 1764166741790.791016 1764166741790 1764166741798
49743 1336371460 1764166741824.126953 1764166741824 1764166741831
49744 1336404804 1764166741857.463135 1764166741858 1764166741865
49745 1336438148 1764166741890.799072 1764166741890 1764166741898
49746 1336471492 1764166741924.135254 1764166741924 1764166741931
49747 1336504836 1764166741957.471191 1764166741958 1764166741965
49748 1336538180 1764166741990.807373 1764166741990 1764166741998
49749 1336571524 1764166742024.143311 1764166742024 1764166742031
49750 1336604868 1764166742057.479492 1764166742058 1764166742065
49751 1336638212 1764166742090.815430 1764166742090 1764166742098
49752 1336671555 1764166742124.150635 1764166742124 1764166742131
49753 1336704899 1764166742157.486816 1764166742158 1764166742165
49754 1336738243 1764166742190.822754 1764166742190 1764166742198
49755 1336771587 1764166742224.158936 1764166742224 1764166742231
49756 1336804931 1764166742257.495117 1764166742257 1764166742265
49757 1336838275 1764166742290.831299 1764166742290 1764166742298
49758 1336871619 1764166742324.167480 1764166742324 1764166742331
49759 1336904963 1764166742357.503662 1764166742358 1764166742365
49760 1336938307 1764166742390.839844 1764166742390 1764166742398
49761 1336971651 1764166742424.176025 1764166742424 1764166742431
49762 1337004995 1764166742457.512207 1764166742458 1764166742465
49763 1337038339 1764166742490.848389 1764166742490 1764166742498
49764 1337071683 1764166742524.184570 1764166742524 1764166742531
49765 1337105026 1764166742557.519775 1764166742558 1764166742565
49766 1337138370 1764166742590.855957 1764166742590 1764166742598
49767 1337171714 1764166742624.192139 1764166742624 1764166742631
49768 1337205058 1764166742657.528320 1764166742658 1764166742665
49769 1337238402 1764166742690.864502 1764166742690 1764166742698
49770 1337271746 1764166742724.200684 1764166742724 1764166742731
49771 1337305090 1764166742757.536865 1764166742758 1764166742765
49772 1337338434 1764166742790.873047 1764166742790 1764166742798
49773 1337371778 1764166742824.209473 1764166742824 1764166742831
49774 1337405122 1764166742857.545654 1764166742858 1764166742865
49775 1337438466 1764166742890.881836 1764166742890 1764166742898
49776 1337471810 1764166742924.218018 1764166742924 1764166742931
49777 1337505154 1764166742957.554199 1764166742958 1764166742965
49778 1337538497 1764166742990.889404 1764166742991 1764166742999
49779 1337571841 1764166743024.225586 1764166743024 1764166743031
49780 1337605185 1764166743057.561768 1764166743058 1764166743065
49781 1337638529 1764166743090.897949 1764166743090 1764166743098
49782 1337671873 1764166743124.234131 1764166743124 1764166743131
49783 1337705217 1764166743157.570068 1764166743158 1764166743165
49784 1337738561 1764166743190.906250 1764166743190 1764166743198
49785 1337771905 1764166743224.242188 1764166743224 1764166743231
49786 1337805249 1764166743257.578369 1764166743258 1764166743265
49787 1337838593 1764166743290.914307 1764166743290 1764166743298
49788 1337871937 1764166743324.250244 1764166743324 1764166743331
49789 1337905281 1764166743357.586426 1764166743358 1764166743365
49790 1337938625 1764166743390.922363 1764166743390 1764166743398
49791 1337971969 1764166743424.258545 1764166743425 1764166743432
49792 1338005312 1764166743457.593506 1764166743458 1764166743465
49793 1338038656 1764166743490.929443 1764166743490 1764166743498
49794 1338072000 1764166743524.265625 1764166743524 1764166743531
49795 1338105344 1764166743557.601562 1764166743558 1764166743565
49796 1338138688 1764166743590.937500 1764166743591 1764166743598
49797 1338172032 1764166743624.273682 1764166743624 1764166743631
49798 1338205376 1764166743657.609619 1764166743658 1764166743665
49799 1338238720 1764166743690.945801 1764166743690 1764166743698
49800 1338272064 1764166743724.281738 1764166743724 1764166743731
49801 1338305408 1764166743757.617676 1764166743758 1764166743765
49802 1338338752 1764166743790.953857 1764166743790 1764166743798
49803 1338372096 1764166743824.289795 1764166743824 1764166743831
49804 1338405440 1764166743857.625977 1764166743858 1764166743865
49805 1338438783 1764166743890.960938 1764166743890 1764166743898
49806 1338472127 1764166743924.296875 1764166743924 1764166743931
49807 1338505471 1764166743957.633057 1764166743958 1764166743965
49808 1338538815 1764166743990.968994 1764166743991 1764166743998
49809 1338572159 1764166744024.304932 1764166744024 1764166744031
49810 1338605503 1764166744057.641113 1764166744058 1764166744065
49811 1338638847 1764166744090.977051 1764166744091 1764166744098
49812 1338672191 1764166744124.313232 1764166744124 1764166744131
49813 1338705535 1764166744157.649170 1764166744158 1764166744165
49814 1338738879 1764166744190.985107 1764166744191 1764166744198
49815 1338772223 1764166744224.321289 1764166744224 1764166744231
49816 1338805567 1764166744257.657227 1764166744258 1764166744265
49817 1338838911 1764166744290.993164 1764166744291 1764166744298
49818 1338872254 1764166744324.328369 1764166744324 1764166744331
49819 1338905598 1764166744357.664307 1764166744358 1764166744365
49820 1338938942 1764166744391.000488 1764166744391 1764166744398
49821 1338972286 1764166744424.336426 1764166744424 1764166744431
49822 1339005630 1764166744457.672363 1764166744458 1764166744465
49823 1339038974 1764166744491.008545 1764166744491 1764166744498
49824 1339072318 1764166744524.344482 1764166744524 1764166744531
49825 1339105662 1764166744557.680420 1764166744557 1764166744565
49826 1339139006 1764166744591.016602 1764166744591 1764166744598
49827 1339172350 1764166744624.352539 1764166744624 1764166744631
49828 1339205694 1764166744657.688721 1764166744657 1764166744665
49829 1339239038 1764166744691.024658 1764166744691 1764166744698
49830 1339272382 1764166744724.360596 1764166744724 1764166744731
49831 1339305726 1764166744757.696777 1764166744758 1764166744765
49832 1339339069 1764166744791.031738 1764166744791 1764166744798
49833 1339372413 1764166744824.367676 1764166744824 1764166744831
49834 1339405757 1764166744857.703857 1764166744858 1764166744865
49835 1339439101 1764166744891.039795 1764166744891 1764166744898
49836 1339472445 1764166744924.375732 1764166744924 1764166744931
49837 1339505789 1764166744957.711914 1764166744958 1764166744965
49838 1339539133 1764166744991.047852 1764166744991 1764166744998
49839 1339572477 1764166745024.383789 1764166745024 1764166745031
49840 1339605821 1764166745057.719971 1764166745058 1764166745065
49841 1339639165 1764166745091.055908 1764166745091 1764166745098
49842 1339672509 1764166745124.392090 1764166745125 1764166745132
49843 1339705853 1764166745157.727783 1764166745158 1764166745165
49844 1339739197 1764166745191.063721 1764166745191 1764166745198
49845 1339772540 1764166745224.398682 1764166745225 1764166745233
49846 1339805884 1764166745257.734619 1764166745258 1764166745265
49847 1339839228 1764166745291.070557 1764166745291 1764166745298
49848 1339872572 1764166745324.406494 1764166745324 1764166745331
49849 1339905916 1764166745357.742432 1764166745358 1764166745365
49850 1339939260 1764166745391.078369 1764166745391 1764166745398
49851 1339972604 1764166745424.414062 1764166745425 1764166745432
49852 1340005948 1764166745457.750000 1764166745458 1764166745465
49853 1340039292 1764166745491.085938 1764166745491 1764166745498
49854 1340072636 1764166745524.421875 1764166745525 1764166745532
49855 1340105980 1764166745557.757812 1764166745558 1764166745565
49856 1340139324 1764166745591.093750 1764166745591 1764166745598
49857 1340172668 1764166745624.429443 1764166745625 1764166745632
49858 1340206011 1764166745657.764404 1764166745658 1764166745665
49859 1340239355 1764166745691.100342 1764166745691 1764166745698
49860 1340272699 1764166745724.436279 1764166745725 1764166745732
49861 1340306043 1764166745757.772217 1764166745758 1764166745765
49862 1340339387 1764166745791.108154 1764166745791 1764166745798
49863 1340372731 1764166745824.443848 1764166745825 1764166745832
49864 1340406075 1764166745857.779785 1764166745858 1764166745865
49865 1340439419 1764166745891.115723 1764166745891 1764166745898
49866 1340472763 1764166745924.451660 1764166745925 1764166745932
49867 1340506107 1764166745957.787598 1764166745957 1764166745965
49868 1340539451 1764166745991.123291 1764166745991 1764166745998
49869 1340572795 1764166746024.459229 1764166746025 1764166746032
49870 1340606139 1764166746057.795166 1764166746057 1764166746065
49871 1340639483 1764166746091.131104 1764166746091 1764166746098
49872 1340672826 1764166746124.466064 1764166746125 1764166746132
49873 1340706170 1764166746157.802002 1764166746157 1764166746165
49874 1340739514 1764166746191.138184 1764166746191 1764166746198
49875 1340772858 1764166746224.474121 1764166746225 1764166746232
49876 1340806202 1764166746257.810303 1764166746257 1764166746265
49877 1340839546 1764166746291.146240 1764166746291 1764166746298
49878 1340872890 1764166746324.482422 1764166746325 1764166746332
49879 1340906234 1764166746357.818359 1764166746357 1764166746365
49880 1340939578 1764166746391.154541 1764166746391 1764166746398
49881 1340972922 1764166746424.490723 1764166746425 1764166746432
49882 1341006266 1764166746457.826660 1764166746457 1764166746465
49883 1341039610 1764166746491.162842 1764166746491 1764166746498
49884 1341072954 1764166746524.498779 1764166746525 1764166746532
49885 1341106297 1764166746557.833984 1764166746557 1764166746565
49886 1341139641 1764166746591.169922 1764166746591 1764166746598
49887 1341172985 1764166746624.506104 1764166746625 1764166746632
49888 1341206329 1764166746657.842041 1764166746657 1764166746665
49889 1341239673 1764166746691.178223 1764166746691 1764166746698
49890 1341273017 1764166746724.514160 1764166746725 1764166746732
49891 1341306361 1764166746757.850342 1764166746757 1764166746765
49892 1341339705 1764166746791.186523 1764166746791 1764166746798
49893 1341373049 1764166746824.522461 1764166746825 1764166746832
49894 1341406393 1764166746857.858643 1764166746857 1764166746865
49895 1341439737 1764166746891.194580 1764166746891 1764166746898
49896 1341473081 1764166746924.530762 1764166746925 1764166746932
49897 1341506425 1764166746957.866699 1764166746957 1764166746965
49898 1341539768 1764166746991.201904 1764166746991 1764166746998
49899 1341573112 1764166747024.538086 1764166747025 1764166747032
49900 1341606456 1764166747057.874023 1764166747057 1764166747065
49901 1341639800 1764166747091.210205 1764166747091 1764166747098
49902 1341673144 1764166747124.546143 1764166747125 1764166747132
49903 1341706488 1764166747157.882324 1764166747157 1764166747165
49904 1341739832 1764166747191.218506 1764166747191 1764166747198
49905 1341773176 1764166747224.554443 1764166747225 1764166747232
49906 1341806520 1764166747257.890625 1764166747257 1764166747265
49907 1341839864 1764166747291.226562 1764166747291 1764166747298
49908 1341873208 1764166747324.562744 1764166747325 1764166747332
49909 1341906552 1764166747357.898926 1764166747357 1764166747365
49910 1341939896 1764166747391.234863 1764166747391 1764166747398
49911 1341973240 1764166747424.571045 1764166747425 1764166747432
49912 1342006583 1764166747457.906006 1764166747457 1764166747465
49913 1342039927 1764166747491.242188 1764166747491 1764166747498
49914 1342073271 1764166747524.578369 1764166747525 1764166747532
49915 1342106615 1764166747557.914307 1764166747557 1764166747565
49916 1342139959 1764166747591.250488 1764166747591 1764166747598
49917 1342173303 1764166747624.586426 1764166747625 1764166747632
49918 1342206647 1764166747657.922607 1764166747657 1764166747665
49919 1342239991 1764166747691.258789 1764166747691 1764166747698
49920 1342273335 1764166747724.594727 1764166747725 1764166747732
49921 1342306679 1764166747757.930908 1764166747757 1764166747765
49922 1342340023 1764166747791.267090 1764166747791 1764166747798
49923 1342373367 1764166747824.603027 1764166747825 1764166747832
49924 1342406711 1764166747857.939209 1764166747857 1764166747865
49925 1342440054 1764166747891.274170 1764166747891 1764166747898
49926 1342473398 1764166747924.610352 1764166747925 1764166747932
49927 1342506742 1764166747957.946533 1764166747957 1764166747965
49928 1342540086 1764166747991.282471 1764166747991 1764166747998
49929 1342573430 1764166748024.618652 1764166748025 1764166748032
49930 1342606774 1764166748057.954590 1764166748058 1764166748065
49931 1342640118 1764166748091.290771 1764166748091 1764166748098
49932 1342673462 1764166748124.626953 1764166748125 1764166748132
49933 1342706806 1764166748157.963135 1764166748158 1764166748165
49934 1342740150 1764166748191.299561 1764166748191 1764166748198
49935 1342773494 1764166748224.635986 1764166748225 1764166748232
49936 1342806838 1764166748257.972412 1764166748258 1764166748265
49937 1342840182 1764166748291.308838 1764166748291 1764166748298
49938 1342873525 1764166748324.644287 1764166748325 1764166748332
49939 1342906869 1764166748357.980713 1764166748358 1764166748365
49940 1342940213 1764166748391.317139 1764166748391 1764166748398
49941 1342973557 1764166748424.653564 1764166748425 1764166748432
49942 1343006901 1764166748457.989990 1764166748458 1764166748465
49943 1343040245 1764166748491.326172 1764166748492 1764166748499
49944 1343073589 1764166748524.662598 1764166748525 1764166748532
49945 1343106933 1764166748557.999023 1764166748558 1764166748565
49946 1343140277 1764166748591.335449 1764166748592 1764166748599
49947 1343173621 1764166748624.671875 1764166748625 1764166748632
49948 1343206965 1764166748658.008301 1764166748658 1764166748665
49949 1343240309 1764166748691.344727 1764166748692 1764166748699
49950 1343273653 1764166748724.681152 1764166748725 1764166748732
49951 1343306997 1764166748758.017578 1764166748758 1764166748765
49952 1343340340 1764166748791.353027 1764166748792 1764166748799
49953 1343373684 1764166748824.689453 1764166748824 1764166748832
49954 1343407028 1764166748858.025879 1764166748858 1764166748865
49955 1343440372 1764166748891.362305 1764166748892 1764166748899
49956 1343473716 1764166748924.698730 1764166748924 1764166748932
49957 1343507060 1764166748958.035156 1764166748958 1764166748965
49958 1343540404 1764166748991.371582 1764166748992 1764166748999
49959 1343573748 1764166749024.708008 1764166749024 1764166749032
49960 1343607092 1764166749058.044678 1764166749058 1764166749065
49961 1343640436 1764166749091.381104 1764166749092 1764166749099
49962 1343673780 1764166749124.717529 1764166749124 1764166749132
49963 1343707124 1764166749158.054932 1764166749158 1764166749165
49964 1343740468 1764166749191.392090 1764166749192 1764166749199
49965 1343773811 1764166749224.728516 1764166749224 1764166749234
49966 1343807155 1764166749258.065918 1764166749258 1764166749265
49967 1343840499 1764166749291.403320 1764166749292 1764166749299
49968 1343873843 1764166749324.740723 1764166749324 1764166749332
49969 1343907187 1764166749358.078125 1764166749358 1764166749365
49970 1343940531 1764166749391.415771 1764166749392 1764166749399
49971 1343973875 1764166749424.753174 1764166749424 1764166749432
49972 1344007219 1764166749458.090576 1764166749458 1764166749465
49973 1344040563 1764166749491.427979 1764166749492 1764166749499
49974 1344073907 1764166749524.765381 1764166749524 1764166749532
49975 1344107251 1764166749558.103027 1764166749558 1764166749565
49976 1344140595 1764166749591.440430 1764166749592 1764166749599
49977 1344173939 1764166749624.777832 1764166749625 1764166749632
49978 1344207282 1764166749658.114258 1764166749658 1764166749665
49979 1344240626 1764166749691.451904 1764166749692 1764166749699
49980 1344273970 1764166749724.789307 1764166749725 1764166749732
49981 1344307314 1764166749758.126953 1764166749758 1764166749765
49982 1344340658 1764166749791.464355 1764166749792 1764166749799
49983 1344374002 1764166749824.802002 1764166749825 1764166749832
49984 1344407346 1764166749858.139404 1764166749858 1764166749865
49985 1344440690 1764166749891.477051 1764166749892 1764166749899
49986 1344474034 1764166749924.814697 1764166749925 1764166749932
49987 1344507378 1764166749958.152100 1764166749958 1764166749965
49988 1344540722 1764166749991.489746 1764166749992 1764166749999
49989 1344574066 1764166750024.827393 1764166750025 1764166750032
49990 1344607410 1764166750058.164795 1764166750059 1764166750066
49991 1344640754 1764166750091.502441 1764166750092 1764166750099
49992 1344674097 1764166750124.839111 1764166750125 1764166750132
49993 1344707441 1764166750158.177246 1764166750159 1764166750166
49994 1344740785 1764166750191.515381 1764166750192 1764166750199
49995 1344774129 1764166750224.853516 1764166750225 1764166750232
49996 1344807473 1764166750258.191895 1764166750259 1764166750266
49997 1344840817 1764166750291.530029 1764166750291 1764166750299
49998 1344874161 1764166750324.868164 1764166750325 1764166750332
49999 1344907505 1764166750358.206543 1764166750359 1764166750366
50000 1344940849 1764166750391.544678 1764166750391 1764166750399
50001 1344974193 1764166750424.883057 1764166750425 1764166750432
50002 1345007537 1764166750458.221436 1764166750459 1764166750466
50003 1345040881 1764166750491.559570 1764166750491 1764166750499
50004 1345074225 1764166750524.897949 1764166750525 1764166750532
50005 1345107568 1764166750558.235352 1764166750559 1764166750566
50006 1345140912 1764166750591.573486 1764166750591 1764166750599
50007 1345174256 1764166750624.911865 1764166750625 1764166750632
50008 1345207600 1764166750658.250244 1764166750659 1764166750666
50009 1345240944 1764166750691.588623 1764166750691 1764166750699
50010 1345274288 1764166750724.927002 1764166750725 1764166750732
50011 1345307632 1764166750758.265381 1764166750759 1764166750766
50012 1345340976 1764166750791.603760 1764166750791 1764166750799
50013 1345374320 1764166750824.942383 1764166750825 1764166750832
50014 1345407664 1764166750858.280762 1764166750859 1764166750866
50015 1345441008 1764166750891.619141 1764166750891 1764166750899
50016 1345474352 1764166750924.957764 1764166750925 1764166750932
50017 1345507696 1764166750958.296143 1764166750959 1764166750966
50018 1345541039 1764166750991.633545 1764166750991 1764166750999
50019 1345574383 1764166751024.972168 1764166751025 1764166751032
50020 1345607727 1764166751058.310547 1764166751059 1764166751066
50021 1345641071 1764166751091.649170 1764166751092 1764166751099
50022 1345674415 1764166751124.987793 1764166751125 1764166751132
50023 1345707759 1764166751158.326904 1764166751159 1764166751166
50024 1345741103 1764166751191.666016 1764166751192 1764166751199
50025 1345774447 1764166751225.005371 1764166751225 1764166751232
50026 1345807791 1764166751258.344482 1764166751259 1764166751266
50027 1345841135 1764166751291.683838 1764166751292 1764166751299
50028 1345874479 1764166751325.022949 1764166751325 1764166751332
50029 1345907823 1764166751358.362305 1764166751359 1764166751366
50030 1345941167 1764166751391.701660 1764166751392 1764166751399
50031 1345974511 1764166751425.041016 1764166751425 1764166751432
50032 1346007854 1764166751458.379150 1764166751459 1764166751466
50033 1346041198 1764166751491.718506 1764166751492 1764166751499
50034 1346074542 1764166751525.058105 1764166751526 1764166751533
50035 1346107886 1764166751558.397461 1764166751559 1764166751566
50036 1346141230 1764166751591.736816 1764166751592 1764166751599
50037 1346174574 1764166751625.076172 1764166751626 1764166751633
50038 1346207918 1764166751658.415771 1764166751658 1764166751666
50039 1346241262 1764166751691.755127 1764166751692 1764166751699
50040 1346274606 1764166751725.094727 1764166751726 1764166751733
50041 1346307950 1764166751758.434082 1764166751759 1764166751766
50042 1346341294 1764166751791.773682 1764166751792 1764166751799
50043 1346374638 1764166751825.113281 1764166751826 1764166751833
50044 1346407982 1764166751858.452881 1764166751858 1764166751866
50045 1346441325 1764166751891.791260 1764166751892 1764166751899
50046 1346474669 1764166751925.130859 1764166751926 1764166751933
50047 1346508013 1764166751958.470459 1764166751958 1764166751966
50048 1346541357 1764166751991.810303 1764166751992 1764166751999
50049 1346574701 1764166752025.149902 1764166752026 1764166752033
50050 1346608045 1764166752058.489502 1764166752058 1764166752066
50051 1346641389 1764166752091.829346 1764166752092 1764166752099
50052 1346674733 1764166752125.168945 1764166752126 1764166752133
50053 1346708077 1764166752158.508545 1764166752158 1764166752166
50054 1346741421 1764166752191.848389 1764166752192 1764166752199
50055 1346774765 1764166752225.188232 1764166752226 1764166752233
50056 1346808109 1764166752258.528076 1764166752258 1764166752266
50057 1346841453 1764166752291.867920 1764166752292 1764166752299
50058 1346874796 1764166752325.206787 1764166752326 1764166752333
50059 1346908140 1764166752358.546631 1764166752358 1764166752366
50060 1346941484 1764166752391.886475 1764166752392 1764166752399
50061 1346974828 1764166752425.226562 1764166752426 1764166752433
50062 1347008172 1764166752458.566406 1764166752458 1764166752466
50063 1347041516 1764166752491.906494 1764166752492 1764166752499
50064 1347074860 1764166752525.246338 1764166752526 1764166752533
50065 1347108204 1764166752558.586426 1764166752559 1764166752566
50066 1347141548 1764166752591.926514 1764166752592 1764166752600
50067 1347174892 1764166752625.266602 1764166752626 1764166752633
50068 1347208236 1764166752658.606689 1764166752659 1764166752666
50069 1347241580 1764166752691.946777 1764166752692 1764166752700
50070 1347274924 1764166752725.286865 1764166752726 1764166752733
50071 1347308268 1764166752758.626953 1764166752759 1764166752766
50072 1347341611 1764166752791.966309 1764166752792 1764166752799
50073 1347374955 1764166752825.306396 1764166752826 1764166752833
50074 1347408299 1764166752858.646729 1764166752859 1764166752866
50075 1347441643 1764166752891.986816 1764166752892 1764166752899
50076 1347474987 1764166752925.327148 1764166752926 1764166752933
50077 1347508331 1764166752958.667480 1764166752959 1764166752966
50078 1347541675 1764166752992.007812 1764166752992 1764166752999
50079 1347575019 1764166753025.348145 1764166753026 1764166753033
50080 1347608363 1764166753058.688477 1764166753060 1764166753067
50081 1347641707 1764166753092.028809 1764166753093 1764166753100
50082 1347675051 1764166753125.369141 1764166753126 1764166753133
50083 1347708395 1764166753158.706055 1764166753159 1764166753166
50084 1347741739 1764166753192.046875 1764166753193 1764166753200
50085 1347775082 1764166753225.386719 1764166753225 1764166753234
50086 1347808426 1764166753258.727539 1764166753259 1764166753266
50087 1347841770 1764166753292.068359 1764166753293 1764166753300
50088 1347875114 1764166753325.409180 1764166753325 1764166753333
50089 1347908458 1764166753358.750244 1764166753359 1764166753366
50090 1347941802 1764166753392.091064 1764166753393 1764166753400
50091 1347975146 1764166753425.432129 1764166753425 1764166753433
50092 1348008490 1764166753458.772949 1764166753459 1764166753466
50093 1348041834 1764166753492.114014 1764166753493 1764166753500
50094 1348075178 1764166753525.455078 1764166753525 1764166753533
50095 1348108522 1764166753558.796143 1764166753559 1764166753566
50096 1348141866 1764166753592.137207 1764166753593 1764166753600
50097 1348175210 1764166753625.478271 1764166753625 1764166753633
50098 1348208553 1764166753658.818604 1764166753659 1764166753666
50099 1348241897 1764166753692.159668 1764166753693 1764166753700
50100 1348275241 1764166753725.500977 1764166753725 1764166753733
50101 1348308585 1764166753758.842041 1764166753759 1764166753766
50102 1348341929 1764166753792.183350 1764166753793 1764166753800
50103 1348375273 1764166753825.524658 1764166753825 1764166753833
50104 1348408617 1764166753858.865967 1764166753859 1764166753866
50105 1348441961 1764166753892.207275 1764166753893 1764166753900
50106 1348475305 1764166753925.548584 1764166753925 1764166753933
50107 1348508649 1764166753958.890137 1764166753959 1764166753966
50108 1348541993 1764166753992.231445 1764166753993 1764166754000
50109 1348575337 1764166754025.572998 1764166754025 1764166754033
50110 1348608681 1764166754058.914307 1764166754059 1764166754066
50111 1348642025 1764166754092.255859 1764166754093 1764166754100
50112 1348675368 1764166754125.596436 1764166754126 1764166754133
50113 1348708712 1764166754158.937988 1764166754159 1764166754166
50114 1348742056 1764166754192.279297 1764166754193 1764166754200
50115 1348775400 1764166754225.620605 1764166754226 1764166754233
50116 1348808744 1764166754258.961914 1764166754259 1764166754266
50117 1348842088 1764166754292.303223 1764166754293 1764166754300
50118 1348875432 1764166754325.644531 1764166754326 1764166754333
50119 1348908776 1764166754358.986084 1764166754359 1764166754366
50120 1348942120 1764166754392.327637 1764166754393 1764166754400
50121 1348975464 1764166754425.668945 1764166754426 1764166754433
50122 1349008808 1764166754459.010498 1764166754459 1764166754466
50123 1349042152 1764166754492.352051 1764166754493 1764166754500
50124 1349075496 1764166754525.693848 1764166754526 1764166754533
50125 1349108839 1764166754559.034424 1764166754560 1764166754567
50126 1349142183 1764166754592.375977 1764166754593 1764166754600
50127 1349175527 1764166754625.717773 1764166754626 1764166754633
50128 1349208871 1764166754659.059326 1764166754660 1764166754667
50129 1349242215 1764166754692.401123 1764166754692 1764166754700
50130 1349275559 1764166754725.742920 1764166754726 1764166754733
50131 1349308903 1764166754759.084717 1764166754760 1764166754767
50132 1349342247 1764166754792.426514 1764166754792 1764166754800
50133 1349375591 1764166754825.768555 1764166754826 1764166754833
50134 1349408935 1764166754859.110352 1764166754860 1764166754867
50135 1349442279 1764166754892.452148 1764166754892 1764166754900
50136 1349475623 1764166754925.794189 1764166754926 1764166754933
50137 1349508967 1764166754959.136230 1764166754960 1764166754967
50138 1349542310 1764166754992.477295 1764166754992 1764166755000
50139 1349575654 1764166755025.819336 1764166755026 1764166755033
50140 1349608998 1764166755059.161377 1764166755060 1764166755067
50141 1349642342 1764166755092.503418 1764166755092 1764166755100
50142 1349675686 1764166755125.845703 1764166755126 1764166755133
50143 1349709030 1764166755159.187744 1764166755160 1764166755167
50144 1349742374 1764166755192.530029 1764166755192 1764166755200
50145 1349775718 1764166755225.872559 1764166755226 1764166755233
50146 1349809062 1764166755259.215088 1764166755260 1764166755267
50147 1349842406 1764166755292.557373 1764166755292 1764166755300
50148 1349875750 1764166755325.899902 1764166755326 1764166755333
50149 1349909094 1764166755359.242432 1764166755360 1764166755367
50150 1349942438 1764166755392.585205 1764166755392 1764166755400
50151 1349975782 1764166755425.927734 1764166755426 1764166755433
50152 1350009125 1764166755459.269531 1764166755460 1764166755467
50153 1350042469 1764166755492.612061 1764166755493 1764166755500
50154 1350075813 1764166755525.954834 1764166755526 1764166755533
50155 1350109157 1764166755559.297607 1764166755559 1764166755567
50156 1350142501 1764166755592.640381 1764166755593 1764166755600
50157 1350175845 1764166755625.983154 1764166755626 1764166755633
50158 1350209189 1764166755659.326172 1764166755660 1764166755667
50159 1350242533 1764166755692.668945 1764166755693 1764166755700
50160 1350275877 1764166755726.011963 1764166755726 1764166755733
50161 1350309221 1764166755759.354980 1764166755760 1764166755767
50162 1350342565 1764166755792.697998 1764166755793 1764166755802
50163 1350375909 1764166755826.041016 1764166755826 1764166755834
50164 1350409253 1764166755859.384033 1764166755860 1764166755867
50165 1350442596 1764166755892.726074 1764166755893 1764166755900
50166 1350475940 1764166755926.069336 1764166755926 1764166755933
50167 1350509284 1764166755959.412598 1764166755960 1764166755967
50168 1350542628 1764166755992.755615 1764166755993 1764166756000
50169 1350575972 1764166756026.098877 1764166756026 1764166756033
50170 1350609316 1764166756059.442139 1764166756060 1764166756067
50171 1350642660 1764166756092.785645 1764166756093 1764166756100
50172 1350676004 1764166756126.128906 1764166756127 1764166756134
50173 1350709348 1764166756159.472168 1764166756159 1764166756167
50174 1350742692 1764166756192.813965 1764166756193 1764166756200
50175 1350776036 1764166756226.155762 1764166756227 1764166756234
50176 1350809380 1764166756259.497314 1764166756260 1764166756267
50177 1350842724 1764166756292.839111 1764166756293 1764166756300
50178 1350876067 1764166756326.179932 1764166756327 1764166756334
50179 1350909411 1764166756359.521729 1764166756359 1764166756367
50180 1350942755 1764166756392.863770 1764166756393 1764166756400
50181 1350976099 1764166756426.205566 1764166756427 1764166756434
50182 1351009443 1764166756459.547363 1764166756459 1764166756467
50183 1351042787 1764166756492.889404 1764166756493 1764166756500
50184 1351076131 1764166756526.231445 1764166756527 1764166756534
50185 1351109475 1764166756559.573486 1764166756559 1764166756567
50186 1351142819 1764166756592.915283 1764166756593 1764166756600
50187 1351176163 1764166756626.257568 1764166756627 1764166756634
50188 1351209507 1764166756659.599609 1764166756660 1764166756667
50189 1351242851 1764166756692.941650 1764166756693 1764166756700
50190 1351276195 1764166756726.283691 1764166756727 1764166756734
50191 1351309539 1764166756759.625977 1764166756759 1764166756767
50192 1351342882 1764166756792.967285 1764166756793 1764166756800
50193 1351376226 1764166756826.309326 1764166756827 1764166756834
50194 1351409570 1764166756859.651611 1764166756859 1764166756867
50195 1351442914 1764166756892.993896 1764166756893 1764166756900
50196 1351476258 1764166756926.336182 1764166756927 1764166756934
50197 1351509602 1764166756959.678711 1764166756959 1764166756967
50198 1351542946 1764166756993.020996 1764166756993 1764166757000
50199 1351576290 1764166757026.363525 1764166757027 1764166757034
50200 1351609634 1764166757059.705811 1764166757060 1764166757067
50201 1351642978 1764166757093.048340 1764166757093 1764166757100
50202 1351676322 1764166757126.390869 1764166757127 1764166757134
50203 1351709666 1764166757159.733398 1764166757160 1764166757167
50204 1351743010 1764166757193.074951 1764166757193 1764166757200
50205 1351776353 1764166757226.415771 1764166757227 1764166757234
50206 1351809697 1764166757259.757568 1764166757260 1764166757267
50207 1351843041 1764166757293.099609 1764166757293 1764166757300
50208 1351876385 1764166757326.441406 1764166757326 1764166757334
50209 1351909729 1764166757359.783203 1764166757360 1764166757367
50210 1351943073 1764166757393.125244 1764166757393 1764166757400
50211 1351976417 1764166757426.467285 1764166757427 1764166757434
50212 1352009761 1764166757459.809082 1764166757460 1764166757467
50213 1352043105 1764166757493.151123 1764166757494 1764166757501
50214 1352076449 1764166757526.493164 1764166757527 1764166757534
50215 1352109793 1764166757559.835205 1764166757560 1764166757567
50216 1352143137 1764166757593.177490 1764166757594 1764166757601
50217 1352176481 1764166757626.519531 1764166757627 1764166757634
50218 1352209824 1764166757659.860596 1764166757660 1764166757667
50219 1352243168 1764166757693.202881 1764166757693 1764166757701
50220 1352276512 1764166757726.545166 1764166757727 1764166757734
50221 1352309856 1764166757759.887207 1764166757760 1764166757767
50222 1352343200 1764166757793.229492 1764166757794 1764166757801
50223 1352376544 1764166757826.571777 1764166757826 1764166757834
50224 1352409888 1764166757859.914062 1764166757860 1764166757867
50225 1352443232 1764166757893.256348 1764166757894 1764166757901
50226 1352476576 1764166757926.598877 1764166757926 1764166757934
50227 1352509920 1764166757959.941162 1764166757960 1764166757967
50228 1352543264 1764166757993.283691 1764166757994 1764166758001
50229 1352576608 1764166758026.625977 1764166758026 1764166758034
50230 1352609952 1764166758059.968506 1764166758060 1764166758067
50231 1352643296 1764166758093.311035 1764166758094 1764166758101
50232 1352676639 1764166758126.652588 1764166758126 1764166758134
50233 1352709983 1764166758159.995117 1764166758160 1764166758167
50234 1352743327 1764166758193.336914 1764166758194 1764166758201
50235 1352776671 1764166758226.678955 1764166758226 1764166758234
50236 1352810015 1764166758260.020996 1764166758260 1764166758267
50237 1352843359 1764166758293.363037 1764166758294 1764166758301
50238 1352876703 1764166758326.705078 1764166758326 1764166758334
50239 1352910047 1764166758360.047119 1764166758360 1764166758367
50240 1352943391 1764166758393.389160 1764166758394 1764166758401
50241 1352976735 1764166758426.731201 1764166758426 1764166758434
50242 1353010079 1764166758460.073242 1764166758460 1764166758467
50243 1353043423 1764166758493.415527 1764166758494 1764166758501
50244 1353076767 1764166758526.757568 1764166758526 1764166758534
50245 1353110110 1764166758560.098877 1764166758560 1764166758567
50246 1353143454 1764166758593.441162 1764166758594 1764166758601
50247 1353176798 1764166758626.783447 1764166758627 1764166758634
50248 1353210142 1764166758660.125732 1764166758660 1764166758667
50249 1353243486 1764166758693.468018 1764166758694 1764166758701
50250 1353276830 1764166758726.810303 1764166758727 1764166758734
50251 1353310174 1764166758760.152588 1764166758760 1764166758767
50252 1353343518 1764166758793.495117 1764166758794 1764166758801
50253 1353376862 1764166758826.837402 1764166758827 1764166758834
50254 1353410206 1764166758860.179932 1764166758860 1764166758867
50255 1353443550 1764166758893.522461 1764166758894 1764166758901
50256 1353476894 1764166758926.864990 1764166758927 1764166758934
50257 1353510238 1764166758960.207275 1764166758961 1764166758968
50258 1353543581 1764166758993.548828 1764166758994 1764166759001
50259 1353576925 1764166759026.891602 1764166759027 1764166759034
50260 1353610269 1764166759060.234131 1764166759060 1764166759067
50261 1353643613 1764166759093.576660 1764166759094 1764166759101
50262 1353676957 1764166759126.919434 1764166759127 1764166759134
50263 1353710301 1764166759160.261963 1764166759161 1764166759168
50264 1353743645 1764166759193.604004 1764166759194 1764166759201
50265 1353776989 1764166759226.946045 1764166759227 1764166759234
50266 1353810333 1764166759260.288086 1764166759261 1764166759268
50267 1353843677 1764166759293.630127 1764166759293 1764166759301
50268 1353877021 1764166759326.972168 1764166759327 1764166759334
50269 1353910365 1764166759360.314209 1764166759361 1764166759368
50270 1353943709 1764166759393.656494 1764166759393 1764166759401
50271 1353977053 1764166759426.998535 1764166759427 1764166759434
50272 1354010396 1764166759460.339600 1764166759461 1764166759468
50273 1354043740 1764166759493.681885 1764166759493 1764166759501
50274 1354077084 1764166759527.024170 1764166759527 1764166759534
50275 1354110428 1764166759560.366455 1764166759561 1764166759568
50276 1354143772 1764166759593.708496 1764166759593 1764166759601
50277 1354177116 1764166759627.051025 1764166759627 1764166759634
50278 1354210460 1764166759660.393311 1764166759661 1764166759668
50279 1354243804 1764166759693.735596 1764166759693 1764166759701
50280 1354277148 1764166759727.077881 1764166759727 1764166759734
50281 1354310492 1764166759760.420166 1764166759761 1764166759768
50282 1354343836 1764166759793.762695 1764166759793 1764166759801
50283 1354377180 1764166759827.105225 1764166759827 1764166759834
50284 1354410524 1764166759860.447510 1764166759861 1764166759868
50285 1354443867 1764166759893.789062 1764166759893 1764166759901
50286 1354477211 1764166759927.131592 1764166759927 1764166759934
50287 1354510555 1764166759960.474121 1764166759961 1764166759968
50288 1354543899 1764166759993.816650 1764166759993 1764166760001
50289 1354577243 1764166760027.159180 1764166760027 1764166760034
50290 1354610587 1764166760060.501709 1764166760061 1764166760068
50291 1354643931 1764166760093.844482 1764166760094 1764166760101
50292 1354677275 1764166760127.187012 1764166760127 1764166760134
50293 1354710619 1764166760160.529541 1764166760161 1764166760168
50294 1354743963 1764166760193.871582 1764166760194 1764166760201
50295 1354777307 1764166760227.213623 1764166760227 1764166760234
50296 1354810651 1764166760260.555664 1764166760261 1764166760268
50297 1354843995 1764166760293.897949 1764166760294 1764166760301
50298 1354877338 1764166760327.239014 1764166760327 1764166760334
50299 1354910682 1764166760360.581055 1764166760361 1764166760368
50300 1354944026 1764166760393.923340 1764166760394 1764166760401
50301 1354977370 1764166760427.265381 1764166760427 1764166760434
50302 1355010714 1764166760460.607666 1764166760461 1764166760468
50303 1355044058 1764166760493.949707 1764166760494 1764166760501
50304 1355077402 1764166760527.291992 1764166760527 1764166760534
50305 1355110746 1764166760560.634277 1764166760561 1764166760568
50306 1355144090 1764166760593.976562 1764166760594 1764166760601
50307 1355177434 1764166760627.318848 1764166760628 1764166760635
50308 1355210778 1764166760660.661133 1764166760661 1764166760668
50309 1355244122 1764166760694.003418 1764166760694 1764166760701
50310 1355277466 1764166760727.345947 1764166760728 1764166760735
50311 1355310810 1764166760760.688232 1764166760761 1764166760768
50312 1355344153 1764166760794.029541 1764166760794 1764166760801
50313 1355377497 1764166760827.372070 1764166760828 1764166760835
50314 1355410841 1764166760860.714600 1764166760860 1764166760868
50315 1355444185 1764166760894.056885 1764166760894 1764166760901
50316 1355477529 1764166760927.399414 1764166760928 1764166760935
50317 1355510873 1764166760960.741943 1764166760960 1764166760968
50318 1355544217 1764166760994.084473 1764166760994 1764166761001
50319 1355577561 1764166761027.427002 1764166761028 1764166761035
50320 1355610905 1764166761060.769531 1764166761060 1764166761068
50321 1355644249 1764166761094.112061 1764166761094 1764166761101
50322 1355677593 1764166761127.454834 1764166761128 1764166761135
50323 1355710937 1764166761160.797363 1764166761160 1764166761168
50324 1355744281 1764166761194.140381 1764166761194 1764166761201
50325 1355777624 1764166761227.482666 1764166761228 1764166761235
50326 1355810968 1764166761260.825928 1764166761260 1764166761268
50327 1355844312 1764166761294.169189 1764166761294 1764166761301
50328 1355877656 1764166761327.512451 1764166761328 1764166761335
50329 1355911000 1764166761360.855713 1764166761360 1764166761368
50330 1355944344 1764166761394.198975 1764166761394 1764166761401
50331 1355977688 1764166761427.542236 1764166761428 1764166761435
50332 1356011032 1764166761460.885498 1764166761460 1764166761468
50333 1356044376 1764166761494.229004 1764166761494 1764166761501
50334 1356077720 1764166761527.572510 1764166761528 1764166761535
50335 1356111064 1764166761560.915771 1764166761561 1764166761568
50336 1356144408 1764166761594.259277 1764166761594 1764166761601
50337 1356177752 1764166761627.602783 1764166761628 1764166761635
50338 1356211095 1764166761660.945312 1764166761661 1764166761668
50339 1356244439 1764166761694.288818 1764166761694 1764166761701
50340 1356277783 1764166761727.632324 1764166761728 1764166761735
50341 1356311127 1764166761760.975830 1764166761761 1764166761768
50342 1356344471 1764166761794.319580 1764166761794 1764166761801
50343 1356377815 1764166761827.663086 1764166761828 1764166761835
50344 1356411159 1764166761861.006836 1764166761861 1764166761868
50345 1356444503 1764166761894.350342 1764166761894 1764166761901
50346 1356477847 1764166761927.694092 1764166761928 1764166761935
50347 1356511191 1764166761961.037842 1764166761961 1764166761968
50348 1356544535 1764166761994.381592 1764166761995 1764166762002
50349 1356577879 1764166762027.725342 1764166762028 1764166762035
50350 1356611223 1764166762061.069092 1764166762061 1764166762068
50351 1356644567 1764166762094.412842 1764166762095 1764166762102
50352 1356677910 1764166762127.755615 1764166762127 1764166762135
50353 1356711254 1764166762161.099609 1764166762161 1764166762168
50354 1356744598 1764166762194.443359 1764166762195 1764166762202
50355 1356777942 1764166762227.787354 1764166762227 1764166762235
50356 1356811286 1764166762261.131348 1764166762261 1764166762268
50357 1356844630 1764166762294.475342 1764166762295 1764166762302
50358 1356877974 1764166762327.819336 1764166762327 1764166762335
50359 1356911318 1764166762361.163330 1764166762361 1764166762368
50360 1356944662 1764166762394.507568 1764166762395 1764166762402
50361 1356978006 1764166762427.851562 1764166762427 1764166762435
50362 1357011350 1764166762461.195801 1764166762461 1764166762468
50363 1357044694 1764166762494.539795 1764166762495 1764166762502
50364 1357078038 1764166762527.884033 1764166762527 1764166762535
50365 1357111381 1764166762561.227295 1764166762561 1764166762568
50366 1357144725 1764166762594.571533 1764166762594 1764166762602
50367 1357178069 1764166762627.915771 1764166762627 1764166762635
50368 1357211413 1764166762661.260010 1764166762661 1764166762668
50369 1357244757 1764166762694.604248 1764166762695 1764166762702
50370 1357278101 1764166762727.948730 1764166762727 1764166762735
50371 1357311445 1764166762761.292969 1764166762761 1764166762768
50372 1357344789 1764166762794.637451 1764166762795 1764166762802
50373 1357378133 1764166762827.981689 1764166762827 1764166762835
50374 1357411477 1764166762861.326172 1764166762861 1764166762868
50375 1357444821 1764166762894.670654 1764166762895 1764166762902
50376 1357478165 1764166762928.015137 1764166762927 1764166762935
50377 1357511509 1764166762961.359619 1764166762961 1764166762968
50378 1357544852 1764166762994.703125 1764166762995 1764166763002
50379 1357578196 1764166763028.047852 1764166763027 1764166763035
50380 1357611540 1764166763061.392334 1764166763061 1764166763068
50381 1357644884 1764166763094.737061 1764166763095 1764166763102
50382 1357678228 1764166763128.081543 1764166763128 1764166763135
50383 1357711572 1764166763161.426270 1764166763161 1764166763168
50384 1357744916 1764166763194.767090 1764166763195 1764166763202
50385 1357778260 1764166763228.107910 1764166763229 1764166763236
50386 1357811604 1764166763261.448730 1764166763261 1764166763268
50387 1357844948 1764166763294.789307 1764166763295 1764166763302
50388 1357878292 1764166763328.130127 1764166763328 1764166763335
50389 1357911636 1764166763361.470947 1764166763361 1764166763368
50390 1357944980 1764166763394.811768 1764166763394 1764166763403
50391 1357978324 1764166763428.152588 1764166763428 1764166763435
50392 1358011667 1764166763461.492432 1764166763462 1764166763469
50393 1358045011 1764166763494.833252 1764166763495 1764166763502
50394 1358078355 1764166763528.174072 1764166763528 1764166763535
50395 1358111699 1764166763561.514893 1764166763562 1764166763569
50396 1358145043 1764166763594.855713 1764166763595 1764166763602
50397 1358178387 1764166763628.196533 1764166763628 1764166763635
50398 1358211731 1764166763661.537354 1764166763662 1764166763669
50399 1358245075 1764166763694.878174 1764166763695 1764166763702
50400 1358278419 1764166763728.218994 1764166763728 1764166763735
50401 1358311763 1764166763761.559814 1764166763762 1764166763769
50402 1358345107 1764166763794.900635 1764166763795 1764166763802
50403 1358378451 1764166763828.241455 1764166763828 1764166763835
50404 1358411795 1764166763861.582275 1764166763862 1764166763869
50405 1358445138 1764166763894.922119 1764166763894 1764166763902
50406 1358478482 1764166763928.262939 1764166763928 1764166763935
50407 1358511826 1764166763961.603760 1764166763962 1764166763969
50408 1358545170 1764166763994.944580 1764166763994 1764166764002
50409 1358578514 1764166764028.285400 1764166764028 1764166764035
50410 1358611858 1764166764061.626221 1764166764062 1764166764069
50411 1358645202 1764166764094.967041 1764166764094 1764166764102
50412 1358678546 1764166764128.307861 1764166764128 1764166764135
50413 1358711890 1764166764161.648682 1764166764162 1764166764169
50414 1358745234 1764166764194.989014 1764166764195 1764166764203
50415 1358778578 1764166764228.329346 1764166764228 1764166764235
50416 1358811922 1764166764261.669434 1764166764262 1764166764269
50417 1358845266 1764166764295.009766 1764166764294 1764166764302
50418 1358878609 1764166764328.349121 1764166764328 1764166764335
50419 1358911953 1764166764361.689209 1764166764362 1764166764369
50420 1358945297 1764166764395.029541 1764166764394 1764166764402
50421 1358978641 1764166764428.369873 1764166764428 1764166764435
50422 1359011985 1764166764461.709961 1764166764462 1764166764469
50423 1359045329 1764166764495.050293 1764166764494 1764166764502
50424 1359078673 1764166764528.390381 1764166764529 1764166764536
50425 1359112017 1764166764561.730713 1764166764562 1764166764569
50426 1359145361 1764166764595.070801 1764166764595 1764166764602
50427 1359178705 1764166764628.411133 1764166764628 1764166764635
50428 1359212049 1764166764661.751221 1764166764662 1764166764669
50429 1359245393 1764166764695.091553 1764166764695 1764166764702
50430 1359278737 1764166764728.431641 1764166764728 1764166764735
50431 1359312081 1764166764761.771973 1764166764762 1764166764769
50432 1359345424 1764166764795.111084 1764166764795 1764166764802
50433 1359378768 1764166764828.451416 1764166764828 1764166764835
50434 1359412112 1764166764861.791504 1764166764862 1764166764869
50435 1359445456 1764166764895.131592 1764166764895 1764166764902
50436 1359478800 1764166764928.471924 1764166764928 1764166764935
50437 1359512144 1764166764961.812012 1764166764962 1764166764969
50438 1359545488 1764166764995.152100 1764166764995 1764166765002
50439 1359578832 1764166765028.492432 1764166765028 1764166765035
50440 1359612176 1764166765061.832520 1764166765062 1764166765069
50441 1359645520 1764166765095.172607 1764166765095 1764166765102
50442 1359678864 1764166765128.512939 1764166765129 1764166765136
50443 1359712208 1764166765161.853027 1764166765162 1764166765169
50444 1359745552 1764166765195.193115 1764166765195 1764166765202
50445 1359778895 1764166765228.532227 1764166765229 1764166765236
50446 1359812239 1764166765261.872559 1764166765262 1764166765269
50447 1359845583 1764166765295.212646 1764166765295 1764166765302
50448 1359878927 1764166765328.552979 1764166765329 1764166765336
50449 1359912271 1764166765361.893066 1764166765361 1764166765369
50450 1359945615 1764166765395.233154 1764166765395 1764166765402
50451 1359978959 1764166765428.573242 1764166765429 1764166765436
50452 1360012303 1764166765461.913574 1764166765461 1764166765469
50453 1360045647 1764166765495.253662 1764166765495 1764166765502
50454 1360078991 1764166765528.593750 1764166765529 1764166765536
50455 1360112335 1764166765561.933838 1764166765561 1764166765569
50456 1360145679 1764166765595.273926 1764166765595 1764166765602
50457 1360179023 1764166765628.614258 1764166765629 1764166765636
50458 1360212366 1764166765661.953369 1764166765661 1764166765669
50459 1360245710 1764166765695.293457 1764166765695 1764166765702
50460 1360279054 1764166765728.633545 1764166765729 1764166765736
50461 1360312398 1764166765761.973633 1764166765761 1764166765769
50462 1360345742 1764166765795.313721 1764166765796 1764166765804
50463 1360379086 1764166765828.653809 1764166765829 1764166765836
50464 1360412430 1764166765861.993896 1764166765861 1764166765869
50465 1360445774 1764166765895.333984 1764166765895 1764166765902
50466 1360479118 1764166765928.674072 1764166765929 1764166765936
50467 1360512462 1764166765962.014160 1764166765961 1764166765969
50468 1360545806 1764166765995.354248 1764166765995 1764166766002
50469 1360579150 1764166766028.694336 1764166766029 1764166766036
50470 1360612494 1764166766062.034424 1764166766061 1764166766069
50471 1360645838 1764166766095.374268 1764166766096 1764166766103
50472 1360679181 1764166766128.713379 1764166766129 1764166766136
50473 1360712525 1764166766162.053467 1764166766162 1764166766169
