8570 4253384301 1764165369065.033203 1764165369065 1764165369072
8571 4253417645 1764165369098.368408 1764165369098 1764165369105
8572 4253450988 1764165369131.702637 1764165369132 1764165369139
8573 4253484332 1764165369165.038086 1764165369164 1764165369172
8574 4253517676 1764165369198.373291 1764165369198 1764165369205
8575 4253551020 1764165369231.708496 1764165369232 1764165369239
8576 4253584364 1764165369265.043457 1764165369264 1764165369272
8577 4253617708 1764165369298.378662 1764165369298 1764165369305
8578 4253651052 1764165369331.713867 1764165369332 1764165369339
8579 4253684396 1764165369365.048828 1764165369364 1764165369372
8580 4253717740 1764165369398.383789 1764165369398 1764165369405
8581 4253751084 1764165369431.718994 1764165369432 1764165369439
8582 4253784428 1764165369465.053955 1764165369464 1764165369472
8583 4253817772 1764165369498.388672 1764165369498 1764165369505
8584 4253851116 1764165369531.723633 1764165369532 1764165369539
8585 4253884460 1764165369565.058594 1764165369564 1764165369572
8586 4253917803 1764165369598.392334 1764165369598 1764165369605
8587 4253951147 1764165369631.727295 1764165369632 1764165369639
8588 4253984491 1764165369665.063232 1764165369664 1764165369672
8589 4254017835 1764165369698.399170 1764165369698 1764165369705
8590 4254051179 1764165369731.735107 1764165369732 1764165369739
8591 4254084523 1764165369765.071045 1764165369764 1764165369772
8592 4254117867 1764165369798.406982 1764165369798 1764165369805
8593 4254151211 1764165369831.742920 1764165369832 1764165369839
8594 4254184555 1764165369865.078613 1764165369864 1764165369872
8595 4254217899 1764165369898.414551 1764165369898 1764165369905
8596 4254251243 1764165369931.750244 1764165369932 1764165369939
8597 4254284587 1764165369965.085938 1764165369964 1764165369972
8598 4254317931 1764165369998.421875 1764165369998 1764165370005
8599 4254351274 1764165370031.756592 1764165370032 1764165370039
8600 4254384618 1764165370065.092041 1764165370064 1764165370072
8601 4254417962 1764165370098.427734 1764165370098 1764165370105
8602 4254451306 1764165370131.763428 1764165370132 1764165370139
8603 4254484650 1764165370165.099121 1764165370164 1764165370172
8604 4254517994 1764165370198.434570 1764165370198 1764165370205
8605 4254551338 1764165370231.770020 1764165370232 1764165370239
8606 4254584682 1764165370265.105713 1764165370264 1764165370272
8607 4254618026 1764165370298.441162 1764165370298 1764165370305
8608 4254651370 1764165370331.776611 1764165370332 1764165370339
8609 4254684714 1764165370365.112061 1764165370364 1764165370372
8610 4254718058 1764165370398.447266 1764165370398 1764165370405
8611 4254751402 1764165370431.782715 1764165370432 1764165370439
8612 4254784745 1764165370465.117188 1764165370465 1764165370472
8613 4254818089 1764165370498.452393 1764165370498 1764165370505
8614 4254851433 1764165370531.787598 1764165370532 1764165370539
8615 4254884777 1764165370565.123047 1764165370565 1764165370572
8616 4254918121 1764165370598.458252 1764165370598 1764165370605
8617 4254951465 1764165370631.793457 1764165370632 1764165370639
8618 4254984809 1764165370665.129150 1764165370665 1764165370672
8619 4255018153 1764165370698.465088 1764165370698 1764165370705
8620 4255051497 1764165370731.800781 1764165370732 1764165370739
8621 4255084841 1764165370765.136475 1764165370765 1764165370772
8622 4255118185 1764165370798.472168 1764165370798 1764165370805
8623 4255151529 1764165370831.807861 1764165370832 1764165370839
8624 4255184873 1764165370865.143555 1764165370865 1764165370872
8625 4255218217 1764165370898.479248 1764165370898 1764165370905
8626 4255251560 1764165370931.813965 1764165370932 1764165370939
8627 4255284904 1764165370965.149414 1764165370965 1764165370972
8628 4255318248 1764165370998.484863 1764165370998 1764165371005
8629 4255351592 1764165371031.820557 1764165371032 1764165371039
8630 4255384936 1764165371065.156006 1764165371065 1764165371072
8631 4255418280 1764165371098.491455 1764165371098 1764165371105
8632 4255451624 1764165371131.826904 1764165371132 1764165371139
8633 4255484968 1764165371165.162354 1764165371165 1764165371172
8634 4255518312 1764165371198.497803 1764165371199 1764165371206
8635 4255551656 1764165371231.833008 1764165371232 1764165371239
8636 4255585000 1764165371265.168457 1764165371265 1764165371272
8637 4255618344 1764165371298.503662 1764165371299 1764165371306
8638 4255651688 1764165371331.839111 1764165371331 1764165371339
8639 4255685031 1764165371365.173340 1764165371365 1764165371372
8640 4255718375 1764165371398.508545 1764165371399 1764165371406
8641 4255751719 1764165371431.843750 1764165371432 1764165371439
8642 4255785063 1764165371465.178955 1764165371465 1764165371472
8643 4255818407 1764165371498.514160 1764165371499 1764165371506
8644 4255851751 1764165371531.849121 1764165371532 1764165371539
8645 4255885095 1764165371565.184326 1764165371565 1764165371572
8646 4255918439 1764165371598.519287 1764165371599 1764165371606
8647 4255951783 1764165371631.854492 1764165371631 1764165371639
8648 4255985127 1764165371665.191895 1764165371665 1764165371672
8649 4256018471 1764165371698.529541 1764165371699 1764165371706
8650 4256051815 1764165371731.867188 1764165371732 1764165371739
8651 4256085159 1764165371765.204590 1764165371765 1764165371772
8652 4256118502 1764165371798.541260 1764165371799 1764165371806
8653 4256151846 1764165371831.878662 1764165371831 1764165371839
8654 4256185190 1764165371865.216309 1764165371865 1764165371872
8655 4256218534 1764165371898.553955 1764165371899 1764165371906
8656 4256251878 1764165371931.891357 1764165371931 1764165371939
8657 4256285222 1764165371965.229004 1764165371965 1764165371972
8658 4256318566 1764165371998.566406 1764165371999 1764165372006
8659 4256351910 1764165372031.904053 1764165372031 1764165372039
8660 4256385254 1764165372065.241455 1764165372065 1764165372072
8661 4256418598 1764165372098.579102 1764165372099 1764165372106
8662 4256451942 1764165372131.916504 1764165372131 1764165372139
8663 4256485286 1764165372165.254150 1764165372165 1764165372172
8664 4256518630 1764165372198.591553 1764165372199 1764165372206
8665 4256551974 1764165372231.929199 1764165372231 1764165372239
8666 4256585317 1764165372265.265625 1764165372265 1764165372272
8667 4256618661 1764165372298.603271 1764165372299 1764165372306
8668 4256652005 1764165372331.940674 1764165372331 1764165372339
8669 4256685349 1764165372365.278320 1764165372365 1764165372373
8670 4256718693 1764165372398.615723 1764165372399 1764165372406
8671 4256752037 1764165372431.953369 1764165372431 1764165372439
8672 4256785381 1764165372465.290771 1764165372465 1764165372472
8673 4256818725 1764165372498.628418 1764165372499 1764165372506
8674 4256852069 1764165372531.965820 1764165372531 1764165372539
8675 4256885413 1764165372565.303467 1764165372565 1764165372572
8676 4256918757 1764165372598.640869 1764165372599 1764165372606
8677 4256952101 1764165372631.978516 1764165372631 1764165372639
8678 4256985445 1764165372665.314941 1764165372665 1764165372672
8679 4257018788 1764165372698.650391 1764165372698 1764165372706
8680 4257052132 1764165372731.986816 1764165372731 1764165372739
8681 4257085476 1764165372765.323486 1764165372765 1764165372772
8682 4257118820 1764165372798.659912 1764165372799 1764165372806
8683 4257152164 1764165372831.996338 1764165372831 1764165372839
8684 4257185508 1764165372865.332764 1764165372865 1764165372872
8685 4257218852 1764165372898.669189 1764165372899 1764165372906
8686 4257252196 1764165372932.005615 1764165372931 1764165372939
8687 4257285540 1764165372965.342041 1764165372965 1764165372972
8688 4257318884 1764165372998.678223 1764165372999 1764165373006
8689 4257352228 1764165373032.014648 1764165373031 1764165373039
8690 4257385572 1764165373065.351074 1764165373065 1764165373072
8691 4257418916 1764165373098.687256 1764165373099 1764165373106
8692 4257452259 1764165373132.022705 1764165373131 1764165373139
8693 4257485603 1764165373165.358887 1764165373165 1764165373172
8694 4257518947 1764165373198.695312 1764165373199 1764165373206
8695 4257552291 1764165373232.031494 1764165373232 1764165373239
8696 4257585635 1764165373265.367676 1764165373265 1764165373272
8697 4257618979 1764165373298.704102 1764165373299 1764165373306
8698 4257652323 1764165373332.040283 1764165373332 1764165373339
8699 4257685667 1764165373365.376465 1764165373365 1764165373372
8700 4257719011 1764165373398.712646 1764165373399 1764165373406
8701 4257752355 1764165373432.048828 1764165373432 1764165373442
8702 4257785699 1764165373465.385010 1764165373466 1764165373473
8703 4257819043 1764165373498.721191 1764165373499 1764165373506
8704 4257852387 1764165373532.057373 1764165373532 1764165373539
8705 4257885731 1764165373565.393311 1764165373566 1764165373573
8706 4257919074 1764165373598.728516 1764165373599 1764165373606
8707 4257952418 1764165373632.064697 1764165373632 1764165373639
8708 4257985762 1764165373665.402100 1764165373665 1764165373672
8709 4258019106 1764165373698.739502 1764165373699 1764165373706
8710 4258052450 1764165373732.076904 1764165373732 1764165373741
8711 4258085794 1764165373765.414307 1764165373765 1764165373772
8712 4258119138 1764165373798.751709 1764165373799 1764165373806
8713 4258152482 1764165373832.088867 1764165373832 1764165373839
8714 4258185826 1764165373865.426270 1764165373865 1764165373875
8715 4258219170 1764165373898.763672 1764165373899 1764165373906
8716 4258252514 1764165373932.101074 1764165373932 1764165373940
8717 4258285858 1764165373965.438477 1764165373966 1764165373973
8718 4258319202 1764165373998.775879 1764165373999 1764165374006
8719 4258352545 1764165374032.112061 1764165374032 1764165374039
8720 4258385889 1764165374065.449463 1764165374066 1764165374073
8721 4258419233 1764165374098.786865 1764165374099 1764165374106
8722 4258452577 1764165374132.124023 1764165374132 1764165374139
8723 4258485921 1764165374165.461426 1764165374166 1764165374173
8724 4258519265 1764165374198.798584 1764165374198 1764165374206
8725 4258552609 1764165374232.135986 1764165374232 1764165374239
8726 4258585953 1764165374265.473389 1764165374266 1764165374273
8727 4258619297 1764165374298.810547 1764165374298 1764165374306
8728 4258652641 1764165374332.147949 1764165374332 1764165374339
8729 4258685985 1764165374365.485107 1764165374366 1764165374373
8730 4258719329 1764165374398.822510 1764165374398 1764165374406
8731 4258752673 1764165374432.159668 1764165374432 1764165374439
8732 4258786016 1764165374465.495850 1764165374466 1764165374473
8733 4258819360 1764165374498.833252 1764165374498 1764165374506
8734 4258852704 1764165374532.170410 1764165374532 1764165374539
8735 4258886048 1764165374565.507568 1764165374566 1764165374573
8736 4258919392 1764165374598.844971 1764165374598 1764165374606
8737 4258952736 1764165374632.182129 1764165374633 1764165374640
8738 4258986080 1764165374665.519287 1764165374666 1764165374673
8739 4259019424 1764165374698.856445 1764165374698 1764165374706
8740 4259052768 1764165374732.193359 1764165374732 1764165374739
8741 4259086112 1764165374765.530518 1764165374766 1764165374773
8742 4259119456 1764165374798.867676 1764165374798 1764165374806
8743 4259152800 1764165374832.204834 1764165374832 1764165374839
8744 4259186144 1764165374865.541992 1764165374866 1764165374873
8745 4259219488 1764165374898.879150 1764165374898 1764165374906
8746 4259252831 1764165374932.215088 1764165374932 1764165374939
8747 4259286175 1764165374965.552246 1764165374966 1764165374973
8748 4259319519 1764165374998.889404 1764165374998 1764165375006
8749 4259352863 1764165375032.226562 1764165375032 1764165375039
8750 4259386207 1764165375065.563477 1764165375066 1764165375073
8751 4259419551 1764165375098.900635 1764165375098 1764165375106
8752 4259452895 1764165375132.237793 1764165375132 1764165375139
8753 4259486239 1764165375165.574707 1764165375166 1764165375173
8754 4259519583 1764165375198.911865 1764165375198 1764165375206
8755 4259552927 1764165375232.249023 1764165375232 1764165375239
8756 4259586271 1764165375265.585938 1764165375266 1764165375273
8757 4259619615 1764165375298.923096 1764165375298 1764165375306
8758 4259652959 1764165375332.260010 1764165375332 1764165375339
8759 4259686302 1764165375365.596191 1764165375365 1764165375374
8760 4259719646 1764165375398.933105 1764165375398 1764165375406
8761 4259752990 1764165375432.270264 1764165375432 1764165375439
8762 4259786334 1764165375465.607422 1764165375466 1764165375473
8763 4259819678 1764165375498.944336 1764165375498 1764165375506
8764 4259853022 1764165375532.281250 1764165375532 1764165375539
8765 4259886366 1764165375565.618408 1764165375566 1764165375573
8766 4259919710 1764165375598.955322 1764165375598 1764165375606
8767 4259953054 1764165375632.292480 1764165375632 1764165375639
8768 4259986398 1764165375665.629883 1764165375666 1764165375673
8769 4260019742 1764165375698.967529 1764165375698 1764165375706
8770 4260053086 1764165375732.304932 1764165375733 1764165375740
8771 4260086430 1764165375765.642334 1764165375766 1764165375773
8772 4260119773 1764165375798.979004 1764165375798 1764165375806
8773 4260153117 1764165375832.316406 1764165375832 1764165375839
8774 4260186461 1764165375865.653809 1764165375866 1764165375873
8775 4260219805 1764165375898.991455 1764165375898 1764165375906
8776 4260253149 1764165375932.328857 1764165375932 1764165375939
8777 4260286493 1764165375965.666260 1764165375966 1764165375973
8778 4260319837 1764165375999.003906 1764165375998 1764165376006
8779 4260353181 1764165376032.341309 1764165376032 1764165376039
8780 4260386525 1764165376065.678711 1764165376066 1764165376073
8781 4260419869 1764165376099.016357 1764165376099 1764165376106
8782 4260453213 1764165376132.353760 1764165376132 1764165376139
8783 4260486557 1764165376165.691406 1764165376166 1764165376173
8784 4260519901 1764165376199.028809 1764165376199 1764165376206
8785 4260553245 1764165376232.366211 1764165376232 1764165376239
8786 4260586588 1764165376265.702881 1764165376266 1764165376273
8787 4260619932 1764165376299.040283 1764165376299 1764165376306
8788 4260653276 1764165376332.377686 1764165376332 1764165376339
8789 4260686620 1764165376365.715332 1764165376366 1764165376373
8790 4260719964 1764165376399.052734 1764165376399 1764165376406
8791 4260753308 1764165376432.390381 1764165376432 1764165376439
8792 4260786652 1764165376465.727783 1764165376466 1764165376473
8793 4260819996 1764165376499.065186 1764165376499 1764165376506
8794 4260853340 1764165376532.402832 1764165376532 1764165376539
8795 4260886684 1764165376565.740234 1764165376566 1764165376573
8796 4260920028 1764165376599.077637 1764165376599 1764165376606
8797 4260953372 1764165376632.415283 1764165376632 1764165376639
8798 4260986716 1764165376665.752441 1764165376666 1764165376673
8799 4261020059 1764165376699.088867 1764165376699 1764165376706
8800 4261053403 1764165376732.426270 1764165376733 1764165376740
8801 4261086747 1764165376765.763428 1764165376765 1764165376774
8802 4261120091 1764165376799.100830 1764165376799 1764165376806
8803 4261153435 1764165376832.437988 1764165376832 1764165376839
8804 4261186779 1764165376865.775391 1764165376866 1764165376873
8805 4261220123 1764165376899.112549 1764165376899 1764165376906
8806 4261253467 1764165376932.449951 1764165376933 1764165376940
8807 4261286811 1764165376965.787109 1764165376966 1764165376973
8808 4261320155 1764165376999.124512 1764165376999 1764165377006
8809 4261353499 1764165377032.461670 1764165377033 1764165377041
8810 4261386843 1764165377065.799072 1764165377066 1764165377073
8811 4261420187 1764165377099.136475 1764165377099 1764165377106
8812 4261453530 1764165377132.472656 1764165377133 1764165377140
8813 4261486874 1764165377165.809814 1764165377166 1764165377173
8814 4261520218 1764165377199.147217 1764165377199 1764165377206
8815 4261553562 1764165377232.484375 1764165377233 1764165377240
8816 4261586906 1764165377265.821777 1764165377265 1764165377273
8817 4261620250 1764165377299.158936 1764165377299 1764165377306
8818 4261653594 1764165377332.496338 1764165377333 1764165377340
8819 4261686938 1764165377365.833496 1764165377365 1764165377373
8820 4261720282 1764165377399.170898 1764165377399 1764165377406
8821 4261753626 1764165377432.508057 1764165377433 1764165377440
8822 4261786970 1764165377465.845459 1764165377465 1764165377473
8823 4261820314 1764165377499.182617 1764165377499 1764165377506
8824 4261853658 1764165377532.519775 1764165377533 1764165377540
8825 4261887002 1764165377565.857178 1764165377565 1764165377573
8826 4261920345 1764165377599.193359 1764165377599 1764165377606
8827 4261953689 1764165377632.530762 1764165377633 1764165377640
8828 4261987033 1764165377665.867920 1764165377665 1764165377673
8829 4262020377 1764165377699.205322 1764165377699 1764165377706
8830 4262053721 1764165377732.542480 1764165377733 1764165377740
8831 4262087065 1764165377765.879883 1764165377765 1764165377773
8832 4262120409 1764165377799.217041 1764165377799 1764165377806
8833 4262153753 1764165377832.554199 1764165377833 1764165377840
8834 4262187097 1764165377865.891602 1764165377865 1764165377873
8835 4262220441 1764165377899.228760 1764165377899 1764165377906
8836 4262253785 1764165377932.566162 1764165377933 1764165377940
8837 4262287129 1764165377965.903320 1764165377965 1764165377973
8838 4262320473 1764165377999.240723 1764165377999 1764165378006
8839 4262353816 1764165378032.576904 1764165378033 1764165378040
8840 4262387160 1764165378065.914062 1764165378065 1764165378073
8841 4262420504 1764165378099.251465 1764165378099 1764165378106
8842 4262453848 1764165378132.588623 1764165378133 1764165378140
8843 4262487192 1764165378165.925781 1764165378165 1764165378173
8844 4262520536 1764165378199.263184 1764165378199 1764165378206
8845 4262553880 1764165378232.600342 1764165378233 1764165378240
8846 4262587224 1764165378265.937744 1764165378265 1764165378273
8847 4262620568 1764165378299.274902 1764165378299 1764165378306
8848 4262653912 1764165378332.612061 1764165378333 1764165378340
8849 4262687256 1764165378365.949463 1764165378365 1764165378373
8850 4262720600 1764165378399.286621 1764165378399 1764165378406
8851 4262753944 1764165378432.623779 1764165378433 1764165378440
8852 4262787287 1764165378465.959961 1764165378465 1764165378473
8853 4262820631 1764165378499.297363 1764165378499 1764165378506
8854 4262853975 1764165378532.634521 1764165378533 1764165378540
8855 4262887319 1764165378565.971680 1764165378565 1764165378573
8856 4262920663 1764165378599.308838 1764165378599 1764165378606
8857 4262954007 1764165378632.646240 1764165378633 1764165378640
8858 4262987351 1764165378665.983398 1764165378665 1764165378673
8859 4263020695 1764165378699.320801 1764165378699 1764165378706
8860 4263054039 1764165378732.657959 1764165378733 1764165378740
8861 4263087383 1764165378765.995117 1764165378765 1764165378773
8862 4263120727 1764165378799.332520 1764165378799 1764165378806
8863 4263154071 1764165378832.669678 1764165378833 1764165378840
8864 4263187415 1764165378866.006836 1764165378865 1764165378873
8865 4263220759 1764165378899.344238 1764165378900 1764165378907
8866 4263254102 1764165378932.680420 1764165378933 1764165378940
8867 4263287446 1764165378966.017578 1764165378966 1764165378973
8868 4263320790 1764165378999.354980 1764165378999 1764165379006
8869 4263354134 1764165379032.692139 1764165379033 1764165379040
8870 4263387478 1764165379066.029297 1764165379066 1764165379074
8871 4263420822 1764165379099.366699 1764165379100 1764165379107
8872 4263454166 1764165379132.703857 1764165379133 1764165379140
8873 4263487510 1764165379166.041016 1764165379166 1764165379173
8874 4263520854 1764165379199.378418 1764165379200 1764165379207
8875 4263554198 1764165379232.715576 1764165379233 1764165379240
8876 4263587542 1764165379266.052734 1764165379266 1764165379273
8877 4263620886 1764165379299.389893 1764165379299 1764165379306
8878 4263654230 1764165379332.727295 1764165379333 1764165379340
8879 4263687573 1764165379366.063477 1764165379366 1764165379373
8880 4263720917 1764165379399.400635 1764165379399 1764165379406
8881 4263754261 1764165379432.737793 1764165379433 1764165379440
8882 4263787605 1764165379466.075195 1764165379466 1764165379473
8883 4263820949 1764165379499.412354 1764165379499 1764165379506
8884 4263854293 1764165379532.749512 1764165379533 1764165379540
8885 4263887637 1764165379566.086670 1764165379566 1764165379573
8886 4263920981 1764165379599.423828 1764165379599 1764165379606
8887 4263954325 1764165379632.761230 1764165379632 1764165379643
8888 4263987669 1764165379666.097656 1764165379666 1764165379673
8889 4264021013 1764165379699.434326 1764165379699 1764165379706
8890 4264054357 1764165379732.770996 1764165379733 1764165379740
8891 4264087701 1764165379766.107666 1764165379766 1764165379773
8892 4264121044 1764165379799.443115 1764165379799 1764165379806
8893 4264154388 1764165379832.779785 1764165379833 1764165379840
8894 4264187732 1764165379866.116455 1764165379866 1764165379873
8895 4264221076 1764165379899.452881 1764165379899 1764165379906
8896 4264254420 1764165379932.789551 1764165379933 1764165379940
8897 4264287764 1764165379966.125977 1764165379966 1764165379973
8898 4264321108 1764165379999.462646 1764165379999 1764165380006
8899 4264354452 1764165380032.799316 1764165380032 1764165380040
8900 4264387796 1764165380066.135742 1764165380066 1764165380073
8901 4264421140 1764165380099.472412 1764165380100 1764165380107
8902 4264454484 1764165380132.808838 1764165380133 1764165380140
8903 4264487828 1764165380166.145264 1764165380166 1764165380173
8904 4264521172 1764165380199.481934 1764165380199 1764165380206
8905 4264554516 1764165380232.818359 1764165380233 1764165380240
8906 4264587859 1764165380266.153809 1764165380266 1764165380273
8907 4264621203 1764165380299.490479 1764165380300 1764165380307
8908 4264654547 1764165380332.826904 1764165380333 1764165380340
8909 4264687891 1764165380366.163330 1764165380366 1764165380373
8910 4264721235 1764165380399.500000 1764165380400 1764165380407
8911 4264754579 1764165380432.836426 1764165380432 1764165380440
8912 4264787923 1764165380466.172852 1764165380466 1764165380473
8913 4264821267 1764165380499.509277 1764165380500 1764165380507
8914 4264854611 1764165380532.845947 1764165380532 1764165380540
8915 4264887955 1764165380566.182373 1764165380566 1764165380573
8916 4264954643 1764165380632.855225 1764165380633 1764165380640
8917 4264987987 1764165380666.192627 1764165380666 1764165380673
8918 4265021330 1764165380699.528076 1764165380700 1764165380707
8919 4265054674 1764165380732.864746 1764165380733 1764165380740
8920 4265088018 1764165380766.201172 1764165380766 1764165380773
8921 4265121362 1764165380799.537598 1764165380800 1764165380807
8922 4265154706 1764165380832.874023 1764165380833 1764165380840
8923 4265188050 1764165380866.210693 1764165380866 1764165380873
8924 4265221394 1764165380899.547119 1764165380900 1764165380907
8925 4265254738 1764165380932.883545 1764165380932 1764165380940
8926 4265288082 1764165380966.219971 1764165380966 1764165380973
8927 4265321426 1764165380999.556396 1764165381000 1764165381007
8928 4265354770 1764165381032.893066 1764165381032 1764165381040
8929 4265388114 1764165381066.229492 1764165381066 1764165381073
8930 4265421458 1764165381099.565918 1764165381100 1764165381107
8931 4265454801 1764165381132.901367 1764165381132 1764165381140
8932 4265488145 1764165381166.237793 1764165381166 1764165381173
8933 4265554833 1764165381232.910645 1764165381232 1764165381240
8934 4265588177 1764165381266.247070 1764165381266 1764165381273
8935 4265621521 1764165381299.583252 1764165381300 1764165381307
8936 4265654865 1764165381332.919678 1764165381332 1764165381340
8937 4265688209 1764165381366.256104 1764165381366 1764165381373
8938 4265721553 1764165381399.592529 1764165381400 1764165381407
8939 4265754897 1764165381432.928955 1764165381432 1764165381440
8940 4265788241 1764165381466.265381 1764165381467 1764165381474
8941 4265821585 1764165381499.601562 1764165381500 1764165381507
8942 4265854929 1764165381532.937988 1764165381532 1764165381540
8943 4265888273 1764165381566.274414 1764165381566 1764165381573
8944 4265921616 1764165381599.609619 1764165381599 1764165381607
8945 4265954960 1764165381632.946045 1764165381632 1764165381640
8946 4265988304 1764165381666.282471 1764165381666 1764165381673
8947 4266021648 1764165381699.618652 1764165381700 1764165381707
8948 4266054992 1764165381732.955078 1764165381732 1764165381740
8949 4266088336 1764165381766.291504 1764165381766 1764165381773
8950 4266121680 1764165381799.627686 1764165381800 1764165381807
8951 4266155024 1764165381832.964111 1764165381832 1764165381840
8952 4266188368 1764165381866.300293 1764165381866 1764165381873
8953 4266221712 1764165381899.636719 1764165381900 1764165381907
8954 4266255056 1764165381932.972900 1764165381932 1764165381940
8955 4266288400 1764165381966.309326 1764165381966 1764165381973
8956 4266321744 1764165381999.645508 1764165382000 1764165382007
8957 4266355087 1764165382032.980713 1764165382032 1764165382040
8958 4266388431 1764165382066.317139 1764165382066 1764165382073
8959 4266421775 1764165382099.653320 1764165382100 1764165382107
8960 4266455119 1764165382132.989502 1764165382132 1764165382140
8961 4266488463 1764165382166.325684 1764165382166 1764165382173
8962 4266521807 1764165382199.662109 1764165382200 1764165382207
8963 4266555151 1764165382232.998291 1764165382232 1764165382240
8964 4266588495 1764165382266.334473 1764165382266 1764165382273
8965 4266621839 1764165382299.670654 1764165382300 1764165382307
8966 4266655183 1764165382333.006836 1764165382332 1764165382340
8967 4266688527 1764165382366.343018 1764165382367 1764165382374
8968 4266721871 1764165382399.679199 1764165382400 1764165382407
8969 4266755215 1764165382433.015381 1764165382432 1764165382440
8970 4266788558 1764165382466.350586 1764165382466 1764165382473
8971 4266821902 1764165382499.686768 1764165382500 1764165382507
8972 4266855246 1764165382533.022949 1764165382532 1764165382542
8973 4266888590 1764165382566.359131 1764165382566 1764165382573
8974 4266921934 1764165382599.695312 1764165382600 1764165382607
8975 4266955278 1764165382633.031494 1764165382632 1764165382641
8976 4266988622 1764165382666.367432 1764165382666 1764165382673
8977 4267021966 1764165382699.703857 1764165382700 1764165382707
8978 4267055310 1764165382733.040283 1764165382732 1764165382740
8979 4267088654 1764165382766.376709 1764165382766 1764165382773
8980 4267121998 1764165382799.713135 1764165382800 1764165382807
8981 4267155342 1764165382833.049561 1764165382832 1764165382840
8982 4267188686 1764165382866.385986 1764165382866 1764165382873
8983 4267222030 1764165382899.722412 1764165382900 1764165382907
8984 4267255373 1764165382933.057861 1764165382932 1764165382940
8985 4267288717 1764165382966.394287 1764165382966 1764165382973
8986 4267322061 1764165382999.730713 1764165383000 1764165383007
8987 4267355405 1764165383033.067139 1764165383032 1764165383040
8988 4267388749 1764165383066.403564 1764165383066 1764165383073
8989 4267422093 1764165383099.739746 1764165383100 1764165383107
8990 4267455437 1764165383133.076172 1764165383132 1764165383140
8991 4267488781 1764165383166.412598 1764165383166 1764165383173
8992 4267522125 1764165383199.749023 1764165383200 1764165383207
8993 4267555469 1764165383233.085205 1764165383233 1764165383240
8994 4267588813 1764165383266.421631 1764165383266 1764165383273
8995 4267622157 1764165383299.758057 1764165383300 1764165383307
8996 4267655501 1764165383333.094482 1764165383333 1764165383340
8997 4267688844 1764165383366.429688 1764165383366 1764165383373
8998 4267722188 1764165383399.766113 1764165383400 1764165383407
8999 4267755532 1764165383433.102295 1764165383433 1764165383442
9000 4267788876 1764165383466.438721 1764165383466 1764165383473
9001 4267822220 1764165383499.775146 1764165383499 1764165383507
9002 4267855564 1764165383533.111328 1764165383533 1764165383540
9003 4267888908 1764165383566.447754 1764165383566 1764165383573
9004 4267922252 1764165383599.783936 1764165383600 1764165383607
9005 4267955596 1764165383633.120361 1764165383633 1764165383642
9006 4267988940 1764165383666.456543 1764165383666 1764165383673
9007 4268022284 1764165383699.792725 1764165383700 1764165383707
9008 4268055628 1764165383733.128662 1764165383733 1764165383740
9009 4268088972 1764165383766.464600 1764165383766 1764165383773
9010 4268122315 1764165383799.799561 1764165383800 1764165383807
9011 4268155659 1764165383833.135498 1764165383833 1764165383840
9012 4268189003 1764165383866.471436 1764165383866 1764165383873
9013 4268222347 1764165383899.807617 1764165383900 1764165383907
9014 4268255691 1764165383933.143555 1764165383933 1764165383940
9015 4268289035 1764165383966.479492 1764165383966 1764165383973
9016 4268322379 1764165383999.815430 1764165384000 1764165384007
9017 4268355723 1764165384033.151123 1764165384033 1764165384040
9018 4268389067 1764165384066.487061 1764165384066 1764165384073
9019 4268422411 1764165384099.822998 1764165384100 1764165384107
9020 4268455755 1764165384133.158936 1764165384133 1764165384140
9021 4268489099 1764165384166.494873 1764165384166 1764165384174
9022 4268522443 1764165384199.830811 1764165384200 1764165384207
9023 4268555787 1764165384233.166504 1764165384233 1764165384240
9024 4268589130 1764165384266.501465 1764165384267 1764165384274
9025 4268622474 1764165384299.837402 1764165384300 1764165384307
9026 4268655818 1764165384333.173096 1764165384333 1764165384340
9027 4268689162 1764165384366.509033 1764165384367 1764165384374
9028 4268722506 1764165384399.844727 1764165384400 1764165384407
9029 4268755850 1764165384433.180664 1764165384433 1764165384442
9030 4268789194 1764165384466.516357 1764165384466 1764165384473
9031 4268822538 1764165384499.852295 1764165384500 1764165384507
9032 4268855882 1764165384533.187988 1764165384533 1764165384540
9033 4268889226 1764165384566.523926 1764165384567 1764165384574
9034 4268922570 1764165384599.859619 1764165384600 1764165384607
9035 4268955914 1764165384633.195312 1764165384633 1764165384640
9036 4268989258 1764165384666.531250 1764165384667 1764165384674
9037 4269022601 1764165384699.865967 1764165384700 1764165384707
9038 4269055945 1764165384733.201904 1764165384733 1764165384740
9039 4269089289 1764165384766.537842 1764165384767 1764165384774
9040 4269122633 1764165384799.873535 1764165384800 1764165384807
9041 4269155977 1764165384833.209473 1764165384833 1764165384840
9042 4269189321 1764165384866.545166 1764165384867 1764165384874
9043 4269222665 1764165384899.881104 1764165384899 1764165384907
9044 4269256009 1764165384933.216797 1764165384933 1764165384940
9045 4269289353 1764165384966.552734 1764165384967 1764165384974
9046 4269322697 1764165384999.888428 1764165384999 1764165385007
9047 4269356041 1764165385033.224365 1764165385033 1764165385040
9048 4269389385 1764165385066.560059 1764165385067 1764165385074
9049 4269422729 1764165385099.895752 1764165385099 1764165385107
9050 4269456072 1764165385133.230469 1764165385133 1764165385140
9051 4269489416 1764165385166.566406 1764165385167 1764165385174
9052 4269522760 1764165385199.902100 1764165385199 1764165385207
9053 4269556104 1764165385233.237793 1764165385233 1764165385240
9054 4269589448 1764165385266.573486 1764165385267 1764165385274
9055 4269622792 1764165385299.909180 1764165385299 1764165385307
9056 4269656136 1764165385333.244873 1764165385333 1764165385340
9057 4269689480 1764165385366.580566 1764165385367 1764165385374
9058 4269722824 1764165385399.916260 1764165385399 1764165385407
9059 4269756168 1764165385433.251953 1764165385433 1764165385440
9060 4269789512 1764165385466.587646 1764165385467 1764165385474
9061 4269822856 1764165385499.923340 1764165385499 1764165385507
9062 4269856200 1764165385533.258789 1764165385533 1764165385540
9063 4269889544 1764165385566.594482 1764165385567 1764165385574
9064 4269922887 1764165385599.929199 1764165385599 1764165385607
9065 4269956231 1764165385633.264648 1764165385633 1764165385640
9066 4269989575 1764165385666.600342 1764165385667 1764165385674
9067 4270022919 1764165385699.936523 1764165385699 1764165385707
9068 4270056263 1764165385733.272705 1764165385733 1764165385740
9069 4270089607 1764165385766.608887 1764165385767 1764165385774
9070 4270122951 1764165385799.945068 1764165385799 1764165385807
9071 4270156295 1764165385833.281250 1764165385833 1764165385840
9072 4270189639 1764165385866.617432 1764165385867 1764165385874
9073 4270222983 1764165385899.953613 1764165385899 1764165385907
9074 4270256327 1764165385933.289795 1764165385933 1764165385940
9075 4270289671 1764165385966.625977 1764165385967 1764165385974
9076 4270323015 1764165385999.962158 1764165385999 1764165386007
9077 4270356358 1764165386033.297363 1764165386033 1764165386040
9078 4270389702 1764165386066.633301 1764165386067 1764165386074
9079 4270423046 1764165386099.969482 1764165386099 1764165386107
9080 4270456390 1764165386133.305664 1764165386133 1764165386140
9081 4270489734 1764165386166.641846 1764165386167 1764165386174
9082 4270523078 1764165386199.978027 1764165386199 1764165386207
9083 4270556422 1764165386233.313965 1764165386233 1764165386240
9084 4270589766 1764165386266.650146 1764165386267 1764165386274
9085 4270623110 1764165386299.986328 1764165386299 1764165386307
9086 4270656454 1764165386333.322266 1764165386333 1764165386340
9087 4270689798 1764165386366.658447 1764165386367 1764165386374
9088 4270723142 1764165386399.994385 1764165386399 1764165386407
9089 4270756486 1764165386433.330566 1764165386433 1764165386440
9090 4270789829 1764165386466.665527 1764165386467 1764165386474
9091 4270823173 1764165386500.001709 1764165386499 1764165386507
9092 4270856517 1764165386533.337646 1764165386533 1764165386540
9093 4270889861 1764165386566.673828 1764165386567 1764165386574
9094 4270923205 1764165386600.009766 1764165386599 1764165386607
9095 4270956549 1764165386633.345947 1764165386633 1764165386640
9096 4270989893 1764165386666.681885 1764165386667 1764165386674
9097 4271023237 1764165386700.017822 1764165386700 1764165386708
9098 4271056581 1764165386733.353516 1764165386733 1764165386740
9099 4271089925 1764165386766.689209 1764165386767 1764165386774
9100 4271123269 1764165386800.025146 1764165386800 1764165386807
9101 4271156613 1764165386833.360840 1764165386833 1764165386840
9102 4271189957 1764165386866.696533 1764165386867 1764165386874
9103 4271223301 1764165386900.032227 1764165386899 1764165386907
9104 4271256644 1764165386933.366943 1764165386933 1764165386940
9105 4271289988 1764165386966.702637 1764165386967 1764165386974
9106 4271323332 1764165387000.038330 1764165386999 1764165387007
9107 4271356676 1764165387033.374023 1764165387033 1764165387040
9108 4271390020 1764165387066.709717 1764165387067 1764165387074
9109 4271423364 1764165387100.045410 1764165387099 1764165387107
9110 4271456708 1764165387133.381104 1764165387133 1764165387140
9111 4271490052 1764165387166.716797 1764165387166 1764165387175
9112 4271523396 1764165387200.052490 1764165387199 1764165387207
9113 4271556740 1764165387233.388184 1764165387233 1764165387240
9114 4271590084 1764165387266.723877 1764165387267 1764165387274
9115 4271623428 1764165387300.059570 1764165387299 1764165387307
9116 4271656772 1764165387333.395020 1764165387333 1764165387340
9117 4271690115 1764165387366.729736 1764165387367 1764165387374
9118 4271723459 1764165387400.065430 1764165387400 1764165387407
9119 4271756803 1764165387433.400879 1764165387433 1764165387440
9120 4271790147 1764165387466.736572 1764165387467 1764165387474
9121 4271823491 1764165387500.072021 1764165387500 1764165387507
9122 4271856835 1764165387533.407715 1764165387533 1764165387540
9123 4271890179 1764165387566.743164 1764165387567 1764165387574
9124 4271923523 1764165387600.078857 1764165387600 1764165387607
9125 4271956867 1764165387633.414307 1764165387633 1764165387640
9126 4271990211 1764165387666.750000 1764165387667 1764165387674
9127 4272023555 1764165387700.085449 1764165387700 1764165387707
9128 4272056899 1764165387733.420898 1764165387733 1764165387740
9129 4272090243 1764165387766.756348 1764165387767 1764165387774
9130 4272123586 1764165387800.090820 1764165387800 1764165387807
9131 4272156930 1764165387833.426514 1764165387833 1764165387840
9132 4272190274 1764165387866.761963 1764165387867 1764165387874
9133 4272223618 1764165387900.097412 1764165387900 1764165387907
9134 4272256962 1764165387933.432861 1764165387933 1764165387940
9135 4272290306 1764165387966.768311 1764165387967 1764165387974
9136 4272323650 1764165388000.103760 1764165388000 1764165388007
9137 4272356994 1764165388033.439209 1764165388033 1764165388040
9138 4272390338 1764165388066.774414 1764165388067 1764165388074
9139 4272423682 1764165388100.109863 1764165388100 1764165388107
9140 4272457026 1764165388133.445312 1764165388133 1764165388140
9141 4272490370 1764165388166.780762 1764165388167 1764165388174
9142 4272523714 1764165388200.115967 1764165388200 1764165388207
9143 4272557058 1764165388233.451416 1764165388234 1764165388243
9144 4272590401 1764165388266.785889 1764165388267 1764165388274
9145 4272623745 1764165388300.121094 1764165388300 1764165388307
9146 4272657089 1764165388333.456543 1764165388333 1764165388340
9147 4272690433 1764165388366.791748 1764165388367 1764165388374
9148 4272723777 1764165388400.127197 1764165388400 1764165388407
9149 4272757121 1764165388433.462402 1764165388433 1764165388440
9150 4272790465 1764165388466.797607 1764165388467 1764165388474
9151 4272823809 1764165388500.133057 1764165388500 1764165388507
9152 4272857153 1764165388533.468262 1764165388534 1764165388541
9153 4272890497 1764165388566.803467 1764165388567 1764165388574
9154 4272923841 1764165388600.138916 1764165388600 1764165388607
9155 4272957185 1764165388633.474121 1764165388634 1764165388641
9156 4272990529 1764165388666.809326 1764165388667 1764165388674
9157 4273023872 1764165388700.144043 1764165388700 1764165388707
9158 4273057216 1764165388733.479980 1764165388734 1764165388741
9159 4273090560 1764165388766.815918 1764165388767 1764165388774
9160 4273123904 1764165388800.151611 1764165388800 1764165388807
9161 4273157248 1764165388833.487549 1764165388834 1764165388841
9162 4273190592 1764165388866.823242 1764165388866 1764165388874
9163 4273223936 1764165388900.159180 1764165388900 1764165388907
9164 4273257280 1764165388933.494873 1764165388934 1764165388941
9165 4273290624 1764165388966.830566 1764165388967 1764165388974
9166 4273323968 1764165389000.166504 1764165389000 1764165389007
9167 4273357312 1764165389033.502197 1764165389034 1764165389041
9168 4273390656 1764165389066.837891 1764165389067 1764165389074
9169 4273424000 1764165389100.173828 1764165389100 1764165389107
9170 4273457343 1764165389133.508545 1764165389134 1764165389141
9171 4273490687 1764165389166.844238 1764165389166 1764165389174
9172 4273524031 1764165389200.179932 1764165389200 1764165389207
9173 4273557375 1764165389233.515869 1764165389234 1764165389241
9174 4273590719 1764165389266.851562 1764165389266 1764165389274
9175 4273624063 1764165389300.187256 1764165389300 1764165389307
9176 4273657407 1764165389333.522949 1764165389334 1764165389341
9177 4273690751 1764165389366.858643 1764165389366 1764165389374
9178 4273724095 1764165389400.194336 1764165389400 1764165389407
9179 4273757439 1764165389433.530029 1764165389434 1764165389441
9180 4273790783 1764165389466.865723 1764165389466 1764165389474
9181 4273824127 1764165389500.201416 1764165389500 1764165389507
9182 4273857471 1764165389533.537109 1764165389534 1764165389541
9183 4273890815 1764165389566.872803 1764165389566 1764165389574
9184 4273924158 1764165389600.207275 1764165389600 1764165389607
9185 4273957502 1764165389633.542969 1764165389634 1764165389641
9186 4273990846 1764165389666.878662 1764165389666 1764165389674
9187 4274024190 1764165389700.214844 1764165389700 1764165389707
9188 4274057534 1764165389733.550781 1764165389734 1764165389741
9189 4274090878 1764165389766.886719 1764165389766 1764165389774
9190 4274124222 1764165389800.222900 1764165389800 1764165389807
9191 4274157566 1764165389833.558838 1764165389834 1764165389841
9192 4274190910 1764165389866.894775 1764165389866 1764165389874
9193 4274224254 1764165389900.230957 1764165389900 1764165389907
9194 4274257598 1764165389933.566895 1764165389933 1764165389943
9195 4274290942 1764165389966.903076 1764165389966 1764165389974
9196 4274324286 1764165390000.239014 1764165390000 1764165390007
9197 4274357629 1764165390033.573975 1764165390034 1764165390041
9198 4274390973 1764165390066.909912 1764165390066 1764165390074
9199 4274424317 1764165390100.246094 1764165390100 1764165390107
9200 4274457661 1764165390133.582031 1764165390134 1764165390141
9201 4274491005 1764165390166.917969 1764165390166 1764165390174
9202 4274524349 1764165390200.254150 1764165390200 1764165390207
9203 4274557693 1764165390233.590088 1764165390234 1764165390241
9204 4274591037 1764165390266.926025 1764165390266 1764165390274
9205 4274624381 1764165390300.261963 1764165390300 1764165390307
9206 4274657725 1764165390333.598145 1764165390334 1764165390341
9207 4274691069 1764165390366.934082 1764165390366 1764165390374
9208 4274724413 1764165390400.270020 1764165390400 1764165390407
9209 4274757757 1764165390433.605957 1764165390434 1764165390441
9210 4274791100 1764165390466.940918 1764165390466 1764165390474
9211 4274824444 1764165390500.276855 1764165390500 1764165390507
9212 4274857788 1764165390533.613037 1764165390533 1764165390541
9213 4274891132 1764165390566.948975 1764165390566 1764165390574
9214 4274924476 1764165390600.284912 1764165390600 1764165390607
9215 4274957820 1764165390633.620850 1764165390634 1764165390641
9216 4274991164 1764165390666.956787 1764165390666 1764165390674
9217 4275024508 1764165390700.292236 1764165390700 1764165390707
9218 4275057852 1764165390733.627930 1764165390734 1764165390741
9219 4275091196 1764165390766.963379 1764165390766 1764165390774
9220 4275124540 1764165390800.298828 1764165390800 1764165390807
9221 4275157884 1764165390833.634277 1764165390833 1764165390841
9222 4275191228 1764165390866.969727 1764165390866 1764165390874
9223 4275224572 1764165390900.305176 1764165390901 1764165390908
9224 4275257915 1764165390933.639648 1764165390934 1764165390941
9225 4275291259 1764165390966.975098 1764165390966 1764165390974
9226 4275324603 1764165391000.310547 1764165391000 1764165391007
9227 4275357947 1764165391033.645996 1764165391034 1764165391041
9228 4275391291 1764165391066.981445 1764165391067 1764165391074
9229 4275424635 1764165391100.316895 1764165391101 1764165391108
9230 4275457979 1764165391133.652344 1764165391134 1764165391141
9231 4275491323 1764165391166.987549 1764165391166 1764165391174
9232 4275524667 1764165391200.322998 1764165391200 1764165391207
9233 4275558011 1764165391233.658447 1764165391234 1764165391241
9234 4275591355 1764165391266.993896 1764165391267 1764165391274
9235 4275624699 1764165391300.329102 1764165391300 1764165391307
9236 4275658043 1764165391333.664551 1764165391334 1764165391341
9237 4275691386 1764165391366.999023 1764165391367 1764165391374
9238 4275724730 1764165391400.334229 1764165391400 1764165391407
9239 4275758074 1764165391433.669678 1764165391434 1764165391441
9240 4275791418 1764165391467.004883 1764165391467 1764165391474
9241 4275824762 1764165391500.340332 1764165391500 1764165391507
9242 4275858106 1764165391533.675537 1764165391534 1764165391541
9243 4275891450 1764165391567.010986 1764165391567 1764165391574
9244 4275924794 1764165391600.346191 1764165391600 1764165391607
9245 4275958138 1764165391633.681641 1764165391634 1764165391641
9246 4275991482 1764165391667.016846 1764165391667 1764165391674
9247 4276024826 1764165391700.353271 1764165391701 1764165391708
9248 4276058170 1764165391733.689453 1764165391734 1764165391741
9249 4276091514 1764165391767.025879 1764165391767 1764165391774
9250 4276124857 1764165391800.361328 1764165391801 1764165391808
9251 4276158201 1764165391833.697510 1764165391834 1764165391841
9252 4276191545 1764165391867.033936 1764165391867 1764165391874
9253 4276224889 1764165391900.370361 1764165391901 1764165391908
9254 4276258233 1764165391933.706543 1764165391933 1764165391941
9255 4276291577 1764165391967.042969 1764165391967 1764165391974
9256 4276324921 1764165392000.379395 1764165392001 1764165392008
9257 4276358265 1764165392033.715576 1764165392033 1764165392041
9258 4276391609 1764165392067.052002 1764165392067 1764165392074
9259 4276424953 1764165392100.388428 1764165392101 1764165392108
9260 4276458297 1764165392133.724609 1764165392133 1764165392141
9261 4276491641 1764165392167.061035 1764165392167 1764165392174
9262 4276524985 1764165392200.397461 1764165392201 1764165392208
9263 4276558329 1764165392233.733643 1764165392233 1764165392241
9264 4276591672 1764165392267.069092 1764165392267 1764165392274
9265 4276625016 1764165392300.405518 1764165392301 1764165392308
9266 4276658360 1764165392333.741699 1764165392333 1764165392341
9267 4276691704 1764165392367.078125 1764165392367 1764165392374
9268 4276725048 1764165392400.414551 1764165392401 1764165392408
9269 4276758392 1764165392433.750732 1764165392433 1764165392441
9270 4276791736 1764165392467.087158 1764165392467 1764165392474
9271 4276825080 1764165392500.423340 1764165392501 1764165392508
9272 4276858424 1764165392533.759766 1764165392533 1764165392541
9273 4276891768 1764165392567.096191 1764165392568 1764165392575
9274 4276925112 1764165392600.432373 1764165392601 1764165392608
9275 4276958456 1764165392633.768799 1764165392633 1764165392641
9276 4276991800 1764165392667.105225 1764165392667 1764165392674
9277 4277025143 1764165392700.441650 1764165392701 1764165392708
9278 4277058487 1764165392733.779297 1764165392734 1764165392741
9279 4277091831 1764165392767.116943 1764165392767 1764165392774
9280 4277125175 1764165392800.454590 1764165392801 1764165392808
9281 4277158519 1764165392833.792236 1764165392834 1764165392841
9282 4277191863 1764165392867.129883 1764165392868 1764165392875
9283 4277225207 1764165392900.467529 1764165392901 1764165392908
9284 4277258551 1764165392933.805176 1764165392934 1764165392941
9285 4277291895 1764165392967.142822 1764165392967 1764165392974
9286 4277325239 1764165393000.480469 1764165393001 1764165393008
9287 4277358583 1764165393033.818359 1764165393034 1764165393041
9288 4277391927 1764165393067.156006 1764165393067 1764165393074
9289 4277425271 1764165393100.493652 1764165393101 1764165393108
9290 4277458614 1764165393133.830322 1764165393134 1764165393141
9291 4277491958 1764165393167.168213 1764165393168 1764165393175
9292 4277525302 1764165393200.505859 1764165393201 1764165393208
9293 4277558646 1764165393233.843506 1764165393234 1764165393241
9294 4277591990 1764165393267.181396 1764165393268 1764165393275
9295 4277625334 1764165393300.519043 1764165393301 1764165393308
9296 4277658678 1764165393333.856934 1764165393334 1764165393341
9297 4277692022 1764165393367.194580 1764165393368 1764165393375
9298 4277725366 1764165393400.532471 1764165393400 1764165393408
9299 4277758710 1764165393433.870117 1764165393434 1764165393441
9300 4277792054 1764165393467.208008 1764165393468 1764165393475
9301 4277825398 1764165393500.545654 1764165393500 1764165393508
9302 4277858742 1764165393533.883545 1764165393534 1764165393541
9303 4277892086 1764165393567.221436 1764165393568 1764165393575
9304 4277925429 1764165393600.558105 1764165393600 1764165393608
9305 4277958773 1764165393633.895996 1764165393634 1764165393641
9306 4277992117 1764165393667.233887 1764165393668 1764165393675
9307 4278025461 1764165393700.573486 1764165393700 1764165393708
9308 4278058805 1764165393733.913086 1764165393734 1764165393741
9309 4278092149 1764165393767.252686 1764165393768 1764165393775
9310 4278125493 1764165393800.592285 1764165393800 1764165393808
9311 4278158837 1764165393833.932129 1764165393834 1764165393841
9312 4278192181 1764165393867.271729 1764165393868 1764165393875
9313 4278225525 1764165393900.611572 1764165393900 1764165393908
9314 4278258869 1764165393933.951416 1764165393934 1764165393941
9315 4278292213 1764165393967.291016 1764165393968 1764165393975
9316 4278325557 1764165394000.630859 1764165394000 1764165394008
9317 4278358900 1764165394033.969727 1764165394034 1764165394041
9318 4278392244 1764165394067.309570 1764165394068 1764165394075
9319 4278425588 1764165394100.649414 1764165394100 1764165394108
9320 4278458932 1764165394133.989258 1764165394134 1764165394141
9321 4278492276 1764165394167.329346 1764165394168 1764165394175
9322 4278525620 1764165394200.669189 1764165394201 1764165394208
9323 4278558964 1764165394234.009033 1764165394234 1764165394241
9324 4278592308 1764165394267.349121 1764165394268 1764165394275
9325 4278625652 1764165394300.689209 1764165394301 1764165394308
9326 4278658996 1764165394334.029053 1764165394335 1764165394342
9327 4278692340 1764165394367.369141 1764165394368 1764165394375
9328 4278725684 1764165394400.709229 1764165394401 1764165394408
9329 4278759028 1764165394434.049316 1764165394434 1764165394441
9330 4278792371 1764165394467.388428 1764165394468 1764165394475
9331 4278825715 1764165394500.728516 1764165394501 1764165394508
9332 4278859059 1764165394534.068604 1764165394534 1764165394541
9333 4278892403 1764165394567.408936 1764165394568 1764165394575
9334 4278925747 1764165394600.749023 1764165394601 1764165394608
9335 4278959091 1764165394634.089355 1764165394635 1764165394642
9336 4278992435 1764165394667.429443 1764165394667 1764165394675
9337 4279025779 1764165394700.769043 1764165394701 1764165394711
9338 4279059123 1764165394734.108398 1764165394735 1764165394742
9339 4279092467 1764165394767.447998 1764165394768 1764165394775
9340 4279125811 1764165394800.787598 1764165394801 1764165394808
9341 4279159155 1764165394834.127197 1764165394835 1764165394842
9342 4279192499 1764165394867.466797 1764165394867 1764165394875
9343 4279225843 1764165394900.806396 1764165394901 1764165394908
9344 4279259186 1764165394934.145020 1764165394935 1764165394942
9345 4279292530 1764165394967.484863 1764165394967 1764165394975
9346 4279325874 1764165395000.824463 1764165395001 1764165395008
9347 4279359218 1764165395034.164307 1764165395035 1764165395042
9348 4279392562 1764165395067.503906 1764165395067 1764165395075
9349 4279425906 1764165395100.843750 1764165395101 1764165395108
9350 4279459250 1764165395134.183594 1764165395135 1764165395142
9351 4279492594 1764165395167.523193 1764165395167 1764165395175
9352 4279525938 1764165395200.863037 1764165395201 1764165395208
9353 4279559282 1764165395234.202881 1764165395235 1764165395242
9354 4279592626 1764165395267.542725 1764165395267 1764165395275
9355 4279625970 1764165395300.882812 1764165395301 1764165395308
9356 4279659314 1764165395334.222656 1764165395335 1764165395342
9357 4279692657 1764165395367.561523 1764165395367 1764165395375
9358 4279726001 1764165395400.901611 1764165395401 1764165395408
9359 4279759345 1764165395434.241455 1764165395435 1764165395442
9360 4279792689 1764165395467.581543 1764165395467 1764165395475
9361 4279826033 1764165395500.921387 1764165395501 1764165395508
9362 4279859377 1764165395534.261475 1764165395535 1764165395542
9363 4279892721 1764165395567.601562 1764165395567 1764165395575
9364 4279926065 1764165395600.941650 1764165395601 1764165395608
9365 4279959409 1764165395634.281738 1764165395635 1764165395642
9366 4279992753 1764165395667.621826 1764165395667 1764165395675
9367 4280026097 1764165395700.961914 1764165395701 1764165395708
9368 4280059441 1764165395734.302002 1764165395735 1764165395742
9369 4280092785 1764165395767.642090 1764165395768 1764165395775
9370 4280126128 1764165395800.981201 1764165395801 1764165395808
9371 4280159472 1764165395834.321289 1764165395835 1764165395842
9372 4280192816 1764165395867.661621 1764165395868 1764165395875
9373 4280226160 1764165395901.001709 1764165395901 1764165395908
9374 4280259504 1764165395934.342041 1764165395935 1764165395942
9375 4280292848 1764165395967.682129 1764165395968 1764165395975
9376 4280326192 1764165396001.022461 1764165396001 1764165396008
9377 4280359536 1764165396034.362793 1764165396035 1764165396042
9378 4280392880 1764165396067.703125 1764165396068 1764165396075
9379 4280426224 1764165396101.043457 1764165396102 1764165396109
9380 4280459568 1764165396134.383789 1764165396135 1764165396142
9381 4280492912 1764165396167.724121 1764165396168 1764165396175
9382 4280526256 1764165396201.064453 1764165396202 1764165396209
9383 4280559600 1764165396234.404785 1764165396235 1764165396242
9384 4280592943 1764165396267.744385 1764165396268 1764165396275
9385 4280626287 1764165396301.084717 1764165396302 1764165396309
9386 4280659631 1764165396334.425293 1764165396334 1764165396342
9387 4280692975 1764165396367.765869 1764165396368 1764165396375
9388 4280726319 1764165396401.106445 1764165396402 1764165396409
9389 4280759663 1764165396434.446777 1764165396434 1764165396442
9390 4280793007 1764165396467.787354 1764165396468 1764165396475
9391 4280826351 1764165396501.128174 1764165396502 1764165396509
9392 4280859695 1764165396534.468750 1764165396534 1764165396542
9393 4280893039 1764165396567.809326 1764165396568 1764165396575
9394 4280926383 1764165396601.149902 1764165396602 1764165396609
9395 4280959727 1764165396634.490723 1764165396634 1764165396642
9396 4280993071 1764165396667.831299 1764165396668 1764165396675
9397 4281026414 1764165396701.170898 1764165396702 1764165396709
9398 4281059758 1764165396734.511719 1764165396734 1764165396742
9399 4281093102 1764165396767.852295 1764165396768 1764165396775
9400 4281126446 1764165396801.193115 1764165396802 1764165396809
9401 4281159790 1764165396834.533936 1764165396834 1764165396842
9402 4281193134 1764165396867.874756 1764165396868 1764165396875
9403 4281226478 1764165396901.215576 1764165396902 1764165396909
9404 4281259822 1764165396934.556396 1764165396934 1764165396942
9405 4281293166 1764165396967.897217 1764165396968 1764165396975
9406 4281326510 1764165397001.238037 1764165397002 1764165397009
9407 4281359854 1764165397034.578857 1764165397035 1764165397042
9408 4281393198 1764165397067.919922 1764165397068 1764165397075
9409 4281426542 1764165397101.260986 1764165397102 1764165397109
9410 4281459885 1764165397134.600830 1764165397135 1764165397142
9411 4281493229 1764165397167.941895 1764165397168 1764165397175
9412 4281526573 1764165397201.282959 1764165397202 1764165397209
9413 4281559917 1764165397234.624023 1764165397235 1764165397242
9414 4281593261 1764165397267.965088 1764165397268 1764165397275
9415 4281626605 1764165397301.306152 1764165397302 1764165397309
9416 4281659949 1764165397334.647217 1764165397335 1764165397342
