98345 3311495234 1764164395378.886475 1764164395378 1764164395386
98346 3311528578 1764164395412.222412 1764164395412 1764164395419
98347 3311561922 1764164395445.558350 1764164395446 1764164395453
98348 3311595266 1764164395478.894287 1764164395478 1764164395486
98349 3311628610 1764164395512.230469 1764164395512 1764164395519
98350 3311661954 1764164395545.566406 1764164395546 1764164395553
98351 3311695298 1764164395578.902344 1764164395578 1764164395586
98352 3311728641 1764164395612.237305 1764164395612 1764164395619
98353 3311761985 1764164395645.573242 1764164395646 1764164395653
98354 3311795329 1764164395678.909424 1764164395678 1764164395686
98355 3311828673 1764164395712.245361 1764164395712 1764164395719
98356 3311862017 1764164395745.581299 1764164395746 1764164395753
98357 3311895361 1764164395778.917236 1764164395778 1764164395786
98358 3311928705 1764164395812.253174 1764164395812 1764164395819
98359 3311962049 1764164395845.589111 1764164395846 1764164395853
98360 3311995393 1764164395878.925293 1764164395878 1764164395886
98361 3312028737 1764164395912.261230 1764164395912 1764164395919
98362 3312062081 1764164395945.597168 1764164395946 1764164395953
98363 3312095425 1764164395978.933105 1764164395978 1764164395987
98364 3312128769 1764164396012.269043 1764164396012 1764164396019
98365 3312162112 1764164396045.604004 1764164396046 1764164396053
98366 3312195456 1764164396078.940186 1764164396078 1764164396086
98367 3312228800 1764164396112.276123 1764164396112 1764164396119
98368 3312262144 1764164396145.612061 1764164396146 1764164396153
98369 3312295488 1764164396178.947998 1764164396178 1764164396186
98370 3312328832 1764164396212.283936 1764164396212 1764164396219
98371 3312362176 1764164396245.619873 1764164396246 1764164396253
98372 3312395520 1764164396278.955566 1764164396278 1764164396286
98373 3312428864 1764164396312.291260 1764164396312 1764164396319
98374 3312462208 1764164396345.626953 1764164396346 1764164396353
98375 3312495552 1764164396378.962402 1764164396378 1764164396386
98376 3312528896 1764164396412.298096 1764164396412 1764164396419
98377 3312562240 1764164396445.633789 1764164396446 1764164396453
98378 3312595583 1764164396478.968262 1764164396478 1764164396486
98379 3312628927 1764164396512.303955 1764164396512 1764164396519
98380 3312662271 1764164396545.639648 1764164396546 1764164396553
98381 3312695615 1764164396578.975098 1764164396578 1764164396586
98382 3312728959 1764164396612.310791 1764164396612 1764164396619
98383 3312762303 1764164396645.646240 1764164396646 1764164396653
98384 3312795647 1764164396678.981934 1764164396679 1764164396686
98385 3312828991 1764164396712.317627 1764164396712 1764164396719
98386 3312862335 1764164396745.653076 1764164396746 1764164396753
98387 3312895679 1764164396778.988770 1764164396779 1764164396786
98388 3312929023 1764164396812.324219 1764164396812 1764164396819
98389 3312962367 1764164396845.659912 1764164396846 1764164396853
98390 3312995711 1764164396878.995361 1764164396879 1764164396886
98391 3313029055 1764164396912.331055 1764164396912 1764164396919
98392 3313062398 1764164396945.665527 1764164396946 1764164396953
98393 3313095742 1764164396979.001221 1764164396979 1764164396986
98394 3313129086 1764164397012.336670 1764164397012 1764164397019
98395 3313162430 1764164397045.672119 1764164397046 1764164397053
98396 3313195774 1764164397079.007812 1764164397079 1764164397086
98397 3313229118 1764164397112.343262 1764164397112 1764164397119
98398 3313262462 1764164397145.678955 1764164397146 1764164397153
98399 3313295806 1764164397179.014404 1764164397179 1764164397186
98400 3313329150 1764164397212.349854 1764164397212 1764164397219
98401 3313362494 1764164397245.685547 1764164397246 1764164397253
98402 3313395838 1764164397279.021484 1764164397279 1764164397286
98403 3313429182 1764164397312.357422 1764164397312 1764164397319
98404 3313462526 1764164397345.693359 1764164397346 1764164397353
98405 3313495869 1764164397379.028320 1764164397379 1764164397386
98406 3313529213 1764164397412.364014 1764164397413 1764164397420
98407 3313562557 1764164397445.699951 1764164397446 1764164397453
98408 3313595901 1764164397479.035889 1764164397479 1764164397486
98409 3313629245 1764164397512.371826 1764164397512 1764164397519
98410 3313662589 1764164397545.707520 1764164397545 1764164397553
98411 3313695933 1764164397579.043457 1764164397579 1764164397586
98412 3313729277 1764164397612.379395 1764164397612 1764164397619
98413 3313762621 1764164397645.715088 1764164397646 1764164397653
98414 3313795965 1764164397679.051025 1764164397679 1764164397686
98415 3313829309 1764164397712.386963 1764164397712 1764164397719
98416 3313862653 1764164397745.722656 1764164397746 1764164397753
98417 3313895997 1764164397779.058594 1764164397779 1764164397786
98418 3313929340 1764164397812.393555 1764164397813 1764164397820
98419 3313962684 1764164397845.729248 1764164397846 1764164397853
98420 3313996028 1764164397879.065186 1764164397879 1764164397886
98421 3314029372 1764164397912.401123 1764164397913 1764164397920
98422 3314062716 1764164397945.736816 1764164397946 1764164397953
98423 3314096060 1764164397979.072754 1764164397979 1764164397986
98424 3314129404 1764164398012.408447 1764164398012 1764164398020
98425 3314162748 1764164398045.744385 1764164398046 1764164398053
98426 3314196092 1764164398079.080322 1764164398079 1764164398086
98427 3314229436 1764164398112.416016 1764164398112 1764164398119
98428 3314262780 1764164398145.751953 1764164398146 1764164398153
98429 3314296124 1764164398179.087646 1764164398179 1764164398186
98430 3314329468 1764164398212.423584 1764164398213 1764164398220
98431 3314362812 1764164398245.759277 1764164398246 1764164398253
98432 3314396155 1764164398279.094238 1764164398279 1764164398286
98433 3314429499 1764164398312.430176 1764164398313 1764164398320
98434 3314462843 1764164398345.765869 1764164398345 1764164398353
98435 3314496187 1764164398379.101807 1764164398379 1764164398386
98436 3314529531 1764164398412.437744 1764164398413 1764164398420
98437 3314562875 1764164398445.773438 1764164398446 1764164398453
98438 3314596219 1764164398479.109375 1764164398479 1764164398486
98439 3314629563 1764164398512.445312 1764164398513 1764164398520
98440 3314662907 1764164398545.781250 1764164398546 1764164398553
98441 3314696251 1764164398579.116943 1764164398579 1764164398586
98442 3314729595 1764164398612.452881 1764164398613 1764164398620
98443 3314762939 1764164398645.788818 1764164398645 1764164398653
98444 3314796283 1764164398679.124512 1764164398679 1764164398686
98445 3314829626 1764164398712.459473 1764164398713 1764164398720
98446 3314862970 1764164398745.795166 1764164398745 1764164398753
98447 3314896314 1764164398779.131104 1764164398779 1764164398786
98448 3314929658 1764164398812.467041 1764164398812 1764164398820
98449 3314963002 1764164398845.802734 1764164398845 1764164398853
98450 3314996346 1764164398879.138672 1764164398879 1764164398886
98451 3315029690 1764164398912.474365 1764164398913 1764164398920
98452 3315063034 1764164398945.810303 1764164398945 1764164398953
98453 3315096378 1764164398979.146240 1764164398979 1764164398986
98454 3315129722 1764164399012.481934 1764164399013 1764164399020
98455 3315163066 1764164399045.817871 1764164399045 1764164399053
98456 3315196410 1764164399079.153564 1764164399079 1764164399086
98457 3315229754 1764164399112.489502 1764164399113 1764164399120
98458 3315263097 1764164399145.824219 1764164399145 1764164399153
98459 3315296441 1764164399179.160156 1764164399179 1764164399186
98460 3315329785 1764164399212.495850 1764164399213 1764164399220
98461 3315363129 1764164399245.831787 1764164399245 1764164399253
98462 3315396473 1764164399279.167480 1764164399279 1764164399286
98463 3315429817 1764164399312.503418 1764164399313 1764164399320
98464 3315463161 1764164399345.839111 1764164399345 1764164399353
98465 3315496505 1764164399379.175049 1764164399379 1764164399386
98466 3315529849 1764164399412.510986 1764164399413 1764164399420
98467 3315563193 1764164399445.846680 1764164399445 1764164399453
98468 3315596537 1764164399479.182617 1764164399479 1764164399486
98469 3315629881 1764164399512.518311 1764164399513 1764164399520
98470 3315663225 1764164399545.854248 1764164399545 1764164399553
98471 3315696569 1764164399579.189941 1764164399579 1764164399586
98472 3315729912 1764164399612.524902 1764164399613 1764164399620
98473 3315763256 1764164399645.860596 1764164399645 1764164399653
98474 3315796600 1764164399679.196533 1764164399679 1764164399686
98475 3315829944 1764164399712.532227 1764164399713 1764164399720
98476 3315863288 1764164399745.868164 1764164399745 1764164399753
98477 3315896632 1764164399779.203857 1764164399779 1764164399786
98478 3315929976 1764164399812.539795 1764164399813 1764164399820
98479 3315963320 1764164399845.875488 1764164399845 1764164399853
98480 3315996664 1764164399879.211182 1764164399879 1764164399886
98481 3316030008 1764164399912.547119 1764164399913 1764164399920
98482 3316063352 1764164399945.882812 1764164399945 1764164399953
98483 3316096696 1764164399979.218750 1764164399979 1764164399986
98484 3316130040 1764164400012.554443 1764164400013 1764164400020
98485 3316163383 1764164400045.889160 1764164400045 1764164400053
98486 3316196727 1764164400079.225098 1764164400079 1764164400086
98487 3316230071 1764164400112.560791 1764164400113 1764164400120
98488 3316263415 1764164400145.896484 1764164400145 1764164400153
98489 3316296759 1764164400179.232422 1764164400179 1764164400186
98490 3316330103 1764164400212.568115 1764164400213 1764164400220
98491 3316363447 1764164400245.903809 1764164400245 1764164400253
98492 3316396791 1764164400279.239746 1764164400279 1764164400286
98493 3316430135 1764164400312.575439 1764164400313 1764164400320
98494 3316463479 1764164400345.911377 1764164400345 1764164400353
98495 3316496823 1764164400379.247070 1764164400379 1764164400386
98496 3316530167 1764164400412.583008 1764164400413 1764164400420
98497 3316563511 1764164400445.918701 1764164400445 1764164400453
98498 3316596854 1764164400479.253662 1764164400479 1764164400486
98499 3316630198 1764164400512.589355 1764164400513 1764164400520
98500 3316663542 1764164400545.925293 1764164400545 1764164400553
98501 3316696886 1764164400579.260986 1764164400579 1764164400586
98502 3316730230 1764164400612.596680 1764164400613 1764164400620
98503 3316763574 1764164400645.932617 1764164400645 1764164400653
98504 3316796918 1764164400679.268311 1764164400679 1764164400686
98505 3316830262 1764164400712.604248 1764164400713 1764164400720
98506 3316863606 1764164400745.939941 1764164400746 1764164400753
98507 3316896950 1764164400779.275879 1764164400779 1764164400786
98508 3316930294 1764164400812.611572 1764164400813 1764164400820
98509 3316963638 1764164400845.947266 1764164400846 1764164400853
98510 3316996982 1764164400879.283203 1764164400879 1764164400886
98511 3317030326 1764164400912.618896 1764164400913 1764164400920
98512 3317063669 1764164400945.953613 1764164400946 1764164400953
98513 3317097013 1764164400979.289551 1764164400979 1764164400986
98514 3317130357 1764164401012.625244 1764164401013 1764164401020
98515 3317163701 1764164401045.960938 1764164401046 1764164401053
98516 3317197045 1764164401079.296875 1764164401079 1764164401086
98517 3317230389 1764164401112.632568 1764164401113 1764164401120
98518 3317263733 1764164401145.968262 1764164401146 1764164401153
98519 3317297077 1764164401179.303955 1764164401179 1764164401186
98520 3317330421 1764164401212.639893 1764164401213 1764164401220
98521 3317363765 1764164401245.975586 1764164401246 1764164401253
98522 3317397109 1764164401279.311279 1764164401279 1764164401286
98523 3317430453 1764164401312.647461 1764164401313 1764164401320
98524 3317463797 1764164401345.983643 1764164401347 1764164401354
98525 3317497140 1764164401379.318604 1764164401379 1764164401386
98526 3317530484 1764164401412.654785 1764164401413 1764164401420
98527 3317563828 1764164401445.990967 1764164401446 1764164401453
98528 3317597172 1764164401479.327148 1764164401479 1764164401486
98529 3317630516 1764164401512.663330 1764164401513 1764164401520
98530 3317663860 1764164401545.999268 1764164401546 1764164401553
98531 3317697204 1764164401579.335449 1764164401579 1764164401586
98532 3317730548 1764164401612.671631 1764164401613 1764164401620
98533 3317763892 1764164401646.007812 1764164401646 1764164401653
98534 3317797236 1764164401679.343994 1764164401679 1764164401686
98535 3317830580 1764164401712.679932 1764164401713 1764164401720
98536 3317863924 1764164401746.016113 1764164401746 1764164401753
98537 3317897268 1764164401779.352295 1764164401779 1764164401786
98538 3317930611 1764164401812.687500 1764164401813 1764164401820
98539 3317963955 1764164401846.023682 1764164401846 1764164401853
98540 3317997299 1764164401879.359863 1764164401879 1764164401886
98541 3318030643 1764164401912.695801 1764164401913 1764164401920
98542 3318063987 1764164401946.031982 1764164401946 1764164401953
98543 3318097331 1764164401979.368164 1764164401979 1764164401986
98544 3318130675 1764164402012.704346 1764164402013 1764164402020
98545 3318164019 1764164402046.040527 1764164402046 1764164402053
98546 3318197363 1764164402079.376709 1764164402079 1764164402086
98547 3318230707 1764164402112.712891 1764164402113 1764164402120
98548 3318264051 1764164402146.049072 1764164402146 1764164402153
98549 3318297395 1764164402179.385010 1764164402179 1764164402186
98550 3318330739 1764164402212.721191 1764164402213 1764164402220
98551 3318364083 1764164402246.057373 1764164402246 1764164402253
98552 3318397426 1764164402279.392578 1764164402280 1764164402287
98553 3318430770 1764164402312.728516 1764164402313 1764164402320
98554 3318464114 1764164402346.064453 1764164402346 1764164402353
98555 3318497458 1764164402379.400146 1764164402380 1764164402387
98556 3318530802 1764164402412.736084 1764164402412 1764164402420
98557 3318564146 1764164402446.072021 1764164402446 1764164402453
98558 3318597490 1764164402479.407715 1764164402480 1764164402487
98559 3318630834 1764164402512.743652 1764164402513 1764164402520
98560 3318664178 1764164402546.079590 1764164402546 1764164402553
98561 3318697522 1764164402579.415527 1764164402580 1764164402587
98562 3318730866 1764164402612.751221 1764164402613 1764164402620
98563 3318764210 1764164402646.087158 1764164402646 1764164402653
98564 3318797554 1764164402679.423096 1764164402680 1764164402687
98565 3318830897 1764164402712.757812 1764164402712 1764164402720
98566 3318864241 1764164402746.093750 1764164402746 1764164402753
98567 3318897585 1764164402779.429443 1764164402780 1764164402787
98568 3318930929 1764164402812.765381 1764164402812 1764164402820
98569 3318964273 1764164402846.101318 1764164402846 1764164402853
98570 3318997617 1764164402879.437012 1764164402879 1764164402887
98571 3319030961 1764164402912.772949 1764164402912 1764164402920
98572 3319064305 1764164402946.108643 1764164402946 1764164402953
98573 3319097649 1764164402979.444580 1764164402980 1764164402987
98574 3319130993 1764164403012.780518 1764164403012 1764164403020
98575 3319164337 1764164403046.116211 1764164403046 1764164403053
98576 3319197681 1764164403079.452148 1764164403080 1764164403087
98577 3319231025 1764164403112.787842 1764164403112 1764164403120
98578 3319264368 1764164403146.122803 1764164403146 1764164403153
98579 3319297712 1764164403179.458496 1764164403180 1764164403187
98580 3319331056 1764164403212.794434 1764164403212 1764164403220
98581 3319364400 1764164403246.130127 1764164403246 1764164403253
98582 3319397744 1764164403279.466064 1764164403280 1764164403287
98583 3319431088 1764164403312.802246 1764164403312 1764164403320
98584 3319464432 1764164403346.138428 1764164403346 1764164403353
98585 3319497776 1764164403379.474365 1764164403380 1764164403387
98586 3319531120 1764164403412.810547 1764164403412 1764164403421
98587 3319564464 1764164403446.146729 1764164403446 1764164403453
98588 3319597808 1764164403479.482910 1764164403480 1764164403487
98589 3319631152 1764164403512.819092 1764164403512 1764164403520
98590 3319664496 1764164403546.155273 1764164403546 1764164403553
98591 3319697840 1764164403579.491455 1764164403580 1764164403587
98592 3319731183 1764164403612.826660 1764164403612 1764164403620
98593 3319764527 1764164403646.162842 1764164403646 1764164403653
98594 3319797871 1764164403679.498779 1764164403680 1764164403687
98595 3319831215 1764164403712.834961 1764164403712 1764164403720
98596 3319864559 1764164403746.171143 1764164403746 1764164403753
98597 3319897903 1764164403779.507324 1764164403780 1764164403787
98598 3319931247 1764164403812.843506 1764164403812 1764164403820
98599 3319964591 1764164403846.179688 1764164403847 1764164403854
98600 3319997935 1764164403879.515869 1764164403880 1764164403887
98601 3320031279 1764164403912.852051 1764164403912 1764164403920
98602 3320064623 1764164403946.188232 1764164403946 1764164403953
98603 3320097967 1764164403979.524414 1764164403980 1764164403987
98604 3320131311 1764164404012.860596 1764164404012 1764164404020
98605 3320164654 1764164404046.195801 1764164404046 1764164404053
98606 3320197998 1764164404079.531982 1764164404080 1764164404087
98607 3320231342 1764164404112.868164 1764164404112 1764164404120
98608 3320264686 1764164404146.204346 1764164404146 1764164404153
98609 3320298030 1764164404179.540527 1764164404180 1764164404187
98610 3320331374 1764164404212.876709 1764164404212 1764164404220
98611 3320364718 1764164404246.212891 1764164404246 1764164404253
98612 3320398062 1764164404279.549072 1764164404280 1764164404287
98613 3320431406 1764164404312.885498 1764164404312 1764164404320
98614 3320464750 1764164404346.221680 1764164404346 1764164404353
98615 3320498094 1764164404379.557861 1764164404380 1764164404387
98616 3320531438 1764164404412.894043 1764164404412 1764164404420
98617 3320564782 1764164404446.230225 1764164404446 1764164404453
98618 3320598125 1764164404479.565674 1764164404480 1764164404487
98619 3320631469 1764164404512.901855 1764164404512 1764164404520
98620 3320664813 1764164404546.238037 1764164404546 1764164404553
98621 3320698157 1764164404579.574219 1764164404580 1764164404587
98622 3320731501 1764164404612.910400 1764164404612 1764164404620
98623 3320764845 1764164404646.246826 1764164404646 1764164404653
98624 3320798189 1764164404679.583008 1764164404680 1764164404687
98625 3320831533 1764164404712.919189 1764164404712 1764164404720
98626 3320864877 1764164404746.255371 1764164404746 1764164404753
98627 3320898221 1764164404779.591553 1764164404779 1764164404787
98628 3320931565 1764164404812.927979 1764164404812 1764164404820
98629 3320964909 1764164404846.264160 1764164404846 1764164404853
98630 3320998253 1764164404879.600342 1764164404879 1764164404890
98631 3321031597 1764164404912.936523 1764164404912 1764164404920
98632 3321064940 1764164404946.271973 1764164404946 1764164404953
98633 3321098284 1764164404979.608154 1764164404980 1764164404987
98634 3321131628 1764164405012.944336 1764164405013 1764164405020
98635 3321164972 1764164405046.280518 1764164405046 1764164405053
98636 3321198316 1764164405079.616699 1764164405080 1764164405087
98637 3321231660 1764164405112.953125 1764164405113 1764164405120
98638 3321265004 1764164405146.289307 1764164405146 1764164405153
98639 3321298348 1764164405179.625488 1764164405180 1764164405187
98640 3321331692 1764164405212.961670 1764164405213 1764164405220
98641 3321365036 1764164405246.298096 1764164405246 1764164405253
98642 3321398380 1764164405279.634277 1764164405280 1764164405287
98643 3321431724 1764164405312.970215 1764164405313 1764164405320
98644 3321465068 1764164405346.306152 1764164405346 1764164405353
98645 3321498411 1764164405379.640869 1764164405380 1764164405387
98646 3321531755 1764164405412.976807 1764164405413 1764164405420
98647 3321565099 1764164405446.312744 1764164405446 1764164405453
98648 3321598443 1764164405479.648682 1764164405480 1764164405487
98649 3321631787 1764164405512.984619 1764164405513 1764164405520
98650 3321665131 1764164405546.320312 1764164405546 1764164405553
98651 3321698475 1764164405579.656250 1764164405579 1764164405587
98652 3321731819 1764164405612.992188 1764164405613 1764164405620
98653 3321765163 1764164405646.328125 1764164405646 1764164405653
98654 3321798507 1764164405679.664062 1764164405680 1764164405687
98655 3321831851 1764164405712.999756 1764164405713 1764164405720
98656 3321865195 1764164405746.335693 1764164405746 1764164405753
98657 3321898539 1764164405779.671631 1764164405780 1764164405787
98658 3321931882 1764164405813.006592 1764164405813 1764164405820
98659 3321965226 1764164405846.342285 1764164405846 1764164405853
98660 3321998570 1764164405879.678223 1764164405880 1764164405887
98661 3322031914 1764164405913.014160 1764164405913 1764164405920
98662 3322065258 1764164405946.349854 1764164405946 1764164405953
98663 3322098602 1764164405979.685791 1764164405980 1764164405987
98664 3322131946 1764164406013.021729 1764164406013 1764164406020
98665 3322165290 1764164406046.357666 1764164406046 1764164406053
98666 3322198634 1764164406079.693359 1764164406080 1764164406087
98667 3322231978 1764164406113.029297 1764164406113 1764164406120
98668 3322265322 1764164406146.365234 1764164406146 1764164406153
98669 3322298666 1764164406179.700928 1764164406180 1764164406187
98670 3322332010 1764164406213.036865 1764164406213 1764164406220
98671 3322365354 1764164406246.372803 1764164406246 1764164406253
98672 3322398697 1764164406279.707520 1764164406280 1764164406287
98673 3322432041 1764164406313.045166 1764164406313 1764164406320
98674 3322465385 1764164406346.382568 1764164406346 1764164406353
98675 3322498729 1764164406379.719971 1764164406380 1764164406387
98676 3322532073 1764164406413.057617 1764164406413 1764164406420
98677 3322565417 1764164406446.395020 1764164406447 1764164406454
98678 3322598761 1764164406479.732666 1764164406480 1764164406487
98679 3322632105 1764164406513.070312 1764164406513 1764164406520
98680 3322665449 1764164406546.407959 1764164406547 1764164406554
98681 3322698793 1764164406579.745361 1764164406580 1764164406587
98682 3322732137 1764164406613.083008 1764164406613 1764164406620
98683 3322765481 1764164406646.420654 1764164406647 1764164406654
98684 3322798825 1764164406679.758301 1764164406680 1764164406687
98685 3322832168 1764164406713.094971 1764164406713 1764164406720
98686 3322865512 1764164406746.432617 1764164406747 1764164406754
98687 3322898856 1764164406779.770264 1764164406780 1764164406787
98688 3322932200 1764164406813.107910 1764164406813 1764164406820
98689 3322965544 1764164406846.445801 1764164406847 1764164406854
98690 3322998888 1764164406879.783447 1764164406879 1764164406887
98691 3323032232 1764164406913.121094 1764164406913 1764164406920
98692 3323065576 1764164406946.458984 1764164406947 1764164406954
98693 3323098920 1764164406979.796631 1764164406979 1764164406987
98694 3323132264 1764164407013.134521 1764164407013 1764164407020
98695 3323165608 1764164407046.472168 1764164407047 1764164407054
98696 3323198952 1764164407079.810059 1764164407079 1764164407087
98697 3323232296 1764164407113.147949 1764164407113 1764164407120
98698 3323265639 1764164407146.484619 1764164407147 1764164407154
98699 3323298983 1764164407179.822510 1764164407179 1764164407187
98700 3323332327 1764164407213.160400 1764164407213 1764164407220
98701 3323365671 1764164407246.498291 1764164407247 1764164407254
98702 3323399015 1764164407279.836182 1764164407279 1764164407287
98703 3323432359 1764164407313.172363 1764164407313 1764164407320
98704 3323465703 1764164407346.508789 1764164407347 1764164407354
98705 3323499047 1764164407379.844971 1764164407379 1764164407387
98706 3323532391 1764164407413.181396 1764164407413 1764164407420
98707 3323565735 1764164407446.517578 1764164407447 1764164407454
98708 3323599079 1764164407479.853760 1764164407479 1764164407487
98709 3323632423 1764164407513.190186 1764164407513 1764164407520
98710 3323665767 1764164407546.526367 1764164407547 1764164407554
98711 3323699111 1764164407579.862793 1764164407579 1764164407587
98712 3323732454 1764164407613.197998 1764164407613 1764164407620
98713 3323765798 1764164407646.534424 1764164407647 1764164407654
98714 3323799142 1764164407679.870605 1764164407679 1764164407687
98715 3323832486 1764164407713.207031 1764164407713 1764164407720
98716 3323865830 1764164407746.543213 1764164407747 1764164407754
98717 3323899174 1764164407779.879639 1764164407779 1764164407787
98718 3323932518 1764164407813.215820 1764164407814 1764164407821
98719 3323965862 1764164407846.552246 1764164407847 1764164407854
98720 3323999206 1764164407879.888428 1764164407879 1764164407887
98721 3324032550 1764164407913.224854 1764164407913 1764164407920
98722 3324065894 1764164407946.561035 1764164407947 1764164407954
98723 3324099238 1764164407979.897461 1764164407979 1764164407987
98724 3324132582 1764164408013.233643 1764164408013 1764164408020
98725 3324165925 1764164408046.569092 1764164408047 1764164408054
98726 3324199269 1764164408079.905273 1764164408079 1764164408087
98727 3324232613 1764164408113.241699 1764164408113 1764164408120
98728 3324265957 1764164408146.577881 1764164408147 1764164408154
98729 3324299301 1764164408179.914307 1764164408179 1764164408187
98730 3324332645 1764164408213.250488 1764164408213 1764164408220
98731 3324365989 1764164408246.586914 1764164408247 1764164408254
98732 3324399333 1764164408279.923340 1764164408279 1764164408287
98733 3324432677 1764164408313.266113 1764164408313 1764164408320
98734 3324466021 1764164408346.608887 1764164408347 1764164408354
98735 3324499365 1764164408379.951904 1764164408379 1764164408387
98736 3324532709 1764164408413.294922 1764164408413 1764164408420
98737 3324566053 1764164408446.637939 1764164408447 1764164408454
98738 3324599396 1764164408479.979980 1764164408479 1764164408487
98739 3324632740 1764164408513.322998 1764164408513 1764164408520
98740 3324666084 1764164408546.666260 1764164408547 1764164408554
98741 3324699428 1764164408580.009277 1764164408579 1764164408587
98742 3324732772 1764164408613.352539 1764164408613 1764164408620
98743 3324766116 1764164408646.695801 1764164408647 1764164408654
98744 3324799460 1764164408680.039062 1764164408680 1764164408687
98745 3324832804 1764164408713.382568 1764164408713 1764164408720
98746 3324866148 1764164408746.725830 1764164408747 1764164408754
98747 3324899492 1764164408780.069336 1764164408779 1764164408787
98748 3324932836 1764164408813.412842 1764164408813 1764164408820
98749 3324966180 1764164408846.756348 1764164408847 1764164408854
98750 3324999524 1764164408880.099854 1764164408879 1764164408887
98751 3325032868 1764164408913.443604 1764164408913 1764164408920
98752 3325066211 1764164408946.786133 1764164408947 1764164408954
98753 3325099555 1764164408980.129883 1764164408980 1764164408987
98754 3325132899 1764164409013.473633 1764164409013 1764164409020
98755 3325166243 1764164409046.817627 1764164409047 1764164409054
98756 3325199587 1764164409080.161377 1764164409080 1764164409087
98757 3325232931 1764164409113.505127 1764164409113 1764164409120
98758 3325266275 1764164409146.849121 1764164409147 1764164409154
98759 3325299619 1764164409180.193115 1764164409180 1764164409187
98760 3325332963 1764164409213.537109 1764164409213 1764164409220
98761 3325366307 1764164409246.881104 1764164409247 1764164409254
98762 3325399651 1764164409280.225342 1764164409280 1764164409287
98763 3325432995 1764164409313.560547 1764164409314 1764164409321
98764 3325466339 1764164409346.895752 1764164409347 1764164409354
98765 3325499682 1764164409380.229980 1764164409380 1764164409387
98766 3325533026 1764164409413.565430 1764164409413 1764164409420
98767 3325566370 1764164409446.900635 1764164409447 1764164409454
98768 3325599714 1764164409480.235840 1764164409480 1764164409487
98769 3325633058 1764164409513.571045 1764164409513 1764164409520
98770 3325666402 1764164409546.906250 1764164409547 1764164409554
98771 3325699746 1764164409580.241455 1764164409580 1764164409587
98772 3325733090 1764164409613.576660 1764164409613 1764164409620
98773 3325766434 1764164409646.911865 1764164409647 1764164409654
98774 3325799778 1764164409680.247070 1764164409680 1764164409687
98775 3325833122 1764164409713.582275 1764164409713 1764164409720
98776 3325866466 1764164409746.917480 1764164409747 1764164409754
98777 3325899810 1764164409780.252686 1764164409780 1764164409787
98778 3325933153 1764164409813.586914 1764164409813 1764164409820
98779 3325966497 1764164409846.922119 1764164409847 1764164409854
98780 3325999841 1764164409880.257324 1764164409880 1764164409887
98781 3326033185 1764164409913.592529 1764164409914 1764164409921
98782 3326066529 1764164409946.927490 1764164409947 1764164409954
98783 3326099873 1764164409980.262695 1764164409980 1764164409987
98784 3326133217 1764164410013.597900 1764164410013 1764164410020
98785 3326166561 1764164410046.932861 1764164410047 1764164410054
98786 3326199905 1764164410080.268066 1764164410080 1764164410087
98787 3326233249 1764164410113.603271 1764164410113 1764164410120
98788 3326266593 1764164410146.938232 1764164410147 1764164410154
98789 3326299937 1764164410180.273438 1764164410180 1764164410187
98790 3326333281 1764164410213.608398 1764164410213 1764164410220
98791 3326366625 1764164410246.943604 1764164410247 1764164410254
98792 3326399968 1764164410280.277588 1764164410280 1764164410287
98793 3326433312 1764164410313.612793 1764164410314 1764164410321
98794 3326466656 1764164410346.948242 1764164410347 1764164410354
98795 3326500000 1764164410380.283447 1764164410380 1764164410387
98796 3326533344 1764164410413.618652 1764164410414 1764164410421
98797 3326566688 1764164410446.953857 1764164410447 1764164410454
98798 3326600032 1764164410480.289062 1764164410480 1764164410487
98799 3326633376 1764164410513.624268 1764164410514 1764164410521
98800 3326666720 1764164410546.959473 1764164410547 1764164410554
98801 3326700064 1764164410580.294678 1764164410580 1764164410587
98802 3326733408 1764164410613.629883 1764164410614 1764164410621
98803 3326766752 1764164410646.965088 1764164410647 1764164410654
98804 3326800096 1764164410680.300049 1764164410680 1764164410687
98805 3326833439 1764164410713.634277 1764164410714 1764164410721
98806 3326866783 1764164410746.969482 1764164410747 1764164410754
98807 3326900127 1764164410780.304688 1764164410780 1764164410787
98808 3326933471 1764164410813.639648 1764164410814 1764164410821
98809 3326966815 1764164410846.974854 1764164410846 1764164410854
98810 3327000159 1764164410880.310059 1764164410880 1764164410887
98811 3327033503 1764164410913.645264 1764164410914 1764164410921
98812 3327066847 1764164410946.980225 1764164410947 1764164410954
98813 3327100191 1764164410980.315430 1764164410980 1764164410987
98814 3327133535 1764164411013.650391 1764164411014 1764164411021
98815 3327166879 1764164411046.985596 1764164411047 1764164411054
98816 3327200223 1764164411080.320557 1764164411080 1764164411087
98817 3327233567 1764164411113.655762 1764164411114 1764164411121
98818 3327266910 1764164411146.989746 1764164411146 1764164411154
98819 3327300254 1764164411180.324707 1764164411180 1764164411187
98820 3327333598 1764164411213.659912 1764164411214 1764164411221
98821 3327366942 1764164411246.994873 1764164411246 1764164411254
98822 3327400286 1764164411280.330078 1764164411280 1764164411287
98823 3327433630 1764164411313.665283 1764164411314 1764164411321
98824 3327466974 1764164411347.000732 1764164411346 1764164411354
98825 3327500318 1764164411380.336182 1764164411380 1764164411387
98826 3327533662 1764164411413.671631 1764164411414 1764164411421
98827 3327567006 1764164411447.007080 1764164411446 1764164411454
98828 3327600350 1764164411480.342529 1764164411480 1764164411487
98829 3327633694 1764164411513.677979 1764164411514 1764164411521
98830 3327667038 1764164411547.013184 1764164411546 1764164411554
98831 3327700382 1764164411580.348633 1764164411580 1764164411587
98832 3327733725 1764164411613.683105 1764164411614 1764164411621
98833 3327767069 1764164411647.018311 1764164411646 1764164411654
98834 3327800413 1764164411680.353760 1764164411680 1764164411687
98835 3327833757 1764164411713.689209 1764164411714 1764164411721
98836 3327867101 1764164411747.024414 1764164411746 1764164411754
98837 3327900445 1764164411780.359863 1764164411780 1764164411787
98838 3327933789 1764164411813.695312 1764164411814 1764164411821
98839 3327967133 1764164411847.030518 1764164411846 1764164411854
98840 3328000477 1764164411880.365967 1764164411880 1764164411887
98841 3328033821 1764164411913.701172 1764164411914 1764164411921
98842 3328067165 1764164411947.036621 1764164411946 1764164411954
98843 3328100509 1764164411980.371826 1764164411980 1764164411987
98844 3328133853 1764164412013.707275 1764164412014 1764164412021
98845 3328167196 1764164412047.041504 1764164412046 1764164412054
98846 3328200540 1764164412080.376709 1764164412080 1764164412087
98847 3328233884 1764164412113.712158 1764164412114 1764164412121
98848 3328267228 1764164412147.047363 1764164412146 1764164412154
98849 3328300572 1764164412180.382568 1764164412180 1764164412187
98850 3328333916 1764164412213.718018 1764164412214 1764164412221
98851 3328367260 1764164412247.053223 1764164412246 1764164412254
98852 3328400604 1764164412280.388428 1764164412280 1764164412287
98853 3328433948 1764164412313.723877 1764164412314 1764164412321
98854 3328467292 1764164412347.059326 1764164412346 1764164412354
98855 3328500636 1764164412380.394531 1764164412380 1764164412387
98856 3328533980 1764164412413.729980 1764164412414 1764164412421
98857 3328567324 1764164412447.065430 1764164412446 1764164412454
98858 3328600667 1764164412480.399658 1764164412480 1764164412487
98859 3328634011 1764164412513.735107 1764164412514 1764164412521
98860 3328667355 1764164412547.070312 1764164412546 1764164412554
98861 3328700699 1764164412580.405762 1764164412580 1764164412587
98862 3328734043 1764164412613.740967 1764164412614 1764164412621
98863 3328767387 1764164412647.076416 1764164412646 1764164412654
98864 3328800731 1764164412680.411621 1764164412680 1764164412687
98865 3328834075 1764164412713.747070 1764164412714 1764164412721
98866 3328867419 1764164412747.082275 1764164412746 1764164412754
98867 3328900763 1764164412780.417725 1764164412780 1764164412787
98868 3328934107 1764164412813.752930 1764164412813 1764164412826
98869 3328967451 1764164412847.088135 1764164412846 1764164412854
98870 3329000795 1764164412880.423340 1764164412880 1764164412887
98871 3329034139 1764164412913.758789 1764164412914 1764164412921
98872 3329067482 1764164412947.093018 1764164412946 1764164412954
98873 3329100826 1764164412980.428223 1764164412980 1764164412987
98874 3329134170 1764164413013.763428 1764164413014 1764164413021
98875 3329167514 1764164413047.098633 1764164413046 1764164413054
98876 3329200858 1764164413080.433838 1764164413080 1764164413087
98877 3329234202 1764164413113.769043 1764164413114 1764164413121
98878 3329267546 1764164413147.104248 1764164413146 1764164413154
98879 3329300890 1764164413180.439453 1764164413180 1764164413187
98880 3329334234 1764164413213.774658 1764164413214 1764164413221
98881 3329367578 1764164413247.109863 1764164413247 1764164413254
98882 3329400922 1764164413280.445068 1764164413280 1764164413287
98883 3329434266 1764164413313.782959 1764164413314 1764164413321
98884 3329467610 1764164413347.121094 1764164413347 1764164413354
98885 3329500953 1764164413380.458008 1764164413380 1764164413387
98886 3329534297 1764164413413.795898 1764164413414 1764164413421
98887 3329567641 1764164413447.133789 1764164413447 1764164413454
98888 3329600985 1764164413480.471680 1764164413480 1764164413487
98889 3329634329 1764164413513.809814 1764164413514 1764164413521
98890 3329667673 1764164413547.147705 1764164413548 1764164413555
98891 3329701017 1764164413580.485596 1764164413580 1764164413587
98892 3329734361 1764164413613.823730 1764164413614 1764164413621
98893 3329767705 1764164413647.161621 1764164413647 1764164413654
98894 3329801049 1764164413680.499756 1764164413680 1764164413687
98895 3329834393 1764164413713.837646 1764164413714 1764164413721
98896 3329867737 1764164413747.175781 1764164413747 1764164413754
98897 3329901081 1764164413780.513916 1764164413780 1764164413787
98898 3329934424 1764164413813.850830 1764164413814 1764164413821
98899 3329967768 1764164413847.188965 1764164413847 1764164413854
98900 3330001112 1764164413880.527100 1764164413880 1764164413887
98901 3330034456 1764164413913.865234 1764164413914 1764164413921
98902 3330067800 1764164413947.203125 1764164413947 1764164413954
98903 3330101144 1764164413980.541260 1764164413980 1764164413987
98904 3330134488 1764164414013.879395 1764164414014 1764164414021
98905 3330167832 1764164414047.217529 1764164414047 1764164414054
98906 3330201176 1764164414080.555664 1764164414080 1764164414087
98907 3330234520 1764164414113.893799 1764164414114 1764164414121
98908 3330267864 1764164414147.231934 1764164414147 1764164414154
98909 3330301208 1764164414180.570312 1764164414180 1764164414187
98910 3330334552 1764164414213.908447 1764164414214 1764164414221
98911 3330367896 1764164414247.246582 1764164414247 1764164414254
98912 3330401239 1764164414280.583740 1764164414280 1764164414287
98913 3330434583 1764164414313.918701 1764164414314 1764164414321
98914 3330467927 1764164414347.253906 1764164414347 1764164414354
98915 3330501271 1764164414380.588867 1764164414380 1764164414387
98916 3330534615 1764164414413.923828 1764164414414 1764164414421
98917 3330567959 1764164414447.258789 1764164414447 1764164414455
98918 3330601303 1764164414480.593750 1764164414480 1764164414487
98919 3330634647 1764164414513.928711 1764164414514 1764164414521
98920 3330667991 1764164414547.263672 1764164414547 1764164414554
98921 3330701335 1764164414580.598633 1764164414581 1764164414588
98922 3330734679 1764164414613.933594 1764164414614 1764164414621
98923 3330768023 1764164414647.268555 1764164414647 1764164414654
98924 3330801367 1764164414680.603516 1764164414681 1764164414688
98925 3330834710 1764164414713.937500 1764164414714 1764164414721
98926 3330868054 1764164414747.272461 1764164414747 1764164414754
98927 3330901398 1764164414780.607422 1764164414781 1764164414788
98928 3330934742 1764164414813.942139 1764164414814 1764164414821
98929 3330968086 1764164414847.277100 1764164414847 1764164414854
98930 3331001430 1764164414880.612061 1764164414881 1764164414888
98931 3331034774 1764164414913.946777 1764164414914 1764164414921
98932 3331068118 1764164414947.281738 1764164414947 1764164414954
98933 3331101462 1764164414980.616699 1764164414981 1764164414988
98934 3331134806 1764164415013.951416 1764164415014 1764164415021
98935 3331168150 1764164415047.286377 1764164415047 1764164415054
98936 3331201494 1764164415080.621094 1764164415081 1764164415088
98937 3331234838 1764164415113.955811 1764164415114 1764164415121
98938 3331268181 1764164415147.289795 1764164415147 1764164415154
98939 3331301525 1764164415180.624512 1764164415181 1764164415188
98940 3331334869 1764164415213.959229 1764164415213 1764164415221
98941 3331368213 1764164415247.294189 1764164415247 1764164415254
98942 3331401557 1764164415280.628906 1764164415281 1764164415288
98943 3331434901 1764164415313.963867 1764164415313 1764164415321
98944 3331468245 1764164415347.299072 1764164415347 1764164415354
98945 3331501589 1764164415380.634033 1764164415381 1764164415388
98946 3331534933 1764164415413.968994 1764164415413 1764164415421
98947 3331568277 1764164415447.304199 1764164415447 1764164415454
98948 3331601621 1764164415480.639160 1764164415481 1764164415488
98949 3331634965 1764164415513.974121 1764164415513 1764164415521
98950 3331668309 1764164415547.309082 1764164415547 1764164415554
98951 3331701653 1764164415580.644287 1764164415581 1764164415588
98952 3331734996 1764164415613.978271 1764164415613 1764164415621
98953 3331768340 1764164415647.313232 1764164415647 1764164415654
98954 3331801684 1764164415680.648193 1764164415681 1764164415688
98955 3331835028 1764164415713.983154 1764164415713 1764164415721
98956 3331868372 1764164415747.318115 1764164415747 1764164415754
98957 3331901716 1764164415780.653076 1764164415781 1764164415788
98958 3331935060 1764164415813.988037 1764164415813 1764164415821
98959 3331968404 1764164415847.322998 1764164415847 1764164415854
98960 3332001748 1764164415880.657715 1764164415881 1764164415888
98961 3332035092 1764164415913.992676 1764164415913 1764164415921
98962 3332068436 1764164415947.327637 1764164415947 1764164415954
98963 3332101780 1764164415980.662598 1764164415981 1764164415988
98964 3332135124 1764164416013.997314 1764164416013 1764164416021
98965 3332168467 1764164416047.331299 1764164416047 1764164416054
98966 3332201811 1764164416080.666016 1764164416081 1764164416088
98967 3332235155 1764164416114.000977 1764164416113 1764164416121
98968 3332268499 1764164416147.335938 1764164416147 1764164416154
98969 3332301843 1764164416180.670654 1764164416181 1764164416188
98970 3332335187 1764164416214.005371 1764164416213 1764164416221
98971 3332368531 1764164416247.340332 1764164416247 1764164416254
98972 3332401875 1764164416280.675049 1764164416280 1764164416288
98973 3332435219 1764164416314.010254 1764164416314 1764164416321
98974 3332468563 1764164416347.345459 1764164416347 1764164416354
98975 3332501907 1764164416380.680664 1764164416381 1764164416388
98976 3332535251 1764164416414.015625 1764164416413 1764164416421
98977 3332568595 1764164416447.350830 1764164416447 1764164416454
98978 3332601938 1764164416480.685059 1764164416481 1764164416488
98979 3332635282 1764164416514.020020 1764164416513 1764164416521
98980 3332668626 1764164416547.355225 1764164416547 1764164416554
98981 3332701970 1764164416580.690186 1764164416581 1764164416588
98982 3332735314 1764164416614.025391 1764164416613 1764164416621
98983 3332768658 1764164416647.360352 1764164416647 1764164416654
98984 3332802002 1764164416680.695557 1764164416681 1764164416688
98985 3332835346 1764164416714.030518 1764164416713 1764164416721
98986 3332868690 1764164416747.365479 1764164416747 1764164416754
98987 3332902034 1764164416780.700684 1764164416781 1764164416788
98988 3332935378 1764164416814.035645 1764164416813 1764164416821
98989 3332968722 1764164416847.370605 1764164416847 1764164416854
98990 3333002066 1764164416880.705566 1764164416881 1764164416888
98991 3333035410 1764164416914.040771 1764164416913 1764164416921
98992 3333068753 1764164416947.374756 1764164416948 1764164416955
98993 3333102097 1764164416980.709717 1764164416981 1764164416988
98994 3333135441 1764164417014.044678 1764164417013 1764164417021
98995 3333168785 1764164417047.379639 1764164417047 1764164417054
98996 3333202129 1764164417080.714600 1764164417081 1764164417088
98997 3333235473 1764164417114.049561 1764164417113 1764164417121
98998 3333268817 1764164417147.384521 1764164417147 1764164417154
98999 3333302161 1764164417180.719482 1764164417181 1764164417188
99000 3333335505 1764164417214.054199 1764164417213 1764164417221
99001 3333368849 1764164417247.389160 1764164417247 1764164417254
99002 3333402193 1764164417280.724121 1764164417281 1764164417288
99003 3333435537 1764164417314.060303 1764164417314 1764164417321
99004 3333468881 1764164417347.395508 1764164417347 1764164417354
99005 3333502224 1764164417380.729736 1764164417381 1764164417388
99006 3333535568 1764164417414.065186 1764164417414 1764164417421
99007 3333568912 1764164417447.400391 1764164417448 1764164417455
99008 3333602256 1764164417480.735596 1764164417481 1764164417488
99009 3333635600 1764164417514.070801 1764164417514 1764164417521
99010 3333668944 1764164417547.406006 1764164417547 1764164417554
99011 3333702288 1764164417580.741211 1764164417581 1764164417588
99012 3333735632 1764164417614.076416 1764164417614 1764164417621
99013 3333768976 1764164417647.411621 1764164417647 1764164417654
99014 3333802320 1764164417680.746826 1764164417681 1764164417688
99015 3333835664 1764164417714.082031 1764164417714 1764164417721
99016 3333869008 1764164417747.417236 1764164417747 1764164417754
99017 3333902352 1764164417780.752197 1764164417781 1764164417788
99018 3333935695 1764164417814.086426 1764164417814 1764164417821
99019 3333969039 1764164417847.421631 1764164417847 1764164417854
99020 3334002383 1764164417880.756836 1764164417881 1764164417888
99021 3334035727 1764164417914.091797 1764164417914 1764164417921
99022 3334069071 1764164417947.427002 1764164417947 1764164417954
99023 3334102415 1764164417980.762207 1764164417981 1764164417988
99024 3334135759 1764164418014.097168 1764164418014 1764164418021
99025 3334169103 1764164418047.432373 1764164418048 1764164418055
99026 3334202447 1764164418080.767334 1764164418081 1764164418088
99027 3334235791 1764164418114.102539 1764164418114 1764164418121
99028 3334269135 1764164418147.437500 1764164418147 1764164418154
99029 3334302479 1764164418180.772705 1764164418181 1764164418188
99030 3334335823 1764164418214.107666 1764164418214 1764164418221
99031 3334369167 1764164418247.442627 1764164418247 1764164418254
99032 3334402510 1764164418280.776855 1764164418281 1764164418288
99033 3334435854 1764164418314.111816 1764164418314 1764164418321
99034 3334469198 1764164418347.447021 1764164418347 1764164418354
99035 3334502542 1764164418380.781982 1764164418381 1764164418388
99036 3334535886 1764164418414.117188 1764164418414 1764164418421
99037 3334569230 1764164418447.452148 1764164418448 1764164418455
99038 3334602574 1764164418480.787354 1764164418481 1764164418488
99039 3334635918 1764164418514.122314 1764164418514 1764164418521
99040 3334669262 1764164418547.457520 1764164418547 1764164418554
99041 3334702606 1764164418580.792480 1764164418581 1764164418588
99042 3334735950 1764164418614.127686 1764164418614 1764164418621
99043 3334769294 1764164418647.462646 1764164418647 1764164418656
99044 3334802638 1764164418680.797607 1764164418681 1764164418688
99045 3334835981 1764164418714.131592 1764164418714 1764164418721
99046 3334869325 1764164418747.466797 1764164418748 1764164418755
99047 3334902669 1764164418780.801758 1764164418781 1764164418788
99048 3334936013 1764164418814.136719 1764164418814 1764164418821
99049 3334969357 1764164418847.471680 1764164418848 1764164418855
99050 3335002701 1764164418880.806641 1764164418881 1764164418888
99051 3335036045 1764164418914.141602 1764164418914 1764164418921
99052 3335069389 1764164418947.476562 1764164418948 1764164418955
99053 3335102733 1764164418980.811523 1764164418981 1764164418988
99054 3335136077 1764164419014.146484 1764164419014 1764164419021
99055 3335169421 1764164419047.481445 1764164419048 1764164419055
99056 3335202765 1764164419080.816406 1764164419081 1764164419088
99057 3335236109 1764164419114.151367 1764164419114 1764164419121
99058 3335269452 1764164419147.485107 1764164419148 1764164419155
99059 3335302796 1764164419180.820068 1764164419180 1764164419188
99060 3335336140 1764164419214.155029 1764164419214 1764164419221
99061 3335369484 1764164419247.489746 1764164419248 1764164419255
99062 3335402828 1764164419280.824707 1764164419281 1764164419288
99063 3335436172 1764164419314.159668 1764164419314 1764164419321
99064 3335469516 1764164419347.494629 1764164419348 1764164419355
99065 3335502860 1764164419380.829590 1764164419380 1764164419388
99066 3335536204 1764164419414.164795 1764164419414 1764164419421
99067 3335569548 1764164419447.499756 1764164419448 1764164419455
99068 3335602892 1764164419480.834717 1764164419480 1764164419488
99069 3335636236 1764164419514.169922 1764164419514 1764164419521
99070 3335669580 1764164419547.504883 1764164419548 1764164419555
99071 3335702924 1764164419580.839844 1764164419580 1764164419588
99072 3335736267 1764164419614.173828 1764164419614 1764164419621
99073 3335769611 1764164419647.508789 1764164419648 1764164419655
99074 3335802955 1764164419680.843750 1764164419680 1764164419688
99075 3335836299 1764164419714.178711 1764164419714 1764164419721
99076 3335869643 1764164419747.513672 1764164419748 1764164419755
99077 3335902987 1764164419780.848633 1764164419780 1764164419788
99078 3335936331 1764164419814.183594 1764164419814 1764164419821
99079 3335969675 1764164419847.518555 1764164419848 1764164419855
99080 3336003019 1764164419880.853516 1764164419880 1764164419888
99081 3336036363 1764164419914.188232 1764164419914 1764164419921
99082 3336069707 1764164419947.523193 1764164419948 1764164419955
99083 3336103051 1764164419980.858154 1764164419980 1764164419988
99084 3336136395 1764164420014.192871 1764164420014 1764164420021
99085 3336169738 1764164420047.526855 1764164420048 1764164420055
99086 3336203082 1764164420080.861816 1764164420080 1764164420088
99087 3336236426 1764164420114.196533 1764164420114 1764164420121
99088 3336269770 1764164420147.531494 1764164420148 1764164420155
99089 3336303114 1764164420180.866211 1764164420180 1764164420188
99090 3336336458 1764164420214.200928 1764164420214 1764164420221
99091 3336369802 1764164420247.535889 1764164420248 1764164420255
99092 3336403146 1764164420280.870605 1764164420280 1764164420288
99093 3336436490 1764164420314.205322 1764164420314 1764164420321
99094 3336469834 1764164420347.540527 1764164420348 1764164420355
99095 3336503178 1764164420380.875732 1764164420380 1764164420388
99096 3336536522 1764164420414.210693 1764164420414 1764164420421
99097 3336569866 1764164420447.545898 1764164420448 1764164420455
99098 3336603209 1764164420480.879883 1764164420480 1764164420488
99099 3336636553 1764164420514.215088 1764164420514 1764164420521
99100 3336669897 1764164420547.550049 1764164420548 1764164420555
99101 3336703241 1764164420580.885254 1764164420580 1764164420588
99102 3336736585 1764164420614.220215 1764164420614 1764164420621
99103 3336769929 1764164420647.555176 1764164420648 1764164420655
99104 3336803273 1764164420680.890381 1764164420680 1764164420688
99105 3336836617 1764164420714.225342 1764164420714 1764164420721
99106 3336869961 1764164420747.560303 1764164420748 1764164420755
99107 3336903305 1764164420780.895508 1764164420780 1764164420788
99108 3336936649 1764164420814.230469 1764164420814 1764164420821
99109 3336969993 1764164420847.565430 1764164420848 1764164420855
99110 3337003337 1764164420880.900391 1764164420880 1764164420888
99111 3337036681 1764164420914.235352 1764164420914 1764164420921
99112 3337070024 1764164420947.569336 1764164420948 1764164420955
99113 3337103368 1764164420980.904297 1764164420981 1764164420988
99114 3337136712 1764164421014.239258 1764164421014 1764164421021
99115 3337170056 1764164421047.574219 1764164421048 1764164421055
99116 3337203400 1764164421080.909180 1764164421080 1764164421088
99117 3337236744 1764164421114.244141 1764164421114 1764164421121
99118 3337270088 1764164421147.579102 1764164421148 1764164421155
99119 3337303432 1764164421180.914062 1764164421180 1764164421188
99120 3337336776 1764164421214.249023 1764164421214 1764164421221
99121 3337370120 1764164421247.583740 1764164421248 1764164421255
99122 3337403464 1764164421280.918701 1764164421280 1764164421288
99123 3337436808 1764164421314.253662 1764164421314 1764164421321
99124 3337470152 1764164421347.588867 1764164421348 1764164421355
99125 3337503495 1764164421380.923096 1764164421380 1764164421388
99126 3337536839 1764164421414.258301 1764164421414 1764164421421
99127 3337570183 1764164421447.593506 1764164421448 1764164421455
99128 3337603527 1764164421480.928711 1764164421481 1764164421488
99129 3337636871 1764164421514.263672 1764164421514 1764164421521
99130 3337670215 1764164421547.598877 1764164421548 1764164421555
99131 3337703559 1764164421580.934082 1764164421581 1764164421588
99132 3337736903 1764164421614.269287 1764164421614 1764164421621
99133 3337770247 1764164421647.604492 1764164421648 1764164421655
99134 3337803591 1764164421680.939453 1764164421681 1764164421688
99135 3337836935 1764164421714.274658 1764164421714 1764164421721
99136 3337870279 1764164421747.609863 1764164421748 1764164421755
99137 3337903623 1764164421780.944824 1764164421781 1764164421788
99138 3337936966 1764164421814.279053 1764164421814 1764164421821
99139 3337970310 1764164421847.614014 1764164421848 1764164421855
99140 3338003654 1764164421880.949219 1764164421881 1764164421888
99141 3338036998 1764164421914.284180 1764164421914 1764164421921
99142 3338070342 1764164421947.619141 1764164421948 1764164421955
99143 3338103686 1764164421980.954346 1764164421981 1764164421988
99144 3338137030 1764164422014.289307 1764164422014 1764164422021
99145 3338170374 1764164422047.624512 1764164422048 1764164422055
99146 3338203718 1764164422080.959473 1764164422081 1764164422088
99147 3338237062 1764164422114.294434 1764164422114 1764164422121
99148 3338270406 1764164422147.629395 1764164422148 1764164422155
99149 3338303750 1764164422180.964355 1764164422181 1764164422188
99150 3338337094 1764164422214.299561 1764164422214 1764164422221
99151 3338370438 1764164422247.634521 1764164422248 1764164422255
99152 3338403781 1764164422280.968506 1764164422281 1764164422288
99153 3338437125 1764164422314.303467 1764164422314 1764164422321
99154 3338470469 1764164422347.638916 1764164422348 1764164422355
99155 3338503813 1764164422380.974121 1764164422381 1764164422388
99156 3338537157 1764164422414.309570 1764164422414 1764164422421
99157 3338570501 1764164422447.645020 1764164422448 1764164422455
99158 3338603845 1764164422480.980225 1764164422481 1764164422488
