46693 1229987585 1764166640613.680664 1764166640614 1764166640621
46694 1230020928 1764166640647.024902 1764166640647 1764166640654
46695 1230054272 1764166640680.370117 1764166640680 1764166640687
46696 1230087616 1764166640713.715332 1764166640714 1764166640721
46697 1230120960 1764166640747.060791 1764166640747 1764166640754
46698 1230154304 1764166640780.406006 1764166640780 1764166640787
46699 1230187648 1764166640813.751221 1764166640814 1764166640821
46700 1230220992 1764166640847.096436 1764166640847 1764166640854
46701 1230254336 1764166640880.441650 1764166640881 1764166640888
46702 1230287680 1764166640913.787109 1764166640914 1764166640921
46703 1230321024 1764166640947.132324 1764166640947 1764166640954
46704 1230354368 1764166640980.477539 1764166640981 1764166640988
46705 1230387712 1764166641013.822754 1764166641013 1764166641021
46706 1230421056 1764166641047.167969 1764166641048 1764166641055
46707 1230454399 1764166641080.512207 1764166641081 1764166641088
46708 1230487743 1764166641113.857666 1764166641113 1764166641121
46709 1230521087 1764166641147.202881 1764166641147 1764166641154
46710 1230554431 1764166641180.548096 1764166641181 1764166641188
46711 1230587775 1764166641213.893555 1764166641213 1764166641221
46712 1230621119 1764166641247.239014 1764166641247 1764166641254
46713 1230654463 1764166641280.584473 1764166641281 1764166641288
46714 1230687807 1764166641313.929688 1764166641313 1764166641321
46715 1230721151 1764166641347.275146 1764166641347 1764166641354
46716 1230754495 1764166641380.620605 1764166641381 1764166641388
46717 1230787839 1764166641413.966064 1764166641414 1764166641421
46718 1230821183 1764166641447.311279 1764166641447 1764166641454
46719 1230854527 1764166641480.656738 1764166641481 1764166641488
46720 1230887870 1764166641514.000977 1764166641514 1764166641521
46721 1230921214 1764166641547.346436 1764166641547 1764166641554
46722 1230954558 1764166641580.691895 1764166641581 1764166641588
46723 1230987902 1764166641614.037109 1764166641614 1764166641626
46724 1231021246 1764166641647.382568 1764166641647 1764166641654
46725 1231054590 1764166641680.728027 1764166641681 1764166641688
46726 1231087934 1764166641714.073242 1764166641714 1764166641721
46727 1231121278 1764166641747.418701 1764166641748 1764166641755
46728 1231154622 1764166641780.764160 1764166641781 1764166641788
46729 1231187966 1764166641814.109375 1764166641814 1764166641821
46730 1231221310 1764166641847.454834 1764166641848 1764166641855
46731 1231254654 1764166641880.800049 1764166641880 1764166641888
46732 1231287998 1764166641914.145508 1764166641914 1764166641921
46733 1231321342 1764166641947.490723 1764166641948 1764166641955
46734 1231354685 1764166641980.835205 1764166641980 1764166641988
46735 1231388029 1764166642014.180420 1764166642014 1764166642021
46736 1231421373 1764166642047.525879 1764166642048 1764166642055
46737 1231454717 1764166642080.871094 1764166642080 1764166642088
46738 1231488061 1764166642114.216553 1764166642114 1764166642121
46739 1231521405 1764166642147.561768 1764166642147 1764166642155
46740 1231554749 1764166642180.907471 1764166642180 1764166642188
46741 1231588093 1764166642214.253174 1764166642215 1764166642222
46742 1231621437 1764166642247.598633 1764166642248 1764166642255
46743 1231654781 1764166642280.944336 1764166642280 1764166642288
46744 1231688125 1764166642314.290039 1764166642314 1764166642321
46745 1231721469 1764166642347.635498 1764166642348 1764166642355
46746 1231754813 1764166642380.981201 1764166642380 1764166642388
46747 1231788156 1764166642414.325928 1764166642415 1764166642422
46748 1231821500 1764166642447.671387 1764166642448 1764166642455
46749 1231854844 1764166642481.017090 1764166642480 1764166642488
46750 1231888188 1764166642514.362549 1764166642514 1764166642521
46751 1231921532 1764166642547.708252 1764166642548 1764166642555
46752 1231954876 1764166642581.053955 1764166642581 1764166642588
46753 1231988220 1764166642614.399414 1764166642614 1764166642621
46754 1232021564 1764166642647.745117 1764166642648 1764166642655
46755 1232054908 1764166642681.090820 1764166642681 1764166642688
46756 1232088252 1764166642714.436279 1764166642714 1764166642722
46757 1232121596 1764166642747.781982 1764166642748 1764166642755
46758 1232154940 1764166642781.127686 1764166642781 1764166642788
46759 1232188284 1764166642814.473145 1764166642815 1764166642822
46760 1232221627 1764166642847.817871 1764166642848 1764166642855
46761 1232254971 1764166642881.163330 1764166642881 1764166642888
46762 1232288315 1764166642914.509033 1764166642914 1764166642921
46763 1232321659 1764166642947.854736 1764166642948 1764166642955
46764 1232355003 1764166642981.200195 1764166642981 1764166642988
46765 1232388347 1764166643014.545898 1764166643015 1764166643022
46766 1232421691 1764166643047.891602 1764166643048 1764166643055
46767 1232455035 1764166643081.237061 1764166643081 1764166643088
46768 1232488379 1764166643114.582764 1764166643115 1764166643122
46769 1232521723 1764166643147.928467 1764166643147 1764166643155
46770 1232555067 1764166643181.275635 1764166643181 1764166643188
46771 1232588411 1764166643214.622803 1764166643215 1764166643222
46772 1232621755 1764166643247.969971 1764166643247 1764166643255
46773 1232655099 1764166643281.317139 1764166643281 1764166643288
46774 1232688442 1764166643314.663330 1764166643315 1764166643322
46775 1232721786 1764166643348.010498 1764166643347 1764166643355
46776 1232755130 1764166643381.357666 1764166643381 1764166643388
46777 1232788474 1764166643414.704834 1764166643415 1764166643422
46778 1232821818 1764166643448.052002 1764166643447 1764166643455
46779 1232855162 1764166643481.399414 1764166643481 1764166643488
46780 1232888506 1764166643514.746582 1764166643515 1764166643522
46781 1232921850 1764166643548.093750 1764166643547 1764166643555
46782 1232955194 1764166643581.441162 1764166643581 1764166643588
46783 1232988538 1764166643614.788330 1764166643615 1764166643622
46784 1233021882 1764166643648.135742 1764166643647 1764166643655
46785 1233055226 1764166643681.482910 1764166643681 1764166643688
46786 1233088570 1764166643714.830322 1764166643715 1764166643722
46787 1233121913 1764166643748.176514 1764166643747 1764166643755
46788 1233155257 1764166643781.523926 1764166643781 1764166643788
46789 1233188601 1764166643814.871338 1764166643815 1764166643822
46790 1233221945 1764166643848.218506 1764166643847 1764166643855
46791 1233255289 1764166643881.565918 1764166643881 1764166643888
46792 1233288633 1764166643914.913330 1764166643915 1764166643922
46793 1233321977 1764166643948.260742 1764166643947 1764166643955
46794 1233355321 1764166643981.608154 1764166643981 1764166643988
46795 1233388665 1764166644014.955566 1764166644015 1764166644022
46796 1233422009 1764166644048.302979 1764166644048 1764166644055
46797 1233455353 1764166644081.650391 1764166644081 1764166644088
46798 1233488697 1764166644114.997803 1764166644115 1764166644122
46799 1233522041 1764166644148.345215 1764166644148 1764166644155
46800 1233555384 1764166644181.691895 1764166644181 1764166644188
46801 1233588728 1764166644215.039551 1764166644215 1764166644222
46802 1233622072 1764166644248.387207 1764166644248 1764166644255
46803 1233655416 1764166644281.734863 1764166644281 1764166644288
46804 1233688760 1764166644315.082764 1764166644315 1764166644322
46805 1233722104 1764166644348.430420 1764166644348 1764166644355
46806 1233755448 1764166644381.778076 1764166644382 1764166644389
46807 1233788792 1764166644415.125977 1764166644415 1764166644422
46808 1233822136 1764166644448.473877 1764166644448 1764166644455
46809 1233855480 1764166644481.821533 1764166644482 1764166644489
46810 1233888824 1764166644515.169434 1764166644515 1764166644522
46811 1233922168 1764166644548.517090 1764166644548 1764166644555
46812 1233955512 1764166644581.864990 1764166644581 1764166644589
46813 1233988856 1764166644615.212891 1764166644615 1764166644622
46814 1234022199 1764166644648.559814 1764166644648 1764166644655
46815 1234055543 1764166644681.907715 1764166644682 1764166644689
46816 1234088887 1764166644715.255615 1764166644714 1764166644722
46817 1234122231 1764166644748.603516 1764166644748 1764166644755
46818 1234155575 1764166644781.951416 1764166644782 1764166644789
46819 1234188919 1764166644815.299316 1764166644814 1764166644822
46820 1234222263 1764166644848.647217 1764166644848 1764166644855
46821 1234255607 1764166644881.995117 1764166644882 1764166644889
46822 1234288951 1764166644915.343018 1764166644914 1764166644922
46823 1234322295 1764166644948.691162 1764166644948 1764166644955
46824 1234355639 1764166644982.039062 1764166644982 1764166644989
46825 1234388983 1764166645015.386963 1764166645014 1764166645022
46826 1234422327 1764166645048.735107 1764166645048 1764166645055
46827 1234455670 1764166645082.082031 1764166645082 1764166645089
46828 1234489014 1764166645115.430176 1764166645114 1764166645122
46829 1234522358 1764166645148.778076 1764166645148 1764166645155
46830 1234555702 1764166645182.122803 1764166645182 1764166645189
46831 1234589046 1764166645215.467529 1764166645214 1764166645222
46832 1234622390 1764166645248.812012 1764166645248 1764166645255
46833 1234655734 1764166645282.156738 1764166645282 1764166645289
46834 1234689078 1764166645315.501221 1764166645314 1764166645322
46835 1234722422 1764166645348.845947 1764166645348 1764166645355
46836 1234755766 1764166645382.190430 1764166645382 1764166645389
46837 1234789110 1764166645415.535156 1764166645414 1764166645422
46838 1234822454 1764166645448.879639 1764166645448 1764166645455
46839 1234855798 1764166645482.224121 1764166645482 1764166645489
46840 1234889141 1764166645515.567627 1764166645515 1764166645522
46841 1234922485 1764166645548.912354 1764166645548 1764166645555
46842 1234955829 1764166645582.256836 1764166645582 1764166645589
46843 1234989173 1764166645615.601318 1764166645615 1764166645622
46844 1235022517 1764166645648.945801 1764166645648 1764166645655
46845 1235055861 1764166645682.290283 1764166645682 1764166645689
46846 1235089205 1764166645715.635010 1764166645715 1764166645726
46847 1235122549 1764166645748.979492 1764166645748 1764166645755
46848 1235155893 1764166645782.323975 1764166645782 1764166645789
46849 1235189237 1764166645815.668457 1764166645815 1764166645822
46850 1235222581 1764166645849.012939 1764166645848 1764166645855
46851 1235255925 1764166645882.357422 1764166645882 1764166645889
46852 1235289269 1764166645915.701904 1764166645915 1764166645922
46853 1235322613 1764166645949.046143 1764166645948 1764166645955
46854 1235355956 1764166645982.389648 1764166645982 1764166645989
46855 1235389300 1764166646015.734131 1764166646015 1764166646022
46856 1235422644 1764166646049.078613 1764166646049 1764166646056
46857 1235455988 1764166646082.423096 1764166646082 1764166646089
46858 1235489332 1764166646115.767334 1764166646115 1764166646122
46859 1235522676 1764166646149.111816 1764166646149 1764166646156
46860 1235556020 1764166646182.457520 1764166646181 1764166646189
46861 1235589364 1764166646215.798340 1764166646215 1764166646222
46862 1235622708 1764166646249.138916 1764166646249 1764166646256
46863 1235656052 1764166646282.479736 1764166646281 1764166646289
46864 1235689396 1764166646315.820312 1764166646315 1764166646322
46865 1235722740 1764166646349.160889 1764166646349 1764166646356
46866 1235756084 1764166646382.501465 1764166646382 1764166646390
46867 1235789427 1764166646415.841064 1764166646415 1764166646422
46868 1235822771 1764166646449.181641 1764166646449 1764166646456
46869 1235856115 1764166646482.521973 1764166646481 1764166646489
46870 1235889459 1764166646515.862549 1764166646515 1764166646522
46871 1235922803 1764166646549.202881 1764166646549 1764166646556
46872 1235956147 1764166646582.543213 1764166646581 1764166646589
46873 1235989491 1764166646615.883545 1764166646615 1764166646622
46874 1236022835 1764166646649.223877 1764166646649 1764166646656
46875 1236056179 1764166646682.564209 1764166646681 1764166646689
46876 1236089523 1764166646715.904297 1764166646715 1764166646722
46877 1236122867 1764166646749.244629 1764166646748 1764166646758
46878 1236156211 1764166646782.584717 1764166646781 1764166646789
46879 1236189555 1764166646815.924805 1764166646815 1764166646822
46880 1236222898 1764166646849.263916 1764166646849 1764166646856
46881 1236256242 1764166646882.604004 1764166646881 1764166646889
46882 1236289586 1764166646915.944092 1764166646915 1764166646922
46883 1236322930 1764166646949.284180 1764166646949 1764166646956
46884 1236356274 1764166646982.624023 1764166646981 1764166646989
46885 1236389618 1764166647015.964111 1764166647015 1764166647022
46886 1236422962 1764166647049.303955 1764166647049 1764166647056
46887 1236456306 1764166647082.643799 1764166647082 1764166647089
46888 1236489650 1764166647115.983643 1764166647115 1764166647122
46889 1236522994 1764166647149.323486 1764166647148 1764166647156
46890 1236556338 1764166647182.663330 1764166647182 1764166647189
46891 1236589682 1764166647216.024902 1764166647215 1764166647222
46892 1236623026 1764166647249.386719 1764166647249 1764166647256
46893 1236656370 1764166647282.748535 1764166647282 1764166647289
46894 1236689713 1764166647316.109619 1764166647316 1764166647323
46895 1236723057 1764166647349.471436 1764166647349 1764166647356
46896 1236756401 1764166647382.833740 1764166647382 1764166647389
46897 1236789745 1764166647416.196045 1764166647415 1764166647422
46898 1236823089 1764166647449.558350 1764166647449 1764166647456
46899 1236856433 1764166647482.920898 1764166647482 1764166647489
46900 1236889777 1764166647516.283447 1764166647516 1764166647523
46901 1236923121 1764166647549.645996 1764166647548 1764166647556
46902 1236956465 1764166647583.008789 1764166647582 1764166647589
46903 1236989809 1764166647616.371826 1764166647616 1764166647623
46904 1237023153 1764166647649.734619 1764166647648 1764166647656
46905 1237056497 1764166647683.097900 1764166647682 1764166647689
46906 1237089841 1764166647716.460938 1764166647716 1764166647723
46907 1237123184 1764166647749.823242 1764166647748 1764166647756
46908 1237156528 1764166647783.186768 1764166647783 1764166647791
46909 1237189872 1764166647816.550293 1764166647816 1764166647823
46910 1237223216 1764166647849.913818 1764166647848 1764166647856
46911 1237256560 1764166647883.277588 1764166647882 1764166647889
46912 1237289904 1764166647916.641357 1764166647916 1764166647923
46913 1237323248 1764166647950.005371 1764166647948 1764166647956
46914 1237356592 1764166647983.369385 1764166647982 1764166647989
46915 1237389936 1764166648016.733643 1764166648015 1764166648023
46916 1237423280 1764166648050.097900 1764166648048 1764166648056
46917 1237456624 1764166648083.462158 1764166648082 1764166648089
46918 1237489968 1764166648116.826660 1764166648116 1764166648123
46919 1237523312 1764166648150.191162 1764166648148 1764166648156
46920 1237556655 1764166648183.554688 1764166648182 1764166648189
46921 1237589999 1764166648216.896973 1764166648216 1764166648223
46922 1237623343 1764166648250.239014 1764166648248 1764166648256
46923 1237656687 1764166648283.581299 1764166648282 1764166648289
46924 1237690031 1764166648316.923584 1764166648316 1764166648323
46925 1237723375 1764166648350.265625 1764166648348 1764166648356
46926 1237756719 1764166648383.607666 1764166648382 1764166648389
46927 1237790063 1764166648416.949707 1764166648416 1764166648423
46928 1237823407 1764166648450.291748 1764166648448 1764166648456
46929 1237856751 1764166648483.633789 1764166648482 1764166648489
46930 1237890095 1764166648516.975830 1764166648516 1764166648523
46931 1237923439 1764166648550.317871 1764166648549 1764166648557
46932 1237956783 1764166648583.659912 1764166648582 1764166648589
46933 1237990127 1764166648617.001709 1764166648616 1764166648623
46934 1238023470 1764166648650.342773 1764166648649 1764166648656
46935 1238056814 1764166648683.684570 1764166648682 1764166648689
46936 1238090158 1764166648717.026367 1764166648715 1764166648723
46937 1238123502 1764166648750.368164 1764166648749 1764166648756
46938 1238156846 1764166648783.709961 1764166648782 1764166648789
46939 1238190190 1764166648817.051758 1764166648816 1764166648824
46940 1238223534 1764166648850.393555 1764166648849 1764166648856
46941 1238256878 1764166648883.735352 1764166648882 1764166648889
46942 1238290222 1764166648917.076904 1764166648916 1764166648923
46943 1238323566 1764166648950.418701 1764166648949 1764166648956
46944 1238356910 1764166648983.760254 1764166648983 1764166648990
46945 1238390254 1764166649017.102051 1764166649016 1764166649023
46946 1238423598 1764166649050.443604 1764166649049 1764166649056
46947 1238456941 1764166649083.784180 1764166649083 1764166649090
46948 1238490285 1764166649117.125732 1764166649116 1764166649123
46949 1238523629 1764166649150.467285 1764166649149 1764166649156
46950 1238556973 1764166649183.808838 1764166649183 1764166649190
46951 1238590317 1764166649217.145996 1764166649215 1764166649223
46952 1238623661 1764166649250.482910 1764166649249 1764166649256
46953 1238657005 1764166649283.819824 1764166649283 1764166649290
46954 1238690349 1764166649317.156738 1764166649315 1764166649323
46955 1238723693 1764166649350.493652 1764166649349 1764166649356
46956 1238757037 1764166649383.830566 1764166649383 1764166649390
46957 1238790381 1764166649417.167236 1764166649415 1764166649423
46958 1238823725 1764166649450.504150 1764166649449 1764166649456
46959 1238857069 1764166649483.840820 1764166649483 1764166649490
46960 1238890412 1764166649517.176270 1764166649515 1764166649523
46961 1238923756 1764166649550.512939 1764166649549 1764166649556
46962 1238957100 1764166649583.849365 1764166649583 1764166649590
46963 1238990444 1764166649617.185791 1764166649615 1764166649623
46964 1239023788 1764166649650.522217 1764166649649 1764166649656
46965 1239057132 1764166649683.858643 1764166649683 1764166649690
46966 1239090476 1764166649717.194824 1764166649715 1764166649723
46967 1239123820 1764166649750.531006 1764166649749 1764166649756
46968 1239157164 1764166649783.867188 1764166649783 1764166649790
46969 1239190508 1764166649817.203369 1764166649815 1764166649823
46970 1239223852 1764166649850.539551 1764166649849 1764166649856
46971 1239257196 1764166649883.875488 1764166649883 1764166649890
46972 1239290540 1764166649917.211426 1764166649915 1764166649923
46973 1239323884 1764166649950.547363 1764166649949 1764166649956
46974 1239357227 1764166649983.882324 1764166649983 1764166649990
46975 1239390571 1764166650017.218018 1764166650016 1764166650023
46976 1239423915 1764166650050.553711 1764166650049 1764166650056
46977 1239457259 1764166650083.889404 1764166650083 1764166650090
46978 1239490603 1764166650117.225098 1764166650116 1764166650123
46979 1239523947 1764166650150.560791 1764166650149 1764166650156
46980 1239557291 1764166650183.896240 1764166650183 1764166650190
46981 1239590635 1764166650217.232666 1764166650216 1764166650223
46982 1239623979 1764166650250.568848 1764166650249 1764166650256
46983 1239657323 1764166650283.904785 1764166650283 1764166650290
46984 1239690667 1764166650317.240967 1764166650316 1764166650323
46985 1239724011 1764166650350.576904 1764166650349 1764166650356
46986 1239757355 1764166650383.912842 1764166650383 1764166650390
46987 1239790698 1764166650417.247803 1764166650416 1764166650423
46988 1239824042 1764166650450.583496 1764166650449 1764166650456
46989 1239857386 1764166650483.919434 1764166650483 1764166650490
46990 1239890730 1764166650517.255127 1764166650516 1764166650523
46991 1239924074 1764166650550.590576 1764166650550 1764166650557
46992 1239957418 1764166650583.926270 1764166650582 1764166650590
46993 1239990762 1764166650617.261719 1764166650616 1764166650623
46994 1240024106 1764166650650.597168 1764166650650 1764166650657
46995 1240057450 1764166650683.932617 1764166650682 1764166650690
46996 1240090794 1764166650717.267822 1764166650716 1764166650723
46997 1240124138 1764166650750.603027 1764166650750 1764166650757
46998 1240157482 1764166650783.938232 1764166650782 1764166650790
46999 1240190826 1764166650817.273438 1764166650816 1764166650823
47000 1240224169 1764166650850.607666 1764166650850 1764166650857
47001 1240257513 1764166650883.942627 1764166650882 1764166650890
47002 1240290857 1764166650917.277588 1764166650916 1764166650923
47003 1240324201 1764166650950.612305 1764166650950 1764166650957
47004 1240357545 1764166650983.947266 1764166650982 1764166650990
47005 1240390889 1764166651017.281982 1764166651016 1764166651023
47006 1240424233 1764166651050.616699 1764166651050 1764166651057
47007 1240457577 1764166651083.951416 1764166651082 1764166651090
47008 1240490921 1764166651117.285889 1764166651116 1764166651123
47009 1240524265 1764166651150.620605 1764166651150 1764166651157
47010 1240557609 1764166651183.955078 1764166651182 1764166651190
47011 1240590953 1764166651217.291260 1764166651216 1764166651223
47012 1240624297 1764166651250.627197 1764166651250 1764166651257
47013 1240657641 1764166651283.963379 1764166651282 1764166651290
47014 1240690984 1764166651317.298340 1764166651316 1764166651323
47015 1240724328 1764166651350.634277 1764166651350 1764166651357
47016 1240757672 1764166651383.969971 1764166651382 1764166651390
47017 1240791016 1764166651417.305664 1764166651416 1764166651423
47018 1240824360 1764166651450.641602 1764166651450 1764166651457
47019 1240857704 1764166651483.977051 1764166651482 1764166651490
47020 1240891048 1764166651517.312744 1764166651516 1764166651523
47021 1240924392 1764166651550.648193 1764166651550 1764166651557
47022 1240957736 1764166651583.983643 1764166651583 1764166651590
47023 1240991080 1764166651617.319092 1764166651616 1764166651623
47024 1241024424 1764166651650.654541 1764166651650 1764166651657
47025 1241057768 1764166651683.989746 1764166651683 1764166651690
47026 1241091112 1764166651717.324951 1764166651716 1764166651723
47027 1241124455 1764166651750.659180 1764166651750 1764166651757
47028 1241157799 1764166651783.994385 1764166651783 1764166651790
47029 1241191143 1764166651817.329346 1764166651816 1764166651823
47030 1241224487 1764166651850.664307 1764166651850 1764166651857
47031 1241257831 1764166651883.999268 1764166651883 1764166651890
47032 1241291175 1764166651917.334229 1764166651916 1764166651923
47033 1241324519 1764166651950.668945 1764166651950 1764166651957
47034 1241357863 1764166651984.003662 1764166651983 1764166651990
47035 1241391207 1764166652017.338379 1764166652017 1764166652024
47036 1241424551 1764166652050.673096 1764166652050 1764166652057
47037 1241457895 1764166652084.007568 1764166652083 1764166652090
47038 1241491239 1764166652117.342041 1764166652117 1764166652124
47039 1241524583 1764166652150.676514 1764166652149 1764166652157
47040 1241557926 1764166652184.010010 1764166652183 1764166652190
47041 1241591270 1764166652217.345947 1764166652217 1764166652224
47042 1241624614 1764166652250.681885 1764166652249 1764166652257
47043 1241657958 1764166652284.017578 1764166652283 1764166652290
47044 1241691302 1764166652317.353271 1764166652317 1764166652324
47045 1241724646 1764166652350.688965 1764166652349 1764166652357
47046 1241757990 1764166652384.024658 1764166652383 1764166652390
47047 1241791334 1764166652417.360107 1764166652417 1764166652424
47048 1241824678 1764166652450.695801 1764166652449 1764166652457
47049 1241858022 1764166652484.031250 1764166652483 1764166652490
47050 1241891366 1764166652517.366455 1764166652517 1764166652524
47051 1241924710 1764166652550.701904 1764166652549 1764166652557
47052 1241958054 1764166652584.037109 1764166652583 1764166652591
47053 1241991398 1764166652617.372314 1764166652617 1764166652624
47054 1242024741 1764166652650.706543 1764166652649 1764166652657
47055 1242058085 1764166652684.041504 1764166652683 1764166652690
47056 1242091429 1764166652717.376465 1764166652717 1764166652724
47057 1242124773 1764166652750.711426 1764166652750 1764166652757
47058 1242158117 1764166652784.046387 1764166652783 1764166652790
47059 1242191461 1764166652817.381348 1764166652817 1764166652824
47060 1242224805 1764166652850.716064 1764166652849 1764166652857
47061 1242258149 1764166652884.050781 1764166652883 1764166652890
47062 1242291493 1764166652917.385498 1764166652917 1764166652924
47063 1242324837 1764166652950.719971 1764166652949 1764166652957
47064 1242358181 1764166652984.054443 1764166652983 1764166652990
47065 1242391525 1764166653017.388916 1764166653017 1764166653024
47066 1242424869 1764166653050.723389 1764166653050 1764166653057
47067 1242458212 1764166653084.056885 1764166653083 1764166653090
47068 1242491556 1764166653117.391113 1764166653117 1764166653124
47069 1242524900 1764166653150.725342 1764166653150 1764166653157
47070 1242558244 1764166653184.059570 1764166653183 1764166653190
47071 1242591588 1764166653217.395264 1764166653217 1764166653224
47072 1242624932 1764166653250.730957 1764166653250 1764166653257
47073 1242658276 1764166653284.066650 1764166653283 1764166653290
47074 1242691620 1764166653317.402344 1764166653317 1764166653324
47075 1242724964 1764166653350.737793 1764166653350 1764166653357
47076 1242758308 1764166653384.073242 1764166653383 1764166653391
47077 1242791652 1764166653417.408691 1764166653416 1764166653427
47078 1242824996 1764166653450.743896 1764166653450 1764166653457
47079 1242858340 1764166653484.079346 1764166653484 1764166653491
47080 1242891683 1764166653517.413574 1764166653517 1764166653524
47081 1242925027 1764166653550.748535 1764166653550 1764166653557
47082 1242958371 1764166653584.083740 1764166653584 1764166653591
47083 1242991715 1764166653617.418701 1764166653617 1764166653624
47084 1243025059 1764166653650.753662 1764166653650 1764166653657
47085 1243058403 1764166653684.088623 1764166653684 1764166653691
47086 1243091747 1764166653717.423584 1764166653716 1764166653724
47087 1243125091 1764166653750.758301 1764166653750 1764166653757
47088 1243158435 1764166653784.093262 1764166653784 1764166653791
47089 1243191779 1764166653817.427979 1764166653816 1764166653824
47090 1243225123 1764166653850.762451 1764166653850 1764166653857
47091 1243258467 1764166653884.097168 1764166653884 1764166653891
47092 1243291811 1764166653917.431641 1764166653916 1764166653924
47093 1243325155 1764166653950.766113 1764166653950 1764166653957
47094 1243358498 1764166653984.099609 1764166653984 1764166653991
47095 1243391842 1764166654017.433838 1764166654016 1764166654024
47096 1243425186 1764166654050.768066 1764166654051 1764166654058
47097 1243458530 1764166654084.102295 1764166654084 1764166654091
47098 1243491874 1764166654117.436523 1764166654116 1764166654124
47099 1243525218 1764166654150.770752 1764166654150 1764166654157
47100 1243558562 1764166654184.104736 1764166654184 1764166654191
47101 1243591906 1764166654217.440674 1764166654216 1764166654224
47102 1243625250 1764166654250.776367 1764166654250 1764166654257
47103 1243658594 1764166654284.112061 1764166654283 1764166654291
47104 1243691938 1764166654317.447510 1764166654316 1764166654324
47105 1243725282 1764166654350.782959 1764166654350 1764166654357
47106 1243758626 1764166654384.118652 1764166654384 1764166654391
47107 1243791969 1764166654417.452881 1764166654417 1764166654424
47108 1243825313 1764166654450.788330 1764166654450 1764166654457
47109 1243858657 1764166654484.123779 1764166654484 1764166654491
47110 1243892001 1764166654517.458984 1764166654517 1764166654524
47111 1243925345 1764166654550.794189 1764166654550 1764166654557
47112 1243958689 1764166654584.129395 1764166654584 1764166654591
47113 1243992033 1764166654617.464355 1764166654617 1764166654624
47114 1244025377 1764166654650.799316 1764166654650 1764166654657
47115 1244058721 1764166654684.134521 1764166654684 1764166654691
47116 1244092065 1764166654717.469238 1764166654717 1764166654724
47117 1244125409 1764166654750.804199 1764166654750 1764166654757
47118 1244158753 1764166654784.139160 1764166654784 1764166654791
47119 1244192097 1764166654817.473877 1764166654817 1764166654824
47120 1244225440 1764166654850.807617 1764166654851 1764166654858
47121 1244258784 1764166654884.142090 1764166654884 1764166654891
47122 1244292128 1764166654917.476807 1764166654917 1764166654924
47123 1244325472 1764166654950.811279 1764166654951 1764166654958
47124 1244358816 1764166654984.145752 1764166654984 1764166654991
47125 1244392160 1764166655017.480225 1764166655018 1764166655025
47126 1244425504 1764166655050.814697 1764166655050 1764166655058
47127 1244458848 1764166655084.148926 1764166655083 1764166655092
47128 1244492192 1764166655117.483154 1764166655117 1764166655124
47129 1244525536 1764166655150.817383 1764166655151 1764166655158
47130 1244558880 1764166655184.151611 1764166655184 1764166655191
47131 1244592224 1764166655217.488281 1764166655217 1764166655224
47132 1244625568 1764166655250.824707 1764166655251 1764166655258
47133 1244658912 1764166655284.161133 1764166655284 1764166655295
47134 1244692255 1764166655317.496582 1764166655317 1764166655324
47135 1244725599 1764166655350.833008 1764166655351 1764166655358
47136 1244758943 1764166655384.169189 1764166655383 1764166655391
47137 1244792287 1764166655417.505615 1764166655417 1764166655424
47138 1244825631 1764166655450.841797 1764166655451 1764166655458
47139 1244858975 1764166655484.177979 1764166655483 1764166655491
47140 1244892319 1764166655517.513916 1764166655517 1764166655524
47141 1244925663 1764166655550.850098 1764166655550 1764166655558
47142 1244959007 1764166655584.186035 1764166655583 1764166655591
47143 1244992351 1764166655617.522217 1764166655617 1764166655625
47144 1245025695 1764166655650.858154 1764166655651 1764166655658
47145 1245059039 1764166655684.193848 1764166655683 1764166655691
47146 1245092383 1764166655717.529785 1764166655717 1764166655724
47147 1245125726 1764166655750.864502 1764166655751 1764166655758
47148 1245159070 1764166655784.200439 1764166655783 1764166655791
47149 1245192414 1764166655817.536133 1764166655817 1764166655824
47150 1245225758 1764166655850.871826 1764166655851 1764166655858
47151 1245259102 1764166655884.207275 1764166655883 1764166655891
47152 1245292446 1764166655917.542969 1764166655917 1764166655924
47153 1245325790 1764166655950.878418 1764166655950 1764166655958
47154 1245359134 1764166655984.213867 1764166655984 1764166655991
47155 1245392478 1764166656017.549316 1764166656017 1764166656024
47156 1245425822 1764166656050.884766 1764166656051 1764166656058
47157 1245459166 1764166656084.220215 1764166656084 1764166656091
47158 1245492510 1764166656117.555420 1764166656117 1764166656124
47159 1245525854 1764166656150.890625 1764166656151 1764166656158
47160 1245559197 1764166656184.224854 1764166656184 1764166656191
47161 1245592541 1764166656217.561279 1764166656217 1764166656224
47162 1245625885 1764166656250.897461 1764166656251 1764166656258
47163 1245659229 1764166656284.233643 1764166656284 1764166656291
47164 1245692573 1764166656317.569824 1764166656317 1764166656324
47165 1245725917 1764166656350.906006 1764166656351 1764166656358
47166 1245759261 1764166656384.242188 1764166656384 1764166656391
47167 1245792605 1764166656417.578125 1764166656418 1764166656425
47168 1245825949 1764166656450.914307 1764166656451 1764166656458
47169 1245859293 1764166656484.250244 1764166656484 1764166656491
47170 1245892637 1764166656517.586182 1764166656518 1764166656525
47171 1245925981 1764166656550.921875 1764166656551 1764166656558
47172 1245959325 1764166656584.257812 1764166656584 1764166656591
47173 1245992669 1764166656617.593506 1764166656618 1764166656625
47174 1246026012 1764166656650.928223 1764166656650 1764166656658
47175 1246059356 1764166656684.263916 1764166656684 1764166656691
47176 1246092700 1764166656717.599609 1764166656718 1764166656725
47177 1246126044 1764166656750.935303 1764166656750 1764166656758
47178 1246159388 1764166656784.270752 1764166656784 1764166656791
47179 1246192732 1764166656817.606201 1764166656818 1764166656825
47180 1246226076 1764166656850.941650 1764166656850 1764166656858
47181 1246259420 1764166656884.277100 1764166656884 1764166656891
47182 1246292764 1764166656917.612549 1764166656918 1764166656925
47183 1246326108 1764166656950.947754 1764166656950 1764166656958
47184 1246359452 1764166656984.283203 1764166656984 1764166656991
47185 1246392796 1764166657017.618408 1764166657018 1764166657025
47186 1246426140 1764166657050.953613 1764166657050 1764166657058
47187 1246459483 1764166657084.287598 1764166657084 1764166657091
47188 1246492827 1764166657117.622803 1764166657118 1764166657125
47189 1246526171 1764166657150.957764 1764166657150 1764166657158
47190 1246559515 1764166657184.292725 1764166657184 1764166657191
47191 1246592859 1764166657217.629639 1764166657218 1764166657225
47192 1246626203 1764166657250.966309 1764166657250 1764166657258
47193 1246659547 1764166657284.303223 1764166657284 1764166657291
47194 1246692891 1764166657317.639893 1764166657318 1764166657325
47195 1246726235 1764166657350.976562 1764166657351 1764166657358
47196 1246759579 1764166657384.312988 1764166657384 1764166657391
47197 1246792923 1764166657417.649658 1764166657418 1764166657425
47198 1246826267 1764166657450.986328 1764166657451 1764166657458
47199 1246859611 1764166657484.322754 1764166657484 1764166657491
47200 1246892954 1764166657517.658203 1764166657518 1764166657525
47201 1246926298 1764166657550.994629 1764166657551 1764166657558
47202 1246959642 1764166657584.331055 1764166657584 1764166657591
47203 1246992986 1764166657617.667236 1764166657618 1764166657625
47204 1247026330 1764166657651.003662 1764166657651 1764166657658
47205 1247059674 1764166657684.339844 1764166657684 1764166657691
47206 1247093018 1764166657717.676025 1764166657718 1764166657725
47207 1247126362 1764166657751.012207 1764166657751 1764166657758
47208 1247159706 1764166657784.348389 1764166657784 1764166657791
47209 1247193050 1764166657817.684570 1764166657818 1764166657825
47210 1247226394 1764166657851.020752 1764166657851 1764166657858
47211 1247259738 1764166657884.356689 1764166657884 1764166657891
47212 1247293082 1764166657917.692627 1764166657918 1764166657925
47213 1247326426 1764166657951.028564 1764166657951 1764166657958
47214 1247359769 1764166657984.363525 1764166657984 1764166657992
47215 1247393113 1764166658017.699463 1764166658018 1764166658025
47216 1247426457 1764166658051.035400 1764166658051 1764166658058
47217 1247459801 1764166658084.371094 1764166658085 1764166658092
47218 1247493145 1764166658117.706787 1764166658118 1764166658125
47219 1247526489 1764166658151.042725 1764166658151 1764166658158
47220 1247559833 1764166658184.378418 1764166658185 1764166658192
47221 1247593177 1764166658217.716553 1764166658217 1764166658225
47222 1247626521 1764166658251.054932 1764166658251 1764166658258
47223 1247659865 1764166658284.393066 1764166658285 1764166658292
47224 1247693209 1764166658317.731201 1764166658317 1764166658325
47225 1247726553 1764166658351.069336 1764166658351 1764166658358
47226 1247759897 1764166658384.407471 1764166658385 1764166658392
47227 1247793240 1764166658417.744629 1764166658417 1764166658425
47228 1247826584 1764166658451.082764 1764166658451 1764166658458
47229 1247859928 1764166658484.420898 1764166658485 1764166658492
47230 1247893272 1764166658517.758789 1764166658517 1764166658525
47231 1247926616 1764166658551.096924 1764166658551 1764166658558
47232 1247959960 1764166658584.434814 1764166658585 1764166658592
47233 1247993304 1764166658617.772705 1764166658617 1764166658625
47234 1248026648 1764166658651.110596 1764166658651 1764166658658
47235 1248059992 1764166658684.448486 1764166658685 1764166658692
47236 1248093336 1764166658717.786377 1764166658717 1764166658725
47237 1248126680 1764166658751.124268 1764166658751 1764166658759
47238 1248160024 1764166658784.462158 1764166658785 1764166658792
47239 1248193368 1764166658817.800049 1764166658818 1764166658825
47240 1248226711 1764166658851.136719 1764166658851 1764166658858
47241 1248260055 1764166658884.474609 1764166658885 1764166658892
47242 1248293399 1764166658917.812256 1764166658918 1764166658925
47243 1248326743 1764166658951.149902 1764166658951 1764166658958
47244 1248360087 1764166658984.487793 1764166658984 1764166658993
47245 1248393431 1764166659017.825439 1764166659018 1764166659025
47246 1248426775 1764166659051.163086 1764166659051 1764166659058
47247 1248460119 1764166659084.500488 1764166659085 1764166659092
47248 1248493463 1764166659117.838135 1764166659118 1764166659125
47249 1248526807 1764166659151.175781 1764166659151 1764166659158
47250 1248560151 1764166659184.513428 1764166659185 1764166659192
47251 1248593495 1764166659217.852051 1764166659218 1764166659225
47252 1248626839 1764166659251.190674 1764166659251 1764166659258
47253 1248660183 1764166659284.529297 1764166659285 1764166659292
47254 1248693526 1764166659317.866943 1764166659318 1764166659325
47255 1248726870 1764166659351.205322 1764166659351 1764166659358
47256 1248760214 1764166659384.543945 1764166659385 1764166659392
47257 1248793558 1764166659417.882568 1764166659418 1764166659425
47258 1248826902 1764166659451.221191 1764166659452 1764166659459
47259 1248860246 1764166659484.559814 1764166659485 1764166659492
47260 1248893590 1764166659517.898193 1764166659518 1764166659525
47261 1248926934 1764166659551.236816 1764166659552 1764166659559
47262 1248960278 1764166659584.575195 1764166659584 1764166659592
47263 1248993622 1764166659617.913818 1764166659618 1764166659625
47264 1249026966 1764166659651.252197 1764166659652 1764166659659
47265 1249060310 1764166659684.590820 1764166659684 1764166659692
47266 1249093654 1764166659717.929199 1764166659718 1764166659725
47267 1249126997 1764166659751.266602 1764166659752 1764166659759
47268 1249160341 1764166659784.605225 1764166659784 1764166659792
47269 1249193685 1764166659817.943604 1764166659819 1764166659826
47270 1249227029 1764166659851.281982 1764166659852 1764166659859
47271 1249260373 1764166659884.620361 1764166659884 1764166659892
47272 1249293717 1764166659917.958740 1764166659918 1764166659925
47273 1249327061 1764166659951.297119 1764166659952 1764166659959
47274 1249360405 1764166659984.635498 1764166659984 1764166659992
47275 1249393749 1764166660017.973877 1764166660018 1764166660025
47276 1249427093 1764166660051.312256 1764166660052 1764166660059
47277 1249460437 1764166660084.650635 1764166660084 1764166660092
47278 1249493781 1764166660117.988770 1764166660118 1764166660125
47279 1249527125 1764166660151.327148 1764166660152 1764166660159
47280 1249560468 1764166660184.664551 1764166660184 1764166660192
47281 1249593812 1764166660218.005127 1764166660218 1764166660225
47282 1249627156 1764166660251.345947 1764166660252 1764166660259
47283 1249660500 1764166660284.686768 1764166660284 1764166660292
47284 1249693844 1764166660318.027344 1764166660318 1764166660325
47285 1249727188 1764166660351.368164 1764166660352 1764166660359
47286 1249760532 1764166660384.708984 1764166660385 1764166660392
47287 1249793876 1764166660418.049805 1764166660418 1764166660425
47288 1249827220 1764166660451.390625 1764166660452 1764166660459
47289 1249860564 1764166660484.731445 1764166660485 1764166660492
47290 1249893908 1764166660518.072266 1764166660518 1764166660525
47291 1249927252 1764166660551.413086 1764166660552 1764166660559
47292 1249960596 1764166660584.753906 1764166660585 1764166660592
47293 1249993940 1764166660618.094727 1764166660618 1764166660625
47294 1250027283 1764166660651.434570 1764166660652 1764166660659
47295 1250060627 1764166660684.775391 1764166660685 1764166660692
47296 1250093971 1764166660718.116211 1764166660718 1764166660725
47297 1250127315 1764166660751.457031 1764166660752 1764166660759
47298 1250160659 1764166660784.797852 1764166660785 1764166660792
47299 1250194003 1764166660818.138672 1764166660819 1764166660826
47300 1250227347 1764166660851.479736 1764166660852 1764166660859
47301 1250260691 1764166660884.820557 1764166660885 1764166660894
47302 1250294035 1764166660918.161377 1764166660918 1764166660925
47303 1250327379 1764166660951.502441 1764166660952 1764166660959
47304 1250360723 1764166660984.843262 1764166660985 1764166660992
47305 1250394067 1764166661018.184326 1764166661019 1764166661026
47306 1250427411 1764166661051.525146 1764166661052 1764166661059
47307 1250460754 1764166661084.865234 1764166661085 1764166661092
47308 1250494098 1764166661118.206055 1764166661119 1764166661126
47309 1250527442 1764166661151.547119 1764166661151 1764166661159
47310 1250560786 1764166661184.887939 1764166661186 1764166661193
47311 1250594130 1764166661218.227539 1764166661219 1764166661226
47312 1250627474 1764166661251.566895 1764166661252 1764166661260
47313 1250660818 1764166661284.906250 1764166661285 1764166661292
47314 1250694162 1764166661318.245605 1764166661319 1764166661326
47315 1250727506 1764166661351.584961 1764166661351 1764166661359
47316 1250760850 1764166661384.924316 1764166661385 1764166661392
47317 1250794194 1764166661418.263672 1764166661419 1764166661426
47318 1250827538 1764166661451.603027 1764166661451 1764166661459
47319 1250860882 1764166661484.942383 1764166661485 1764166661492
47320 1250894225 1764166661518.280762 1764166661519 1764166661526
47321 1250927569 1764166661551.620117 1764166661551 1764166661559
47322 1250960913 1764166661584.959473 1764166661585 1764166661592
47323 1250994257 1764166661618.298828 1764166661619 1764166661626
47324 1251027601 1764166661651.638184 1764166661651 1764166661659
47325 1251060945 1764166661684.977539 1764166661685 1764166661692
47326 1251094289 1764166661718.316895 1764166661719 1764166661726
47327 1251127633 1764166661751.656006 1764166661751 1764166661759
47328 1251160977 1764166661784.995361 1764166661785 1764166661792
47329 1251194321 1764166661818.334717 1764166661819 1764166661826
47330 1251227665 1764166661851.674072 1764166661851 1764166661859
47331 1251261009 1764166661885.013428 1764166661885 1764166661892
47332 1251294353 1764166661918.352539 1764166661919 1764166661926
47333 1251327697 1764166661951.691895 1764166661951 1764166661959
47334 1251361040 1764166661985.030029 1764166661985 1764166661992
47335 1251394384 1764166662018.369385 1764166662019 1764166662026
47336 1251427728 1764166662051.708740 1764166662051 1764166662059
47337 1251461072 1764166662085.047852 1764166662085 1764166662092
47338 1251494416 1764166662118.387207 1764166662119 1764166662126
47339 1251527760 1764166662151.726318 1764166662151 1764166662159
47340 1251561104 1764166662185.065674 1764166662185 1764166662192
47341 1251594448 1764166662218.404541 1764166662219 1764166662226
47342 1251627792 1764166662251.741455 1764166662251 1764166662260
47343 1251661136 1764166662285.078613 1764166662286 1764166662293
47344 1251694480 1764166662318.415527 1764166662319 1764166662326
47345 1251727824 1764166662351.752441 1764166662351 1764166662362
47346 1251761168 1764166662385.089355 1764166662385 1764166662392
47347 1251794511 1764166662418.425049 1764166662419 1764166662426
47348 1251827855 1764166662451.761963 1764166662451 1764166662459
47349 1251861199 1764166662485.098877 1764166662485 1764166662492
47350 1251894543 1764166662518.435547 1764166662519 1764166662526
47351 1251927887 1764166662551.772461 1764166662551 1764166662559
47352 1251961231 1764166662585.109131 1764166662585 1764166662592
47353 1251994575 1764166662618.445801 1764166662619 1764166662626
47354 1252027919 1764166662651.782471 1764166662651 1764166662659
47355 1252061263 1764166662685.119141 1764166662685 1764166662692
47356 1252094607 1764166662718.455566 1764166662719 1764166662726
47357 1252127951 1764166662751.792236 1764166662751 1764166662759
47358 1252161295 1764166662785.128662 1764166662785 1764166662792
47359 1252194639 1764166662818.465332 1764166662819 1764166662826
47360 1252227982 1764166662851.800781 1764166662851 1764166662859
47361 1252261326 1764166662885.137207 1764166662885 1764166662892
47362 1252294670 1764166662918.473633 1764166662919 1764166662926
47363 1252328014 1764166662951.809814 1764166662951 1764166662959
47364 1252361358 1764166662985.146240 1764166662985 1764166662992
47365 1252394702 1764166663018.482666 1764166663019 1764166663026
47366 1252428046 1764166663051.818848 1764166663051 1764166663059
47367 1252461390 1764166663085.155029 1764166663085 1764166663092
47368 1252494734 1764166663118.491455 1764166663119 1764166663126
47369 1252528078 1764166663151.827637 1764166663151 1764166663159
47370 1252561422 1764166663185.163574 1764166663185 1764166663192
47371 1252594766 1764166663218.499756 1764166663219 1764166663226
47372 1252628110 1764166663251.847412 1764166663251 1764166663259
47373 1252661454 1764166663285.195068 1764166663285 1764166663292
47374 1252694797 1764166663318.541992 1764166663319 1764166663326
47375 1252728141 1764166663351.889893 1764166663352 1764166663359
47376 1252761485 1764166663385.238037 1764166663385 1764166663392
47377 1252794829 1764166663418.586182 1764166663418 1764166663426
47378 1252828173 1764166663451.934570 1764166663452 1764166663459
47379 1252861517 1764166663485.282959 1764166663485 1764166663492
47380 1252894861 1764166663518.631348 1764166663519 1764166663526
47381 1252928205 1764166663551.979980 1764166663552 1764166663559
47382 1252961549 1764166663585.328857 1764166663585 1764166663592
47383 1252994893 1764166663618.677734 1764166663619 1764166663626
47384 1253028237 1764166663652.026611 1764166663652 1764166663659
47385 1253061581 1764166663685.375732 1764166663685 1764166663692
47386 1253094925 1764166663718.725098 1764166663719 1764166663726
47387 1253128268 1764166663752.073486 1764166663752 1764166663759
47388 1253161612 1764166663785.422852 1764166663785 1764166663792
47389 1253194956 1764166663818.772461 1764166663819 1764166663826
47390 1253228300 1764166663852.122314 1764166663852 1764166663859
47391 1253261644 1764166663885.471924 1764166663885 1764166663892
47392 1253294988 1764166663918.822021 1764166663919 1764166663926
47393 1253328332 1764166663952.172119 1764166663952 1764166663959
47394 1253361676 1764166663985.522217 1764166663985 1764166663992
47395 1253395020 1764166664018.872559 1764166664019 1764166664026
47396 1253428364 1764166664052.222900 1764166664052 1764166664059
47397 1253461708 1764166664085.573486 1764166664085 1764166664092
47398 1253495052 1764166664118.924072 1764166664119 1764166664127
47399 1253528396 1764166664152.274902 1764166664152 1764166664159
47400 1253561739 1764166664185.624756 1764166664185 1764166664192
47401 1253595083 1764166664218.975586 1764166664219 1764166664226
47402 1253628427 1764166664252.315430 1764166664252 1764166664259
47403 1253661771 1764166664285.655518 1764166664285 1764166664292
47404 1253695115 1764166664318.995361 1764166664318 1764166664326
47405 1253728459 1764166664352.335205 1764166664352 1764166664359
47406 1253761803 1764166664385.675293 1764166664385 1764166664392
47407 1253795147 1764166664419.015137 1764166664419 1764166664426
47408 1253828491 1764166664452.355225 1764166664452 1764166664459
47409 1253861835 1764166664485.695068 1764166664485 1764166664492
47410 1253895179 1764166664519.035156 1764166664519 1764166664526
47411 1253928523 1764166664552.375244 1764166664552 1764166664559
47412 1253961867 1764166664585.715088 1764166664585 1764166664592
47413 1253995211 1764166664619.055176 1764166664619 1764166664626
47414 1254028554 1764166664652.394287 1764166664652 1764166664659
47415 1254061898 1764166664685.734375 1764166664685 1764166664692
47416 1254095242 1764166664719.074463 1764166664719 1764166664726
47417 1254128586 1764166664752.414307 1764166664752 1764166664759
47418 1254161930 1764166664785.754395 1764166664786 1764166664793
47419 1254195274 1764166664819.094482 1764166664819 1764166664826
47420 1254228618 1764166664852.434814 1764166664852 1764166664859
47421 1254261962 1764166664885.774902 1764166664886 1764166664893
47422 1254295306 1764166664919.114990 1764166664919 1764166664926
47423 1254328650 1764166664952.455078 1764166664952 1764166664959
47424 1254361994 1764166664985.795166 1764166664986 1764166664993
47425 1254395338 1764166665019.135498 1764166665019 1764166665026
47426 1254428682 1764166665052.475586 1764166665052 1764166665059
47427 1254462025 1764166665085.814697 1764166665086 1764166665093
47428 1254495369 1764166665119.155029 1764166665118 1764166665126
47429 1254528713 1764166665152.495117 1764166665152 1764166665159
47430 1254562057 1764166665185.835449 1764166665186 1764166665193
47431 1254595401 1764166665219.175537 1764166665218 1764166665226
47432 1254628745 1764166665252.512451 1764166665252 1764166665259
47433 1254662089 1764166665285.849121 1764166665286 1764166665293
47434 1254695433 1764166665319.185791 1764166665318 1764166665326
47435 1254728777 1764166665352.522461 1764166665352 1764166665359
47436 1254762121 1764166665385.858887 1764166665386 1764166665393
47437 1254795465 1764166665419.195557 1764166665418 1764166665426
47438 1254828809 1764166665452.532227 1764166665452 1764166665459
47439 1254862153 1764166665485.868652 1764166665486 1764166665493
47440 1254895496 1764166665519.204346 1764166665518 1764166665526
47441 1254928840 1764166665552.540771 1764166665552 1764166665559
47442 1254962184 1764166665585.877197 1764166665586 1764166665593
47443 1254995528 1764166665619.213623 1764166665618 1764166665626
47444 1255028872 1764166665652.550049 1764166665652 1764166665659
47445 1255062216 1764166665685.886475 1764166665686 1764166665693
47446 1255095560 1764166665719.222900 1764166665718 1764166665726
47447 1255128904 1764166665752.559082 1764166665752 1764166665759
47448 1255162248 1764166665785.895508 1764166665786 1764166665793
47449 1255195592 1764166665819.231689 1764166665818 1764166665826
47450 1255228936 1764166665852.568115 1764166665852 1764166665859
47451 1255262280 1764166665885.904297 1764166665886 1764166665893
47452 1255295624 1764166665919.240479 1764166665918 1764166665926
47453 1255328968 1764166665952.576660 1764166665952 1764166665959
47454 1255362311 1764166665985.911865 1764166665986 1764166665993
47455 1255395655 1764166666019.248047 1764166666018 1764166666026
47456 1255428999 1764166666052.583984 1764166666052 1764166666059
47457 1255462343 1764166666085.920166 1764166666086 1764166666093
47458 1255495687 1764166666119.256348 1764166666118 1764166666126
47459 1255529031 1764166666152.592285 1764166666152 1764166666159
47460 1255562375 1764166666185.928223 1764166666186 1764166666193
47461 1255595719 1764166666219.264404 1764166666218 1764166666226
47462 1255629063 1764166666252.600586 1764166666252 1764166666259
47463 1255662407 1764166666285.937012 1764166666286 1764166666293
47464 1255695751 1764166666319.273438 1764166666318 1764166666326
47465 1255729095 1764166666352.609619 1764166666352 1764166666359
47466 1255762439 1764166666385.945801 1764166666386 1764166666393
47467 1255795782 1764166666419.281006 1764166666418 1764166666426
47468 1255829126 1764166666452.617188 1764166666452 1764166666459
47469 1255862470 1764166666485.953369 1764166666486 1764166666493
47470 1255895814 1764166666519.289551 1764166666518 1764166666526
47471 1255929158 1764166666552.625732 1764166666552 1764166666566
47472 1255962502 1764166666585.961670 1764166666586 1764166666593
47473 1255995846 1764166666619.297852 1764166666618 1764166666626
47474 1256029190 1764166666652.633789 1764166666652 1764166666659
47475 1256062534 1764166666685.969971 1764166666686 1764166666693
47476 1256095878 1764166666719.305908 1764166666718 1764166666726
47477 1256129222 1764166666752.641846 1764166666752 1764166666759
47478 1256162566 1764166666785.977783 1764166666786 1764166666793
47479 1256195910 1764166666819.313721 1764166666818 1764166666826
47480 1256229253 1764166666852.648438 1764166666852 1764166666859
47481 1256262597 1764166666885.984375 1764166666886 1764166666893
47482 1256295941 1764166666919.320312 1764166666918 1764166666926
47483 1256329285 1764166666952.656006 1764166666952 1764166666959
47484 1256362629 1764166666985.991699 1764166666986 1764166666993
47485 1256395973 1764166667019.327393 1764166667018 1764166667026
47486 1256429317 1764166667052.663330 1764166667052 1764166667059
47487 1256462661 1764166667085.999023 1764166667086 1764166667093
47488 1256496005 1764166667119.334473 1764166667118 1764166667126
47489 1256529349 1764166667152.670166 1764166667152 1764166667159
47490 1256562693 1764166667186.005859 1764166667186 1764166667193
47491 1256596037 1764166667219.341553 1764166667218 1764166667226
47492 1256629381 1764166667252.677246 1764166667252 1764166667259
47493 1256662725 1764166667286.012939 1764166667286 1764166667293
47494 1256696068 1764166667319.347656 1764166667318 1764166667326
47495 1256729412 1764166667352.683350 1764166667352 1764166667360
47496 1256762756 1764166667386.019043 1764166667386 1764166667393
47497 1256796100 1764166667419.354736 1764166667418 1764166667426
47498 1256829444 1764166667452.690186 1764166667452 1764166667459
47499 1256862788 1764166667486.025879 1764166667486 1764166667493
47500 1256896132 1764166667519.361328 1764166667519 1764166667526
47501 1256929476 1764166667552.696777 1764166667552 1764166667559
47502 1256962820 1764166667586.032471 1764166667586 1764166667593
47503 1256996164 1764166667619.367920 1764166667619 1764166667626
47504 1257029508 1764166667652.703369 1764166667652 1764166667659
47505 1257062852 1764166667686.038574 1764166667686 1764166667693
47506 1257096196 1764166667719.374023 1764166667719 1764166667726
47507 1257129539 1764166667752.708496 1764166667752 1764166667759
47508 1257162883 1764166667786.043701 1764166667786 1764166667793
47509 1257196227 1764166667819.378906 1764166667819 1764166667826
47510 1257229571 1764166667852.714355 1764166667852 1764166667859
47511 1257262915 1764166667886.049561 1764166667886 1764166667893
47512 1257296259 1764166667919.384766 1764166667919 1764166667926
47513 1257329603 1764166667952.719971 1764166667952 1764166667960
47514 1257362947 1764166667986.054932 1764166667986 1764166667993
47515 1257396291 1764166668019.390137 1764166668019 1764166668026
47516 1257429635 1764166668052.725098 1764166668052 1764166668059
47517 1257462979 1764166668086.060303 1764166668086 1764166668093
47518 1257496323 1764166668119.395264 1764166668119 1764166668126
47519 1257529667 1764166668152.730225 1764166668152 1764166668159
47520 1257563010 1764166668186.064209 1764166668186 1764166668193
47521 1257596354 1764166668219.399170 1764166668219 1764166668226
47522 1257629698 1764166668252.734619 1764166668252 1764166668259
47523 1257663042 1764166668286.069824 1764166668286 1764166668293
47524 1257696386 1764166668319.405029 1764166668319 1764166668326
47525 1257729730 1764166668352.740479 1764166668352 1764166668359
47526 1257763074 1764166668386.075684 1764166668385 1764166668393
47527 1257796418 1764166668419.410645 1764166668419 1764166668426
47528 1257829762 1764166668452.745850 1764166668452 1764166668459
47529 1257863106 1764166668486.081055 1764166668486 1764166668493
47530 1257896450 1764166668519.416016 1764166668519 1764166668526
47531 1257929794 1764166668552.751221 1764166668552 1764166668559
47532 1257963138 1764166668586.086182 1764166668586 1764166668593
47533 1257996482 1764166668619.421143 1764166668619 1764166668626
47534 1258029825 1764166668652.755127 1764166668652 1764166668659
47535 1258063169 1764166668686.090088 1764166668685 1764166668693
47536 1258096513 1764166668719.425049 1764166668719 1764166668727
47537 1258129857 1764166668752.759766 1764166668752 1764166668760
47538 1258163201 1764166668786.094727 1764166668785 1764166668793
47539 1258196545 1764166668819.429443 1764166668819 1764166668826
47540 1258229889 1764166668852.764404 1764166668853 1764166668860
47541 1258263233 1764166668886.099121 1764166668886 1764166668893
47542 1258296577 1764166668919.433838 1764166668919 1764166668926
47543 1258329921 1764166668952.768555 1764166668953 1764166668960
47544 1258363265 1764166668986.103271 1764166668985 1764166668993
47545 1258396609 1764166669019.437744 1764166669019 1764166669026
47546 1258429953 1764166669052.772461 1764166669053 1764166669060
47547 1258463296 1764166669086.105957 1764166669086 1764166669093
47548 1258496640 1764166669119.440430 1764166669119 1764166669126
47549 1258529984 1764166669152.775146 1764166669153 1764166669160
47550 1258563328 1764166669186.109619 1764166669186 1764166669193
47551 1258596672 1764166669219.444092 1764166669219 1764166669226
47552 1258630016 1764166669252.779053 1764166669253 1764166669260
47553 1258663360 1764166669286.113770 1764166669286 1764166669293
47554 1258696704 1764166669319.448730 1764166669319 1764166669326
47555 1258730048 1764166669352.783447 1764166669353 1764166669360
47556 1258763392 1764166669386.118408 1764166669385 1764166669393
47557 1258796736 1764166669419.453125 1764166669419 1764166669426
47558 1258830080 1764166669452.787842 1764166669453 1764166669460
47559 1258863424 1764166669486.122559 1764166669485 1764166669493
47560 1258896767 1764166669519.456299 1764166669519 1764166669526
47561 1258930111 1764166669552.791016 1764166669553 1764166669560
47562 1258963455 1764166669586.125488 1764166669585 1764166669593
47563 1258996799 1764166669619.460205 1764166669619 1764166669626
47564 1259030143 1764166669652.794678 1764166669653 1764166669660
47565 1259063487 1764166669686.129150 1764166669685 1764166669693
47566 1259096831 1764166669719.463623 1764166669719 1764166669727
47567 1259130175 1764166669752.798096 1764166669753 1764166669760
47568 1259163519 1764166669786.132568 1764166669785 1764166669793
47569 1259196863 1764166669819.467041 1764166669819 1764166669826
47570 1259230207 1764166669852.801270 1764166669853 1764166669860
47571 1259263551 1764166669886.135742 1764166669885 1764166669893
47572 1259296895 1764166669919.469971 1764166669919 1764166669926
47573 1259330239 1764166669952.804199 1764166669952 1764166669961
47574 1259363582 1764166669986.137451 1764166669985 1764166669993
47575 1259396926 1764166670019.471680 1764166670019 1764166670026
47576 1259430270 1764166670052.805908 1764166670053 1764166670060
47577 1259463614 1764166670086.139893 1764166670085 1764166670093
47578 1259496958 1764166670119.474121 1764166670119 1764166670126
47579 1259530302 1764166670152.808105 1764166670152 1764166670160
47580 1259563646 1764166670186.142090 1764166670185 1764166670193
47581 1259596990 1764166670219.476318 1764166670219 1764166670226
47582 1259630334 1764166670252.810791 1764166670252 1764166670260
47583 1259663678 1764166670286.145264 1764166670285 1764166670293
47584 1259697022 1764166670319.479736 1764166670319 1764166670326
47585 1259730366 1764166670352.814209 1764166670353 1764166670360
47586 1259763710 1764166670386.148682 1764166670385 1764166670393
47587 1259797053 1764166670419.482178 1764166670419 1764166670426
