37246 919605742 1764166325071.523193 1764166325072 1764166325079
37247 919639085 1764166325104.868896 1764166325104 1764166325112
37248 919672429 1764166325138.215332 1764166325138 1764166325145
37249 919705773 1764166325171.562012 1764166325172 1764166325179
37250 919739117 1764166325204.908447 1764166325204 1764166325212
37251 919772461 1764166325238.255127 1764166325238 1764166325245
37252 919805805 1764166325271.601562 1764166325272 1764166325279
37253 919839149 1764166325304.948486 1764166325305 1764166325312
37254 919872493 1764166325338.295166 1764166325338 1764166325345
37255 919905837 1764166325371.642090 1764166325372 1764166325379
37256 919939181 1764166325404.989014 1764166325405 1764166325412
37257 919972525 1764166325438.335938 1764166325438 1764166325445
37258 920005869 1764166325471.682617 1764166325472 1764166325479
37259 920039213 1764166325505.029541 1764166325505 1764166325512
37260 920072556 1764166325538.375488 1764166325538 1764166325545
37261 920105900 1764166325571.722412 1764166325572 1764166325579
37262 920139244 1764166325605.069092 1764166325605 1764166325612
37263 920172588 1764166325638.416016 1764166325639 1764166325646
37264 920205932 1764166325671.762939 1764166325672 1764166325679
37265 920239276 1764166325705.109863 1764166325705 1764166325712
37266 920272620 1764166325738.456543 1764166325739 1764166325746
37267 920305964 1764166325771.803467 1764166325771 1764166325779
37268 920339308 1764166325805.150391 1764166325805 1764166325812
37269 920372652 1764166325838.497314 1764166325839 1764166325846
37270 920405996 1764166325871.844238 1764166325871 1764166325879
37271 920439340 1764166325905.191162 1764166325905 1764166325912
37272 920472684 1764166325938.537842 1764166325939 1764166325946
37273 920506028 1764166325971.884766 1764166325971 1764166325979
37274 920539371 1764166326005.230713 1764166326005 1764166326012
37275 920572715 1764166326038.577637 1764166326039 1764166326046
37276 920606059 1764166326071.924561 1764166326071 1764166326079
37277 920639403 1764166326105.271484 1764166326105 1764166326112
37278 920672747 1764166326138.618408 1764166326139 1764166326146
37279 920706091 1764166326171.965332 1764166326172 1764166326179
37280 920739435 1764166326205.312012 1764166326205 1764166326212
37281 920772779 1764166326238.658936 1764166326239 1764166326246
37282 920806123 1764166326272.005859 1764166326272 1764166326279
37283 920839467 1764166326305.352539 1764166326305 1764166326312
37284 920872811 1764166326338.699219 1764166326339 1764166326346
37285 920906155 1764166326372.045898 1764166326372 1764166326379
37286 920939499 1764166326405.392578 1764166326405 1764166326412
37287 920972842 1764166326438.738037 1764166326439 1764166326446
37288 921006186 1764166326472.084717 1764166326472 1764166326479
37289 921039530 1764166326505.431396 1764166326506 1764166326513
37290 921072874 1764166326538.778076 1764166326538 1764166326546
37291 921106218 1764166326572.124512 1764166326572 1764166326579
37292 921139562 1764166326605.471191 1764166326606 1764166326613
37293 921172906 1764166326638.817871 1764166326638 1764166326646
37294 921206250 1764166326672.164307 1764166326672 1764166326679
37295 921239594 1764166326705.510986 1764166326706 1764166326713
37296 921272938 1764166326738.857666 1764166326738 1764166326746
37297 921306282 1764166326772.204102 1764166326772 1764166326779
37298 921339626 1764166326805.550781 1764166326806 1764166326813
37299 921372970 1764166326838.897461 1764166326838 1764166326846
37300 921406313 1764166326872.242920 1764166326872 1764166326879
37301 921439657 1764166326905.589600 1764166326906 1764166326913
37302 921473001 1764166326938.936035 1764166326938 1764166326946
37303 921506345 1764166326972.282715 1764166326972 1764166326979
37304 921539689 1764166327005.629395 1764166327006 1764166327013
37305 921573033 1764166327038.975830 1764166327039 1764166327046
37306 921606377 1764166327072.322510 1764166327073 1764166327080
37307 921639721 1764166327105.668945 1764166327106 1764166327113
37308 921673065 1764166327139.015625 1764166327139 1764166327146
37309 921706409 1764166327172.362061 1764166327172 1764166327179
37310 921739753 1764166327205.708740 1764166327206 1764166327213
37311 921773097 1764166327239.055176 1764166327239 1764166327246
37312 921806441 1764166327272.401855 1764166327273 1764166327280
37313 921839785 1764166327305.748047 1764166327305 1764166327313
37314 921873128 1764166327339.093506 1764166327339 1764166327346
37315 921906472 1764166327372.439697 1764166327373 1764166327380
37316 921939816 1764166327405.786133 1764166327405 1764166327413
37317 921973160 1764166327439.132324 1764166327439 1764166327446
37318 922006504 1764166327472.478760 1764166327473 1764166327480
37319 922039848 1764166327505.824951 1764166327505 1764166327513
37320 922073192 1764166327539.171387 1764166327540 1764166327547
37321 922106536 1764166327572.517578 1764166327573 1764166327580
37322 922139880 1764166327605.864014 1764166327605 1764166327613
37323 922173224 1764166327639.210205 1764166327640 1764166327647
37324 922206568 1764166327672.556396 1764166327673 1764166327680
37325 922239912 1764166327705.902832 1764166327705 1764166327713
37326 922273256 1764166327739.249023 1764166327740 1764166327747
37327 922306599 1764166327772.594238 1764166327773 1764166327780
37328 922339943 1764166327805.940430 1764166327805 1764166327813
37329 922373287 1764166327839.286865 1764166327839 1764166327847
37330 922406631 1764166327872.633057 1764166327873 1764166327880
37331 922439975 1764166327905.979248 1764166327906 1764166327913
37332 922473319 1764166327939.325439 1764166327939 1764166327946
37333 922506663 1764166327972.671631 1764166327973 1764166327980
37334 922540007 1764166328006.018066 1764166328006 1764166328013
37335 922573351 1764166328039.364258 1764166328040 1764166328047
37336 922606695 1764166328072.710449 1764166328073 1764166328080
37337 922640039 1764166328106.056641 1764166328106 1764166328113
37338 922673383 1764166328139.402832 1764166328140 1764166328147
37339 922706727 1764166328172.749023 1764166328173 1764166328180
37340 922740070 1764166328206.094238 1764166328206 1764166328213
37341 922773414 1764166328239.440430 1764166328240 1764166328247
37342 922806758 1764166328272.786621 1764166328272 1764166328280
37343 922840102 1764166328306.133301 1764166328306 1764166328313
37344 922873446 1764166328339.479736 1764166328340 1764166328347
37345 922906790 1764166328372.826416 1764166328372 1764166328380
37346 922940134 1764166328406.172852 1764166328406 1764166328413
37347 922973478 1764166328439.519531 1764166328440 1764166328447
37348 923006822 1764166328472.865967 1764166328472 1764166328480
37349 923040166 1764166328506.212646 1764166328506 1764166328513
37350 923073510 1764166328539.559326 1764166328540 1764166328547
37351 923106854 1764166328572.905762 1764166328572 1764166328580
37352 923140198 1764166328606.252441 1764166328606 1764166328613
37353 923173542 1764166328639.598877 1764166328640 1764166328647
37354 923206885 1764166328672.944336 1764166328673 1764166328680
37355 923240229 1764166328706.291016 1764166328706 1764166328713
37356 923273573 1764166328739.637451 1764166328740 1764166328747
37357 923306917 1764166328772.984131 1764166328773 1764166328780
37358 923340261 1764166328806.330566 1764166328806 1764166328813
37359 923373605 1764166328839.677246 1764166328840 1764166328847
37360 923406949 1764166328873.023682 1764166328873 1764166328880
37361 923440293 1764166328906.370361 1764166328906 1764166328913
37362 923473637 1764166328939.716797 1764166328940 1764166328947
37363 923506981 1764166328973.063477 1764166328973 1764166328980
37364 923540325 1764166329006.409912 1764166329007 1764166329014
37365 923573669 1764166329039.756348 1764166329039 1764166329047
37366 923607013 1764166329073.103027 1764166329073 1764166329080
37367 923640356 1764166329106.448486 1764166329107 1764166329114
37368 923673700 1764166329139.794922 1764166329139 1764166329147
37369 923707044 1764166329173.141602 1764166329173 1764166329180
37370 923740388 1764166329206.488037 1764166329207 1764166329214
37371 923773732 1764166329239.834473 1764166329239 1764166329247
37372 923807076 1764166329273.181152 1764166329273 1764166329280
37373 923840420 1764166329306.527832 1764166329307 1764166329314
37374 923873764 1764166329339.874756 1764166329339 1764166329347
37375 923907108 1764166329373.221436 1764166329373 1764166329380
37376 923940452 1764166329406.568359 1764166329407 1764166329414
37377 923973796 1764166329439.915283 1764166329439 1764166329448
37378 924007140 1764166329473.261963 1764166329473 1764166329480
37379 924040484 1764166329506.608887 1764166329507 1764166329514
37380 924073827 1764166329539.954590 1764166329540 1764166329547
37381 924107171 1764166329573.301514 1764166329573 1764166329580
37382 924140515 1764166329606.648193 1764166329607 1764166329614
37383 924173859 1764166329639.995117 1764166329640 1764166329647
37384 924207203 1764166329673.341797 1764166329673 1764166329680
37385 924240547 1764166329706.688721 1764166329707 1764166329714
37386 924273891 1764166329740.035400 1764166329740 1764166329747
37387 924307235 1764166329773.382324 1764166329774 1764166329781
37388 924340579 1764166329806.729004 1764166329807 1764166329814
37389 924373923 1764166329840.075928 1764166329840 1764166329847
37390 924407267 1764166329873.422607 1764166329874 1764166329881
37391 924440611 1764166329906.769287 1764166329906 1764166329914
37392 924473955 1764166329940.116211 1764166329940 1764166329947
37393 924507299 1764166329973.462891 1764166329974 1764166329981
37394 924540642 1764166330006.808838 1764166330006 1764166330015
37395 924573986 1764166330040.155518 1764166330040 1764166330047
37396 924607330 1764166330073.502441 1764166330074 1764166330081
37397 924640674 1764166330106.849121 1764166330106 1764166330114
37398 924674018 1764166330140.195801 1764166330140 1764166330147
37399 924707362 1764166330173.542725 1764166330174 1764166330181
37400 924740706 1764166330206.889404 1764166330206 1764166330214
37401 924774050 1764166330240.236328 1764166330240 1764166330247
37402 924807394 1764166330273.583008 1764166330274 1764166330281
37403 924840738 1764166330306.929443 1764166330307 1764166330314
37404 924874082 1764166330340.275879 1764166330341 1764166330348
37405 924907426 1764166330373.622314 1764166330374 1764166330381
37406 924940770 1764166330406.968994 1764166330407 1764166330414
37407 924974113 1764166330440.314453 1764166330440 1764166330447
37408 925007457 1764166330473.660889 1764166330474 1764166330481
37409 925040801 1764166330507.007324 1764166330507 1764166330514
37410 925074145 1764166330540.353760 1764166330541 1764166330548
37411 925107489 1764166330573.700195 1764166330574 1764166330581
37412 925140833 1764166330607.046631 1764166330607 1764166330614
37413 925174177 1764166330640.393066 1764166330641 1764166330648
37414 925207521 1764166330673.739502 1764166330673 1764166330681
37415 925240865 1764166330707.085938 1764166330707 1764166330714
37416 925274209 1764166330740.432373 1764166330741 1764166330748
37417 925307553 1764166330773.778809 1764166330773 1764166330781
37418 925340897 1764166330807.125244 1764166330807 1764166330814
37419 925374241 1764166330840.471680 1764166330841 1764166330848
37420 925407584 1764166330873.817139 1764166330873 1764166330881
37421 925440928 1764166330907.163574 1764166330907 1764166330914
37422 925474272 1764166330940.509766 1764166330941 1764166330948
37423 925507616 1764166330973.856201 1764166330973 1764166330981
37424 925540960 1764166331007.202637 1764166331007 1764166331015
37425 925574304 1764166331040.549072 1764166331041 1764166331048
37426 925607648 1764166331073.895508 1764166331073 1764166331081
37427 925640992 1764166331107.241943 1764166331107 1764166331114
37428 925674336 1764166331140.588135 1764166331141 1764166331148
37429 925707680 1764166331173.934570 1764166331174 1764166331181
37430 925741024 1764166331207.281006 1764166331208 1764166331215
37431 925774368 1764166331240.627441 1764166331241 1764166331248
37432 925807712 1764166331273.973877 1764166331274 1764166331281
37433 925841056 1764166331307.322021 1764166331308 1764166331315
37434 925874399 1764166331340.669189 1764166331341 1764166331348
37435 925907743 1764166331374.017578 1764166331374 1764166331381
37436 925941087 1764166331407.365723 1764166331407 1764166331415
37437 925974431 1764166331440.714111 1764166331441 1764166331448
37438 926007775 1764166331474.062500 1764166331474 1764166331481
37439 926041119 1764166331507.410645 1764166331508 1764166331515
37440 926074463 1764166331540.759033 1764166331540 1764166331548
37441 926107807 1764166331574.107422 1764166331574 1764166331581
37442 926141151 1764166331607.455811 1764166331608 1764166331615
37443 926174495 1764166331640.804443 1764166331640 1764166331648
37444 926207839 1764166331674.152832 1764166331674 1764166331681
37445 926241183 1764166331707.501221 1764166331708 1764166331715
37446 926274527 1764166331740.849609 1764166331740 1764166331748
37447 926307870 1764166331774.197266 1764166331774 1764166331781
37448 926341214 1764166331807.545654 1764166331808 1764166331815
37449 926374558 1764166331840.894287 1764166331840 1764166331848
37450 926407902 1764166331874.242920 1764166331874 1764166331881
37451 926441246 1764166331907.591553 1764166331908 1764166331915
37452 926474590 1764166331940.939941 1764166331941 1764166331948
37453 926507934 1764166331974.288574 1764166331974 1764166331981
37454 926541278 1764166332007.637207 1764166332008 1764166332015
37455 926574622 1764166332040.985840 1764166332041 1764166332048
37456 926607966 1764166332074.334717 1764166332074 1764166332081
37457 926641310 1764166332107.683350 1764166332108 1764166332115
37458 926674654 1764166332141.031982 1764166332141 1764166332148
37459 926707998 1764166332174.380859 1764166332174 1764166332182
37460 926741341 1764166332207.728516 1764166332207 1764166332215
37461 926774685 1764166332241.077393 1764166332241 1764166332248
37462 926808029 1764166332274.426025 1764166332275 1764166332282
37463 926841373 1764166332307.772949 1764166332307 1764166332315
37464 926874717 1764166332341.119873 1764166332341 1764166332348
37465 926908061 1764166332374.466797 1764166332375 1764166332382
37466 926941405 1764166332407.813721 1764166332407 1764166332415
37467 926974749 1764166332441.160645 1764166332441 1764166332448
37468 927008093 1764166332474.507568 1764166332475 1764166332482
37469 927041437 1764166332507.854492 1764166332507 1764166332515
37470 927074781 1764166332541.201416 1764166332541 1764166332548
37471 927108125 1764166332574.548096 1764166332575 1764166332582
37472 927141469 1764166332607.895020 1764166332607 1764166332615
37473 927174813 1764166332641.241943 1764166332641 1764166332648
37474 927208156 1764166332674.587891 1764166332675 1764166332682
37475 927241500 1764166332707.934814 1764166332707 1764166332715
37476 927274844 1764166332741.281738 1764166332741 1764166332748
37477 927308188 1764166332774.628662 1764166332775 1764166332782
37478 927341532 1764166332807.975586 1764166332808 1764166332815
37479 927374876 1764166332841.322510 1764166332841 1764166332848
37480 927408220 1764166332874.669189 1764166332875 1764166332882
37481 927441564 1764166332908.016113 1764166332908 1764166332915
37482 927474908 1764166332941.363037 1764166332941 1764166332948
37483 927508252 1764166332974.709961 1764166332975 1764166332982
37484 927541596 1764166333008.056885 1764166333008 1764166333015
37485 927574940 1764166333041.403809 1764166333042 1764166333049
37486 927608284 1764166333074.750732 1764166333075 1764166333082
37487 927641627 1764166333108.096436 1764166333108 1764166333115
37488 927674971 1764166333141.443359 1764166333142 1764166333149
37489 927708315 1764166333174.790283 1764166333175 1764166333182
37490 927741659 1764166333208.137207 1764166333208 1764166333216
37491 927775003 1764166333241.484131 1764166333242 1764166333249
37492 927808347 1764166333274.831055 1764166333274 1764166333282
37493 927841691 1764166333308.178711 1764166333308 1764166333315
37494 927875035 1764166333341.526367 1764166333342 1764166333349
37495 927908379 1764166333374.873779 1764166333374 1764166333382
37496 927941723 1764166333408.221436 1764166333408 1764166333415
37497 927975067 1764166333441.569092 1764166333442 1764166333449
37498 928008411 1764166333474.916748 1764166333474 1764166333482
37499 928041755 1764166333508.264404 1764166333508 1764166333515
37500 928075098 1764166333541.611084 1764166333542 1764166333549
37501 928108442 1764166333574.958740 1764166333574 1764166333582
37502 928141786 1764166333608.306396 1764166333608 1764166333615
37503 928175130 1764166333641.654053 1764166333642 1764166333649
37504 928208474 1764166333675.001709 1764166333675 1764166333682
37505 928241818 1764166333708.349609 1764166333708 1764166333715
37506 928275162 1764166333741.697266 1764166333742 1764166333749
37507 928308506 1764166333775.044922 1764166333775 1764166333782
37508 928341850 1764166333808.392578 1764166333808 1764166333815
37509 928375194 1764166333841.740234 1764166333842 1764166333849
37510 928408538 1764166333875.087891 1764166333875 1764166333882
37511 928441882 1764166333908.435547 1764166333909 1764166333916
37512 928475226 1764166333941.783447 1764166333941 1764166333949
37513 928508570 1764166333975.131104 1764166333975 1764166333982
37514 928541913 1764166334008.477783 1764166334009 1764166334016
37515 928575257 1764166334041.825439 1764166334041 1764166334049
37516 928608601 1764166334075.173340 1764166334075 1764166334082
37517 928641945 1764166334108.520996 1764166334109 1764166334116
37518 928675289 1764166334141.868652 1764166334141 1764166334149
37519 928708633 1764166334175.216553 1764166334175 1764166334182
37520 928741977 1764166334208.564209 1764166334209 1764166334216
37521 928775321 1764166334241.911865 1764166334241 1764166334249
37522 928808665 1764166334275.259766 1764166334275 1764166334282
37523 928842009 1764166334308.606689 1764166334309 1764166334316
37524 928875353 1764166334341.953613 1764166334341 1764166334349
37525 928908697 1764166334375.300537 1764166334375 1764166334382
37526 928942041 1764166334408.647461 1764166334409 1764166334416
37527 928975384 1764166334441.993408 1764166334442 1764166334449
37528 929008728 1764166334475.340332 1764166334475 1764166334483
37529 929042072 1764166334508.687256 1764166334509 1764166334516
37530 929075416 1764166334542.034180 1764166334542 1764166334549
37531 929108760 1764166334575.381348 1764166334575 1764166334582
37532 929142104 1764166334608.728271 1764166334609 1764166334616
37533 929175448 1764166334642.075195 1764166334642 1764166334649
37534 929208792 1764166334675.422119 1764166334676 1764166334683
37535 929242136 1764166334708.769043 1764166334709 1764166334716
37536 929275480 1764166334742.115967 1764166334742 1764166334749
37537 929308824 1764166334775.463135 1764166334776 1764166334783
37538 929342168 1764166334808.810059 1764166334808 1764166334816
37539 929375512 1764166334842.156982 1764166334842 1764166334849
37540 929408855 1764166334875.502930 1764166334876 1764166334883
37541 929442199 1764166334908.849854 1764166334908 1764166334916
37542 929475543 1764166334942.197021 1764166334942 1764166334949
37543 929508887 1764166334975.543945 1764166334976 1764166334983
37544 929542231 1764166335008.890869 1764166335008 1764166335016
37545 929575575 1764166335042.237793 1764166335042 1764166335049
37546 929608919 1764166335075.584961 1764166335076 1764166335083
37547 929642263 1764166335108.931885 1764166335108 1764166335116
37548 929675607 1764166335142.278809 1764166335143 1764166335150
37549 929708951 1764166335175.625977 1764166335175 1764166335186
37550 929742295 1764166335208.972900 1764166335208 1764166335216
37551 929775639 1764166335242.319824 1764166335242 1764166335249
37552 929808983 1764166335275.666748 1764166335276 1764166335283
37553 929842327 1764166335309.018555 1764166335309 1764166335316
37554 929875670 1764166335342.369629 1764166335342 1764166335349
37555 929909014 1764166335375.721436 1764166335376 1764166335383
37556 929942358 1764166335409.073242 1764166335409 1764166335416
37557 929975702 1764166335442.425293 1764166335442 1764166335449
37558 930009046 1764166335475.777100 1764166335476 1764166335483
37559 930042390 1764166335509.129150 1764166335509 1764166335516
37560 930075734 1764166335542.481201 1764166335543 1764166335550
37561 930109078 1764166335575.833252 1764166335576 1764166335583
37562 930142422 1764166335609.185303 1764166335609 1764166335616
37563 930175766 1764166335642.537598 1764166335643 1764166335650
37564 930209110 1764166335675.889648 1764166335675 1764166335683
37565 930242454 1764166335709.241943 1764166335709 1764166335716
37566 930275798 1764166335742.593994 1764166335743 1764166335750
37567 930309141 1764166335775.945312 1764166335775 1764166335783
37568 930342485 1764166335809.297607 1764166335809 1764166335816
37569 930375829 1764166335842.649902 1764166335843 1764166335850
37570 930409173 1764166335876.002197 1764166335875 1764166335883
37571 930442517 1764166335909.354492 1764166335909 1764166335916
37572 930475861 1764166335942.707031 1764166335943 1764166335950
37573 930509205 1764166335976.059326 1764166335975 1764166335983
37574 930542549 1764166336009.411865 1764166336009 1764166336016
37575 930575893 1764166336042.764404 1764166336043 1764166336050
37576 930609237 1764166336076.116943 1764166336076 1764166336083
37577 930642581 1764166336109.469482 1764166336109 1764166336116
37578 930675925 1764166336142.822021 1764166336142 1764166336150
37579 930709269 1764166336176.174561 1764166336176 1764166336183
37580 930742612 1764166336209.526367 1764166336209 1764166336216
37581 930775956 1764166336242.878906 1764166336243 1764166336250
37582 930809300 1764166336276.231689 1764166336276 1764166336283
37583 930842644 1764166336309.579102 1764166336309 1764166336316
37584 930875988 1764166336342.925293 1764166336343 1764166336350
37585 930909332 1764166336376.271729 1764166336376 1764166336383
37586 930942676 1764166336409.617920 1764166336410 1764166336417
37587 930976020 1764166336442.964111 1764166336442 1764166336450
37588 931009364 1764166336476.310303 1764166336476 1764166336483
37589 931042708 1764166336509.656494 1764166336510 1764166336517
37590 931076052 1764166336543.002930 1764166336542 1764166336550
37591 931109396 1764166336576.349121 1764166336576 1764166336583
37592 931142740 1764166336609.695312 1764166336610 1764166336617
37593 931176084 1764166336643.041504 1764166336642 1764166336650
37594 931209427 1764166336676.386719 1764166336676 1764166336683
37595 931242771 1764166336709.732910 1764166336710 1764166336717
37596 931276115 1764166336743.079102 1764166336742 1764166336750
37597 931309459 1764166336776.425293 1764166336776 1764166336783
37598 931342803 1764166336809.771484 1764166336810 1764166336817
37599 931376147 1764166336843.117676 1764166336842 1764166336850
37600 931409491 1764166336876.463867 1764166336877 1764166336884
37601 931442835 1764166336909.810059 1764166336910 1764166336917
37602 931476179 1764166336943.156006 1764166336943 1764166336950
37603 931509523 1764166336976.502197 1764166336976 1764166336983
37604 931542867 1764166337009.848389 1764166337010 1764166337017
37605 931576211 1764166337043.194580 1764166337043 1764166337050
37606 931609555 1764166337076.540771 1764166337076 1764166337083
37607 931642898 1764166337109.885742 1764166337110 1764166337117
37608 931676242 1764166337143.231934 1764166337143 1764166337150
37609 931709586 1764166337176.578125 1764166337176 1764166337183
37610 931742930 1764166337209.924072 1764166337210 1764166337217
37611 931776274 1764166337243.270264 1764166337243 1764166337250
37612 931809618 1764166337276.616455 1764166337277 1764166337284
37613 931842962 1764166337309.962402 1764166337309 1764166337317
37614 931876306 1764166337343.308838 1764166337343 1764166337350
37615 931909650 1764166337376.655273 1764166337377 1764166337384
37616 931942994 1764166337410.001709 1764166337409 1764166337417
37617 931976338 1764166337443.347900 1764166337443 1764166337450
37618 932009682 1764166337476.694336 1764166337477 1764166337484
37619 932043026 1764166337510.040771 1764166337509 1764166337517
37620 932076369 1764166337543.385986 1764166337543 1764166337550
37621 932109713 1764166337576.732422 1764166337577 1764166337584
37622 932143057 1764166337610.078613 1764166337609 1764166337617
37623 932176401 1764166337643.425049 1764166337643 1764166337650
37624 932209745 1764166337676.771240 1764166337677 1764166337684
37625 932243089 1764166337710.117676 1764166337710 1764166337717
37626 932276433 1764166337743.463867 1764166337743 1764166337750
37627 932309777 1764166337776.810303 1764166337777 1764166337784
37628 932343121 1764166337810.156494 1764166337810 1764166337817
37629 932376465 1764166337843.502930 1764166337843 1764166337850
37630 932409809 1764166337876.849121 1764166337877 1764166337884
37631 932443153 1764166337910.195557 1764166337910 1764166337917
37632 932476497 1764166337943.541748 1764166337943 1764166337950
37633 932509841 1764166337976.888184 1764166337977 1764166337984
37634 932543184 1764166338010.233398 1764166338010 1764166338017
37635 932576528 1764166338043.579590 1764166338044 1764166338051
37636 932609872 1764166338076.925781 1764166338077 1764166338084
37637 932643216 1764166338110.272217 1764166338110 1764166338117
37638 932676560 1764166338143.618408 1764166338144 1764166338151
37639 932709904 1764166338176.964600 1764166338176 1764166338184
37640 932743248 1764166338210.311035 1764166338210 1764166338217
37641 932776592 1764166338243.657227 1764166338244 1764166338251
37642 932809936 1764166338277.003418 1764166338276 1764166338284
37643 932843280 1764166338310.349609 1764166338310 1764166338317
37644 932876624 1764166338343.696289 1764166338344 1764166338351
37645 932909968 1764166338377.042725 1764166338376 1764166338384
37646 932943312 1764166338410.389160 1764166338410 1764166338417
37647 932976655 1764166338443.734863 1764166338444 1764166338451
37648 933009999 1764166338477.081299 1764166338476 1764166338484
37649 933043343 1764166338510.427734 1764166338510 1764166338517
37650 933076687 1764166338543.774414 1764166338544 1764166338551
37651 933110031 1764166338577.120850 1764166338577 1764166338584
37652 933143375 1764166338610.467285 1764166338610 1764166338617
37653 933176719 1764166338643.813721 1764166338644 1764166338651
37654 933210063 1764166338677.160400 1764166338677 1764166338684
37655 933243407 1764166338710.506836 1764166338710 1764166338717
37656 933276751 1764166338743.853271 1764166338744 1764166338751
37657 933310095 1764166338777.199707 1764166338777 1764166338784
37658 933343439 1764166338810.546143 1764166338811 1764166338818
37659 933376783 1764166338843.892822 1764166338844 1764166338851
37660 933410126 1764166338877.238281 1764166338877 1764166338884
37661 933443470 1764166338910.584717 1764166338911 1764166338918
37662 933476814 1764166338943.931152 1764166338943 1764166338951
37663 933510158 1764166338977.277588 1764166338977 1764166338984
37664 933543502 1764166339010.624023 1764166339011 1764166339018
37665 933576846 1764166339043.970459 1764166339043 1764166339051
37666 933610190 1764166339077.316895 1764166339077 1764166339084
37667 933643534 1764166339110.663330 1764166339111 1764166339118
37668 933676878 1764166339144.009766 1764166339143 1764166339151
37669 933710222 1764166339177.356201 1764166339177 1764166339184
37670 933743566 1764166339210.702637 1764166339211 1764166339218
37671 933776910 1764166339244.049072 1764166339243 1764166339251
37672 933810254 1764166339277.395508 1764166339277 1764166339284
37673 933843598 1764166339310.741943 1764166339311 1764166339318
37674 933876941 1764166339344.087891 1764166339343 1764166339351
37675 933910285 1764166339377.435059 1764166339377 1764166339384
37676 933943629 1764166339410.782227 1764166339411 1764166339418
37677 933976973 1764166339444.129395 1764166339444 1764166339451
37678 934010317 1764166339477.476562 1764166339477 1764166339484
37679 934043661 1764166339510.823486 1764166339511 1764166339518
37680 934077005 1764166339544.170654 1764166339544 1764166339551
37681 934110349 1764166339577.517822 1764166339577 1764166339584
37682 934143693 1764166339610.864990 1764166339611 1764166339618
37683 934177037 1764166339644.212158 1764166339644 1764166339651
37684 934210381 1764166339677.559082 1764166339678 1764166339685
37685 934243725 1764166339710.906250 1764166339710 1764166339718
37686 934277069 1764166339744.253418 1764166339744 1764166339751
37687 934310412 1764166339777.599609 1764166339778 1764166339785
37688 934343756 1764166339810.946777 1764166339810 1764166339818
37689 934377100 1764166339844.293701 1764166339844 1764166339851
37690 934410444 1764166339877.640869 1764166339878 1764166339885
37691 934443788 1764166339910.988037 1764166339910 1764166339918
37692 934477132 1764166339944.335205 1764166339944 1764166339951
37693 934510476 1764166339977.682373 1764166339978 1764166339985
37694 934543820 1764166340011.029297 1764166340010 1764166340018
37695 934577164 1764166340044.376465 1764166340044 1764166340051
37696 934610508 1764166340077.723633 1764166340078 1764166340085
37698 934677196 1764166340144.417969 1764166340144 1764166340151
37697 934643852 1764166340111.070801 1764166340110 1764166340118
37699 934710540 1764166340177.764893 1764166340178 1764166340185
37700 934743883 1764166340211.111084 1764166340211 1764166340218
37701 934777227 1764166340244.458252 1764166340244 1764166340251
37702 934810571 1764166340277.805420 1764166340278 1764166340285
37703 934843915 1764166340311.152344 1764166340311 1764166340318
37704 934877259 1764166340344.498779 1764166340344 1764166340351
37705 934910603 1764166340377.844971 1764166340378 1764166340385
37706 934943947 1764166340411.191162 1764166340411 1764166340418
37707 934977291 1764166340444.537354 1764166340444 1764166340451
37708 935010635 1764166340477.883545 1764166340478 1764166340485
37709 935043979 1764166340511.229736 1764166340511 1764166340518
37710 935077323 1764166340544.575928 1764166340545 1764166340552
37711 935110667 1764166340577.922119 1764166340578 1764166340585
37712 935144011 1764166340611.268311 1764166340611 1764166340618
37713 935177355 1764166340644.614502 1764166340645 1764166340652
37714 935210698 1764166340677.959717 1764166340677 1764166340685
37715 935244042 1764166340711.305908 1764166340711 1764166340718
37716 935277386 1764166340744.652100 1764166340745 1764166340752
37717 935310730 1764166340777.998291 1764166340777 1764166340785
37718 935344074 1764166340811.344482 1764166340811 1764166340818
37719 935377418 1764166340844.690430 1764166340845 1764166340852
37720 935410762 1764166340878.036621 1764166340877 1764166340885
37721 935444106 1764166340911.382812 1764166340911 1764166340918
37722 935477450 1764166340944.729004 1764166340945 1764166340952
37723 935510794 1764166340978.075195 1764166340978 1764166340985
37724 935544138 1764166341011.421143 1764166341011 1764166341018
37725 935577482 1764166341044.767334 1764166341045 1764166341052
37726 935610826 1764166341078.113525 1764166341078 1764166341085
37727 935644169 1764166341111.458496 1764166341111 1764166341118
37728 935677513 1764166341144.804688 1764166341145 1764166341152
37729 935710857 1764166341178.150879 1764166341178 1764166341185
37730 935744201 1764166341211.496826 1764166341211 1764166341218
37731 935777545 1764166341244.843018 1764166341245 1764166341252
37732 935810889 1764166341278.188965 1764166341278 1764166341285
37733 935844233 1764166341311.535156 1764166341312 1764166341319
37734 935877577 1764166341344.881836 1764166341345 1764166341352
37735 935910921 1764166341378.228271 1764166341378 1764166341385
37736 935944265 1764166341411.574951 1764166341412 1764166341419
37737 935977609 1764166341444.921631 1764166341444 1764166341452
37738 936010953 1764166341478.268066 1764166341478 1764166341485
37739 936044297 1764166341511.614746 1764166341512 1764166341519
37740 936077640 1764166341544.960449 1764166341544 1764166341552
37741 936110984 1764166341578.306885 1764166341578 1764166341585
37742 936144328 1764166341611.653564 1764166341612 1764166341619
37743 936177672 1764166341645.000000 1764166341644 1764166341652
37744 936211016 1764166341678.346680 1764166341678 1764166341685
37745 936244360 1764166341711.693359 1764166341711 1764166341719
37746 936277704 1764166341745.039795 1764166341744 1764166341752
37747 936311048 1764166341778.386475 1764166341778 1764166341785
37748 936344392 1764166341811.732910 1764166341812 1764166341819
37749 936377736 1764166341845.079590 1764166341845 1764166341852
37750 936411080 1764166341878.426025 1764166341878 1764166341885
37751 936444424 1764166341911.772705 1764166341911 1764166341919
37752 936477768 1764166341945.119141 1764166341945 1764166341952
37753 936511112 1764166341978.465576 1764166341978 1764166341985
37754 936544455 1764166342011.811279 1764166342012 1764166342019
37755 936577799 1764166342045.157715 1764166342045 1764166342052
37756 936611143 1764166342078.504150 1764166342078 1764166342085
37757 936644487 1764166342111.850830 1764166342112 1764166342119
37758 936677831 1764166342145.197266 1764166342145 1764166342152
37759 936711175 1764166342178.543945 1764166342179 1764166342186
37760 936744519 1764166342211.890381 1764166342212 1764166342219
37761 936777863 1764166342245.236816 1764166342245 1764166342252
37762 936811207 1764166342278.583252 1764166342279 1764166342286
37763 936844551 1764166342311.929932 1764166342311 1764166342319
37764 936877895 1764166342345.276123 1764166342345 1764166342352
37765 936911239 1764166342378.622070 1764166342379 1764166342386
37766 936944583 1764166342411.968262 1764166342411 1764166342419
37767 936977926 1764166342445.313477 1764166342445 1764166342452
37768 937011270 1764166342478.659424 1764166342479 1764166342486
37769 937044614 1764166342512.005615 1764166342511 1764166342519
37770 937077958 1764166342545.351807 1764166342545 1764166342552
37771 937111302 1764166342578.697754 1764166342579 1764166342586
37772 937144646 1764166342612.043945 1764166342611 1764166342619
37773 937177990 1764166342645.390137 1764166342645 1764166342652
37774 937211334 1764166342678.736084 1764166342679 1764166342686
37775 937244678 1764166342712.082275 1764166342712 1764166342719
37776 937278022 1764166342745.428223 1764166342746 1764166342753
37777 937311366 1764166342778.774414 1764166342779 1764166342786
37778 937344710 1764166342812.120361 1764166342812 1764166342819
37779 937378054 1764166342845.466553 1764166342846 1764166342853
37780 937411397 1764166342878.811523 1764166342879 1764166342886
37781 937444741 1764166342912.157471 1764166342912 1764166342919
37782 937478085 1764166342945.503662 1764166342946 1764166342953
37783 937511429 1764166342978.849609 1764166342979 1764166342986
37784 937544773 1764166343012.195557 1764166343012 1764166343019
37785 937578117 1764166343045.541748 1764166343046 1764166343053
37786 937611461 1764166343078.887695 1764166343078 1764166343086
37787 937644805 1764166343112.233643 1764166343112 1764166343119
37788 937678149 1764166343145.579590 1764166343146 1764166343153
37789 937711493 1764166343178.925537 1764166343178 1764166343186
37790 937744837 1764166343212.271729 1764166343212 1764166343219
37791 937778181 1764166343245.617676 1764166343246 1764166343253
37792 937811525 1764166343278.963623 1764166343278 1764166343286
37793 937844869 1764166343312.309570 1764166343312 1764166343319
37794 937878212 1764166343345.655029 1764166343346 1764166343353
37795 937911556 1764166343379.001709 1764166343378 1764166343386
37796 937944900 1764166343412.348145 1764166343412 1764166343419
37797 937978244 1764166343445.694824 1764166343446 1764166343453
37798 938011588 1764166343479.041260 1764166343479 1764166343486
37799 938044932 1764166343512.387939 1764166343513 1764166343520
37800 938078276 1764166343545.734375 1764166343546 1764166343553
37801 938111620 1764166343579.080811 1764166343579 1764166343586
37802 938144964 1764166343612.427490 1764166343612 1764166343619
37803 938178308 1764166343645.773926 1764166343646 1764166343653
37804 938211652 1764166343679.120361 1764166343679 1764166343686
37805 938244996 1764166343712.467041 1764166343712 1764166343719
37806 938278340 1764166343745.813477 1764166343746 1764166343753
37807 938311683 1764166343779.158936 1764166343779 1764166343786
37808 938345027 1764166343812.505371 1764166343813 1764166343820
37809 938378371 1764166343845.852051 1764166343845 1764166343853
37810 938411715 1764166343879.198486 1764166343879 1764166343886
37811 938445059 1764166343912.544922 1764166343913 1764166343920
37812 938478403 1764166343945.891357 1764166343945 1764166343953
37813 938511747 1764166343979.237793 1764166343979 1764166343986
37814 938545091 1764166344012.584229 1764166344013 1764166344020
37815 938578435 1764166344045.930664 1764166344045 1764166344053
37816 938611779 1764166344079.277344 1764166344079 1764166344086
37817 938645123 1764166344112.623779 1764166344113 1764166344120
37818 938678467 1764166344145.970215 1764166344145 1764166344153
37819 938711811 1764166344179.316650 1764166344179 1764166344186
37820 938745154 1764166344212.662109 1764166344213 1764166344220
37821 938778498 1764166344246.008545 1764166344245 1764166344253
37822 938811842 1764166344279.354980 1764166344279 1764166344286
37823 938845186 1764166344312.701416 1764166344313 1764166344320
37824 938878530 1764166344346.047363 1764166344346 1764166344353
37825 938911874 1764166344379.393555 1764166344379 1764166344386
37826 938945218 1764166344412.739746 1764166344413 1764166344420
37827 938978562 1764166344446.085693 1764166344446 1764166344453
37828 939011906 1764166344479.431885 1764166344479 1764166344486
37829 939045250 1764166344512.777832 1764166344513 1764166344520
37830 939078594 1764166344546.124023 1764166344546 1764166344553
37831 939111938 1764166344579.469971 1764166344580 1764166344587
37832 939145282 1764166344612.816162 1764166344613 1764166344620
37833 939178626 1764166344646.162109 1764166344646 1764166344653
37834 939211969 1764166344679.507324 1764166344680 1764166344687
37835 939245313 1764166344712.853271 1764166344712 1764166344720
37836 939278657 1764166344746.199219 1764166344746 1764166344753
37837 939312001 1764166344779.545410 1764166344780 1764166344787
37838 939345345 1764166344812.891357 1764166344812 1764166344820
37839 939378689 1764166344846.237305 1764166344846 1764166344853
37840 939412033 1764166344879.583252 1764166344880 1764166344887
37841 939445377 1764166344912.929443 1764166344912 1764166344920
37842 939478721 1764166344946.275391 1764166344946 1764166344953
37843 939512065 1764166344979.621338 1764166344980 1764166344987
37844 939545409 1764166345012.967285 1764166345012 1764166345020
37845 939578753 1764166345046.313232 1764166345046 1764166345053
37846 939612097 1764166345079.659180 1764166345080 1764166345087
37847 939645440 1764166345113.004150 1764166345113 1764166345120
37848 939678784 1764166345146.350098 1764166345146 1764166345153
37849 939712128 1764166345179.696045 1764166345180 1764166345187
37850 939745472 1764166345213.041992 1764166345213 1764166345220
37851 939778816 1764166345246.387939 1764166345246 1764166345253
37852 939812160 1764166345279.733887 1764166345280 1764166345287
37853 939845504 1764166345313.079834 1764166345313 1764166345320
37854 939878848 1764166345346.426270 1764166345346 1764166345353
37855 939912192 1764166345379.772949 1764166345380 1764166345387
37856 939945536 1764166345413.119385 1764166345413 1764166345420
37857 939978880 1764166345446.466064 1764166345447 1764166345454
37858 940012224 1764166345479.812744 1764166345480 1764166345487
37859 940045568 1764166345513.159180 1764166345513 1764166345520
37860 940078911 1764166345546.504639 1764166345547 1764166345554
37861 940112255 1764166345579.851318 1764166345579 1764166345587
37862 940145599 1764166345613.197754 1764166345613 1764166345620
37863 940178943 1764166345646.544434 1764166345647 1764166345654
37864 940212287 1764166345679.890869 1764166345679 1764166345687
37865 940245631 1764166345713.237549 1764166345713 1764166345720
37866 940278975 1764166345746.583984 1764166345747 1764166345754
37867 940312319 1764166345779.930664 1764166345780 1764166345787
37868 940345663 1764166345813.277100 1764166345813 1764166345820
37869 940379007 1764166345846.623535 1764166345847 1764166345854
37870 940412351 1764166345879.970215 1764166345880 1764166345887
37871 940445695 1764166345913.316650 1764166345913 1764166345920
37872 940479039 1764166345946.663086 1764166345946 1764166345954
37873 940512383 1764166345980.009766 1764166345980 1764166345987
37874 940545726 1764166346013.355225 1764166346013 1764166346020
37875 940579070 1764166346046.701660 1764166346047 1764166346054
37876 940612414 1764166346080.048340 1764166346080 1764166346087
37877 940645758 1764166346113.394775 1764166346113 1764166346120
37878 940679102 1764166346146.741211 1764166346147 1764166346154
37879 940712446 1764166346180.087646 1764166346180 1764166346187
37880 940745790 1764166346213.434326 1764166346213 1764166346220
37881 940779134 1764166346246.780762 1764166346247 1764166346254
37882 940812478 1764166346280.127197 1764166346280 1764166346287
37883 940845822 1764166346313.473633 1764166346314 1764166346321
37884 940879166 1764166346346.820068 1764166346346 1764166346354
37885 940912510 1764166346380.166260 1764166346380 1764166346387
37886 940945854 1764166346413.512451 1764166346414 1764166346421
37887 940979197 1764166346446.857910 1764166346446 1764166346454
37888 941012541 1764166346480.204102 1764166346480 1764166346487
37889 941045885 1764166346513.550293 1764166346514 1764166346521
37890 941079229 1764166346546.896729 1764166346546 1764166346554
37891 941112573 1764166346580.242920 1764166346580 1764166346587
37892 941145917 1764166346613.589111 1764166346614 1764166346621
37893 941179261 1764166346646.935303 1764166346646 1764166346654
37894 941212605 1764166346680.281494 1764166346680 1764166346687
37895 941245949 1764166346713.627930 1764166346714 1764166346721
37896 941279293 1764166346746.974121 1764166346746 1764166346754
37897 941312637 1764166346780.320312 1764166346780 1764166346787
37898 941345981 1764166346813.666504 1764166346814 1764166346821
37899 941379325 1764166346847.012695 1764166346847 1764166346854
37900 941412668 1764166346880.357910 1764166346880 1764166346887
37901 941446012 1764166346913.704102 1764166346914 1764166346921
37902 941479356 1764166346947.050293 1764166346947 1764166346954
37903 941512700 1764166346980.396484 1764166346980 1764166346987
37904 941546044 1764166347013.742676 1764166347014 1764166347021
37905 941579388 1764166347047.088867 1764166347047 1764166347054
37906 941612732 1764166347080.435059 1764166347081 1764166347088
37907 941646076 1764166347113.781006 1764166347114 1764166347121
37908 941679420 1764166347147.127197 1764166347147 1764166347154
37909 941712764 1764166347180.473389 1764166347181 1764166347188
37910 941746108 1764166347213.819580 1764166347213 1764166347221
37911 941779452 1764166347247.165771 1764166347247 1764166347254
37912 941812796 1764166347280.511719 1764166347281 1764166347288
37913 941846140 1764166347313.857910 1764166347313 1764166347321
37914 941879483 1764166347347.212158 1764166347347 1764166347354
37915 941912827 1764166347380.567383 1764166347381 1764166347388
37916 941946171 1764166347413.922607 1764166347413 1764166347421
37917 941979515 1764166347447.277832 1764166347447 1764166347454
37918 942012859 1764166347480.633301 1764166347481 1764166347488
37919 942046203 1764166347513.988770 1764166347513 1764166347521
37920 942079547 1764166347547.344238 1764166347547 1764166347554
37921 942112891 1764166347580.699707 1764166347581 1764166347588
37922 942146235 1764166347614.055176 1764166347614 1764166347621
37923 942179579 1764166347647.410889 1764166347647 1764166347654
37924 942212923 1764166347680.766602 1764166347681 1764166347688
37925 942246267 1764166347714.122314 1764166347714 1764166347721
37926 942279611 1764166347747.478027 1764166347748 1764166347755
37927 942312954 1764166347780.832764 1764166347781 1764166347788
37928 942346298 1764166347814.188721 1764166347814 1764166347821
37929 942379642 1764166347847.544678 1764166347848 1764166347855
37930 942412986 1764166347880.900635 1764166347880 1764166347888
37931 942446330 1764166347914.256592 1764166347914 1764166347921
37932 942479674 1764166347947.612793 1764166347948 1764166347955
37933 942513018 1764166347980.968994 1764166347980 1764166347988
37934 942546362 1764166348014.324951 1764166348014 1764166348021
37935 942579706 1764166348047.681396 1764166348048 1764166348055
37936 942613050 1764166348081.037598 1764166348080 1764166348088
37937 942646394 1764166348114.394043 1764166348114 1764166348121
37938 942679738 1764166348147.750244 1764166348148 1764166348155
37939 942713082 1764166348181.106689 1764166348180 1764166348188
37940 942746425 1764166348214.462158 1764166348214 1764166348221
37941 942779769 1764166348247.818848 1764166348248 1764166348255
37942 942813113 1764166348281.175293 1764166348280 1764166348288
37943 942846457 1764166348314.531982 1764166348314 1764166348321
37944 942879801 1764166348347.877441 1764166348348 1764166348355
37945 942913145 1764166348381.222900 1764166348380 1764166348388
37946 942946489 1764166348414.568359 1764166348414 1764166348421
37947 942979833 1764166348447.913818 1764166348448 1764166348455
37948 943013177 1764166348481.259277 1764166348481 1764166348488
37949 943046521 1764166348514.604736 1764166348514 1764166348521
37950 943079865 1764166348547.950195 1764166348548 1764166348555
37951 943113209 1764166348581.295654 1764166348581 1764166348588
37952 943146553 1764166348614.641113 1764166348615 1764166348622
37953 943179897 1764166348647.986572 1764166348648 1764166348655
37954 943213240 1764166348681.330811 1764166348681 1764166348688
37955 943246584 1764166348714.676270 1764166348715 1764166348722
37956 943279928 1764166348748.021729 1764166348748 1764166348755
37957 943313272 1764166348781.366943 1764166348781 1764166348788
37958 943346616 1764166348814.712402 1764166348815 1764166348822
37959 943379960 1764166348848.057617 1764166348847 1764166348855
37960 943413304 1764166348881.403076 1764166348881 1764166348888
37961 943446648 1764166348914.748291 1764166348915 1764166348922
37962 943479992 1764166348948.093506 1764166348947 1764166348955
37963 943513336 1764166348981.438721 1764166348981 1764166348988
37964 943546680 1764166349014.784180 1764166349015 1764166349022
37965 943580024 1764166349048.129395 1764166349047 1764166349055
37966 943613368 1764166349081.474609 1764166349081 1764166349088
37967 943646711 1764166349114.818848 1764166349115 1764166349122
37968 943680055 1764166349148.164062 1764166349147 1764166349155
37969 943713399 1764166349181.509277 1764166349181 1764166349188
37970 943746743 1764166349214.854492 1764166349215 1764166349222
37971 943780087 1764166349248.199707 1764166349248 1764166349255
37972 943813431 1764166349281.544678 1764166349281 1764166349288
37973 943846775 1764166349314.889893 1764166349315 1764166349322
37974 943880119 1764166349348.235596 1764166349348 1764166349355
37975 943913463 1764166349381.581299 1764166349381 1764166349388
37976 943946807 1764166349414.927002 1764166349415 1764166349422
37977 943980151 1764166349448.272461 1764166349448 1764166349455
37978 944013495 1764166349481.618164 1764166349481 1764166349488
37979 944046839 1764166349514.963867 1764166349515 1764166349522
37980 944080182 1764166349548.308350 1764166349548 1764166349555
37981 944113526 1764166349581.654053 1764166349582 1764166349589
37982 944146870 1764166349614.999512 1764166349614 1764166349622
37983 944180214 1764166349648.345215 1764166349648 1764166349655
37984 944213558 1764166349681.690674 1764166349682 1764166349689
37985 944246902 1764166349715.036377 1764166349714 1764166349722
37986 944280246 1764166349748.381836 1764166349748 1764166349755
37987 944313590 1764166349781.727295 1764166349782 1764166349789
37988 944346934 1764166349815.072998 1764166349814 1764166349822
37989 944380278 1764166349848.418457 1764166349848 1764166349855
37990 944413622 1764166349881.763916 1764166349882 1764166349889
37991 944446966 1764166349915.109375 1764166349914 1764166349922
37992 944480310 1764166349948.454834 1764166349948 1764166349955
37993 944513654 1764166349981.800537 1764166349982 1764166349989
37994 944546997 1764166350015.145020 1764166350014 1764166350022
37995 944580341 1764166350048.490479 1764166350049 1764166350056
37996 944613685 1764166350081.835938 1764166350082 1764166350089
37997 944647029 1764166350115.181396 1764166350115 1764166350122
37998 944680373 1764166350148.526855 1764166350148 1764166350155
37999 944713717 1764166350181.872070 1764166350182 1764166350189
38000 944747061 1764166350215.217529 1764166350215 1764166350222
38001 944780405 1764166350248.562988 1764166350248 1764166350255
38002 944813749 1764166350281.908447 1764166350282 1764166350289
38003 944847093 1764166350315.253906 1764166350315 1764166350322
38004 944880437 1764166350348.599365 1764166350348 1764166350356
38005 944913781 1764166350381.944824 1764166350382 1764166350389
38006 944947125 1764166350415.290039 1764166350415 1764166350422
38007 944980468 1764166350448.634521 1764166350449 1764166350456
38008 945013812 1764166350481.979980 1764166350481 1764166350489
38009 945047156 1764166350515.325195 1764166350515 1764166350522
38010 945080500 1764166350548.670654 1764166350549 1764166350556
38011 945113844 1764166350582.015869 1764166350581 1764166350589
38012 945147188 1764166350615.361328 1764166350615 1764166350622
38013 945180532 1764166350648.706543 1764166350649 1764166350656
38014 945213876 1764166350682.052002 1764166350681 1764166350689
38015 945247220 1764166350715.397217 1764166350715 1764166350722
38016 945280564 1764166350748.742432 1764166350749 1764166350756
38017 945313908 1764166350782.087646 1764166350781 1764166350789
38018 945347252 1764166350815.432861 1764166350815 1764166350822
38019 945380596 1764166350848.778320 1764166350849 1764166350856
38020 945413939 1764166350882.122314 1764166350882 1764166350889
38021 945447283 1764166350915.467529 1764166350915 1764166350922
38022 945480627 1764166350948.812744 1764166350949 1764166350956
38023 945513971 1764166350982.157959 1764166350982 1764166350989
38024 945547315 1764166351015.503174 1764166351015 1764166351022
38025 945580659 1764166351048.848389 1764166351049 1764166351056
38026 945614003 1764166351082.193359 1764166351082 1764166351089
38027 945647347 1764166351115.538574 1764166351115 1764166351123
38028 945680691 1764166351148.883545 1764166351149 1764166351156
38029 945714035 1764166351182.228760 1764166351182 1764166351189
38030 945747379 1764166351215.573730 1764166351216 1764166351223
38031 945780723 1764166351248.918945 1764166351248 1764166351256
38032 945814067 1764166351282.263916 1764166351282 1764166351289
38033 945847411 1764166351315.609131 1764166351316 1764166351323
38034 945880754 1764166351348.956299 1764166351348 1764166351356
38035 945914098 1764166351382.304932 1764166351382 1764166351389
38036 945947442 1764166351415.653320 1764166351416 1764166351423
38037 945980786 1764166351449.001709 1764166351448 1764166351456
38038 946014130 1764166351482.350098 1764166351482 1764166351489
38039 946047474 1764166351515.698730 1764166351516 1764166351523
38040 946080818 1764166351549.047363 1764166351548 1764166351556
38041 946114162 1764166351582.395752 1764166351582 1764166351589
38042 946147506 1764166351615.744385 1764166351616 1764166351623
38043 946180850 1764166351649.093018 1764166351648 1764166351656
38044 946214194 1764166351682.441650 1764166351682 1764166351689
38045 946247538 1764166351715.790283 1764166351716 1764166351723
38046 946280882 1764166351749.138916 1764166351749 1764166351756
38047 946314225 1764166351782.486816 1764166351782 1764166351789
38048 946347569 1764166351815.835449 1764166351816 1764166351823
38049 946380913 1764166351849.184326 1764166351849 1764166351856
38050 946414257 1764166351882.532959 1764166351882 1764166351889
38051 946447601 1764166351915.881836 1764166351916 1764166351923
38052 946480945 1764166351949.230713 1764166351949 1764166351956
38053 946514289 1764166351982.579590 1764166351983 1764166351990
38054 946547633 1764166352015.928467 1764166352016 1764166352023
38055 946580977 1764166352049.277344 1764166352049 1764166352056
38056 946614321 1764166352082.626221 1764166352083 1764166352090
38057 946647665 1764166352115.975098 1764166352115 1764166352123
38058 946681009 1764166352149.324219 1764166352149 1764166352156
38059 946714353 1764166352182.673096 1764166352183 1764166352190
38060 946747696 1764166352216.021240 1764166352215 1764166352223
38061 946781040 1764166352249.370361 1764166352249 1764166352256
38062 946814384 1764166352282.719238 1764166352283 1764166352290
38063 946847728 1764166352316.068359 1764166352315 1764166352323
38064 946881072 1764166352349.416260 1764166352349 1764166352356
38065 946914416 1764166352382.764404 1764166352383 1764166352390
38066 946947760 1764166352416.112305 1764166352415 1764166352423
38067 946981104 1764166352449.460205 1764166352449 1764166352456
38068 947014448 1764166352482.808105 1764166352483 1764166352490
38069 947047792 1764166352516.156250 1764166352515 1764166352523
38070 947081136 1764166352549.504150 1764166352549 1764166352556
38071 947114480 1764166352582.852051 1764166352583 1764166352590
38072 947147824 1764166352616.199951 1764166352616 1764166352623
38073 947181168 1764166352649.548096 1764166352649 1764166352656
38074 947214511 1764166352682.895020 1764166352683 1764166352690
38075 947247855 1764166352716.242920 1764166352716 1764166352723
38076 947281199 1764166352749.591064 1764166352749 1764166352756
38077 947314543 1764166352782.938965 1764166352783 1764166352790
38078 947347887 1764166352816.287109 1764166352816 1764166352823
38079 947381231 1764166352849.635010 1764166352850 1764166352857
38080 947414575 1764166352882.982910 1764166352883 1764166352890
38081 947447919 1764166352916.331055 1764166352916 1764166352923
38082 947481263 1764166352949.678955 1764166352950 1764166352957
38083 947514607 1764166352983.027100 1764166352982 1764166352990
38084 947547951 1764166353016.375000 1764166353016 1764166353023
38085 947581295 1764166353049.723145 1764166353050 1764166353057
38086 947614639 1764166353083.071045 1764166353082 1764166353090
38087 947647982 1764166353116.418213 1764166353116 1764166353123
38088 947681326 1764166353149.766113 1764166353150 1764166353157
38089 947714670 1764166353183.114258 1764166353182 1764166353190
38090 947748014 1764166353216.462158 1764166353216 1764166353223
38091 947781358 1764166353249.810303 1764166353250 1764166353257
38092 947814702 1764166353283.158447 1764166353282 1764166353290
38093 947848046 1764166353316.506348 1764166353316 1764166353323
38094 947881390 1764166353349.852051 1764166353350 1764166353357
38095 947914734 1764166353383.197754 1764166353383 1764166353390
38096 947948078 1764166353416.543457 1764166353416 1764166353423
38097 947981422 1764166353449.889160 1764166353450 1764166353457
38098 948014766 1764166353483.234863 1764166353483 1764166353490
38099 948048110 1764166353516.580566 1764166353516 1764166353523
38100 948081453 1764166353549.925049 1764166353549 1764166353558
38101 948114797 1764166353583.270752 1764166353583 1764166353590
38102 948148141 1764166353616.616455 1764166353616 1764166353623
38103 948181485 1764166353649.961914 1764166353649 1764166353657
38104 948214829 1764166353683.307617 1764166353683 1764166353690
38105 948248173 1764166353716.653076 1764166353717 1764166353724
38106 948281517 1764166353749.998779 1764166353749 1764166353757
38107 948314861 1764166353783.344238 1764166353783 1764166353790
38108 948348205 1764166353816.689697 1764166353817 1764166353824
38109 948381549 1764166353850.035400 1764166353849 1764166353857
38110 948414893 1764166353883.380859 1764166353883 1764166353890
38111 948448237 1764166353916.726318 1764166353917 1764166353924
38112 948481581 1764166353950.071777 1764166353949 1764166353957
38113 948514925 1764166353983.417236 1764166353983 1764166353990
38114 948548268 1764166354016.761719 1764166354017 1764166354024
38115 948581612 1764166354050.107422 1764166354049 1764166354057
38116 948614956 1764166354083.452881 1764166354083 1764166354090
38117 948648300 1764166354116.798096 1764166354117 1764166354124
38118 948681644 1764166354150.143555 1764166354150 1764166354157
38119 948714988 1764166354183.489014 1764166354183 1764166354190
38120 948748332 1764166354216.834473 1764166354217 1764166354224
38121 948781676 1764166354250.179932 1764166354250 1764166354257
38122 948815020 1764166354283.525391 1764166354283 1764166354290
38123 948848364 1764166354316.870605 1764166354317 1764166354324
38124 948881708 1764166354350.216309 1764166354350 1764166354357
38125 948915052 1764166354383.562012 1764166354383 1764166354390
38126 948948396 1764166354416.907471 1764166354417 1764166354424
38127 948981739 1764166354450.252197 1764166354450 1764166354457
38128 949015083 1764166354483.597900 1764166354484 1764166354491
38129 949048427 1764166354516.943359 1764166354517 1764166354524
38130 949081771 1764166354550.289062 1764166354550 1764166354557
38131 949115115 1764166354583.634521 1764166354584 1764166354591
38132 949148459 1764166354616.980225 1764166354616 1764166354624
38133 949181803 1764166354650.325684 1764166354650 1764166354657
38134 949215147 1764166354683.671143 1764166354684 1764166354691
38135 949248491 1764166354717.016846 1764166354716 1764166354724
38136 949281835 1764166354750.362305 1764166354750 1764166354757
38137 949315179 1764166354783.707764 1764166354784 1764166354791
38138 949348523 1764166354817.053223 1764166354816 1764166354824
38139 949381867 1764166354850.398682 1764166354850 1764166354857
38140 949415210 1764166354883.743164 1764166354884 1764166354891
38141 949448554 1764166354917.088867 1764166354916 1764166354924
38142 949481898 1764166354950.434326 1764166354950 1764166354957
38143 949515242 1764166354983.779541 1764166354984 1764166354991
38144 949548586 1764166355017.125000 1764166355017 1764166355024
38145 949581930 1764166355050.470459 1764166355050 1764166355057
38146 949615274 1764166355083.815918 1764166355084 1764166355091
38147 949648618 1764166355117.161377 1764166355117 1764166355124
38148 949681962 1764166355150.506836 1764166355150 1764166355157
38149 949715306 1764166355183.852051 1764166355184 1764166355191
38150 949748650 1764166355217.197510 1764166355217 1764166355224
38151 949781994 1764166355250.542969 1764166355251 1764166355258
38152 949815338 1764166355283.888184 1764166355284 1764166355291
38153 949848682 1764166355317.233643 1764166355317 1764166355324
38154 949882025 1764166355350.579590 1764166355351 1764166355358
38155 949915369 1764166355383.926758 1764166355383 1764166355391
38156 949948713 1764166355417.273682 1764166355417 1764166355424
38157 949982057 1764166355450.620850 1764166355451 1764166355458
38158 950015401 1764166355483.968018 1764166355483 1764166355491
38159 950048745 1764166355517.314941 1764166355517 1764166355524
38160 950082089 1764166355550.662109 1764166355551 1764166355558
38161 950115433 1764166355584.009033 1764166355583 1764166355591
38162 950148777 1764166355617.356201 1764166355617 1764166355624
38163 950182121 1764166355650.703369 1764166355651 1764166355658
38164 950215465 1764166355684.050293 1764166355683 1764166355691
38165 950248809 1764166355717.397461 1764166355717 1764166355724
38166 950282153 1764166355750.744385 1764166355751 1764166355758
38167 950315496 1764166355784.090576 1764166355783 1764166355791
38168 950348840 1764166355817.437744 1764166355817 1764166355824
38169 950382184 1764166355850.784668 1764166355851 1764166355858
38170 950415528 1764166355884.131836 1764166355884 1764166355891
38171 950448872 1764166355917.479004 1764166355917 1764166355924
38172 950482216 1764166355950.825928 1764166355951 1764166355958
38173 950515560 1764166355984.173096 1764166355984 1764166355991
38174 950548904 1764166356017.520020 1764166356017 1764166356024
38175 950582248 1764166356050.867188 1764166356051 1764166356058
38176 950615592 1764166356084.214355 1764166356084 1764166356091
38177 950648936 1764166356117.561279 1764166356118 1764166356125
38178 950682280 1764166356150.908447 1764166356151 1764166356158
38179 950715624 1764166356184.255615 1764166356184 1764166356191
38180 950748967 1764166356217.601562 1764166356218 1764166356225
38181 950782311 1764166356250.948730 1764166356250 1764166356258
38182 950815655 1764166356284.295898 1764166356284 1764166356291
38183 950848999 1764166356317.642822 1764166356318 1764166356325
38184 950882343 1764166356350.988281 1764166356350 1764166356358
38185 950915687 1764166356384.333496 1764166356384 1764166356391
38186 950949031 1764166356417.678711 1764166356418 1764166356425
38187 950982375 1764166356451.024170 1764166356450 1764166356458
38188 951015719 1764166356484.369385 1764166356484 1764166356491
38189 951049063 1764166356517.714600 1764166356518 1764166356525
38190 951082407 1764166356551.059814 1764166356550 1764166356558
38191 951115751 1764166356584.405029 1764166356584 1764166356591
38192 951149095 1764166356617.750244 1764166356618 1764166356625
38193 951182439 1764166356651.095459 1764166356651 1764166356658
38194 951215782 1764166356684.439697 1764166356684 1764166356691
38195 951249126 1764166356717.784668 1764166356718 1764166356727
38196 951282470 1764166356751.129883 1764166356751 1764166356758
38197 951315814 1764166356784.475098 1764166356784 1764166356791
38198 951349158 1764166356817.820068 1764166356818 1764166356825
38199 951382502 1764166356851.165283 1764166356851 1764166356858
38200 951415846 1764166356884.510254 1764166356885 1764166356892
38201 951449190 1764166356917.855469 1764166356918 1764166356925
38202 951482534 1764166356951.200439 1764166356951 1764166356958
38203 951515878 1764166356984.545410 1764166356985 1764166356992
38204 951549222 1764166357017.890625 1764166357017 1764166357025
38205 951582566 1764166357051.235596 1764166357051 1764166357058
38206 951615910 1764166357084.580566 1764166357085 1764166357092
38207 951649253 1764166357117.924561 1764166357117 1764166357125
38208 951682597 1764166357151.269531 1764166357152 1764166357159
38209 951715941 1764166357184.614502 1764166357185 1764166357192
38210 951749285 1764166357217.959473 1764166357217 1764166357225
38211 951782629 1764166357251.304443 1764166357251 1764166357258
38212 951815973 1764166357284.649414 1764166357285 1764166357292
38213 951849317 1764166357317.994385 1764166357317 1764166357325
38214 951882661 1764166357351.341064 1764166357352 1764166357359
38215 951916005 1764166357384.688477 1764166357385 1764166357392
38216 951949349 1764166357418.035645 1764166357417 1764166357425
38217 951982693 1764166357451.382812 1764166357451 1764166357458
38218 952016037 1764166357484.730225 1764166357485 1764166357492
38219 952049381 1764166357518.077393 1764166357518 1764166357525
38220 952082724 1764166357551.423584 1764166357551 1764166357558
38221 952116068 1764166357584.770996 1764166357585 1764166357592
38222 952149412 1764166357618.118164 1764166357618 1764166357625
38223 952182756 1764166357651.465332 1764166357651 1764166357658
38224 952216100 1764166357684.812744 1764166357685 1764166357692
38225 952249444 1764166357718.159912 1764166357718 1764166357725
38226 952282788 1764166357751.507080 1764166357752 1764166357759
38227 952316132 1764166357784.854492 1764166357784 1764166357792
38228 952349476 1764166357818.201660 1764166357818 1764166357825
38229 952382820 1764166357851.548828 1764166357852 1764166357859
38230 952416164 1764166357884.896240 1764166357884 1764166357892
38231 952449508 1764166357918.243408 1764166357918 1764166357925
38232 952482852 1764166357951.590820 1764166357952 1764166357959
38233 952516196 1764166357984.937988 1764166357984 1764166357992
38234 952549539 1764166358018.284180 1764166358018 1764166358025
38235 952582883 1764166358051.631592 1764166358052 1764166358059
38236 952616227 1764166358084.978760 1764166358084 1764166358092
38237 952649571 1764166358118.325928 1764166358118 1764166358125
38238 952682915 1764166358151.673340 1764166358152 1764166358159
38239 952716259 1764166358185.020508 1764166358184 1764166358192
38240 952749603 1764166358218.367920 1764166358218 1764166358225
38241 952782947 1764166358251.715088 1764166358252 1764166358259
38242 952816291 1764166358285.062256 1764166358285 1764166358292
38243 952849635 1764166358318.409668 1764166358318 1764166358325
38244 952882979 1764166358351.756836 1764166358352 1764166358359
38245 952916323 1764166358385.102295 1764166358385 1764166358392
38246 952949667 1764166358418.447510 1764166358418 1764166358425
38247 952983010 1764166358451.791992 1764166358452 1764166358459
38248 953016354 1764166358485.137207 1764166358485 1764166358492
38249 953049698 1764166358518.482422 1764166358519 1764166358526
38250 953083042 1764166358551.827881 1764166358552 1764166358559
38251 953116386 1764166358585.173096 1764166358585 1764166358592
38252 953149730 1764166358618.518311 1764166358619 1764166358626
38253 953183074 1764166358651.863525 1764166358652 1764166358659
38254 953216418 1764166358685.208740 1764166358685 1764166358692
38255 953249762 1764166358718.553955 1764166358719 1764166358726
38256 953283106 1764166358751.899170 1764166358751 1764166358759
38257 953316450 1764166358785.244385 1764166358785 1764166358792
38258 953349794 1764166358818.589600 1764166358819 1764166358826
38259 953383138 1764166358851.934814 1764166358851 1764166358859
38260 953416481 1764166358885.278809 1764166358885 1764166358892
38261 953449825 1764166358918.624023 1764166358918 1764166358926
38262 953483169 1764166358951.969238 1764166358951 1764166358959
38263 953516513 1764166358985.314209 1764166358985 1764166358992
38264 953549857 1764166359018.659424 1764166359019 1764166359026
38265 953583201 1764166359052.004395 1764166359052 1764166359059
38266 953616545 1764166359085.349609 1764166359085 1764166359092
38267 953649889 1764166359118.694580 1764166359119 1764166359126
38268 953683233 1764166359152.039551 1764166359152 1764166359159
38269 953716577 1764166359185.384521 1764166359185 1764166359192
38270 953749921 1764166359218.729736 1764166359219 1764166359226
38271 953783265 1764166359252.074707 1764166359252 1764166359259
38272 953816609 1764166359285.419678 1764166359285 1764166359292
38273 953849953 1764166359318.764648 1764166359319 1764166359326
38274 953883296 1764166359352.108643 1764166359352 1764166359359
38275 953916640 1764166359385.454102 1764166359385 1764166359392
38276 953949984 1764166359418.799805 1764166359419 1764166359426
38277 953983328 1764166359452.145508 1764166359452 1764166359459
38278 954016672 1764166359485.491211 1764166359486 1764166359493
38279 954050016 1764166359518.836914 1764166359518 1764166359526
38280 954083360 1764166359552.182373 1764166359552 1764166359559
38281 954116704 1764166359585.528076 1764166359586 1764166359593
