101064 3407633678 1764164485807.180176 1764164485807 1764164485814
101065 3407667022 1764164485840.520752 1764164485841 1764164485848
101066 3407700366 1764164485873.861572 1764164485873 1764164485881
101067 3407733710 1764164485907.202148 1764164485907 1764164485914
101068 3407767054 1764164485940.542725 1764164485941 1764164485948
101069 3407800398 1764164485973.883545 1764164485973 1764164485981
101070 3407833742 1764164486007.224121 1764164486007 1764164486014
101071 3407867085 1764164486040.563721 1764164486041 1764164486048
101072 3407900429 1764164486073.904541 1764164486073 1764164486081
101073 3407933773 1764164486107.245117 1764164486107 1764164486114
101074 3407967117 1764164486140.585693 1764164486141 1764164486148
101075 3408000461 1764164486173.926514 1764164486173 1764164486181
101076 3408033805 1764164486207.267090 1764164486207 1764164486214
101077 3408067149 1764164486240.607666 1764164486241 1764164486248
101078 3408100493 1764164486273.948486 1764164486273 1764164486281
101079 3408133837 1764164486307.289062 1764164486307 1764164486314
101080 3408167181 1764164486340.629639 1764164486341 1764164486348
101081 3408200525 1764164486373.970459 1764164486374 1764164486381
101082 3408233869 1764164486407.312012 1764164486407 1764164486414
101083 3408267213 1764164486440.653564 1764164486441 1764164486448
101084 3408300556 1764164486473.994141 1764164486474 1764164486481
101085 3408333900 1764164486507.335693 1764164486507 1764164486514
101086 3408367244 1764164486540.677246 1764164486541 1764164486548
101087 3408400588 1764164486574.018799 1764164486574 1764164486581
101088 3408433932 1764164486607.360352 1764164486607 1764164486614
101089 3408467276 1764164486640.701904 1764164486641 1764164486648
101090 3408500620 1764164486674.043701 1764164486674 1764164486681
101091 3408533964 1764164486707.385254 1764164486707 1764164486714
101092 3408567308 1764164486740.726807 1764164486741 1764164486748
101093 3408600652 1764164486774.068359 1764164486774 1764164486781
101094 3408633996 1764164486807.409912 1764164486807 1764164486814
101095 3408667340 1764164486840.751709 1764164486841 1764164486848
101096 3408700684 1764164486874.093262 1764164486874 1764164486881
101097 3408734028 1764164486907.434814 1764164486907 1764164486914
101098 3408767371 1764164486940.775635 1764164486941 1764164486948
101099 3408800715 1764164486974.117188 1764164486974 1764164486981
101100 3408834059 1764164487007.458740 1764164487008 1764164487015
101101 3408867403 1764164487040.800537 1764164487041 1764164487048
101102 3408900747 1764164487074.142090 1764164487074 1764164487081
101103 3408934091 1764164487107.483887 1764164487108 1764164487115
101104 3408967435 1764164487140.825439 1764164487141 1764164487148
101105 3409000779 1764164487174.167236 1764164487174 1764164487181
101106 3409034123 1764164487207.508789 1764164487208 1764164487215
101107 3409067467 1764164487240.850586 1764164487240 1764164487248
101108 3409100811 1764164487274.192139 1764164487274 1764164487281
101109 3409134155 1764164487307.533936 1764164487308 1764164487315
101110 3409167499 1764164487340.875488 1764164487340 1764164487348
101111 3409200842 1764164487374.216309 1764164487374 1764164487381
101112 3409234186 1764164487407.556641 1764164487408 1764164487415
101113 3409267530 1764164487440.897217 1764164487440 1764164487448
101114 3409300874 1764164487474.237793 1764164487474 1764164487481
101115 3409334218 1764164487507.578369 1764164487508 1764164487515
101116 3409367562 1764164487540.918945 1764164487540 1764164487548
101117 3409400906 1764164487574.259521 1764164487574 1764164487581
101118 3409434250 1764164487607.599854 1764164487608 1764164487615
101119 3409467594 1764164487640.940430 1764164487640 1764164487648
101120 3409500938 1764164487674.281006 1764164487674 1764164487681
101121 3409534282 1764164487707.621582 1764164487708 1764164487715
101122 3409567626 1764164487740.962158 1764164487740 1764164487748
101123 3409600970 1764164487774.302490 1764164487774 1764164487781
101124 3409634314 1764164487807.643066 1764164487808 1764164487815
101125 3409667657 1764164487840.982666 1764164487841 1764164487848
101126 3409701001 1764164487874.323242 1764164487874 1764164487881
101127 3409734345 1764164487907.663574 1764164487908 1764164487915
101128 3409767689 1764164487941.004150 1764164487941 1764164487948
101129 3409801033 1764164487974.344727 1764164487974 1764164487981
101130 3409834377 1764164488007.685059 1764164488008 1764164488015
101131 3409867721 1764164488041.025635 1764164488041 1764164488048
101132 3409901065 1764164488074.366211 1764164488074 1764164488081
101133 3409934409 1764164488107.706543 1764164488108 1764164488115
101134 3409967753 1764164488141.047119 1764164488141 1764164488148
101135 3410001097 1764164488174.387695 1764164488174 1764164488181
101136 3410034441 1764164488207.728027 1764164488208 1764164488215
101137 3410067785 1764164488241.068604 1764164488241 1764164488248
101138 3410101128 1764164488274.408203 1764164488274 1764164488281
101139 3410134472 1764164488307.748535 1764164488308 1764164488315
101140 3410167816 1764164488341.089111 1764164488341 1764164488348
101141 3410201160 1764164488374.429443 1764164488374 1764164488381
101142 3410234504 1764164488407.770996 1764164488408 1764164488415
101143 3410267848 1764164488441.112549 1764164488441 1764164488448
101144 3410301192 1764164488474.453857 1764164488474 1764164488481
101145 3410334536 1764164488507.795410 1764164488508 1764164488515
101146 3410367880 1764164488541.136963 1764164488541 1764164488548
101147 3410401224 1764164488574.478271 1764164488574 1764164488581
101148 3410434568 1764164488607.819824 1764164488608 1764164488615
101149 3410467912 1764164488641.161377 1764164488641 1764164488648
101150 3410501256 1764164488674.502930 1764164488674 1764164488681
101151 3410534599 1764164488707.843262 1764164488708 1764164488715
101152 3410567943 1764164488741.184814 1764164488741 1764164488748
101153 3410601287 1764164488774.526367 1764164488774 1764164488781
101154 3410634631 1764164488807.867920 1764164488808 1764164488815
101155 3410667975 1764164488841.209229 1764164488841 1764164488848
101156 3410701319 1764164488874.550781 1764164488874 1764164488881
101157 3410734663 1764164488907.892334 1764164488908 1764164488915
101158 3410768007 1764164488941.233887 1764164488941 1764164488948
101159 3410801351 1764164488974.575439 1764164488975 1764164488982
101160 3410834695 1764164489007.916992 1764164489008 1764164489015
101161 3410868039 1764164489041.258545 1764164489041 1764164489048
101162 3410901383 1764164489074.600098 1764164489075 1764164489082
101163 3410934727 1764164489107.941650 1764164489108 1764164489115
101164 3410968071 1764164489141.283203 1764164489141 1764164489148
101165 3411001414 1764164489174.623535 1764164489175 1764164489182
101166 3411034758 1764164489207.965088 1764164489207 1764164489215
101167 3411068102 1764164489241.306641 1764164489241 1764164489248
101168 3411101446 1764164489274.648193 1764164489275 1764164489282
101169 3411134790 1764164489307.989746 1764164489308 1764164489315
101170 3411168134 1764164489341.331543 1764164489341 1764164489348
101171 3411201478 1764164489374.673096 1764164489375 1764164489382
101172 3411234822 1764164489408.011963 1764164489408 1764164489415
101173 3411268166 1764164489441.351074 1764164489441 1764164489448
101174 3411301510 1764164489474.689941 1764164489475 1764164489482
101175 3411334854 1764164489508.028809 1764164489508 1764164489515
101176 3411368198 1764164489541.367920 1764164489541 1764164489548
101177 3411401542 1764164489574.706787 1764164489575 1764164489582
101178 3411434885 1764164489608.044678 1764164489607 1764164489615
101179 3411468229 1764164489641.383545 1764164489641 1764164489648
101180 3411501573 1764164489674.722412 1764164489675 1764164489682
101181 3411534917 1764164489708.061523 1764164489708 1764164489715
101182 3411568261 1764164489741.400391 1764164489741 1764164489748
101183 3411601605 1764164489774.739258 1764164489775 1764164489782
101184 3411634949 1764164489808.078125 1764164489807 1764164489815
101185 3411668293 1764164489841.416748 1764164489841 1764164489848
101186 3411701637 1764164489874.755615 1764164489875 1764164489882
101187 3411734981 1764164489908.094482 1764164489907 1764164489915
101188 3411768325 1764164489941.433350 1764164489941 1764164489948
101189 3411801669 1764164489974.771973 1764164489975 1764164489982
101190 3411835013 1764164490008.110840 1764164490007 1764164490015
101191 3411868356 1764164490041.448486 1764164490041 1764164490048
101192 3411901700 1764164490074.787354 1764164490075 1764164490082
101193 3411935044 1764164490108.125977 1764164490107 1764164490115
101194 3411968388 1764164490141.464844 1764164490141 1764164490148
101195 3412001732 1764164490174.803467 1764164490175 1764164490182
101196 3412035076 1764164490208.142334 1764164490207 1764164490215
101197 3412068420 1764164490241.480957 1764164490241 1764164490248
101198 3412101764 1764164490274.819580 1764164490275 1764164490282
101199 3412135108 1764164490308.158203 1764164490307 1764164490315
101200 3412168452 1764164490341.496826 1764164490341 1764164490348
101201 3412201796 1764164490374.835693 1764164490375 1764164490382
101202 3412235140 1764164490408.173828 1764164490407 1764164490415
101203 3412268484 1764164490441.512207 1764164490441 1764164490448
101204 3412301828 1764164490474.850586 1764164490475 1764164490482
101205 3412335171 1764164490508.187744 1764164490507 1764164490515
101206 3412368515 1764164490541.526123 1764164490541 1764164490548
101207 3412401859 1764164490574.864258 1764164490575 1764164490582
101208 3412435203 1764164490608.202393 1764164490607 1764164490615
101209 3412468547 1764164490641.540771 1764164490641 1764164490648
101210 3412501891 1764164490674.878906 1764164490675 1764164490682
101211 3412535235 1764164490708.217041 1764164490707 1764164490715
101212 3412568579 1764164490741.555176 1764164490741 1764164490748
101213 3412601923 1764164490774.893311 1764164490775 1764164490782
101214 3412635267 1764164490808.231445 1764164490807 1764164490815
101215 3412668611 1764164490841.569580 1764164490841 1764164490848
101216 3412701955 1764164490874.907715 1764164490875 1764164490882
101217 3412735299 1764164490908.245850 1764164490907 1764164490915
101218 3412768642 1764164490941.582764 1764164490941 1764164490948
101219 3412801986 1764164490974.920898 1764164490975 1764164490982
101221 3412868674 1764164491041.596924 1764164491041 1764164491048
101220 3412835330 1764164491008.259033 1764164491007 1764164491015
101222 3412902018 1764164491074.935059 1764164491075 1764164491082
101223 3412935362 1764164491108.272949 1764164491107 1764164491115
101224 3412968706 1764164491141.610840 1764164491141 1764164491148
101225 3413002050 1764164491174.948730 1764164491175 1764164491182
101226 3413035394 1764164491208.286865 1764164491207 1764164491215
101227 3413068738 1764164491241.624756 1764164491241 1764164491248
101228 3413102082 1764164491274.962646 1764164491275 1764164491282
101229 3413135426 1764164491308.300537 1764164491307 1764164491315
101230 3413168770 1764164491341.638428 1764164491341 1764164491348
101231 3413202113 1764164491374.975342 1764164491375 1764164491382
101232 3413235457 1764164491408.312500 1764164491407 1764164491415
101233 3413268801 1764164491441.649658 1764164491441 1764164491448
101234 3413302145 1764164491474.986816 1764164491475 1764164491482
101235 3413335489 1764164491508.323730 1764164491507 1764164491515
101236 3413368833 1764164491541.660889 1764164491541 1764164491548
101237 3413402177 1764164491574.998047 1764164491575 1764164491582
101238 3413435521 1764164491608.334961 1764164491607 1764164491615
101239 3413468865 1764164491641.672119 1764164491641 1764164491648
101240 3413502209 1764164491675.009033 1764164491675 1764164491682
101241 3413535553 1764164491708.345947 1764164491708 1764164491715
101242 3413568897 1764164491741.682861 1764164491741 1764164491748
101243 3413602241 1764164491775.020020 1764164491775 1764164491782
101244 3413635585 1764164491808.356934 1764164491808 1764164491815
101245 3413668928 1764164491841.692627 1764164491841 1764164491848
101246 3413702272 1764164491875.029541 1764164491875 1764164491882
101247 3413735616 1764164491908.366455 1764164491908 1764164491915
101248 3413768960 1764164491941.703125 1764164491941 1764164491948
101249 3413802304 1764164491975.040039 1764164491975 1764164491982
101250 3413835648 1764164492008.376709 1764164492008 1764164492015
101251 3413868992 1764164492041.713623 1764164492041 1764164492048
101252 3413902336 1764164492075.050293 1764164492075 1764164492082
101253 3413935680 1764164492108.386963 1764164492108 1764164492115
101254 3413969024 1764164492141.723633 1764164492141 1764164492148
101255 3414002368 1764164492175.060303 1764164492175 1764164492182
101256 3414035712 1764164492208.396973 1764164492208 1764164492215
101257 3414069056 1764164492241.733643 1764164492241 1764164492248
101258 3414102399 1764164492275.069092 1764164492274 1764164492282
101259 3414135743 1764164492308.405762 1764164492308 1764164492315
101260 3414169087 1764164492341.742188 1764164492341 1764164492348
101261 3414202431 1764164492375.078857 1764164492375 1764164492382
101262 3414235775 1764164492408.415527 1764164492408 1764164492415
101263 3414269119 1764164492441.751953 1764164492441 1764164492448
101264 3414302463 1764164492475.088623 1764164492475 1764164492482
101265 3414335807 1764164492508.425293 1764164492508 1764164492515
101266 3414369151 1764164492541.761719 1764164492541 1764164492548
101267 3414402495 1764164492575.098145 1764164492575 1764164492582
101268 3414435839 1764164492608.434570 1764164492608 1764164492615
101269 3414469183 1764164492641.770996 1764164492641 1764164492648
101270 3414502527 1764164492675.107422 1764164492675 1764164492682
101271 3414535870 1764164492708.442871 1764164492708 1764164492715
101272 3414569214 1764164492741.779297 1764164492741 1764164492748
101273 3414602558 1764164492775.115479 1764164492775 1764164492782
101274 3414635902 1764164492808.451904 1764164492808 1764164492815
101275 3414669246 1764164492841.788086 1764164492841 1764164492848
101276 3414702590 1764164492875.124512 1764164492875 1764164492882
101277 3414735934 1764164492908.460693 1764164492908 1764164492915
101278 3414769278 1764164492941.796875 1764164492941 1764164492949
101279 3414802622 1764164492975.133057 1764164492975 1764164492982
101280 3414835966 1764164493008.469238 1764164493008 1764164493015
101281 3414869310 1764164493041.805176 1764164493041 1764164493048
101282 3414902654 1764164493075.141357 1764164493075 1764164493082
101283 3414935998 1764164493108.477539 1764164493108 1764164493115
101284 3414969342 1764164493141.813477 1764164493141 1764164493148
101285 3415002685 1764164493175.148438 1764164493175 1764164493182
101286 3415036029 1764164493208.484619 1764164493208 1764164493215
101287 3415069373 1764164493241.820557 1764164493242 1764164493249
101288 3415102717 1764164493275.156494 1764164493275 1764164493282
101289 3415136061 1764164493308.492432 1764164493308 1764164493315
101290 3415169405 1764164493341.828369 1764164493342 1764164493349
101291 3415202749 1764164493375.164062 1764164493375 1764164493382
101292 3415236093 1764164493408.500244 1764164493408 1764164493415
101293 3415269437 1764164493441.836182 1764164493442 1764164493449
101294 3415302781 1764164493475.172119 1764164493475 1764164493482
101295 3415336125 1764164493508.508057 1764164493508 1764164493515
101296 3415369469 1764164493541.843994 1764164493542 1764164493549
101297 3415402813 1764164493575.179688 1764164493575 1764164493582
101298 3415436156 1764164493608.514648 1764164493608 1764164493615
101299 3415469500 1764164493641.850342 1764164493642 1764164493649
101300 3415502844 1764164493675.186035 1764164493675 1764164493682
101301 3415536188 1764164493708.521973 1764164493708 1764164493715
101302 3415569532 1764164493741.857666 1764164493742 1764164493749
101303 3415602876 1764164493775.193359 1764164493775 1764164493782
101304 3415636220 1764164493808.529053 1764164493808 1764164493815
101305 3415669564 1764164493841.864502 1764164493842 1764164493849
101306 3415702908 1764164493875.200195 1764164493874 1764164493882
101307 3415736252 1764164493908.535645 1764164493908 1764164493915
101308 3415769596 1764164493941.871338 1764164493942 1764164493949
101309 3415802940 1764164493975.206787 1764164493974 1764164493982
101310 3415836284 1764164494008.542236 1764164494008 1764164494015
101311 3415869627 1764164494041.876709 1764164494042 1764164494049
101312 3415902971 1764164494075.212158 1764164494074 1764164494082
101313 3415936315 1764164494108.547607 1764164494108 1764164494115
101314 3415969659 1764164494141.882812 1764164494142 1764164494149
101315 3416003003 1764164494175.218262 1764164494174 1764164494182
101316 3416036347 1764164494208.553467 1764164494208 1764164494215
101317 3416069691 1764164494241.888916 1764164494242 1764164494249
101318 3416103035 1764164494275.224121 1764164494274 1764164494282
101319 3416136379 1764164494308.559326 1764164494308 1764164494315
101320 3416169723 1764164494341.894531 1764164494342 1764164494349
101321 3416203067 1764164494375.229736 1764164494374 1764164494382
101322 3416236411 1764164494408.565186 1764164494408 1764164494415
101323 3416269755 1764164494441.900635 1764164494442 1764164494449
101324 3416303099 1764164494475.236084 1764164494474 1764164494482
101325 3416336442 1764164494508.570312 1764164494508 1764164494515
101326 3416369786 1764164494541.905762 1764164494542 1764164494549
101327 3416403130 1764164494575.240967 1764164494574 1764164494582
101328 3416436474 1764164494608.576416 1764164494608 1764164494615
101329 3416469818 1764164494641.911621 1764164494642 1764164494649
101330 3416503162 1764164494675.246826 1764164494674 1764164494682
101331 3416536506 1764164494708.582031 1764164494708 1764164494715
101332 3416569850 1764164494741.917236 1764164494742 1764164494749
101333 3416603194 1764164494775.252441 1764164494774 1764164494782
101334 3416636538 1764164494808.587402 1764164494808 1764164494815
101335 3416669882 1764164494841.922607 1764164494842 1764164494849
101336 3416703226 1764164494875.257568 1764164494874 1764164494882
101337 3416736570 1764164494908.592529 1764164494908 1764164494915
101338 3416769913 1764164494941.926514 1764164494942 1764164494949
101339 3416803257 1764164494975.261475 1764164494974 1764164494982
101340 3416836601 1764164495008.596436 1764164495008 1764164495015
101341 3416869945 1764164495041.931396 1764164495042 1764164495049
101342 3416903289 1764164495075.266113 1764164495074 1764164495082
101343 3416936633 1764164495108.601074 1764164495108 1764164495115
101344 3416969977 1764164495141.935791 1764164495142 1764164495149
101345 3417003321 1764164495175.270508 1764164495174 1764164495182
101346 3417036665 1764164495208.605225 1764164495208 1764164495215
101347 3417070009 1764164495241.939941 1764164495242 1764164495249
101348 3417103353 1764164495275.274658 1764164495274 1764164495282
101349 3417136697 1764164495308.609375 1764164495308 1764164495315
101350 3417170041 1764164495341.943848 1764164495342 1764164495349
101351 3417203384 1764164495375.277588 1764164495374 1764164495382
101352 3417236728 1764164495408.612549 1764164495408 1764164495415
101353 3417270072 1764164495441.947510 1764164495442 1764164495449
101354 3417303416 1764164495475.282471 1764164495474 1764164495482
101355 3417336760 1764164495508.617432 1764164495508 1764164495515
101356 3417370104 1764164495541.952393 1764164495542 1764164495549
101357 3417403448 1764164495575.287109 1764164495574 1764164495582
101358 3417436792 1764164495608.621826 1764164495608 1764164495615
101359 3417470136 1764164495641.956787 1764164495642 1764164495649
101360 3417503480 1764164495675.291504 1764164495674 1764164495682
101361 3417536824 1764164495708.626221 1764164495708 1764164495715
101362 3417570168 1764164495741.960938 1764164495742 1764164495749
101363 3417603512 1764164495775.295410 1764164495774 1764164495782
101364 3417636856 1764164495808.630127 1764164495808 1764164495818
101365 3417670199 1764164495841.963623 1764164495842 1764164495849
101366 3417703543 1764164495875.298340 1764164495874 1764164495882
101367 3417736887 1764164495908.632812 1764164495908 1764164495915
101368 3417770231 1764164495941.967285 1764164495942 1764164495949
101369 3417803575 1764164495975.301758 1764164495974 1764164495982
101370 3417836919 1764164496008.636230 1764164496008 1764164496015
101371 3417870263 1764164496041.970459 1764164496042 1764164496049
101372 3417903607 1764164496075.304932 1764164496075 1764164496082
101373 3417936951 1764164496108.639160 1764164496108 1764164496115
101374 3417970295 1764164496141.973389 1764164496142 1764164496149
101375 3418003639 1764164496175.307861 1764164496175 1764164496182
101376 3418036983 1764164496208.642090 1764164496208 1764164496215
101377 3418070327 1764164496241.976074 1764164496242 1764164496249
101378 3418103670 1764164496275.309326 1764164496275 1764164496282
101379 3418137014 1764164496308.643555 1764164496308 1764164496315
101380 3418170358 1764164496341.977539 1764164496342 1764164496349
101381 3418203702 1764164496375.311768 1764164496375 1764164496382
101382 3418237046 1764164496408.646484 1764164496408 1764164496415
101383 3418270390 1764164496441.981445 1764164496442 1764164496449
101384 3418303734 1764164496475.316162 1764164496475 1764164496482
101385 3418337078 1764164496508.651123 1764164496508 1764164496515
101386 3418370422 1764164496541.985840 1764164496542 1764164496549
101387 3418403766 1764164496575.320557 1764164496575 1764164496582
101388 3418437110 1764164496608.655273 1764164496608 1764164496615
101389 3418470454 1764164496641.989746 1764164496642 1764164496649
101390 3418503798 1764164496675.324463 1764164496675 1764164496682
101391 3418537141 1764164496708.658203 1764164496708 1764164496715
101392 3418570485 1764164496741.992676 1764164496742 1764164496749
101393 3418603829 1764164496775.327148 1764164496775 1764164496782
101394 3418637173 1764164496808.661621 1764164496808 1764164496815
101395 3418670517 1764164496841.996338 1764164496842 1764164496849
101396 3418703861 1764164496875.330566 1764164496875 1764164496882
101397 3418737205 1764164496908.665039 1764164496908 1764164496915
101398 3418770549 1764164496941.999512 1764164496942 1764164496949
101399 3418803893 1764164496975.333984 1764164496975 1764164496982
101400 3418837237 1764164497008.668213 1764164497008 1764164497015
101401 3418870581 1764164497042.002441 1764164497042 1764164497049
101402 3418903925 1764164497075.336670 1764164497075 1764164497082
101403 3418937269 1764164497108.670898 1764164497108 1764164497115
101404 3418970613 1764164497142.005127 1764164497142 1764164497149
101405 3419003956 1764164497175.338379 1764164497175 1764164497182
101406 3419037300 1764164497208.672607 1764164497208 1764164497215
101407 3419070644 1764164497242.006592 1764164497241 1764164497249
101408 3419103988 1764164497275.340820 1764164497275 1764164497282
101409 3419137332 1764164497308.674805 1764164497308 1764164497315
101410 3419170676 1764164497342.008789 1764164497342 1764164497349
101411 3419204020 1764164497375.343018 1764164497375 1764164497382
101412 3419237364 1764164497408.677490 1764164497408 1764164497415
101413 3419270708 1764164497442.011963 1764164497442 1764164497449
101414 3419304052 1764164497475.346436 1764164497475 1764164497482
101415 3419337396 1764164497508.680908 1764164497509 1764164497516
101416 3419370740 1764164497542.015137 1764164497542 1764164497549
101417 3419404084 1764164497575.349609 1764164497575 1764164497582
101418 3419437427 1764164497608.682861 1764164497609 1764164497616
101419 3419470771 1764164497642.017334 1764164497641 1764164497649
101420 3419504115 1764164497675.351562 1764164497675 1764164497682
101421 3419537459 1764164497708.685791 1764164497709 1764164497716
101422 3419570803 1764164497742.020020 1764164497741 1764164497749
101423 3419604147 1764164497775.354248 1764164497775 1764164497782
101424 3419637491 1764164497808.688477 1764164497809 1764164497816
101425 3419670835 1764164497842.022461 1764164497842 1764164497849
101426 3419704179 1764164497875.356689 1764164497875 1764164497882
101427 3419737523 1764164497908.690674 1764164497909 1764164497916
101428 3419770867 1764164497942.024658 1764164497942 1764164497949
101429 3419804211 1764164497975.358643 1764164497975 1764164497982
101430 3419837555 1764164498008.692627 1764164498009 1764164498016
101431 3419870898 1764164498042.025635 1764164498042 1764164498049
101432 3419904242 1764164498075.359619 1764164498075 1764164498082
101433 3419937586 1764164498108.693604 1764164498109 1764164498116
101434 3419970930 1764164498142.027344 1764164498141 1764164498149
101435 3420004274 1764164498175.361084 1764164498176 1764164498184
101436 3420037618 1764164498208.695068 1764164498209 1764164498216
101437 3420070962 1764164498242.028809 1764164498241 1764164498249
101438 3420104306 1764164498275.362549 1764164498275 1764164498282
101439 3420137650 1764164498308.696289 1764164498309 1764164498316
101440 3420170994 1764164498342.029785 1764164498341 1764164498349
101441 3420204338 1764164498375.363525 1764164498375 1764164498382
101442 3420237682 1764164498408.697754 1764164498409 1764164498416
101443 3420271026 1764164498442.031982 1764164498441 1764164498449
101444 3420304370 1764164498475.365967 1764164498475 1764164498482
101445 3420337713 1764164498508.698975 1764164498509 1764164498516
101446 3420371057 1764164498542.033203 1764164498541 1764164498549
101447 3420404401 1764164498575.367188 1764164498575 1764164498582
101448 3420437745 1764164498608.701172 1764164498609 1764164498616
101449 3420471089 1764164498642.035156 1764164498641 1764164498649
101450 3420504433 1764164498675.369141 1764164498675 1764164498682
101451 3420537777 1764164498708.702881 1764164498709 1764164498716
101452 3420571121 1764164498742.036865 1764164498741 1764164498749
101453 3420604465 1764164498775.370605 1764164498775 1764164498782
101454 3420637809 1764164498808.704346 1764164498809 1764164498816
101455 3420671153 1764164498842.038086 1764164498841 1764164498849
101456 3420704497 1764164498875.371826 1764164498875 1764164498882
101457 3420737841 1764164498908.705566 1764164498909 1764164498916
101458 3420771184 1764164498942.038330 1764164498941 1764164498949
101459 3420804528 1764164498975.372070 1764164498975 1764164498982
101460 3420837872 1764164499008.705566 1764164499009 1764164499016
101461 3420871216 1764164499042.039062 1764164499041 1764164499049
101462 3420904560 1764164499075.372803 1764164499075 1764164499082
101463 3420937904 1764164499108.706299 1764164499109 1764164499116
101464 3420971248 1764164499142.039795 1764164499141 1764164499149
101465 3421004592 1764164499175.373291 1764164499175 1764164499182
101466 3421037936 1764164499208.706543 1764164499209 1764164499216
101467 3421071280 1764164499242.040039 1764164499241 1764164499249
101468 3421104624 1764164499275.373291 1764164499275 1764164499282
101469 3421137968 1764164499308.706787 1764164499309 1764164499316
101470 3421171312 1764164499342.040039 1764164499341 1764164499349
101471 3421204655 1764164499375.372314 1764164499375 1764164499382
101472 3421237999 1764164499408.707031 1764164499409 1764164499416
101473 3421271343 1764164499442.041504 1764164499441 1764164499449
101474 3421304687 1764164499475.376221 1764164499475 1764164499482
101475 3421338031 1764164499508.710693 1764164499509 1764164499516
101476 3421371375 1764164499542.045166 1764164499541 1764164499549
101477 3421404719 1764164499575.379883 1764164499575 1764164499582
101478 3421438063 1764164499608.714355 1764164499609 1764164499616
101479 3421471407 1764164499642.048828 1764164499641 1764164499649
101480 3421504751 1764164499675.383057 1764164499675 1764164499682
101481 3421538095 1764164499708.717529 1764164499709 1764164499716
101482 3421571439 1764164499742.052002 1764164499741 1764164499749
101483 3421604783 1764164499775.386475 1764164499775 1764164499782
101484 3421638127 1764164499808.720703 1764164499809 1764164499816
101485 3421671470 1764164499842.053955 1764164499841 1764164499849
101486 3421704814 1764164499875.388428 1764164499875 1764164499882
101487 3421738158 1764164499908.722656 1764164499909 1764164499916
101488 3421771502 1764164499942.056885 1764164499941 1764164499949
101489 3421804846 1764164499975.391113 1764164499975 1764164499982
101490 3421838190 1764164500008.725342 1764164500009 1764164500016
101491 3421871534 1764164500042.059570 1764164500041 1764164500049
101492 3421904878 1764164500075.393555 1764164500075 1764164500082
101493 3421938222 1764164500108.727783 1764164500109 1764164500116
101494 3421971566 1764164500142.062012 1764164500141 1764164500149
101495 3422004910 1764164500175.395996 1764164500175 1764164500182
101496 3422038254 1764164500208.729980 1764164500209 1764164500216
101497 3422071598 1764164500242.064209 1764164500241 1764164500249
101498 3422104941 1764164500275.397217 1764164500275 1764164500282
101499 3422138285 1764164500308.731201 1764164500309 1764164500316
101500 3422171629 1764164500342.065186 1764164500342 1764164500349
101501 3422204973 1764164500375.399170 1764164500375 1764164500382
101502 3422238317 1764164500408.735840 1764164500409 1764164500416
101503 3422271661 1764164500442.070557 1764164500442 1764164500449
101504 3422305005 1764164500475.405518 1764164500475 1764164500482
101505 3422338349 1764164500508.740234 1764164500509 1764164500516
101506 3422371693 1764164500542.074951 1764164500542 1764164500549
101507 3422405037 1764164500575.409668 1764164500575 1764164500582
101508 3422438381 1764164500608.744385 1764164500609 1764164500616
101509 3422471725 1764164500642.079102 1764164500642 1764164500649
101510 3422505069 1764164500675.413818 1764164500675 1764164500682
101511 3422538412 1764164500708.747559 1764164500709 1764164500716
101512 3422571756 1764164500742.082031 1764164500742 1764164500749
101513 3422605100 1764164500775.416748 1764164500775 1764164500782
101514 3422638444 1764164500808.751465 1764164500809 1764164500816
101515 3422671788 1764164500842.085938 1764164500842 1764164500849
101516 3422705132 1764164500875.420410 1764164500875 1764164500882
101517 3422738476 1764164500908.755127 1764164500909 1764164500916
101518 3422771820 1764164500942.089600 1764164500942 1764164500949
101519 3422805164 1764164500975.424072 1764164500975 1764164500982
101520 3422838508 1764164501008.758545 1764164501009 1764164501016
101521 3422871852 1764164501042.093018 1764164501042 1764164501049
101522 3422905196 1764164501075.427490 1764164501075 1764164501082
101523 3422938540 1764164501108.761963 1764164501108 1764164501117
101524 3422971884 1764164501142.096436 1764164501142 1764164501149
101525 3423005227 1764164501175.429688 1764164501175 1764164501182
101526 3423038571 1764164501208.764160 1764164501209 1764164501216
101527 3423071915 1764164501242.098389 1764164501242 1764164501249
101528 3423105259 1764164501275.432617 1764164501275 1764164501283
101529 3423138603 1764164501308.767090 1764164501309 1764164501316
101530 3423171947 1764164501342.101318 1764164501342 1764164501349
101531 3423205291 1764164501375.435547 1764164501375 1764164501382
101532 3423238635 1764164501408.769775 1764164501409 1764164501416
101533 3423271979 1764164501442.104736 1764164501442 1764164501449
101534 3423305323 1764164501475.439453 1764164501475 1764164501482
101535 3423338667 1764164501508.774170 1764164501509 1764164501516
101536 3423372011 1764164501542.108887 1764164501542 1764164501549
101537 3423405355 1764164501575.443604 1764164501575 1764164501582
101538 3423438698 1764164501608.777344 1764164501609 1764164501616
101539 3423472042 1764164501642.112061 1764164501642 1764164501649
101540 3423505386 1764164501675.446777 1764164501675 1764164501682
101541 3423538730 1764164501708.781494 1764164501709 1764164501716
101542 3423572074 1764164501742.116211 1764164501742 1764164501749
101543 3423605418 1764164501775.450684 1764164501776 1764164501783
101544 3423638762 1764164501808.785400 1764164501809 1764164501816
101545 3423672106 1764164501842.119873 1764164501842 1764164501849
101546 3423705450 1764164501875.454590 1764164501876 1764164501883
101547 3423738794 1764164501908.789062 1764164501909 1764164501916
101548 3423772138 1764164501942.123535 1764164501942 1764164501949
101549 3423805482 1764164501975.458008 1764164501976 1764164501983
101550 3423838826 1764164502008.792480 1764164502009 1764164502016
101551 3423872169 1764164502042.125977 1764164502042 1764164502049
101552 3423905513 1764164502075.460449 1764164502076 1764164502083
101553 3423938857 1764164502108.794922 1764164502109 1764164502116
101554 3423972201 1764164502142.129395 1764164502142 1764164502149
101555 3424005545 1764164502175.463867 1764164502176 1764164502183
101556 3424038889 1764164502208.798096 1764164502209 1764164502216
101557 3424072233 1764164502242.132568 1764164502242 1764164502249
101558 3424105577 1764164502275.466797 1764164502276 1764164502283
101559 3424138921 1764164502308.801270 1764164502308 1764164502316
101560 3424172265 1764164502342.135498 1764164502342 1764164502349
101561 3424205609 1764164502375.469727 1764164502376 1764164502383
101562 3424238953 1764164502408.804199 1764164502408 1764164502416
101563 3424272297 1764164502442.139893 1764164502442 1764164502449
101564 3424305641 1764164502475.475586 1764164502476 1764164502483
101565 3424338984 1764164502508.810303 1764164502508 1764164502516
101566 3424372328 1764164502542.146240 1764164502542 1764164502549
101567 3424405672 1764164502575.481934 1764164502576 1764164502583
101568 3424439016 1764164502608.817627 1764164502608 1764164502616
101569 3424472360 1764164502642.153320 1764164502642 1764164502649
101570 3424505704 1764164502675.489258 1764164502676 1764164502683
101571 3424539048 1764164502708.824951 1764164502708 1764164502716
101572 3424572392 1764164502742.160645 1764164502742 1764164502749
101573 3424605736 1764164502775.496338 1764164502776 1764164502783
101574 3424639080 1764164502808.832031 1764164502808 1764164502816
101575 3424672424 1764164502842.167725 1764164502842 1764164502849
101576 3424705768 1764164502875.503418 1764164502876 1764164502883
101577 3424739112 1764164502908.839111 1764164502908 1764164502916
101578 3424772455 1764164502942.173828 1764164502942 1764164502949
101579 3424805799 1764164502975.509521 1764164502976 1764164502983
101580 3424839143 1764164503008.845215 1764164503008 1764164503016
101581 3424872487 1764164503042.180908 1764164503042 1764164503049
101582 3424905831 1764164503075.516602 1764164503076 1764164503083
101583 3424939175 1764164503108.852295 1764164503108 1764164503116
101584 3424972519 1764164503142.187988 1764164503142 1764164503149
101585 3425005863 1764164503175.523438 1764164503176 1764164503183
101586 3425039207 1764164503208.859131 1764164503208 1764164503216
101587 3425072551 1764164503242.194824 1764164503242 1764164503249
101588 3425105895 1764164503275.530518 1764164503276 1764164503283
101589 3425139239 1764164503308.866211 1764164503308 1764164503316
101590 3425172583 1764164503342.201660 1764164503342 1764164503349
101591 3425205926 1764164503375.536377 1764164503376 1764164503383
101592 3425239270 1764164503408.872070 1764164503408 1764164503416
101593 3425272614 1764164503442.207520 1764164503442 1764164503449
101594 3425305958 1764164503475.542725 1764164503476 1764164503483
101595 3425339302 1764164503508.878174 1764164503508 1764164503516
101596 3425372646 1764164503542.213623 1764164503542 1764164503549
101597 3425405990 1764164503575.549072 1764164503576 1764164503583
101598 3425439334 1764164503608.884521 1764164503608 1764164503616
101599 3425472678 1764164503642.219727 1764164503642 1764164503649
101600 3425506022 1764164503675.555176 1764164503676 1764164503683
101601 3425539366 1764164503708.890381 1764164503708 1764164503716
101602 3425572710 1764164503742.225830 1764164503742 1764164503749
101603 3425606054 1764164503775.561279 1764164503776 1764164503783
101604 3425639398 1764164503808.896484 1764164503808 1764164503816
101605 3425672741 1764164503842.230957 1764164503842 1764164503849
101606 3425706085 1764164503875.566162 1764164503876 1764164503883
101607 3425739429 1764164503908.901611 1764164503908 1764164503916
101608 3425772773 1764164503942.236816 1764164503943 1764164503950
101609 3425806117 1764164503975.572021 1764164503976 1764164503983
101610 3425839461 1764164504008.907471 1764164504008 1764164504016
101611 3425872805 1764164504042.242676 1764164504042 1764164504049
101612 3425906149 1764164504075.577881 1764164504076 1764164504083
101613 3425939493 1764164504108.913330 1764164504108 1764164504116
101614 3425972837 1764164504142.248535 1764164504142 1764164504149
101615 3426006181 1764164504175.583740 1764164504176 1764164504183
101616 3426039525 1764164504208.918945 1764164504208 1764164504216
101617 3426072869 1764164504242.254395 1764164504242 1764164504249
101618 3426106212 1764164504275.588623 1764164504276 1764164504283
101619 3426139556 1764164504308.923828 1764164504309 1764164504316
101620 3426172900 1764164504342.259033 1764164504342 1764164504349
101621 3426206244 1764164504375.594238 1764164504376 1764164504383
101622 3426239588 1764164504408.929443 1764164504409 1764164504416
101623 3426272932 1764164504442.265869 1764164504442 1764164504449
101624 3426306276 1764164504475.602539 1764164504476 1764164504483
101625 3426339620 1764164504508.939209 1764164504509 1764164504516
101626 3426372964 1764164504542.275635 1764164504542 1764164504549
101627 3426406308 1764164504575.612305 1764164504576 1764164504583
101628 3426439652 1764164504608.948975 1764164504609 1764164504616
101629 3426472996 1764164504642.285400 1764164504642 1764164504649
101630 3426506340 1764164504675.622070 1764164504676 1764164504683
101631 3426539683 1764164504708.957764 1764164504709 1764164504716
101632 3426573027 1764164504742.294434 1764164504742 1764164504749
101633 3426606371 1764164504775.631104 1764164504776 1764164504783
101634 3426639715 1764164504808.967773 1764164504809 1764164504816
101635 3426673059 1764164504842.304199 1764164504842 1764164504849
101636 3426706403 1764164504875.640869 1764164504876 1764164504883
101637 3426739747 1764164504908.977539 1764164504909 1764164504916
101638 3426773091 1764164504942.314209 1764164504942 1764164504949
101639 3426806435 1764164504975.650879 1764164504976 1764164504983
101640 3426839779 1764164505008.987793 1764164505009 1764164505016
101641 3426873123 1764164505042.324463 1764164505042 1764164505049
101642 3426906467 1764164505075.661133 1764164505076 1764164505083
101643 3426939811 1764164505108.997803 1764164505109 1764164505116
101644 3426973155 1764164505142.334473 1764164505142 1764164505149
101645 3427006498 1764164505175.670166 1764164505176 1764164505183
101646 3427039842 1764164505209.007080 1764164505209 1764164505216
101647 3427073186 1764164505242.343750 1764164505242 1764164505249
101648 3427106530 1764164505275.680420 1764164505276 1764164505283
101649 3427139874 1764164505309.017334 1764164505309 1764164505316
101650 3427173218 1764164505342.354004 1764164505342 1764164505349
101651 3427206562 1764164505375.690674 1764164505376 1764164505383
101652 3427239906 1764164505409.027588 1764164505409 1764164505416
101653 3427273250 1764164505442.363525 1764164505442 1764164505449
101654 3427306594 1764164505475.699463 1764164505476 1764164505483
101655 3427339938 1764164505509.035156 1764164505509 1764164505516
101656 3427373282 1764164505542.371094 1764164505542 1764164505549
101657 3427406626 1764164505575.707031 1764164505576 1764164505583
101658 3427439969 1764164505609.041992 1764164505609 1764164505616
101659 3427473313 1764164505642.377930 1764164505642 1764164505649
101660 3427506657 1764164505675.713867 1764164505676 1764164505683
101661 3427540001 1764164505709.049561 1764164505709 1764164505716
101662 3427573345 1764164505742.385498 1764164505742 1764164505749
101663 3427606689 1764164505775.721436 1764164505775 1764164505783
101664 3427640033 1764164505809.057373 1764164505809 1764164505816
101665 3427673377 1764164505842.393311 1764164505843 1764164505850
101666 3427706721 1764164505875.729248 1764164505876 1764164505883
101667 3427740065 1764164505909.064941 1764164505909 1764164505916
101668 3427773409 1764164505942.400879 1764164505943 1764164505950
101669 3427806753 1764164505975.736816 1764164505976 1764164505983
101670 3427840097 1764164506009.072754 1764164506009 1764164506016
101671 3427873440 1764164506042.407471 1764164506043 1764164506050
101672 3427906784 1764164506075.743408 1764164506076 1764164506083
101673 3427940128 1764164506109.079346 1764164506109 1764164506116
101674 3427973472 1764164506142.415283 1764164506143 1764164506150
101675 3428006816 1764164506175.751221 1764164506176 1764164506183
101676 3428040160 1764164506209.086914 1764164506209 1764164506216
101677 3428073504 1764164506242.422852 1764164506243 1764164506250
101678 3428106848 1764164506275.758789 1764164506276 1764164506283
101679 3428140192 1764164506309.094727 1764164506309 1764164506316
101680 3428173536 1764164506342.430420 1764164506343 1764164506350
101681 3428206880 1764164506375.766357 1764164506375 1764164506383
101682 3428240224 1764164506409.102295 1764164506409 1764164506416
101683 3428273568 1764164506442.438477 1764164506443 1764164506450
101684 3428306912 1764164506475.774658 1764164506475 1764164506483
101685 3428340255 1764164506509.109619 1764164506510 1764164506517
101686 3428373599 1764164506542.445801 1764164506543 1764164506550
101687 3428406943 1764164506575.781982 1764164506575 1764164506583
101688 3428440287 1764164506609.118164 1764164506609 1764164506616
101689 3428473631 1764164506642.454346 1764164506643 1764164506650
101690 3428506975 1764164506675.790527 1764164506675 1764164506683
101691 3428540319 1764164506709.126709 1764164506709 1764164506716
101692 3428573663 1764164506742.462891 1764164506743 1764164506750
101693 3428607007 1764164506775.799072 1764164506775 1764164506785
101694 3428640351 1764164506809.135254 1764164506809 1764164506816
101695 3428673695 1764164506842.471436 1764164506842 1764164506852
101696 3428707039 1764164506875.807617 1764164506875 1764164506883
101697 3428740383 1764164506909.143799 1764164506910 1764164506918
101698 3428773726 1764164506942.479004 1764164506943 1764164506950
101699 3428807070 1764164506975.815186 1764164506975 1764164506983
101700 3428840414 1764164507009.151367 1764164507010 1764164507017
101701 3428873758 1764164507042.487549 1764164507042 1764164507050
101702 3428907102 1764164507075.823730 1764164507075 1764164507083
101703 3428940446 1764164507109.159912 1764164507109 1764164507116
101704 3428973790 1764164507142.496094 1764164507143 1764164507150
101705 3429007134 1764164507175.832275 1764164507175 1764164507183
101706 3429040478 1764164507209.168457 1764164507209 1764164507216
101707 3429073822 1764164507242.504639 1764164507243 1764164507250
101708 3429107166 1764164507275.840820 1764164507275 1764164507283
101709 3429140510 1764164507309.177002 1764164507309 1764164507316
101710 3429173854 1764164507342.513184 1764164507343 1764164507350
101711 3429207197 1764164507375.848389 1764164507375 1764164507383
101712 3429240541 1764164507409.184570 1764164507409 1764164507416
101713 3429273885 1764164507442.520508 1764164507443 1764164507450
101714 3429307229 1764164507475.856445 1764164507475 1764164507483
101715 3429340573 1764164507509.192627 1764164507509 1764164507516
101716 3429373917 1764164507542.528564 1764164507543 1764164507550
101717 3429407261 1764164507575.864502 1764164507575 1764164507583
101718 3429440605 1764164507609.200439 1764164507609 1764164507616
101719 3429473949 1764164507642.536621 1764164507643 1764164507650
101720 3429507293 1764164507675.872559 1764164507675 1764164507683
101721 3429540637 1764164507709.208496 1764164507709 1764164507716
101722 3429573981 1764164507742.544434 1764164507743 1764164507750
101723 3429607325 1764164507775.880615 1764164507775 1764164507783
101724 3429640669 1764164507809.216553 1764164507809 1764164507816
101725 3429674012 1764164507842.551514 1764164507843 1764164507850
101726 3429707356 1764164507875.887451 1764164507875 1764164507883
101727 3429740700 1764164507909.223633 1764164507909 1764164507916
101728 3429774044 1764164507942.559570 1764164507943 1764164507950
101729 3429807388 1764164507975.895508 1764164507975 1764164507983
101730 3429840732 1764164508009.231445 1764164508009 1764164508016
101731 3429874076 1764164508042.567383 1764164508043 1764164508050
101732 3429907420 1764164508075.903564 1764164508075 1764164508083
101733 3429940764 1764164508109.239502 1764164508109 1764164508116
101734 3429974108 1764164508142.575439 1764164508143 1764164508150
101735 3430007452 1764164508175.911377 1764164508175 1764164508183
101736 3430040796 1764164508209.247314 1764164508209 1764164508216
101737 3430074140 1764164508242.583496 1764164508243 1764164508250
101738 3430107483 1764164508275.918457 1764164508275 1764164508283
101739 3430140827 1764164508309.254395 1764164508309 1764164508316
101740 3430174171 1764164508342.590332 1764164508343 1764164508350
101741 3430207515 1764164508375.926270 1764164508375 1764164508383
101742 3430240859 1764164508409.262451 1764164508409 1764164508416
101743 3430274203 1764164508442.598389 1764164508443 1764164508450
101744 3430307547 1764164508475.934570 1764164508475 1764164508483
101745 3430340891 1764164508509.270752 1764164508509 1764164508516
101746 3430374235 1764164508542.606934 1764164508543 1764164508550
101747 3430407579 1764164508575.943115 1764164508575 1764164508583
101748 3430440923 1764164508609.279297 1764164508609 1764164508616
101749 3430474267 1764164508642.615479 1764164508643 1764164508650
101750 3430507611 1764164508675.951660 1764164508676 1764164508683
101751 3430540954 1764164508709.286865 1764164508709 1764164508716
101752 3430574298 1764164508742.623047 1764164508743 1764164508750
101753 3430607642 1764164508775.959229 1764164508776 1764164508783
101754 3430640986 1764164508809.295410 1764164508809 1764164508816
101755 3430674330 1764164508842.631592 1764164508843 1764164508850
101756 3430707674 1764164508875.967773 1764164508876 1764164508883
101757 3430741018 1764164508909.303955 1764164508909 1764164508916
101758 3430774362 1764164508942.640137 1764164508943 1764164508950
101759 3430807706 1764164508975.976318 1764164508976 1764164508983
101760 3430841050 1764164509009.312500 1764164509010 1764164509018
101761 3430874394 1764164509042.648682 1764164509042 1764164509050
101762 3430907738 1764164509075.984863 1764164509076 1764164509083
101763 3430941082 1764164509109.321045 1764164509109 1764164509116
101764 3430974426 1764164509142.657227 1764164509142 1764164509150
101765 3431007769 1764164509175.992432 1764164509176 1764164509183
101766 3431041113 1764164509209.328613 1764164509209 1764164509216
101767 3431074457 1764164509242.664795 1764164509243 1764164509250
101768 3431107801 1764164509276.000977 1764164509276 1764164509283
101769 3431141145 1764164509309.337158 1764164509309 1764164509316
101770 3431174489 1764164509342.673584 1764164509343 1764164509350
101771 3431207833 1764164509376.009766 1764164509376 1764164509383
101772 3431241177 1764164509409.345947 1764164509409 1764164509416
101773 3431274521 1764164509442.682129 1764164509443 1764164509450
101774 3431307865 1764164509476.018555 1764164509476 1764164509483
101775 3431341209 1764164509509.354736 1764164509509 1764164509516
101776 3431374553 1764164509542.690918 1764164509543 1764164509550
101777 3431407897 1764164509576.027344 1764164509576 1764164509583
101778 3431441240 1764164509609.362549 1764164509609 1764164509616
101779 3431474584 1764164509642.698975 1764164509643 1764164509650
101780 3431507928 1764164509676.035156 1764164509676 1764164509683
101781 3431541272 1764164509709.371582 1764164509709 1764164509716
101782 3431574616 1764164509742.707764 1764164509743 1764164509750
101783 3431607960 1764164509776.044189 1764164509776 1764164509783
101784 3431641304 1764164509809.380371 1764164509810 1764164509817
101785 3431674648 1764164509842.716797 1764164509843 1764164509850
101786 3431707992 1764164509876.053223 1764164509876 1764164509883
101787 3431741336 1764164509909.389404 1764164509909 1764164509916
101788 3431774680 1764164509942.725830 1764164509942 1764164509950
101789 3431808024 1764164509976.062012 1764164509976 1764164509983
101790 3431841368 1764164510009.398438 1764164510009 1764164510016
101791 3431874711 1764164510042.733643 1764164510043 1764164510050
101792 3431908055 1764164510076.070068 1764164510076 1764164510083
101793 3431941399 1764164510109.406494 1764164510109 1764164510116
101794 3431974743 1764164510142.742676 1764164510142 1764164510150
101795 3432008087 1764164510176.079102 1764164510176 1764164510185
101796 3432041431 1764164510209.415527 1764164510209 1764164510216
101797 3432074775 1764164510242.751709 1764164510243 1764164510250
101798 3432108119 1764164510276.088135 1764164510276 1764164510283
101799 3432141463 1764164510309.424561 1764164510310 1764164510317
101800 3432174807 1764164510342.760742 1764164510343 1764164510350
101801 3432208151 1764164510376.097168 1764164510376 1764164510383
101802 3432241495 1764164510409.433594 1764164510410 1764164510417
101803 3432274839 1764164510442.770020 1764164510443 1764164510450
101804 3432308183 1764164510476.106445 1764164510476 1764164510483
101805 3432341526 1764164510509.441895 1764164510510 1764164510517
101806 3432374870 1764164510542.778320 1764164510542 1764164510551
101807 3432408214 1764164510576.114746 1764164510576 1764164510583
101808 3432441558 1764164510609.451172 1764164510610 1764164510617
101809 3432474902 1764164510642.787598 1764164510642 1764164510650
101810 3432508246 1764164510676.124023 1764164510676 1764164510683
101811 3432541590 1764164510709.460693 1764164510710 1764164510717
101812 3432574934 1764164510742.797119 1764164510742 1764164510750
101813 3432608278 1764164510776.133545 1764164510776 1764164510783
101814 3432641622 1764164510809.469971 1764164510810 1764164510817
101815 3432674966 1764164510842.806396 1764164510842 1764164510850
101816 3432708310 1764164510876.143066 1764164510876 1764164510883
101817 3432741654 1764164510909.479492 1764164510910 1764164510917
101818 3432774997 1764164510942.814941 1764164510942 1764164510950
101819 3432808341 1764164510976.151367 1764164510976 1764164510983
101820 3432841685 1764164511009.487793 1764164511010 1764164511017
101821 3432875029 1764164511042.824463 1764164511042 1764164511050
101822 3432908373 1764164511076.160889 1764164511076 1764164511083
101823 3432941717 1764164511109.497314 1764164511110 1764164511117
101824 3432975061 1764164511142.833740 1764164511142 1764164511150
101825 3433008405 1764164511176.170410 1764164511176 1764164511183
101826 3433041749 1764164511209.506836 1764164511210 1764164511217
101827 3433075093 1764164511242.843262 1764164511242 1764164511250
101828 3433108437 1764164511276.179932 1764164511276 1764164511283
101829 3433141781 1764164511309.516357 1764164511310 1764164511317
101830 3433175125 1764164511342.852783 1764164511342 1764164511350
101831 3433208468 1764164511376.188477 1764164511376 1764164511383
101832 3433241812 1764164511409.524902 1764164511410 1764164511417
101833 3433275156 1764164511442.862061 1764164511442 1764164511450
101834 3433308500 1764164511476.198975 1764164511476 1764164511483
101835 3433341844 1764164511509.536133 1764164511510 1764164511517
101836 3433375188 1764164511542.873047 1764164511542 1764164511550
101837 3433408532 1764164511576.210205 1764164511576 1764164511583
101838 3433441876 1764164511609.547363 1764164511610 1764164511617
101839 3433475220 1764164511642.884521 1764164511642 1764164511650
101840 3433508564 1764164511676.221436 1764164511676 1764164511683
101841 3433541908 1764164511709.558594 1764164511710 1764164511717
101842 3433575252 1764164511742.895752 1764164511742 1764164511750
101843 3433608596 1764164511776.232910 1764164511776 1764164511783
101844 3433641940 1764164511809.570068 1764164511810 1764164511817
101845 3433675283 1764164511842.906006 1764164511842 1764164511850
101846 3433708627 1764164511876.243164 1764164511876 1764164511883
101847 3433741971 1764164511909.580322 1764164511910 1764164511917
101848 3433775315 1764164511942.917480 1764164511942 1764164511950
101849 3433808659 1764164511976.254639 1764164511976 1764164511983
101850 3433842003 1764164512009.591797 1764164512010 1764164512017
101851 3433875347 1764164512042.928955 1764164512042 1764164512050
101852 3433908691 1764164512076.266357 1764164512076 1764164512083
101853 3433942035 1764164512109.603516 1764164512110 1764164512117
101854 3433975379 1764164512142.940674 1764164512142 1764164512150
101855 3434008723 1764164512176.277832 1764164512176 1764164512183
101856 3434042067 1764164512209.614990 1764164512210 1764164512217
101857 3434075411 1764164512242.952148 1764164512242 1764164512250
101858 3434108754 1764164512276.288330 1764164512276 1764164512283
101859 3434142098 1764164512309.625732 1764164512310 1764164512317
101860 3434175442 1764164512342.962891 1764164512342 1764164512350
101861 3434208786 1764164512376.300049 1764164512376 1764164512383
101862 3434242130 1764164512409.637451 1764164512410 1764164512417
101863 3434275474 1764164512442.973145 1764164512442 1764164512450
101864 3434308818 1764164512476.309082 1764164512476 1764164512483
101865 3434342162 1764164512509.644775 1764164512510 1764164512517
101866 3434375506 1764164512542.980713 1764164512542 1764164512550
101867 3434408850 1764164512576.316406 1764164512576 1764164512583
101868 3434442194 1764164512609.652344 1764164512610 1764164512617
101869 3434475538 1764164512642.988037 1764164512642 1764164512650
101870 3434508882 1764164512676.323975 1764164512676 1764164512683
101871 3434542225 1764164512709.658691 1764164512710 1764164512717
101872 3434575569 1764164512742.994629 1764164512742 1764164512750
101873 3434608913 1764164512776.330322 1764164512776 1764164512783
101874 3434642257 1764164512809.666260 1764164512810 1764164512817
101875 3434675601 1764164512843.001953 1764164512843 1764164512850
101876 3434708945 1764164512876.337891 1764164512876 1764164512883
101877 3434742289 1764164512909.673584 1764164512910 1764164512917
101878 3434775633 1764164512943.009277 1764164512943 1764164512950
101879 3434808977 1764164512976.345215 1764164512976 1764164512983
101880 3434842321 1764164513009.680908 1764164513010 1764164513017
101881 3434875665 1764164513043.016846 1764164513043 1764164513050
101882 3434909009 1764164513076.352539 1764164513076 1764164513083
101883 3434942353 1764164513109.688477 1764164513110 1764164513117
101884 3434975697 1764164513143.024170 1764164513143 1764164513150
101885 3435009040 1764164513176.358887 1764164513176 1764164513183
101886 3435042384 1764164513209.694824 1764164513210 1764164513217
101887 3435075728 1764164513243.030518 1764164513243 1764164513250
101888 3435109072 1764164513276.366211 1764164513276 1764164513283
101889 3435142416 1764164513309.702148 1764164513310 1764164513317
101890 3435175760 1764164513343.037842 1764164513343 1764164513350
101891 3435209104 1764164513376.373779 1764164513376 1764164513383
101892 3435242448 1764164513409.709473 1764164513410 1764164513417
101893 3435275792 1764164513443.045410 1764164513443 1764164513450
101894 3435309136 1764164513476.381348 1764164513476 1764164513483
101895 3435342480 1764164513509.717285 1764164513509 1764164513517
101896 3435375824 1764164513543.052979 1764164513543 1764164513550
101897 3435409168 1764164513576.388916 1764164513576 1764164513583
101898 3435442511 1764164513609.723877 1764164513610 1764164513617
101899 3435475855 1764164513643.059814 1764164513643 1764164513650
101900 3435509199 1764164513676.395752 1764164513676 1764164513683
101901 3435542543 1764164513709.731689 1764164513710 1764164513717
101902 3435575887 1764164513743.067627 1764164513743 1764164513750
101903 3435609231 1764164513776.403320 1764164513776 1764164513783
101904 3435642575 1764164513809.739258 1764164513810 1764164513817
101905 3435675919 1764164513843.075195 1764164513843 1764164513850
101906 3435709263 1764164513876.411133 1764164513877 1764164513884
101907 3435742607 1764164513909.747070 1764164513910 1764164513917
101908 3435775951 1764164513943.083008 1764164513943 1764164513950
101909 3435809295 1764164513976.418701 1764164513977 1764164513984
101910 3435842639 1764164514009.754639 1764164514010 1764164514017
101911 3435875982 1764164514043.089600 1764164514043 1764164514050
101912 3435909326 1764164514076.425537 1764164514077 1764164514084
101913 3435942670 1764164514109.761475 1764164514110 1764164514117
101914 3435976014 1764164514143.097168 1764164514143 1764164514150
101915 3436009358 1764164514176.433105 1764164514177 1764164514184
101916 3436042702 1764164514209.769043 1764164514209 1764164514217
101917 3436076046 1764164514243.104980 1764164514243 1764164514250
101918 3436109390 1764164514276.440918 1764164514276 1764164514283
101919 3436142734 1764164514309.776611 1764164514310 1764164514317
101920 3436176078 1764164514343.112549 1764164514343 1764164514350
101921 3436209422 1764164514376.448486 1764164514377 1764164514384
101922 3436242766 1764164514409.784424 1764164514409 1764164514417
101923 3436276110 1764164514443.120361 1764164514443 1764164514450
101924 3436309454 1764164514476.456299 1764164514477 1764164514484
101925 3436342797 1764164514509.791260 1764164514510 1764164514517
101926 3436376141 1764164514543.127197 1764164514543 1764164514550
101927 3436409485 1764164514576.463135 1764164514577 1764164514584
101928 3436442829 1764164514609.799316 1764164514609 1764164514617
101929 3436476173 1764164514643.135254 1764164514643 1764164514650
101930 3436509517 1764164514676.471191 1764164514677 1764164514684
101931 3436542861 1764164514709.807129 1764164514709 1764164514717
101932 3436576205 1764164514743.143066 1764164514743 1764164514750
101933 3436609549 1764164514776.479004 1764164514777 1764164514784
101934 3436642893 1764164514809.815186 1764164514810 1764164514817
101935 3436676237 1764164514843.151123 1764164514843 1764164514850
101936 3436709581 1764164514876.487061 1764164514877 1764164514884
101937 3436742925 1764164514909.822998 1764164514909 1764164514917
101938 3436776268 1764164514943.157959 1764164514943 1764164514950
101939 3436809612 1764164514976.493896 1764164514977 1764164514984
101940 3436842956 1764164515009.829834 1764164515009 1764164515017
101941 3436876300 1764164515043.165771 1764164515043 1764164515050
101942 3436909644 1764164515076.501709 1764164515077 1764164515084
101943 3436942988 1764164515109.837646 1764164515109 1764164515117
101944 3436976332 1764164515143.173584 1764164515143 1764164515150
101945 3437009676 1764164515176.509766 1764164515177 1764164515184
101946 3437043020 1764164515209.845703 1764164515209 1764164515217
101947 3437076364 1764164515243.181641 1764164515243 1764164515250
101948 3437109708 1764164515276.517578 1764164515277 1764164515284
101949 3437143052 1764164515309.853516 1764164515309 1764164515317
101950 3437176396 1764164515343.189453 1764164515343 1764164515350
101951 3437209739 1764164515376.524414 1764164515377 1764164515384
101952 3437243083 1764164515409.860352 1764164515409 1764164515417
101953 3437276427 1764164515443.196289 1764164515443 1764164515450
101954 3437309771 1764164515476.532227 1764164515477 1764164515484
101955 3437343115 1764164515509.868164 1764164515509 1764164515517
101956 3437376459 1764164515543.203857 1764164515543 1764164515550
101957 3437409803 1764164515576.539795 1764164515577 1764164515584
101958 3437443147 1764164515609.875732 1764164515609 1764164515617
101959 3437476491 1764164515643.211670 1764164515643 1764164515650
101960 3437509835 1764164515676.547607 1764164515677 1764164515684
101961 3437543179 1764164515709.883545 1764164515709 1764164515717
101962 3437576523 1764164515743.219482 1764164515743 1764164515750
101963 3437609867 1764164515776.555420 1764164515777 1764164515784
101964 3437643211 1764164515809.891357 1764164515809 1764164515817
101965 3437676554 1764164515843.226074 1764164515843 1764164515850
101966 3437709898 1764164515876.562012 1764164515877 1764164515884
101967 3437743242 1764164515909.897949 1764164515909 1764164515917
101968 3437776586 1764164515943.233887 1764164515944 1764164515951
101969 3437809930 1764164515976.569824 1764164515977 1764164515984
101970 3437843274 1764164516009.905518 1764164516009 1764164516017
101971 3437876618 1764164516043.241455 1764164516043 1764164516050
101972 3437909962 1764164516076.577393 1764164516077 1764164516084
101973 3437943306 1764164516109.913330 1764164516109 1764164516117
101974 3437976650 1764164516143.249268 1764164516143 1764164516150
101975 3438009994 1764164516176.584961 1764164516177 1764164516184
101976 3438043338 1764164516209.920898 1764164516209 1764164516217
101977 3438076682 1764164516243.256836 1764164516243 1764164516250
101978 3438110025 1764164516276.591797 1764164516277 1764164516284
101979 3438143369 1764164516309.927490 1764164516309 1764164516317
101980 3438176713 1764164516343.263428 1764164516343 1764164516350
101981 3438210057 1764164516376.599365 1764164516377 1764164516384
101982 3438243401 1764164516409.935303 1764164516409 1764164516417
101983 3438276745 1764164516443.273438 1764164516443 1764164516450
101984 3438310089 1764164516476.611328 1764164516477 1764164516484
101985 3438343433 1764164516509.949463 1764164516509 1764164516517
101986 3438376777 1764164516543.287598 1764164516543 1764164516550
101987 3438410121 1764164516576.625732 1764164516577 1764164516584
101988 3438443465 1764164516609.963867 1764164516609 1764164516617
101989 3438476809 1764164516643.302002 1764164516643 1764164516650
101990 3438510153 1764164516676.640137 1764164516677 1764164516684
101991 3438543496 1764164516709.977539 1764164516709 1764164516717
101992 3438576840 1764164516743.315674 1764164516743 1764164516750
101993 3438610184 1764164516776.653809 1764164516777 1764164516784
101994 3438643528 1764164516809.991943 1764164516809 1764164516817
101995 3438676872 1764164516843.330322 1764164516843 1764164516850
101996 3438710216 1764164516876.668457 1764164516877 1764164516884
101997 3438743560 1764164516910.006836 1764164516910 1764164516917
101998 3438776904 1764164516943.344971 1764164516944 1764164516951
101999 3438810248 1764164516976.683350 1764164516977 1764164516984
102000 3438843592 1764164517010.021729 1764164517010 1764164517017
102001 3438876936 1764164517043.359863 1764164517044 1764164517052
102002 3438910280 1764164517076.698242 1764164517077 1764164517086
102003 3438943624 1764164517110.036621 1764164517110 1764164517117
102004 3438976968 1764164517143.375000 1764164517143 1764164517150
