77599 2260815026 1764167671392.820557 1764167671392 1764167671399
77600 2260848370 1764167671426.156494 1764167671425 1764167671434
77601 2260881714 1764167671459.492432 1764167671459 1764167671466
77602 2260915058 1764167671492.828369 1764167671492 1764167671499
77603 2260948402 1764167671526.164307 1764167671526 1764167671533
77604 2260981746 1764167671559.500244 1764167671559 1764167671566
77605 2261015089 1764167671592.835205 1764167671592 1764167671599
77606 2261048433 1764167671626.171143 1764167671626 1764167671633
77607 2261081777 1764167671659.507080 1764167671659 1764167671666
77608 2261115121 1764167671692.843018 1764167671693 1764167671700
77609 2261148465 1764167671726.179199 1764167671726 1764167671733
77610 2261181809 1764167671759.515137 1764167671759 1764167671766
77611 2261215153 1764167671792.851074 1764167671792 1764167671799
77612 2261248497 1764167671826.187012 1764167671826 1764167671833
77613 2261281841 1764167671859.522949 1764167671859 1764167671866
77614 2261315185 1764167671892.859131 1764167671893 1764167671900
77615 2261348529 1764167671926.195068 1764167671926 1764167671933
77616 2261381873 1764167671959.531006 1764167671959 1764167671966
77617 2261415217 1764167671992.866943 1764167671993 1764167672000
77618 2261448560 1764167672026.202148 1764167672026 1764167672033
77619 2261481904 1764167672059.538086 1764167672059 1764167672066
77620 2261515248 1764167672092.874023 1764167672093 1764167672100
77621 2261548592 1764167672126.210205 1764167672126 1764167672133
77622 2261581936 1764167672159.546143 1764167672159 1764167672166
77623 2261615280 1764167672192.880127 1764167672193 1764167672200
77624 2261648624 1764167672226.214111 1764167672225 1764167672233
77625 2261681968 1764167672259.548096 1764167672259 1764167672266
77626 2261715312 1764167672292.882080 1764167672293 1764167672300
77627 2261748656 1764167672326.216064 1764167672326 1764167672333
77628 2261782000 1764167672359.550049 1764167672359 1764167672366
77629 2261815344 1764167672392.883789 1764167672393 1764167672400
77630 2261848688 1764167672426.217773 1764167672426 1764167672433
77631 2261882031 1764167672459.550781 1764167672459 1764167672466
77632 2261915375 1764167672492.884521 1764167672493 1764167672500
77633 2261948719 1764167672526.218262 1764167672526 1764167672533
77634 2261982063 1764167672559.552246 1764167672559 1764167672566
77635 2262015407 1764167672592.885986 1764167672593 1764167672600
77636 2262048751 1764167672626.219727 1764167672625 1764167672633
77637 2262082095 1764167672659.553467 1764167672659 1764167672666
77638 2262115439 1764167672692.887207 1764167672693 1764167672700
77639 2262148783 1764167672726.220947 1764167672725 1764167672733
77640 2262182127 1764167672759.554688 1764167672759 1764167672766
77641 2262215471 1764167672792.888428 1764167672793 1764167672800
77642 2262248815 1764167672826.221924 1764167672825 1764167672833
77643 2262282159 1764167672859.555664 1764167672859 1764167672866
77644 2262315503 1764167672892.889160 1764167672893 1764167672900
77645 2262348846 1764167672926.221924 1764167672925 1764167672933
77646 2262382190 1764167672959.555420 1764167672959 1764167672966
77647 2262415534 1764167672992.889160 1764167672993 1764167673000
77648 2262448878 1764167673026.222656 1764167673025 1764167673033
77649 2262482222 1764167673059.556152 1764167673059 1764167673066
77650 2262515566 1764167673092.889648 1764167673093 1764167673100
77651 2262548910 1764167673126.223145 1764167673125 1764167673133
77652 2262582254 1764167673159.556641 1764167673159 1764167673166
77653 2262615598 1764167673192.890381 1764167673193 1764167673200
77654 2262648942 1764167673226.224121 1764167673225 1764167673233
77655 2262682286 1764167673259.557861 1764167673259 1764167673266
77656 2262715630 1764167673292.891602 1764167673293 1764167673300
77657 2262748974 1764167673326.225098 1764167673325 1764167673333
77658 2262782317 1764167673359.557861 1764167673359 1764167673366
77659 2262815661 1764167673392.891357 1764167673393 1764167673400
77660 2262849005 1764167673426.225098 1764167673425 1764167673433
77661 2262882349 1764167673459.558594 1764167673459 1764167673466
77662 2262915693 1764167673492.892090 1764167673493 1764167673500
77663 2262949037 1764167673526.225830 1764167673525 1764167673533
77664 2262982381 1764167673559.559326 1764167673559 1764167673566
77665 2263015725 1764167673592.892822 1764167673593 1764167673600
77666 2263049069 1764167673626.226318 1764167673625 1764167673633
77667 2263082413 1764167673659.559570 1764167673659 1764167673666
77668 2263115757 1764167673692.893066 1764167673693 1764167673700
77669 2263149101 1764167673726.226562 1764167673725 1764167673733
77670 2263182445 1764167673759.559814 1764167673759 1764167673766
77671 2263215788 1764167673792.892334 1764167673793 1764167673800
77672 2263249132 1764167673826.225586 1764167673825 1764167673833
77673 2263282476 1764167673859.558838 1764167673859 1764167673866
77674 2263315820 1764167673892.892334 1764167673893 1764167673900
77675 2263349164 1764167673926.225586 1764167673925 1764167673933
77676 2263382508 1764167673959.558838 1764167673959 1764167673966
77677 2263415852 1764167673992.892090 1764167673993 1764167674000
77678 2263449196 1764167674026.225342 1764167674025 1764167674033
77679 2263482540 1764167674059.558350 1764167674059 1764167674067
77680 2263515884 1764167674092.891602 1764167674093 1764167674100
77681 2263549228 1764167674126.224854 1764167674125 1764167674133
77682 2263582572 1764167674159.557861 1764167674159 1764167674166
77683 2263615916 1764167674192.891602 1764167674193 1764167674200
77684 2263649260 1764167674226.225342 1764167674225 1764167674233
77685 2263682603 1764167674259.558105 1764167674259 1764167674266
77686 2263715947 1764167674292.891846 1764167674293 1764167674300
77687 2263749291 1764167674326.225342 1764167674325 1764167674333
77688 2263782635 1764167674359.559082 1764167674359 1764167674366
77689 2263815979 1764167674392.892578 1764167674393 1764167674400
77690 2263849323 1764167674426.226318 1764167674425 1764167674433
77691 2263882667 1764167674459.559814 1764167674459 1764167674466
77692 2263916011 1764167674492.893311 1764167674493 1764167674500
77693 2263949355 1764167674526.226807 1764167674525 1764167674533
77694 2263982699 1764167674559.560303 1764167674559 1764167674566
77695 2264016043 1764167674592.893799 1764167674593 1764167674600
77696 2264049387 1764167674626.227295 1764167674626 1764167674633
77697 2264082731 1764167674659.560791 1764167674659 1764167674666
77698 2264116074 1764167674692.893066 1764167674693 1764167674700
77699 2264149418 1764167674726.226562 1764167674726 1764167674733
77700 2264182762 1764167674759.560059 1764167674759 1764167674766
77701 2264216106 1764167674792.893311 1764167674793 1764167674800
77702 2264249450 1764167674826.226562 1764167674826 1764167674833
77703 2264282794 1764167674859.560059 1764167674859 1764167674866
77704 2264316138 1764167674892.893311 1764167674893 1764167674900
77705 2264349482 1764167674926.226562 1764167674926 1764167674933
77706 2264382826 1764167674959.559814 1764167674959 1764167674966
77707 2264416170 1764167674992.893066 1764167674993 1764167675000
77708 2264449514 1764167675026.226318 1764167675026 1764167675033
77709 2264482858 1764167675059.559326 1764167675059 1764167675066
77710 2264516202 1764167675092.892578 1764167675093 1764167675100
77711 2264549545 1764167675126.224609 1764167675126 1764167675133
77712 2264582889 1764167675159.557861 1764167675160 1764167675167
77713 2264616233 1764167675192.892822 1764167675193 1764167675200
77714 2264649577 1764167675226.227783 1764167675226 1764167675233
77715 2264682921 1764167675259.562500 1764167675259 1764167675266
77716 2264716265 1764167675292.897461 1764167675293 1764167675300
77717 2264749609 1764167675326.232422 1764167675326 1764167675333
77718 2264782953 1764167675359.567139 1764167675359 1764167675366
77719 2264816297 1764167675392.902100 1764167675393 1764167675400
77720 2264849641 1764167675426.236816 1764167675426 1764167675433
77721 2264882985 1764167675459.571777 1764167675459 1764167675466
77722 2264916329 1764167675492.906494 1764167675493 1764167675502
77723 2264949673 1764167675526.241211 1764167675526 1764167675533
77724 2264983017 1764167675559.576172 1764167675559 1764167675566
77725 2265016360 1764167675592.909912 1764167675593 1764167675600
77726 2265049704 1764167675626.244629 1764167675626 1764167675633
77727 2265083048 1764167675659.579346 1764167675659 1764167675666
77728 2265116392 1764167675692.914062 1764167675693 1764167675700
77729 2265149736 1764167675726.248779 1764167675726 1764167675733
77730 2265183080 1764167675759.583496 1764167675760 1764167675767
77731 2265216424 1764167675792.918213 1764167675793 1764167675800
77732 2265249768 1764167675826.252930 1764167675826 1764167675833
77733 2265283112 1764167675859.587402 1764167675860 1764167675867
77734 2265316456 1764167675892.922119 1764167675893 1764167675900
77735 2265349800 1764167675926.256836 1764167675926 1764167675933
77736 2265383144 1764167675959.591309 1764167675959 1764167675966
77737 2265416488 1764167675992.926025 1764167675993 1764167676000
77738 2265449831 1764167676026.259521 1764167676026 1764167676033
77739 2265483175 1764167676059.594238 1764167676060 1764167676067
77740 2265516519 1764167676092.928711 1764167676093 1764167676100
77741 2265549863 1764167676126.263428 1764167676126 1764167676133
77742 2265583207 1764167676159.597900 1764167676160 1764167676167
77743 2265616551 1764167676192.931641 1764167676193 1764167676200
77744 2265649895 1764167676226.265381 1764167676226 1764167676233
77745 2265683239 1764167676259.598877 1764167676260 1764167676267
77746 2265716583 1764167676292.932617 1764167676293 1764167676300
77747 2265749927 1764167676326.266113 1764167676326 1764167676333
77748 2265783271 1764167676359.599854 1764167676360 1764167676367
77749 2265816615 1764167676392.933350 1764167676392 1764167676400
77750 2265849959 1764167676426.266846 1764167676426 1764167676433
77751 2265883302 1764167676459.599365 1764167676460 1764167676467
77752 2265916646 1764167676492.932861 1764167676492 1764167676500
77753 2265949990 1764167676526.266357 1764167676526 1764167676533
77754 2265983334 1764167676559.599854 1764167676560 1764167676567
77755 2266016678 1764167676592.933350 1764167676592 1764167676600
77756 2266050022 1764167676626.266602 1764167676626 1764167676633
77757 2266083366 1764167676659.600098 1764167676660 1764167676667
77758 2266116710 1764167676692.933350 1764167676692 1764167676700
77759 2266150054 1764167676726.266846 1764167676726 1764167676733
77760 2266183398 1764167676759.600098 1764167676760 1764167676767
77761 2266216742 1764167676792.933350 1764167676792 1764167676800
77762 2266250086 1764167676826.266602 1764167676826 1764167676833
77763 2266283430 1764167676859.599854 1764167676860 1764167676867
77764 2266316774 1764167676892.933105 1764167676892 1764167676900
77765 2266350117 1764167676926.265381 1764167676926 1764167676933
77766 2266383461 1764167676959.598633 1764167676960 1764167676967
77767 2266416805 1764167676992.931885 1764167676992 1764167677000
77768 2266450149 1764167677026.264893 1764167677026 1764167677033
77769 2266483493 1764167677059.598145 1764167677060 1764167677067
77770 2266516837 1764167677092.931152 1764167677092 1764167677100
77771 2266550181 1764167677126.264404 1764167677126 1764167677133
77772 2266583525 1764167677159.597412 1764167677160 1764167677167
77773 2266616869 1764167677192.931885 1764167677192 1764167677200
77774 2266650213 1764167677226.266357 1764167677226 1764167677233
77775 2266683557 1764167677259.600830 1764167677260 1764167677267
77776 2266716901 1764167677292.935303 1764167677292 1764167677300
77777 2266750245 1764167677326.269531 1764167677326 1764167677333
77778 2266783588 1764167677359.603027 1764167677360 1764167677367
77779 2266816932 1764167677392.937500 1764167677392 1764167677400
77780 2266850276 1764167677426.271729 1764167677426 1764167677433
77781 2266883620 1764167677459.606201 1764167677460 1764167677467
77782 2266916964 1764167677492.940430 1764167677492 1764167677500
77783 2266950308 1764167677526.274902 1764167677526 1764167677533
77784 2266983652 1764167677559.609131 1764167677560 1764167677567
77785 2267016996 1764167677592.943604 1764167677592 1764167677600
77786 2267050340 1764167677626.277832 1764167677626 1764167677633
77787 2267083684 1764167677659.612061 1764167677660 1764167677667
77788 2267117028 1764167677692.946533 1764167677692 1764167677700
77789 2267150372 1764167677726.280762 1764167677726 1764167677733
77790 2267183716 1764167677759.614990 1764167677760 1764167677767
77791 2267217059 1764167677792.948242 1764167677792 1764167677800
77792 2267250403 1764167677826.282471 1764167677826 1764167677833
77793 2267283747 1764167677859.616699 1764167677860 1764167677867
77794 2267317091 1764167677892.950928 1764167677892 1764167677900
77795 2267350435 1764167677926.285156 1764167677926 1764167677933
77796 2267383779 1764167677959.619385 1764167677960 1764167677967
77797 2267417123 1764167677992.953369 1764167677992 1764167678000
77798 2267450467 1764167678026.287598 1764167678026 1764167678033
77799 2267483811 1764167678059.621826 1764167678060 1764167678067
77800 2267517155 1764167678092.955811 1764167678092 1764167678100
77801 2267550499 1764167678126.290039 1764167678126 1764167678133
77802 2267583843 1764167678159.624023 1764167678160 1764167678167
77803 2267617187 1764167678192.959717 1764167678192 1764167678200
77804 2267650531 1764167678226.293701 1764167678226 1764167678233
77805 2267683874 1764167678259.626953 1764167678260 1764167678267
77806 2267717218 1764167678292.960938 1764167678293 1764167678300
77807 2267750562 1764167678326.294922 1764167678326 1764167678333
77808 2267783906 1764167678359.628906 1764167678360 1764167678367
77809 2267817250 1764167678392.963135 1764167678392 1764167678400
77810 2267850594 1764167678426.297119 1764167678426 1764167678433
77811 2267883938 1764167678459.631104 1764167678460 1764167678467
77812 2267917282 1764167678492.964844 1764167678492 1764167678500
77813 2267950626 1764167678526.298828 1764167678526 1764167678533
77814 2267983970 1764167678559.632812 1764167678560 1764167678567
77815 2268017314 1764167678592.966553 1764167678592 1764167678600
77816 2268050658 1764167678626.300537 1764167678626 1764167678633
77817 2268084002 1764167678659.634521 1764167678660 1764167678667
77818 2268117345 1764167678692.967285 1764167678692 1764167678700
77819 2268150689 1764167678726.301025 1764167678726 1764167678733
77820 2268184033 1764167678759.634766 1764167678760 1764167678767
77821 2268217377 1764167678792.968750 1764167678793 1764167678800
77822 2268250721 1764167678826.302490 1764167678826 1764167678833
77823 2268284065 1764167678859.636230 1764167678860 1764167678867
77824 2268317409 1764167678892.969971 1764167678893 1764167678900
77825 2268350753 1764167678926.303711 1764167678926 1764167678933
77826 2268384097 1764167678959.637207 1764167678960 1764167678967
77827 2268417441 1764167678992.970947 1764167678993 1764167679000
77828 2268450785 1764167679026.304688 1764167679026 1764167679033
77829 2268484129 1764167679059.638184 1764167679060 1764167679067
77830 2268517473 1764167679092.971924 1764167679093 1764167679100
77831 2268550816 1764167679126.304443 1764167679126 1764167679133
77832 2268584160 1764167679159.637939 1764167679160 1764167679167
77833 2268617504 1764167679192.971680 1764167679193 1764167679200
77834 2268650848 1764167679226.305420 1764167679226 1764167679233
77835 2268684192 1764167679259.639404 1764167679260 1764167679267
77836 2268717536 1764167679292.973145 1764167679293 1764167679300
77837 2268750880 1764167679326.307129 1764167679326 1764167679333
77838 2268784224 1764167679359.640869 1764167679360 1764167679367
77839 2268817568 1764167679392.974609 1764167679393 1764167679400
77840 2268850912 1764167679426.308350 1764167679426 1764167679433
77841 2268884256 1764167679459.642090 1764167679460 1764167679467
77842 2268917600 1764167679492.975830 1764167679493 1764167679500
77843 2268950944 1764167679526.309570 1764167679527 1764167679534
77844 2268984288 1764167679559.643311 1764167679560 1764167679567
77845 2269017631 1764167679592.976074 1764167679593 1764167679600
77846 2269050975 1764167679626.309570 1764167679626 1764167679633
77847 2269084319 1764167679659.643311 1764167679660 1764167679667
77848 2269117663 1764167679692.976807 1764167679693 1764167679700
77849 2269151007 1764167679726.310547 1764167679726 1764167679733
77850 2269184351 1764167679759.644043 1764167679760 1764167679767
77851 2269217695 1764167679792.977539 1764167679793 1764167679800
77852 2269251039 1764167679826.311279 1764167679826 1764167679833
77853 2269284383 1764167679859.644775 1764167679860 1764167679867
77854 2269317727 1764167679892.978271 1764167679893 1764167679900
77855 2269351071 1764167679926.311768 1764167679927 1764167679934
77856 2269384415 1764167679959.645020 1764167679960 1764167679967
77857 2269417759 1764167679992.978516 1764167679993 1764167680000
77858 2269451102 1764167680026.311035 1764167680027 1764167680034
77859 2269484446 1764167680059.644287 1764167680060 1764167680067
77860 2269517790 1764167680092.977783 1764167680093 1764167680100
77861 2269551134 1764167680126.311035 1764167680127 1764167680134
77862 2269584478 1764167680159.644531 1764167680160 1764167680167
77863 2269617822 1764167680192.977783 1764167680193 1764167680200
77864 2269651166 1764167680226.311768 1764167680227 1764167680234
77865 2269684510 1764167680259.645996 1764167680260 1764167680267
77866 2269717854 1764167680292.979980 1764167680293 1764167680300
77867 2269751198 1764167680326.313965 1764167680327 1764167680334
77868 2269784542 1764167680359.647949 1764167680360 1764167680367
77869 2269817886 1764167680392.981934 1764167680393 1764167680400
77870 2269851230 1764167680426.315918 1764167680427 1764167680434
77871 2269884573 1764167680459.648926 1764167680459 1764167680467
77872 2269917917 1764167680492.982910 1764167680493 1764167680500
77873 2269951261 1764167680526.316650 1764167680527 1764167680534
77874 2269984605 1764167680559.650635 1764167680560 1764167680567
77875 2270017949 1764167680592.984619 1764167680593 1764167680600
77876 2270051293 1764167680626.318359 1764167680627 1764167680634
77877 2270084637 1764167680659.652100 1764167680660 1764167680667
77878 2270117981 1764167680692.986084 1764167680693 1764167680700
77879 2270151325 1764167680726.319824 1764167680727 1764167680734
77880 2270184669 1764167680759.653564 1764167680759 1764167680769
77881 2270218013 1764167680792.987305 1764167680793 1764167680800
77882 2270251357 1764167680826.321045 1764167680827 1764167680834
77883 2270284701 1764167680859.654785 1764167680859 1764167680867
77884 2270318045 1764167680892.988525 1764167680893 1764167680900
77885 2270351388 1764167680926.321289 1764167680927 1764167680934
77886 2270384732 1764167680959.655029 1764167680959 1764167680967
77887 2270418076 1764167680992.988770 1764167680993 1764167681000
77888 2270451420 1764167681026.322266 1764167681027 1764167681034
77889 2270484764 1764167681059.656006 1764167681059 1764167681067
77890 2270518108 1764167681092.989502 1764167681093 1764167681100
77891 2270551452 1764167681126.323242 1764167681127 1764167681134
77892 2270584796 1764167681159.656738 1764167681159 1764167681167
77893 2270618140 1764167681192.990234 1764167681193 1764167681202
77894 2270651484 1764167681226.324219 1764167681227 1764167681234
77895 2270684828 1764167681259.658203 1764167681259 1764167681267
77896 2270718172 1764167681292.992188 1764167681293 1764167681300
77897 2270751516 1764167681326.326172 1764167681327 1764167681334
77898 2270784859 1764167681359.659180 1764167681359 1764167681367
77899 2270818203 1764167681392.992920 1764167681393 1764167681400
77900 2270851547 1764167681426.326904 1764167681427 1764167681434
77901 2270884891 1764167681459.660889 1764167681459 1764167681467
77902 2270918235 1764167681492.994629 1764167681493 1764167681500
77903 2270951579 1764167681526.328369 1764167681527 1764167681534
77904 2270984923 1764167681559.662354 1764167681559 1764167681567
77905 2271018267 1764167681592.996094 1764167681593 1764167681600
77906 2271051611 1764167681626.329834 1764167681627 1764167681634
77907 2271084955 1764167681659.663574 1764167681659 1764167681667
77908 2271118299 1764167681692.997314 1764167681693 1764167681700
77909 2271151643 1764167681726.331055 1764167681727 1764167681734
77910 2271184987 1764167681759.664795 1764167681759 1764167681767
77911 2271218330 1764167681792.997314 1764167681794 1764167681801
77912 2271251674 1764167681826.331055 1764167681827 1764167681834
77913 2271285018 1764167681859.664795 1764167681859 1764167681867
77914 2271318362 1764167681892.998291 1764167681893 1764167681900
77915 2271351706 1764167681926.332031 1764167681926 1764167681934
77916 2271385050 1764167681959.665527 1764167681959 1764167681967
77917 2271418394 1764167681992.999023 1764167681993 1764167682000
77918 2271451738 1764167682026.332520 1764167682027 1764167682034
77919 2271485082 1764167682059.666260 1764167682059 1764167682067
77920 2271518426 1764167682092.999756 1764167682094 1764167682101
77921 2271551770 1764167682126.333252 1764167682127 1764167682134
77922 2271585114 1764167682159.666504 1764167682159 1764167682167
77923 2271618458 1764167682193.000000 1764167682193 1764167682200
77924 2271651802 1764167682226.333984 1764167682227 1764167682234
77925 2271685145 1764167682259.666748 1764167682259 1764167682267
77926 2271718489 1764167682293.000732 1764167682293 1764167682300
77927 2271751833 1764167682326.334473 1764167682327 1764167682334
77928 2271785177 1764167682359.668457 1764167682359 1764167682367
77929 2271818521 1764167682393.002197 1764167682393 1764167682400
77930 2271851865 1764167682426.335938 1764167682427 1764167682434
77931 2271885209 1764167682459.669678 1764167682459 1764167682467
77932 2271918553 1764167682493.003662 1764167682494 1764167682501
77933 2271951897 1764167682526.337402 1764167682527 1764167682534
77934 2271985241 1764167682559.670898 1764167682559 1764167682567
77935 2272018585 1764167682593.004639 1764167682593 1764167682600
77936 2272051929 1764167682626.338379 1764167682627 1764167682634
77937 2272085273 1764167682659.672119 1764167682660 1764167682667
77938 2272118616 1764167682693.004639 1764167682693 1764167682700
77939 2272151960 1764167682726.338379 1764167682727 1764167682734
77940 2272185304 1764167682759.671875 1764167682760 1764167682767
77941 2272218648 1764167682793.005371 1764167682793 1764167682800
77942 2272251992 1764167682826.339111 1764167682827 1764167682834
77943 2272285336 1764167682859.672607 1764167682860 1764167682867
77944 2272318680 1764167682893.006104 1764167682893 1764167682900
77945 2272352024 1764167682926.339600 1764167682927 1764167682934
77946 2272385368 1764167682959.673096 1764167682960 1764167682967
77947 2272418712 1764167682993.006592 1764167682993 1764167683001
77948 2272452056 1764167683026.340088 1764167683027 1764167683034
77949 2272485400 1764167683059.673584 1764167683060 1764167683067
77950 2272518744 1764167683093.006836 1764167683093 1764167683100
77951 2272552087 1764167683126.339355 1764167683127 1764167683134
77952 2272585431 1764167683159.672607 1764167683160 1764167683167
77953 2272618775 1764167683193.006104 1764167683193 1764167683200
77954 2272652119 1764167683226.347900 1764167683226 1764167683234
77955 2272685463 1764167683259.689941 1764167683260 1764167683267
77956 2272718807 1764167683293.031982 1764167683293 1764167683300
77957 2272752151 1764167683326.374023 1764167683327 1764167683334
77958 2272785495 1764167683359.716309 1764167683360 1764167683367
77959 2272818839 1764167683393.058594 1764167683394 1764167683401
77960 2272852183 1764167683426.401123 1764167683427 1764167683434
77961 2272885527 1764167683459.743652 1764167683460 1764167683468
77962 2272918871 1764167683493.086182 1764167683493 1764167683500
77963 2272952215 1764167683526.428955 1764167683526 1764167683534
77964 2272985559 1764167683559.771484 1764167683560 1764167683567
77965 2273018902 1764167683593.113525 1764167683593 1764167683600
77966 2273052246 1764167683626.456299 1764167683627 1764167683634
77967 2273085590 1764167683659.799316 1764167683660 1764167683667
77968 2273118934 1764167683693.142578 1764167683693 1764167683702
77969 2273152278 1764167683726.485596 1764167683727 1764167683734
77970 2273185622 1764167683759.828857 1764167683760 1764167683767
77971 2273218966 1764167683793.172363 1764167683793 1764167683800
77972 2273252310 1764167683826.515625 1764167683827 1764167683834
77973 2273285654 1764167683859.859131 1764167683860 1764167683867
77974 2273318998 1764167683893.202881 1764167683893 1764167683900
77975 2273352342 1764167683926.546631 1764167683927 1764167683934
77976 2273385686 1764167683959.890381 1764167683960 1764167683967
77977 2273419030 1764167683993.234131 1764167683993 1764167684000
77978 2273452373 1764167684026.577148 1764167684027 1764167684034
77979 2273485717 1764167684059.921143 1764167684060 1764167684067
77980 2273519061 1764167684093.265381 1764167684094 1764167684101
77981 2273552405 1764167684126.609619 1764167684127 1764167684134
77982 2273585749 1764167684159.953857 1764167684160 1764167684167
77983 2273619093 1764167684193.298096 1764167684193 1764167684200
77984 2273652437 1764167684226.636963 1764167684227 1764167684234
77985 2273685781 1764167684259.976074 1764167684260 1764167684267
77986 2273719125 1764167684293.315186 1764167684294 1764167684301
77987 2273752469 1764167684326.654053 1764167684327 1764167684334
77988 2273785813 1764167684359.993164 1764167684360 1764167684367
77989 2273819157 1764167684393.332520 1764167684394 1764167684401
77990 2273852501 1764167684426.671631 1764167684427 1764167684434
77991 2273885844 1764167684460.009766 1764167684460 1764167684467
77992 2273919188 1764167684493.349121 1764167684494 1764167684501
77993 2273952532 1764167684526.688477 1764167684527 1764167684534
77994 2273985876 1764167684560.027832 1764167684560 1764167684567
77995 2274019220 1764167684593.367188 1764167684594 1764167684601
77996 2274052564 1764167684626.706543 1764167684626 1764167684634
77997 2274085908 1764167684660.046143 1764167684660 1764167684667
77998 2274119252 1764167684693.385742 1764167684694 1764167684701
77999 2274152596 1764167684726.725342 1764167684727 1764167684734
78000 2274185940 1764167684760.064941 1764167684760 1764167684767
78001 2274219284 1764167684793.404541 1764167684794 1764167684801
78002 2274252628 1764167684826.744141 1764167684826 1764167684834
78003 2274285972 1764167684860.083984 1764167684860 1764167684867
78004 2274319316 1764167684893.423584 1764167684894 1764167684901
78005 2274352659 1764167684926.762451 1764167684926 1764167684934
78006 2274386003 1764167684960.102295 1764167684960 1764167684967
78007 2274419347 1764167684993.442383 1764167684994 1764167685001
78008 2274452691 1764167685026.782227 1764167685026 1764167685034
78009 2274486035 1764167685060.122314 1764167685060 1764167685067
78010 2274519379 1764167685093.462158 1764167685094 1764167685101
78011 2274552723 1764167685126.802246 1764167685126 1764167685134
78012 2274586067 1764167685160.142334 1764167685160 1764167685167
78013 2274619411 1764167685193.482422 1764167685194 1764167685201
78014 2274652755 1764167685226.818604 1764167685226 1764167685234
78015 2274686099 1764167685260.154541 1764167685261 1764167685268
78016 2274719443 1764167685293.490723 1764167685294 1764167685301
78017 2274752787 1764167685326.826660 1764167685326 1764167685334
78018 2274786130 1764167685360.161621 1764167685361 1764167685368
78019 2274819474 1764167685393.497803 1764167685394 1764167685401
78020 2274852818 1764167685426.833740 1764167685427 1764167685434
78021 2274886162 1764167685460.169922 1764167685460 1764167685467
78022 2274919506 1764167685493.505859 1764167685494 1764167685501
78023 2274952850 1764167685526.841797 1764167685526 1764167685534
78024 2274986194 1764167685560.177979 1764167685560 1764167685567
78025 2275019538 1764167685593.513916 1764167685594 1764167685601
78026 2275052882 1764167685626.849854 1764167685626 1764167685634
78027 2275086226 1764167685660.186035 1764167685660 1764167685667
78028 2275119570 1764167685693.521973 1764167685694 1764167685701
78029 2275152914 1764167685726.858154 1764167685726 1764167685734
78030 2275186258 1764167685760.194092 1764167685760 1764167685767
78031 2275219601 1764167685793.529053 1764167685794 1764167685801
78032 2275252945 1764167685826.865234 1764167685826 1764167685834
78033 2275286289 1764167685860.201172 1764167685860 1764167685867
78034 2275319633 1764167685893.537109 1764167685894 1764167685901
78035 2275352977 1764167685926.873291 1764167685927 1764167685934
78036 2275386321 1764167685960.209229 1764167685960 1764167685967
78037 2275419665 1764167685993.545166 1764167685994 1764167686001
78038 2275453009 1764167686026.881348 1764167686026 1764167686034
78039 2275486353 1764167686060.217285 1764167686060 1764167686067
78040 2275519697 1764167686093.553223 1764167686094 1764167686101
78041 2275553041 1764167686126.889404 1764167686126 1764167686134
78042 2275586385 1764167686160.225342 1764167686160 1764167686167
78043 2275619729 1764167686193.561279 1764167686194 1764167686201
78044 2275653073 1764167686226.897217 1764167686227 1764167686234
78045 2275686416 1764167686260.232178 1764167686260 1764167686267
78046 2275719760 1764167686293.568115 1764167686294 1764167686301
78047 2275753104 1764167686326.904053 1764167686326 1764167686334
78048 2275786448 1764167686360.239990 1764167686360 1764167686367
78049 2275819792 1764167686393.575928 1764167686394 1764167686401
78050 2275853136 1764167686426.911865 1764167686427 1764167686434
78051 2275886480 1764167686460.247803 1764167686461 1764167686468
78052 2275919824 1764167686493.583740 1764167686494 1764167686501
78053 2275953168 1764167686526.919678 1764167686526 1764167686534
78054 2275986512 1764167686560.255615 1764167686560 1764167686567
78055 2276019856 1764167686593.591797 1764167686594 1764167686601
78056 2276053200 1764167686626.927734 1764167686626 1764167686634
78057 2276086544 1764167686660.263428 1764167686660 1764167686667
78058 2276119887 1764167686693.598389 1764167686694 1764167686701
78059 2276153231 1764167686726.934326 1764167686726 1764167686734
78060 2276186575 1764167686760.270264 1764167686760 1764167686768
78061 2276219919 1764167686793.606201 1764167686794 1764167686801
78062 2276253263 1764167686826.942139 1764167686826 1764167686834
78063 2276286607 1764167686860.278076 1764167686860 1764167686867
78064 2276319951 1764167686893.614014 1764167686894 1764167686901
78065 2276353295 1764167686926.949951 1764167686926 1764167686934
78066 2276386639 1764167686960.285889 1764167686960 1764167686967
78067 2276419983 1764167686993.621826 1764167686994 1764167687001
78068 2276453327 1764167687026.957764 1764167687027 1764167687034
78069 2276486671 1764167687060.293701 1764167687060 1764167687067
78070 2276520015 1764167687093.629639 1764167687094 1764167687101
78071 2276553358 1764167687126.964600 1764167687127 1764167687134
78072 2276586702 1764167687160.300537 1764167687161 1764167687168
78073 2276620046 1764167687193.636475 1764167687194 1764167687201
78074 2276653390 1764167687226.973389 1764167687227 1764167687234
78075 2276686734 1764167687260.310303 1764167687260 1764167687267
78076 2276720078 1764167687293.647217 1764167687294 1764167687301
78077 2276753422 1764167687326.984131 1764167687327 1764167687334
78078 2276786766 1764167687360.321045 1764167687360 1764167687368
78079 2276820110 1764167687393.657959 1764167687394 1764167687401
78080 2276853454 1764167687426.994873 1764167687427 1764167687434
78081 2276886798 1764167687460.331787 1764167687460 1764167687467
78082 2276920142 1764167687493.668945 1764167687494 1764167687501
78083 2276953486 1764167687527.005859 1764167687527 1764167687534
78084 2276986830 1764167687560.342773 1764167687561 1764167687573
78085 2277020173 1764167687593.678711 1764167687594 1764167687601
78086 2277053517 1764167687627.015869 1764167687627 1764167687634
78087 2277086861 1764167687660.352783 1764167687660 1764167687667
78088 2277120205 1764167687693.689941 1764167687694 1764167687701
78089 2277153549 1764167687727.026855 1764167687727 1764167687734
78090 2277186893 1764167687760.363770 1764167687760 1764167687767
78091 2277220237 1764167687793.700928 1764167687794 1764167687801
78092 2277253581 1764167687827.037842 1764167687827 1764167687834
78093 2277286925 1764167687860.375000 1764167687860 1764167687867
78094 2277320269 1764167687893.711914 1764167687894 1764167687901
78095 2277353613 1764167687927.049072 1764167687927 1764167687934
78096 2277386957 1764167687960.386230 1764167687960 1764167687967
78097 2277420301 1764167687993.723145 1764167687994 1764167688001
78098 2277453644 1764167688027.059326 1764167688027 1764167688034
78099 2277486988 1764167688060.396484 1764167688061 1764167688068
78100 2277520332 1764167688093.733398 1764167688093 1764167688101
78101 2277553676 1764167688127.070557 1764167688127 1764167688134
78102 2277587020 1764167688160.407715 1764167688160 1764167688167
78103 2277620364 1764167688193.744873 1764167688194 1764167688201
78104 2277653708 1764167688227.080566 1764167688227 1764167688234
78105 2277687052 1764167688260.416504 1764167688260 1764167688267
78106 2277720396 1764167688293.752441 1764167688293 1764167688301
78107 2277753740 1764167688327.088135 1764167688327 1764167688334
78108 2277787084 1764167688360.424072 1764167688361 1764167688368
78109 2277820428 1764167688393.760010 1764167688394 1764167688401
78110 2277853772 1764167688427.095947 1764167688427 1764167688434
78111 2277887115 1764167688460.430664 1764167688461 1764167688468
78112 2277920459 1764167688493.766602 1764167688494 1764167688501
78113 2277953803 1764167688527.102295 1764167688527 1764167688534
78114 2277987147 1764167688560.438232 1764167688561 1764167688568
78115 2278020491 1764167688593.774170 1764167688594 1764167688601
78116 2278053835 1764167688627.109863 1764167688627 1764167688634
78117 2278087179 1764167688660.445801 1764167688661 1764167688668
78118 2278120523 1764167688693.781738 1764167688694 1764167688701
78119 2278153867 1764167688727.117432 1764167688727 1764167688734
78120 2278187211 1764167688760.453369 1764167688761 1764167688768
78121 2278220555 1764167688793.789307 1764167688794 1764167688801
78122 2278253899 1764167688827.125000 1764167688827 1764167688834
78123 2278287243 1764167688860.460938 1764167688861 1764167688868
78124 2278320587 1764167688893.796631 1764167688893 1764167688901
78125 2278353930 1764167688927.131592 1764167688927 1764167688934
78126 2278387274 1764167688960.467285 1764167688961 1764167688968
78127 2278420618 1764167688993.803223 1764167688994 1764167689001
78128 2278453962 1764167689027.139160 1764167689027 1764167689034
78129 2278487306 1764167689060.474854 1764167689061 1764167689068
78130 2278520650 1764167689093.810791 1764167689093 1764167689101
78131 2278553994 1764167689127.146484 1764167689127 1764167689134
78132 2278587338 1764167689160.482422 1764167689161 1764167689168
78133 2278620682 1764167689193.818115 1764167689193 1764167689201
78134 2278654026 1764167689227.154053 1764167689227 1764167689234
78135 2278687370 1764167689260.489990 1764167689261 1764167689268
78136 2278720714 1764167689293.825928 1764167689293 1764167689301
78137 2278754058 1764167689327.161865 1764167689327 1764167689334
78138 2278787401 1764167689360.496826 1764167689361 1764167689368
78139 2278820745 1764167689393.832764 1764167689393 1764167689401
78140 2278854089 1764167689427.168701 1764167689427 1764167689434
78141 2278887433 1764167689460.504639 1764167689461 1764167689468
78142 2278920777 1764167689493.840576 1764167689493 1764167689501
78143 2278954121 1764167689527.176514 1764167689527 1764167689534
78144 2278987465 1764167689560.512451 1764167689561 1764167689568
78145 2279020809 1764167689593.848389 1764167689593 1764167689601
78146 2279054153 1764167689627.184326 1764167689627 1764167689634
78147 2279087497 1764167689660.520264 1764167689661 1764167689668
78148 2279120841 1764167689693.856201 1764167689693 1764167689701
78149 2279154185 1764167689727.192139 1764167689727 1764167689734
78150 2279187529 1764167689760.528076 1764167689761 1764167689768
78151 2279220872 1764167689793.863037 1764167689793 1764167689801
78152 2279254216 1764167689827.198975 1764167689827 1764167689834
78153 2279287560 1764167689860.534912 1764167689861 1764167689868
78154 2279320904 1764167689893.870850 1764167689893 1764167689901
78155 2279354248 1764167689927.206787 1764167689927 1764167689934
78156 2279387592 1764167689960.542480 1764167689961 1764167689968
78157 2279420936 1764167689993.878418 1764167689994 1764167690001
78158 2279454280 1764167690027.214355 1764167690027 1764167690034
78159 2279487624 1764167690060.550293 1764167690061 1764167690068
78160 2279520968 1764167690093.886230 1764167690093 1764167690101
78161 2279554312 1764167690127.222168 1764167690127 1764167690134
78162 2279587656 1764167690160.558105 1764167690161 1764167690168
78163 2279621000 1764167690193.893799 1764167690193 1764167690201
78164 2279654344 1764167690227.229736 1764167690227 1764167690234
78165 2279687687 1764167690260.564697 1764167690261 1764167690268
78166 2279721031 1764167690293.900391 1764167690293 1764167690301
78167 2279754375 1764167690327.236328 1764167690328 1764167690335
78168 2279787719 1764167690360.572021 1764167690361 1764167690368
78169 2279821063 1764167690393.907959 1764167690393 1764167690401
78170 2279854407 1764167690427.243652 1764167690427 1764167690435
78171 2279887751 1764167690460.579590 1764167690461 1764167690468
78172 2279921095 1764167690493.915283 1764167690493 1764167690501
78173 2279954439 1764167690527.251221 1764167690527 1764167690534
78174 2279987783 1764167690560.586914 1764167690561 1764167690568
78175 2280021127 1764167690593.922852 1764167690593 1764167690601
78176 2280054471 1764167690627.258545 1764167690627 1764167690634
78177 2280087815 1764167690660.594482 1764167690661 1764167690668
78178 2280121158 1764167690693.929199 1764167690693 1764167690701
78179 2280154502 1764167690727.264893 1764167690728 1764167690735
78180 2280187846 1764167690760.600830 1764167690760 1764167690768
78181 2280221190 1764167690793.936523 1764167690793 1764167690801
78182 2280254534 1764167690827.272461 1764167690827 1764167690836
78183 2280287878 1764167690860.608154 1764167690861 1764167690868
78184 2280321222 1764167690893.944092 1764167690894 1764167690901
78185 2280354566 1764167690927.279785 1764167690927 1764167690935
78186 2280387910 1764167690960.615479 1764167690961 1764167690968
78187 2280421254 1764167690993.951416 1764167690993 1764167691001
78188 2280454598 1764167691027.287109 1764167691027 1764167691034
78189 2280487942 1764167691060.622803 1764167691061 1764167691068
78190 2280521286 1764167691093.958740 1764167691094 1764167691101
78191 2280554629 1764167691127.293457 1764167691127 1764167691134
78192 2280587973 1764167691160.629150 1764167691161 1764167691168
78193 2280621317 1764167691193.964844 1764167691194 1764167691201
78194 2280654661 1764167691227.301514 1764167691227 1764167691234
78195 2280688005 1764167691260.638184 1764167691261 1764167691268
78196 2280721349 1764167691293.974854 1764167691294 1764167691301
78197 2280754693 1764167691327.311523 1764167691327 1764167691334
78198 2280788037 1764167691360.648193 1764167691361 1764167691368
78199 2280821381 1764167691393.984863 1764167691394 1764167691401
78200 2280854725 1764167691427.321777 1764167691427 1764167691434
78201 2280888069 1764167691460.658447 1764167691461 1764167691468
78202 2280921413 1764167691493.995117 1764167691494 1764167691501
78203 2280954757 1764167691527.331787 1764167691527 1764167691534
78204 2280988101 1764167691560.668457 1764167691561 1764167691568
78205 2281021444 1764167691594.004150 1764167691594 1764167691601
78206 2281054788 1764167691627.341064 1764167691627 1764167691634
78207 2281088132 1764167691660.677734 1764167691661 1764167691668
78208 2281121476 1764167691694.014404 1764167691694 1764167691701
78209 2281154820 1764167691727.351318 1764167691727 1764167691734
78210 2281188164 1764167691760.687988 1764167691760 1764167691768
78211 2281221508 1764167691794.024658 1764167691794 1764167691801
78212 2281254852 1764167691827.361572 1764167691827 1764167691834
78213 2281288196 1764167691860.698242 1764167691861 1764167691869
78214 2281321540 1764167691894.035156 1764167691894 1764167691901
78215 2281354884 1764167691927.371826 1764167691927 1764167691934
78216 2281388228 1764167691960.708740 1764167691961 1764167691968
78217 2281421572 1764167691994.045410 1764167691994 1764167692001
78218 2281454915 1764167692027.381348 1764167692027 1764167692034
78219 2281488259 1764167692060.718262 1764167692061 1764167692068
78220 2281521603 1764167692094.054932 1764167692094 1764167692101
78221 2281554947 1764167692127.391846 1764167692127 1764167692134
78222 2281588291 1764167692160.728760 1764167692161 1764167692168
78223 2281621635 1764167692194.065430 1764167692194 1764167692201
78224 2281654979 1764167692227.401611 1764167692227 1764167692234
78225 2281688323 1764167692260.737793 1764167692261 1764167692268
78226 2281721667 1764167692294.073975 1764167692294 1764167692301
78227 2281755011 1764167692327.410156 1764167692327 1764167692335
78228 2281788355 1764167692360.746094 1764167692361 1764167692368
78229 2281821699 1764167692394.082275 1764167692394 1764167692401
78230 2281855043 1764167692427.418457 1764167692428 1764167692435
78231 2281888386 1764167692460.753662 1764167692461 1764167692468
78232 2281921730 1764167692494.089844 1764167692494 1764167692501
78233 2281955074 1764167692527.425781 1764167692528 1764167692535
78234 2281988418 1764167692560.761963 1764167692561 1764167692568
78235 2282021762 1764167692594.098145 1764167692594 1764167692601
78236 2282055106 1764167692627.434326 1764167692628 1764167692635
78237 2282088450 1764167692660.770508 1764167692661 1764167692668
78238 2282121794 1764167692694.106445 1764167692694 1764167692701
78239 2282155138 1764167692727.442627 1764167692728 1764167692735
78240 2282188482 1764167692760.778809 1764167692761 1764167692768
78241 2282221826 1764167692794.114990 1764167692794 1764167692801
78242 2282255170 1764167692827.451172 1764167692828 1764167692835
78243 2282288514 1764167692860.787109 1764167692861 1764167692868
78244 2282321858 1764167692894.123291 1764167692894 1764167692901
78245 2282355201 1764167692927.458496 1764167692928 1764167692935
78246 2282388545 1764167692960.794678 1764167692961 1764167692968
78247 2282421889 1764167692994.130615 1764167692994 1764167693001
78248 2282455233 1764167693027.466797 1764167693028 1764167693035
78249 2282488577 1764167693060.802979 1764167693060 1764167693068
78250 2282521921 1764167693094.139160 1764167693094 1764167693101
78251 2282555265 1764167693127.475342 1764167693128 1764167693135
78252 2282588609 1764167693160.811279 1764167693160 1764167693168
78253 2282621953 1764167693194.147461 1764167693194 1764167693201
78254 2282655297 1764167693227.483643 1764167693228 1764167693235
78255 2282688641 1764167693260.819824 1764167693260 1764167693268
78256 2282721985 1764167693294.156250 1764167693294 1764167693301
78257 2282755329 1764167693327.492432 1764167693328 1764167693335
78258 2282788672 1764167693360.827637 1764167693360 1764167693368
78259 2282822016 1764167693394.163818 1764167693394 1764167693401
78260 2282855360 1764167693427.500244 1764167693428 1764167693435
78261 2282888704 1764167693460.836426 1764167693460 1764167693468
78262 2282922048 1764167693494.172607 1764167693494 1764167693501
78263 2282955392 1764167693527.508789 1764167693528 1764167693535
78264 2282988736 1764167693560.845215 1764167693560 1764167693568
78265 2283022080 1764167693594.181396 1764167693594 1764167693601
78266 2283055424 1764167693627.517578 1764167693628 1764167693635
78267 2283088768 1764167693660.854004 1764167693660 1764167693668
78268 2283122112 1764167693694.190186 1764167693694 1764167693701
78269 2283155456 1764167693727.526367 1764167693728 1764167693735
78270 2283188800 1764167693760.862793 1764167693760 1764167693768
78271 2283222143 1764167693794.197998 1764167693794 1764167693801
78272 2283255487 1764167693827.534180 1764167693828 1764167693835
78273 2283288831 1764167693860.870605 1764167693860 1764167693868
78274 2283322175 1764167693894.206787 1764167693894 1764167693901
78275 2283355519 1764167693927.542969 1764167693928 1764167693935
78276 2283388863 1764167693960.879395 1764167693960 1764167693968
78277 2283422207 1764167693994.215576 1764167693994 1764167694001
78278 2283455551 1764167694027.551758 1764167694028 1764167694035
78279 2283488895 1764167694060.888184 1764167694060 1764167694068
78280 2283522239 1764167694094.224365 1764167694094 1764167694101
78281 2283555583 1764167694127.560547 1764167694128 1764167694135
78282 2283588927 1764167694160.896973 1764167694160 1764167694168
78283 2283622271 1764167694194.233154 1764167694194 1764167694201
78284 2283655615 1764167694227.569336 1764167694228 1764167694235
78285 2283688958 1764167694260.904541 1764167694260 1764167694268
78286 2283722302 1764167694294.240479 1764167694294 1764167694302
78287 2283755646 1764167694327.576416 1764167694328 1764167694335
78288 2283788990 1764167694360.912598 1764167694360 1764167694368
78289 2283822334 1764167694394.248535 1764167694394 1764167694401
78290 2283855678 1764167694427.584473 1764167694428 1764167694435
78291 2283889022 1764167694460.920410 1764167694460 1764167694468
78292 2283922366 1764167694494.256592 1764167694494 1764167694501
78293 2283955710 1764167694527.592529 1764167694528 1764167694535
78294 2283989054 1764167694560.928467 1764167694560 1764167694568
78295 2284022398 1764167694594.264648 1764167694594 1764167694601
78296 2284055742 1764167694627.600586 1764167694628 1764167694635
78297 2284089086 1764167694660.936523 1764167694660 1764167694668
78298 2284122429 1764167694694.271484 1764167694694 1764167694701
78299 2284155773 1764167694727.607666 1764167694728 1764167694735
78300 2284189117 1764167694760.943604 1764167694760 1764167694768
78301 2284222461 1764167694794.279541 1764167694794 1764167694801
78302 2284255805 1764167694827.615723 1764167694828 1764167694835
78303 2284289149 1764167694860.951660 1764167694860 1764167694868
78304 2284322493 1764167694894.287598 1764167694894 1764167694901
78305 2284355837 1764167694927.623535 1764167694928 1764167694935
78306 2284389181 1764167694960.959717 1764167694960 1764167694968
78307 2284422525 1764167694994.295654 1764167694994 1764167695001
78308 2284455869 1764167695027.631592 1764167695028 1764167695035
78309 2284489213 1764167695060.967529 1764167695060 1764167695068
78310 2284522557 1764167695094.303711 1764167695094 1764167695101
78311 2284555900 1764167695127.638672 1764167695128 1764167695135
78312 2284589244 1764167695160.974609 1764167695161 1764167695168
78313 2284622588 1764167695194.310547 1764167695194 1764167695201
78314 2284655932 1764167695227.646729 1764167695228 1764167695235
78315 2284689276 1764167695260.983398 1764167695261 1764167695268
78316 2284722620 1764167695294.320068 1764167695294 1764167695301
78317 2284755964 1764167695327.656738 1764167695327 1764167695335
78318 2284789308 1764167695360.993408 1764167695361 1764167695368
78319 2284822652 1764167695394.330078 1764167695394 1764167695401
78320 2284855996 1764167695427.666748 1764167695428 1764167695435
78321 2284889340 1764167695461.003418 1764167695461 1764167695468
78322 2284922684 1764167695494.340088 1764167695494 1764167695501
78323 2284956028 1764167695527.676758 1764167695528 1764167695535
78324 2284989372 1764167695561.013428 1764167695562 1764167695569
78325 2285022715 1764167695594.349365 1764167695594 1764167695601
78326 2285056059 1764167695627.686035 1764167695628 1764167695635
78327 2285089403 1764167695661.022705 1764167695661 1764167695668
78328 2285122747 1764167695694.359375 1764167695694 1764167695701
78329 2285156091 1764167695727.696045 1764167695728 1764167695735
78330 2285189435 1764167695761.032715 1764167695761 1764167695768
78331 2285222779 1764167695794.369629 1764167695794 1764167695801
78332 2285256123 1764167695827.706299 1764167695828 1764167695835
78333 2285289467 1764167695861.042969 1764167695861 1764167695868
78334 2285322811 1764167695894.379639 1764167695894 1764167695901
78335 2285356155 1764167695927.716553 1764167695928 1764167695935
78336 2285389499 1764167695961.053223 1764167695961 1764167695968
78337 2285422843 1764167695994.389893 1764167695994 1764167696001
78338 2285456186 1764167696027.725830 1764167696028 1764167696035
78339 2285489530 1764167696061.062500 1764167696061 1764167696068
78340 2285522874 1764167696094.399170 1764167696094 1764167696101
78341 2285556218 1764167696127.736084 1764167696128 1764167696135
78342 2285589562 1764167696161.072754 1764167696161 1764167696168
78343 2285622906 1764167696194.409424 1764167696194 1764167696201
78344 2285656250 1764167696227.746338 1764167696228 1764167696235
78345 2285689594 1764167696261.082275 1764167696261 1764167696268
