1764164648946556064 105924
1764164648983116512 105925
1764164649021013152 105926
1764164649050123040 105927
1764164649076993888 105928
1764164649111754976 105929
1764164649150430944 105930
1764164649179773120 105931
1764164649214205152 105932
1764164649248042144 105933
1764164649283082272 105934
1764164649315811968 105935
1764164649344233536 105936
1764164649379306336 105937
1764164649414623936 105938
1764164649444311008 105939
1764164649482999808 105940
1764164649522947328 105941
1764164649552016256 105942
1764164649582154272 105943
1764164649616128928 105944
1764164649643747232 105945
1764164649680836704 105946
1764164649717102816 105947
1764164649754327136 105948
1764164649785046304 105949
1764164649810769760 105950
1764164649844826848 105951
1764164649882293952 105952
1764164649916300032 105953
1764164649952048192 105954
1764164649991238816 105955
1764164650015271808 105956
1764164650043259552 105957
1764164650078235936 105958
1764164650115202912 105959
1764164650149386272 105960
1764164650177674528 105961
1764164650211493856 105962
1764164650249113280 105963
1764164650282983104 105964
1764164650324412480 105965
1764164650353386112 105966
1764164650386314560 105967
1764164650415694048 105968
1764164650447791840 105969
1764164650482447392 105970
1764164650511910528 105971
1764164650549679744 105972
1764164650583905120 105973
1764164650609815552 105974
1764164650646685856 105975
1764164650681680192 105976
1764164650715774464 105977
1764164650748614592 105978
1764164650781122816 105979
1764164650815092224 105980
1764164650850375328 105981
1764164650881657824 105982
1764164650915690464 105983
1764164650951526464 105984
1764164650982744224 105985
1764164651009431008 105986
1764164651045334208 105987
1764164651080170368 105988
1764164651115685024 105989
1764164651149146208 105990
1764164651182593568 105991
1764164651215969824 105992
1764164651249186752 105993
1764164651281933664 105994
1764164651311028672 105995
1764164651345381280 105996
1764164651380473504 105997
1764164651415599680 105998
1764164651447470304 105999
1764164651481211264 106000
1764164651515340096 106001
1764164651548160256 106002
1764164651581533472 106003
1764164651615921376 106004
1764164651643436256 106005
1764164651687770784 106006
1764164651716201056 106007
1764164651759222112 106008
1764164651781415744 106009
1764164651815096928 106010
1764164651849050464 106011
1764164651882271200 106012
1764164651909870368 106013
1764164651947411168 106014
1764164651982671328 106015
1764164652016056064 106016
1764164652043776160 106017
1764164652080554880 106018
1764164652115031936 106019
1764164652148450272 106020
1764164652179159712 106021
1764164652213747712 106022
1764164652247893760 106023
1764164652286400480 106024
1764164652310603392 106025
1764164652347724128 106026
1764164652381967104 106027
1764164652415901984 106028
1764164652455882976 106029
1764164652484166272 106030
1764164652515769728 106031
1764164652550695904 106032
1764164652577397504 106033
1764164652611257600 106034
1764164652646164512 106035
1764164652681337792 106036
1764164652715670400 106037
1764164652748638048 106038
1764164652781484480 106039
1764164652817090880 106040
1764164652855954496 106041
1764164652881815552 106042
1764164652914953920 106043
1764164652950765984 106044
1764164652979105568 106045
1764164653016412192 106046
1764164653043928032 106047
1764164653079069216 106048
1764164653115001568 106049
1764164653149958912 106050
1764164653187878016 106051
1764164653225538368 106052
1764164653253989728 106053
1764164653291487488 106054
1764164653320570400 106055
1764164653348318336 106056
1764164653381332320 106057
1764164653416035232 106058
1764164653449444896 106059
1764164653482291904 106060
1764164653516559648 106061
1764164653550744448 106062
1764164653579619616 106063
1764164653613672192 106064
1764164653648578080 106065
1764164653681567648 106066
1764164653715244832 106067
1764164653744194272 106068
1764164653780442272 106069
1764164653814135200 106070
1764164653848882304 106071
1764164653883099520 106072
1764164653913476672 106073
1764164653948039936 106074
1764164653981994048 106075
1764164654015923712 106076
1764164654048716896 106077
1764164654081445952 106078
1764164654115516768 106079
1764164654149498240 106080
1764164654183998240 106081
1764164654216427392 106082
1764164654243958368 106083
1764164654285006304 106084
1764164654314523168 106085
1764164654355521952 106086
1764164654390782720 106087
1764164654420196768 106088
1764164654444421152 106089
1764164654477973920 106090
1764164654517321440 106091
1764164654547233344 106092
1764164654583626304 106093
1764164654611444992 106094
1764164654646623424 106095
1764164654681639424 106096
1764164654715553248 106097
1764164654743537760 106098
1764164654778257920 106099
1764164654812940160 106100
1764164654851508576 106101
1764164654877772448 106102
1764164654919220640 106103
1764164654943947968 106104
1764164654977614560 106105
1764164655018427936 106106
1764164655044311040 106107
1764164655079636192 106108
1764164655117250336 106109
1764164655144434016 106110
1764164655179808608 106111
1764164655215322048 106112
1764164655248952672 106113
1764164655283135296 106114
1764164655316082080 106115
1764164655349775328 106116
1764164655379147104 106117
1764164655415726368 106118
1764164655448589760 106119
1764164655485419616 106120
1764164655511044064 106121
1764164655545427168 106122
1764164655583146240 106123
1764164655619576992 106124
1764164655645556480 106125
1764164655685499488 106126
1764164655711940064 106127
1764164655745478464 106128
1764164655779499712 106129
1764164655815740000 106130
1764164655849634944 106131
1764164655883051264 106132
1764164655914775264 106133
1764164655948272736 106134
1764164655981924800 106135
1764164656011982784 106136
1764164656047508032 106137
1764164656083346848 106138
1764164656110908544 106139
1764164656145753696 106140
1764164656185344192 106141
1764164656214908032 106142
1764164656251085056 106143
1764164656277377056 106144
1764164656311702272 106145
1764164656350081984 106146
1764164656377930368 106147
1764164656412785600 106148
1764164656446818656 106149
1764164656480818080 106150
1764164656514693888 106151
1764164656548565056 106152
1764164656585175616 106153
1764164656612260416 106154
1764164656651724576 106155
1764164656688042784 106156
1764164656717123520 106157
1764164656744002432 106158
1764164656779274208 106159
1764164656816567328 106160
1764164656849696992 106161
1764164656877683264 106162
1764164656918917088 106163
1764164656949287680 106164
1764164656983574656 106165
1764164657010845152 106166
1764164657047097408 106167
1764164657081901120 106168
1764164657116527744 106169
1764164657144729184 106170
1764164657179081088 106171
1764164657217916160 106172
1764164657247221184 106173
1764164657284803392 106174
1764164657320283296 106175
1764164657358860896 106176
1764164657381475296 106177
1764164657414644320 106178
1764164657447950240 106179
1764164657481668608 106180
1764164657515992128 106181
1764164657550060288 106182
1764164657577149856 106183
1764164657612797024 106184
1764164657647136928 106185
1764164657681812128 106186
1764164657714947584 106187
1764164657748377600 106188
1764164657781553696 106189
1764164657815007168 106190
1764164657849017184 106191
1764164657881536640 106192
1764164657916755584 106193
1764164657945471584 106194
1764164657981781632 106195
1764164658014832992 106196
1764164658050450496 106197
1764164658083576352 106198
1764164658115638080 106199
1764164658149477504 106200
1764164658182189952 106201
1764164658215837952 106202
1764164658250379136 106203
1764164658279927200 106204
1764164658316048192 106205
1764164658344128064 106206
1764164658384033344 106207
1764164658410993760 106208
1764164658446103328 106209
1764164658482556736 106210
1764164658516398208 106211
1764164658545122656 106212
1764164658581921728 106213
1764164658615524864 106214
1764164658648260608 106215
1764164658681873696 106216
1764164658712217504 106217
1764164658747986432 106218
1764164658782477536 106219
1764164658815204640 106220
1764164658850848608 106221
1764164658879579456 106222
1764164658915253984 106223
1764164658948335008 106224
1764164658982424928 106225
1764164659016548672 106226
1764164659054357600 106227
1764164659083435264 106228
1764164659110761376 106229
1764164659145638848 106230
1764164659181440608 106231
1764164659215625728 106232
1764164659249298528 106233
1764164659287556480 106234
1764164659317471712 106235
1764164659345073376 106236
1764164659380358656 106237
1764164659418523712 106238
1764164659453008992 106239
1764164659479654912 106240
1764164659513872032 106241
1764164659548565952 106242
1764164659582535616 106243
1764164659615023776 106244
1764164659648329984 106245
1764164659683775584 106246
1764164659713581312 106247
1764164659747872576 106248
1764164659783785664 106249
1764164659811605120 106250
1764164659848101536 106251
1764164659882786656 106252
1764164659915469856 106253
1764164659951066080 106254
1764164659977311136 106255
1764164660018642368 106256
1764164660047700608 106257
1764164660082640512 106258
1764164660113300864 106259
1764164660151390656 106260
1764164660178949568 106261
1764164660214682720 106262
1764164660251856160 106263
1764164660280369696 106264
1764164660317880992 106265
1764164660344088288 106266
1764164660379306944 106267
1764164660415938944 106268
1764164660451544128 106269
1764164660484192960 106270
1764164660513460672 106271
1764164660551274848 106272
1764164660583414368 106273
1764164660616969760 106274
1764164660644593568 106275
1764164660678885152 106276
1764164660715533312 106277
1764164660750619200 106278
1764164660777494144 106279
1764164660812028384 106280
1764164660848887232 106281
1764164660882252160 106282
1764164660910559680 106283
1764164660947506464 106284
1764164660982192064 106285
1764164661016701920 106286
1764164661044030432 106287
1764164661078297152 106288
1764164661114176704 106289
1764164661149003744 106290
1764164661182444384 106291
1764164661215411424 106292
1764164661248616544 106293
1764164661281686496 106294
1764164661315774656 106295
1764164661348589344 106296
1764164661383066688 106297
1764164661419408192 106298
1764164661452149984 106299
1764164661481426272 106300
1764164661516564000 106301
1764164661543780736 106302
1764164661585228320 106303
1764164661611673696 106304
1764164661646887040 106305
1764164661683953600 106306
1764164661723209792 106307
1764164661748320256 106308
1764164661783046112 106309
1764164661820032032 106310
1764164661849692960 106311
1764164661887173952 106312
1764164661920255360 106313
1764164661946191584 106314
1764164661987098112 106315
1764164662015627136 106316
1764164662052997024 106317
1764164662083675904 106318
1764164662121733056 106319
1764164662148656576 106320
1764164662181985344 106321
1764164662215235008 106322
1764164662248658176 106323
1764164662282562400 106324
1764164662311228608 106325
1764164662346438656 106326
1764164662381116512 106327
1764164662419468832 106328
1764164662444439552 106329
1764164662479771264 106330
1764164662518699904 106331
1764164662551304896 106332
1764164662582074464 106333
1764164662616154304 106334
1764164662649152512 106335
1764164662680259200 106336
1764164662716914688 106337
1764164662749331200 106338
1764164662782688800 106339
1764164662816841632 106340
1764164662843360000 106341
1764164662886118688 106342
1764164662912171520 106343
1764164662957044480 106344
1764164662990622496 106345
1764164663014721440 106346
1764164663047618016 106347
1764164663083432608 106348
1764164663120177920 106349
1764164663147651232 106350
1764164663181155680 106351
1764164663215569120 106352
1764164663248583072 106353
1764164663281785216 106354
1764164663315845152 106355
1764164663348440480 106356
1764164663382546048 106357
1764164663416218336 106358
1764164663444090592 106359
1764164663481987264 106360
1764164663516483296 106361
1764164663549413216 106362
1764164663581672640 106363
1764164663616395040 106364
1764164663644332704 106365
1764164663682446624 106366
1764164663716505728 106367
1764164663752019296 106368
1764164663778177184 106369
1764164663815107008 106370
1764164663849881600 106371
1764164663882445408 106372
1764164663915095680 106373
1764164663948386368 106374
1764164663982339872 106375
1764164664015760288 106376
1764164664044282048 106377
1764164664086743744 106378
1764164664122303968 106379
1764164664148687520 106380
1764164664185697888 106381
1764164664221529248 106382
1764164664248488736 106383
1764164664289298272 106384
1764164664315243968 106385
1764164664349111616 106386
1764164664385914048 106387
1764164664411466464 106388
1764164664445872064 106389
1764164664481362336 106390
1764164664515948000 106391
1764164664549715936 106392
1764164664582311104 106393
1764164664619010176 106394
1764164664658725024 106395
1764164664682604256 106396
1764164664716261824 106397
1764164664751196896 106398
1764164664777966208 106399
1764164664813978176 106400
1764164664848901568 106401
1764164664883060032 106402
1764164664911417792 106403
1764164664952741184 106404
1764164664991017408 106405
1764164665017195808 106406
1764164665052559328 106407
1764164665080372736 106408
1764164665119686528 106409
1764164665146163200 106410
1764164665183469184 106411
1764164665211036448 106412
1764164665245155904 106413
1764164665283059744 106414
1764164665314054784 106415
1764164665353373600 106416
1764164665378141216 106417
1764164665412487936 106418
1764164665446951904 106419
1764164665483660128 106420
1764164665512939232 106421
1764164665552386848 106422
1764164665588672352 106423
1764164665620997088 106424
1764164665659471296 106425
1764164665688444192 106426
1764164665724531424 106427
1764164665748441632 106428
1764164665789216992 106429
1764164665815624512 106430
1764164665849260000 106431
1764164665883644640 106432
1764164665910562176 106433
1764164665953264960 106434
1764164665978456416 106435
1764164666019812512 106436
1764164666045596320 106437
1764164666079075616 106438
1764164666114937280 106439
1764164666149508224 106440
1764164666178796736 106441
1764164666214488128 106442
1764164666249015392 106443
1764164666290458272 106444
1764164666315532768 106445
1764164666348321632 106446
1764164666388320672 106447
1764164666414675168 106448
1764164666453710528 106449
1764164666483322048 106450
1764164666513195040 106451
1764164666551134272 106452
1764164666580734464 106453
1764164666619421056 106454
1764164666644441760 106455
1764164666677823104 106456
1764164666715088896 106457
1764164666752328512 106458
1764164666777787808 106459
1764164666821753792 106460
1764164666852661184 106461
1764164666882296192 106462
1764164666916216576 106463
1764164666944430656 106464
1764164666979267008 106465
1764164667015308736 106466
1764164667051509376 106467
1764164667078860416 106468
1764164667115436128 106469
1764164667151248416 106470
1764164667179800704 106471
1764164667220673792 106472
1764164667248616864 106473
1764164667283749408 106474
1764164667310841856 106475
1764164667354769664 106476
1764164667382259104 106477
1764164667421938016 106478
1764164667448522144 106479
1764164667483306336 106480
1764164667517039840 106481
1764164667547943232 106482
1764164667583404320 106483
1764164667610772736 106484
1764164667645083776 106485
1764164667688227712 106486
1764164667714894592 106487
1764164667750854880 106488
1764164667784483200 106489
1764164667814560896 106490
1764164667848968736 106491
1764164667883968544 106492
1764164667910899872 106493
1764164667945504064 106494
1764164667982449120 106495
1764164668019123360 106496
1764164668045019808 106497
1764164668079664704 106498
1764164668115504352 106499
1764164668155059360 106500
1764164668181397120 106501
1764164668216145120 106502
1764164668248714336 106503
1764164668283455360 106504
1764164668315993024 106505
1764164668349281440 106506
1764164668383472960 106507
1764164668411320768 106508
1764164668445681696 106509
1764164668481358784 106510
1764164668515737792 106511
1764164668549251072 106512
1764164668582071680 106513
1764164668615931296 106514
1764164668654658944 106515
1764164668683320320 106516
1764164668712820672 106517
1764164668748438176 106518
1764164668784455456 106519
1764164668811007328 106520
1764164668850471552 106521
1764164668878333408 106522
1764164668915859904 106523
1764164668949539808 106524
1764164668982405088 106525
1764164669016556192 106526
1764164669051514944 106527
1764164669077514880 106528
1764164669112014304 106529
1764164669154882272 106530
1764164669184027904 106531
1764164669219676800 106532
1764164669244468928 106533
1764164669282446496 106534
1764164669315899712 106535
1764164669354805088 106536
1764164669384446560 106537
1764164669410802400 106538
1764164669454884416 106539
1764164669482100736 106540
1764164669518526112 106541
1764164669545364512 106542
1764164669579370080 106543
1764164669619648288 106544
1764164669648104832 106545
1764164669682872576 106546
1764164669715652128 106547
1764164669749588704 106548
1764164669777709920 106549
1764164669812463584 106550
1764164669849667072 106551
1764164669883971392 106552
1764164669911850688 106553
1764164669946148512 106554
1764164669986082720 106555
1764164670012769888 106556
1764164670050832576 106557
1764164670080971200 106558
1764164670119562240 106559
1764164670146693152 106560
1764164670186461216 106561
1764164670211854720 106562
1764164670251020576 106563
1764164670278558336 106564
1764164670312237696 106565
1764164670355247488 106566
1764164670381846560 106567
1764164670415427008 106568
1764164670449076320 106569
1764164670488263680 106570
1764164670516103360 106571
1764164670549862176 106572
1764164670583780736 106573
1764164670621726432 106574
1764164670659009568 106575
1764164670682254368 106576
1764164670716409056 106577
1764164670749142592 106578
1764164670782339008 106579
1764164670815139136 106580
1764164670848943200 106581
1764164670884065088 106582
1764164670911191616 106583
1764164670945886272 106584
1764164670980217216 106585
1764164671018716928 106586
1764164671045880160 106587
1764164671080671872 106588
1764164671116585024 106589
1764164671144493888 106590
1764164671186368160 106591
1764164671215452384 106592
1764164671255239872 106593
1764164671282421024 106594
1764164671321694624 106595
1764164671348288800 106596
1764164671382688928 106597
1764164671416672960 106598
1764164671447377024 106599
1764164671488847296 106600
1764164671514813120 106601
1764164671545414592 106602
1764164671579972128 106603
1764164671614856608 106604
1764164671655522720 106605
1764164671682839616 106606
1764164671716740384 106607
1764164671749695488 106608
1764164671783295040 106609
1764164671816027744 106610
1764164671851341088 106611
1764164671885109664 106612
1764164671911538240 106613
1764164671947495872 106614
1764164671987026624 106615
1764164672019238784 106616
1764164672045829888 106617
1764164672080121248 106618
1764164672117692448 106619
1764164672148249568 106620
1764164672181575072 106621
1764164672211544672 106622
1764164672253884672 106623
1764164672280447040 106624
1764164672319517088 106625
1764164672346421216 106626
1764164672381075776 106627
1764164672416268224 106628
1764164672450316352 106629
1764164672479123840 106630
1764164672513627040 106631
1764164672549310592 106632
1764164672582921312 106633
1764164672618953728 106634
1764164672647226656 106635
1764164672680883168 106636
1764164672715510368 106637
1764164672749007072 106638
1764164672786447552 106639
1764164672810932928 106640
1764164672845881568 106641
1764164672886788608 106642
1764164672912631776 106643
1764164672953626240 106644
1764164672978596416 106645
1764164673021092608 106646
1764164673059347296 106647
1764164673087474784 106648
1764164673113182656 106649
1764164673147500864 106650
1764164673183810048 106651
1764164673216747040 106652
1764164673256668864 106653
1764164673281568032 106654
1764164673312348288 106655
1764164673347119360 106656
1764164673383699008 106657
1764164673415767520 106658
1764164673448926048 106659
1764164673483309312 106660
1764164673516872832 106661
1764164673551714432 106662
1764164673578039680 106663
1764164673623041248 106664
1764164673648942528 106665
1764164673691516352 106666
1764164673714821088 106667
1764164673748188736 106668
1764164673782140480 106669
1764164673814901984 106670
1764164673851283328 106671
1764164673878287328 106672
1764164673913830944 106673
1764164673951501280 106674
1764164673978293632 106675
1764164674020236160 106676
1764164674044038816 106677
1764164674088153600 106678
1764164674126702432 106679
1764164674159932512 106680
1764164674184687616 106681
1764164674210748384 106682
1764164674247133120 106683
1764164674282704704 106684
1764164674318431872 106685
1764164674344497632 106686
1764164674379828256 106687
1764164674416896064 106688
1764164674456822976 106689
1764164674492556608 106690
1764164674525793120 106691
1764164674549496160 106692
1764164674583910400 106693
1764164674615141952 106694
1764164674655626240 106695
1764164674681693152 106696
1764164674722457184 106697
1764164674754215328 106698
1764164674786720928 106699
1764164674817896256 106700
1764164674853373536 106701
1764164674887327264 106702
1764164674917347936 106703
1764164674945696608 106704
1764164674980878112 106705
1764164675024275264 106706
1764164675049317696 106707
1764164675083972256 106708
1764164675114465440 106709
1764164675151521792 106710
1764164675178173920 106711
1764164675214477312 106712
1764164675250535392 106713
1764164675278374688 106714
1764164675314534368 106715
1764164675355366368 106716
1764164675382902592 106717
1764164675419584000 106718
1764164675457223936 106719
1764164675482928768 106720
1764164675519578112 106721
1764164675544255072 106722
1764164675581037440 106723
1764164675619373760 106724
1764164675645741184 106725
1764164675680038656 106726
1764164675714238208 106727
1764164675749475360 106728
1764164675782330912 106729
1764164675817964800 106730
1764164675844541472 106731
1764164675878494784 106732
1764164675915240480 106733
1764164675955528576 106734
1764164675982084544 106735
1764164676017384928 106736
1764164676051927424 106737
1764164676078126720 106738
1764164676114543552 106739
1764164676148990080 106740
1764164676183135168 106741
1764164676217685952 106742
1764164676245626208 106743
1764164676283664288 106744
1764164676320573056 106745
1764164676351854176 106746
1764164676380094688 106747
1764164676415172448 106748
1764164676451831296 106749
1764164676477759456 106750
1764164676516730304 106751
1764164676551514624 106752
1764164676580339520 106753
1764164676619059840 106754
1764164676645732640 106755
1764164676680509184 106756
1764164676714479104 106757
1764164676750602880 106758
1764164676783837792 106759
1764164676811620672 106760
1764164676857460896 106761
1764164676884148000 106762
1764164676911170208 106763
1764164676944920864 106764
1764164676983713280 106765
1764164677011400832 106766
1764164677049668480 106767
1764164677087189088 106768
1764164677110888928 106769
1764164677144889472 106770
1764164677180590400 106771
1764164677219614624 106772
1764164677244604320 106773
1764164677278573344 106774
1764164677317239712 106775
1764164677344836480 106776
1764164677382051840 106777
1764164677416245696 106778
1764164677451583584 106779
1764164677478076960 106780
1764164677518450656 106781
1764164677544811040 106782
1764164677579954496 106783
1764164677616106688 106784
1764164677659895904 106785
1764164677682639456 106786
1764164677719442464 106787
1764164677744918208 106788
1764164677779930688 106789
