1764165550852164160 13974
1764165550886531488 13975
1764165550918938464 13976
1764165550946830880 13977
1764165550976801472 13978
1764165551010911552 13979
1764165551047129696 13980
1764165551082982688 13981
1764165551109667968 13982
1764165551145801216 13983
1764165551181050432 13984
1764165551221954048 13985
1764165551248059968 13986
1764165551278114624 13987
1764165551308831072 13988
1764165551343573344 13989
1764165551378980512 13990
1764165551417331840 13991
1764165551443790656 13992
1764165551487250048 13993
1764165551514350976 13994
1764165551547916896 13995
1764165551600642720 13996
1764165551617699904 13997
1764165551650823296 13998
1764165551676378560 13999
1764165551714273472 14000
1764165551745971584 14001
1764165551780555680 14002
1764165551814135904 14003
1764165551846937952 14004
1764165551881269440 14005
1764165551908513440 14006
1764165551942975392 14007
1764165551980060416 14008
1764165552012269248 14009
1764165552047611488 14010
1764165552080749152 14011
1764165552111775488 14012
1764165552146310080 14013
1764165552181297536 14014
1764165552215500448 14015
1764165552251051712 14016
1764165552276621856 14017
1764165552311515712 14018
1764165552346020672 14019
1764165552386376800 14020
1764165552424873824 14021
1764165552452140960 14022
1764165552479687072 14023
1764165552513091392 14024
1764165552546667680 14025
1764165552581296064 14026
1764165552611226784 14027
1764165552648931264 14028
1764165552676243264 14029
1764165552711064320 14030
1764165552747188672 14031
1764165552780493792 14032
1764165552818970048 14033
1764165552843769376 14034
1764165552877552704 14035
1764165552914182496 14036
1764165552948679200 14037
1764165552975528032 14038
1764165553010030304 14039
1764165553045889824 14040
1764165553080467328 14041
1764165553116408864 14042
1764165553142221216 14043
1764165553177246784 14044
1764165553213340480 14045
1764165553243191584 14046
1764165553278687840 14047
1764165553312956160 14048
1764165553345972256 14049
1764165553380495456 14050
1764165553413264160 14051
1764165553446307072 14052
1764165553486984864 14053
1764165553512499168 14054
1764165553546931232 14055
1764165553579467616 14056
1764165553612517824 14057
1764165553647349728 14058
1764165553679987360 14059
1764165553717373856 14060
1764165553742994976 14061
1764165553782523424 14062
1764165553813164000 14063
1764165553849891872 14064
1764165553876654208 14065
1764165553919336640 14066
1764165553953255456 14067
1764165553983629280 14068
1764165554012451712 14069
1764165554051236288 14070
1764165554080065216 14071
1764165554116575520 14072
1764165554156780416 14073
1764165554188536640 14074
1764165554212477152 14075
1764165554247857632 14076
1764165554276194112 14077
1764165554310796896 14078
1764165554345683616 14079
1764165554379966816 14080
1764165554412280480 14081
1764165554446693952 14082
1764165554479090528 14083
1764165554522296672 14084
1764165554548091040 14085
1764165554585439200 14086
1764165554613895552 14087
1764165554649824960 14088
1764165554683618464 14089
1764165554717008576 14090
1764165554748456192 14091
1764165554774643968 14092
1764165554808243360 14093
1764165554846166176 14094
1764165554885314240 14095
1764165554915759424 14096
1764165554949039072 14097
1764165554977883328 14098
1764165555011854624 14099
1764165555046906016 14100
1764165555080289632 14101
1764165555110138368 14102
1764165555144225664 14103
1764165555178484064 14104
1764165555212565376 14105
1764165555246553472 14106
1764165555279564192 14107
1764165555313064480 14108
1764165555348154496 14109
1764165555374980992 14110
1764165555413116128 14111
1764165555446221312 14112
1764165555481485376 14113
1764165555508003936 14114
1764165555543291712 14115
1764165555585706528 14116
1764165555616401664 14117
1764165555644285536 14118
1764165555679596832 14119
1764165555712574688 14120
1764165555750615008 14121
1764165555784138496 14122
1764165555812383744 14123
1764165555846852288 14124
1764165555903495392 14125
1764165555920901216 14126
1764165555949283168 14127
1764165555978852992 14128
1764165556012783936 14129
1764165556046041056 14130
1764165556080807328 14131
1764165556115982944 14132
1764165556157541248 14133
1764165556181464256 14134
1764165556208414304 14135
1764165556244777568 14136
1764165556282034528 14137
1764165556318638240 14138
1764165556345768480 14139
1764165556379859776 14140
1764165556415488512 14141
1764165556442007808 14142
1764165556478295264 14143
1764165556513330176 14144
1764165556547081888 14145
1764165556574506304 14146
1764165556612629504 14147
1764165556646267808 14148
1764165556680024192 14149
1764165556713651328 14150
1764165556747625824 14151
1764165556782590176 14152
1764165556809795744 14153
1764165556843879648 14154
1764165556879790944 14155
1764165556914543168 14156
1764165556942597824 14157
1764165556979880448 14158
1764165557016378336 14159
1764165557045652992 14160
1764165557079634464 14161
1764165557113034592 14162
1764165557149032800 14163
1764165557178842528 14164
1764165557213632480 14165
1764165557247326112 14166
1764165557274309760 14167
1764165557314758816 14168
1764165557342561280 14169
1764165557377637280 14170
1764165557412498912 14171
1764165557446738560 14172
1764165557481056064 14173
1764165557519236352 14174
1764165557546516992 14175
1764165557579679040 14176
1764165557616613248 14177
1764165557642630816 14178
1764165557678355520 14179
1764165557712729792 14180
1764165557748229472 14181
1764165557778106752 14182
1764165557818749696 14183
1764165557849400896 14184
1764165557880493632 14185
1764165557913095424 14186
1764165557948372160 14187
1764165557975399424 14188
1764165558011671200 14189
1764165558056483456 14190
1764165558079996928 14191
1764165558114042304 14192
1764165558145210016 14193
1764165558180469952 14194
1764165558214039168 14195
1764165558245222976 14196
1764165558279416000 14197
1764165558313624800 14198
1764165558341980224 14199
1764165558377708000 14200
1764165558412583872 14201
1764165558447534176 14202
1764165558475949216 14203
1764165558510416224 14204
1764165558546861568 14205
1764165558582514848 14206
1764165558611540384 14207
1764165558650022592 14208
1764165558676406432 14209
1764165558711832576 14210
1764165558747651584 14211
1764165558787247264 14212
1764165558814942848 14213
1764165558853237216 14214
1764165558880137248 14215
1764165558910582528 14216
1764165558945161664 14217
1764165558980312352 14218
1764165559008634304 14219
1764165559044142464 14220
1764165559078391520 14221
1764165559107715008 14222
1764165559145883232 14223
1764165559180372064 14224
1764165559208337824 14225
1764165559243263744 14226
1764165559279115232 14227
1764165559318665824 14228
1764165559348031008 14229
1764165559378423168 14230
1764165559418939040 14231
1764165559450497504 14232
1764165559481879840 14233
1764165559507747296 14234
1764165559545612896 14235
1764165559581385760 14236
1764165559608188960 14237
1764165559642836704 14238
1764165559678351712 14239
1764165559712944672 14240
1764165559749381056 14241
1764165559776116736 14242
1764165559811468864 14243
1764165559852979168 14244
1764165559891430880 14245
1764165559917680640 14246
1764165559947846816 14247
1764165559976748480 14248
1764165560011396064 14249
1764165560047060288 14250
1764165560075119392 14251
1764165560109267808 14252
1764165560143768160 14253
1764165560178873440 14254
1764165560212852992 14255
1764165560241476288 14256
1764165560277765504 14257
1764165560313431264 14258
1764165560348310944 14259
1764165560384666912 14260
1764165560411988832 14261
1764165560447232768 14262
1764165560475969984 14263
1764165560516436480 14264
1764165560541697568 14265
1764165560576528832 14266
1764165560611190016 14267
1764165560648954592 14268
1764165560675443104 14269
1764165560716473216 14270
1764165560744126304 14271
1764165560778376032 14272
1764165560814143904 14273
1764165560841483456 14274
1764165560875448480 14275
1764165560910682176 14276
1764165560949788480 14277
1764165560974891232 14278
1764165561009895104 14279
1764165561044451968 14280
1764165561080289472 14281
1764165561114683424 14282
1764165561151638176 14283
1764165561178657344 14284
1764165561212409024 14285
1764165561245645984 14286
1764165561279230368 14287
1764165561312524704 14288
1764165561346248480 14289
1764165561379669792 14290
1764165561415901472 14291
1764165561441729376 14292
1764165561476679328 14293
1764165561514014784 14294
1764165561547021472 14295
1764165561577187552 14296
1764165561612591680 14297
1764165561647955360 14298
1764165561674136640 14299
1764165561710192352 14300
1764165561744752224 14301
1764165561781778400 14302
1764165561812613088 14303
1764165561845639488 14304
1764165561881591328 14305
1764165561908460448 14306
1764165561944177824 14307
1764165561979160512 14308
1764165562013421216 14309
1764165562041473856 14310
1764165562076248416 14311
1764165562111494560 14312
1764165562146363680 14313
1764165562180649280 14314
1764165562207445440 14315
1764165562243129824 14316
1764165562285366720 14317
1764165562314028608 14318
1764165562341726272 14319
1764165562377251456 14320
1764165562411211808 14321
1764165562455669696 14322
1764165562486099264 14323
1764165562513016224 14324
1764165562545994144 14325
1764165562580269568 14326
1764165562609200384 14327
1764165562643946464 14328
1764165562679524416 14329
1764165562713325248 14330
1764165562746493568 14331
1764165562781813504 14332
1764165562814867456 14333
1764165562851142048 14334
1764165562881810432 14335
1764165562918751488 14336
1764165562956140832 14337
1764165562986191904 14338
1764165563012351840 14339
1764165563045698112 14340
1764165563083248160 14341
1764165563108952864 14342
1764165563145677760 14343
1764165563178499072 14344
1764165563212993728 14345
1764165563245559072 14346
1764165563283119104 14347
1764165563308962016 14348
1764165563346500352 14349
1764165563381120064 14350
1764165563408068160 14351
1764165563441512064 14352
1764165563478376352 14353
1764165563513551072 14354
1764165563541481568 14355
1764165563575465344 14356
1764165563610732256 14357
1764165563645865568 14358
1764165563683150880 14359
1764165563708542816 14360
1764165563744034592 14361
1764165563781049344 14362
1764165563807773152 14363
1764165563842156192 14364
1764165563879352096 14365
1764165563912515520 14366
1764165563945688544 14367
1764165563979936800 14368
1764165564017528704 14369
1764165564045390080 14370
1764165564084386752 14371
1764165564112556320 14372
1764165564146483968 14373
1764165564179344736 14374
1764165564213169120 14375
1764165564245949472 14376
1764165564278964032 14377
1764165564312176384 14378
1764165564348190816 14379
1764165564375172032 14380
1764165564411209216 14381
1764165564445487104 14382
1764165564484335904 14383
1764165564512666048 14384
1764165564544921088 14385
1764165564580102496 14386
1764165564607531136 14387
1764165564643053536 14388
1764165564677879392 14389
1764165564712092576 14390
1764165564749392384 14391
1764165564775952064 14392
1764165564812121952 14393
1764165564843649152 14394
1764165564879568096 14395
1764165564911554624 14396
1764165564944577792 14397
1764165564978688320 14398
1764165565012829440 14399
1764165565046720032 14400
1764165565075519520 14401
1764165565110238144 14402
1764165565146017312 14403
1764165565180582368 14404
1764165565219904992 14405
1764165565247182528 14406
1764165565281090976 14407
1764165565313353056 14408
1764165565345656064 14409
1764165565373454496 14410
1764165565407557504 14411
1764165565445899936 14412
1764165565480325152 14413
1764165565510251968 14414
1764165565546408544 14415
1764165565574991488 14416
1764165565610034688 14417
1764165565645577536 14418
1764165565688715584 14419
1764165565716085024 14420
1764165565754954272 14421
1764165565789833696 14422
1764165565811615232 14423
1764165565844511136 14424
1764165565878591072 14425
1764165565912042752 14426
1764165565958558816 14427
1764165565980968000 14428
1764165566017591904 14429
1764165566045472736 14430
1764165566082165600 14431
1764165566107586496 14432
1764165566142838528 14433
1764165566177921056 14434
1764165566213202272 14435
1764165566245252192 14436
1764165566279642912 14437
1764165566312788192 14438
1764165566344991072 14439
1764165566378421984 14440
1764165566411722592 14441
1764165566445421696 14442
1764165566479510688 14443
1764165566509798432 14444
1764165566546332096 14445
1764165566580127008 14446
1764165566607693504 14447
1764165566645128064 14448
1764165566679463520 14449
1764165566717723872 14450
1764165566745989376 14451
1764165566779185984 14452
1764165566812340096 14453
1764165566846852928 14454
1764165566876016544 14455
1764165566911234240 14456
1764165566946364928 14457
1764165566975368096 14458
1764165567010628224 14459
1764165567046207776 14460
1764165567079445984 14461
1764165567112250496 14462
1764165567145525184 14463
1764165567178991808 14464
1764165567212821120 14465
1764165567245962176 14466
1764165567279551584 14467
1764165567316812896 14468
1764165567345074304 14469
1764165567379266432 14470
1764165567407229504 14471
1764165567442922912 14472
1764165567479226304 14473
1764165567512533408 14474
1764165567550152672 14475
1764165567585448160 14476
1764165567611629920 14477
1764165567654237376 14478
1764165567680911456 14479
1764165567708935200 14480
1764165567744092384 14481
1764165567778707712 14482
1764165567811789856 14483
1764165567845480352 14484
1764165567879530560 14485
1764165567918640544 14486
1764165567949113632 14487
1764165567975863648 14488
1764165568009699232 14489
1764165568045307744 14490
1764165568079236544 14491
1764165568112152864 14492
1764165568145202752 14493
1764165568178694080 14494
1764165568224023872 14495
1764165568247325696 14496
1764165568274859072 14497
1764165568311180928 14498
1764165568349679808 14499
1764165568375312160 14500
1764165568410884992 14501
1764165568446224672 14502
1764165568476984800 14503
1764165568517397216 14504
1764165568550153280 14505
1764165568580288672 14506
1764165568617110976 14507
1764165568644666496 14508
1764165568678704352 14509
1764165568711809280 14510
1764165568745850816 14511
1764165568778453696 14512
1764165568814175904 14513
1764165568841596064 14514
1764165568876249952 14515
1764165568912698304 14516
1764165568946483904 14517
1764165568976005568 14518
1764165569010927552 14519
1764165569046679360 14520
1764165569074944320 14521
1764165569113022080 14522
1764165569140507520 14523
1764165569175547200 14524
1764165569210444032 14525
1764165569245441120 14526
1764165569277697824 14527
1764165569312054112 14528
1764165569340573344 14529
1764165569381211872 14530
1764165569412634240 14531
1764165569446359072 14532
1764165569474640800 14533
1764165569513076352 14534
1764165569541365376 14535
1764165569576125536 14536
1764165569611304832 14537
1764165569645417216 14538
1764165569674530816 14539
1764165569711116288 14540
1764165569745380416 14541
1764165569778875840 14542
1764165569811982656 14543
1764165569846041184 14544
1764165569879344064 14545
1764165569910085792 14546
1764165569945195552 14547
1764165569979581056 14548
1764165570015583552 14549
1764165570042636704 14550
1764165570077070336 14551
1764165570113592320 14552
1764165570141601888 14553
1764165570176154656 14554
1764165570211522368 14555
1764165570249851616 14556
1764165570278304704 14557
1764165570312267392 14558
1764165570349564352 14559
1764165570379337664 14560
1764165570416540928 14561
1764165570448770624 14562
1764165570474547552 14563
1764165570512838848 14564
1764165570547231968 14565
1764165570585196448 14566
1764165570612297760 14567
1764165570645855136 14568
1764165570679275552 14569
1764165570712050688 14570
1764165570744878080 14571
1764165570778241536 14572
1764165570812626464 14573
1764165570846548672 14574
1764165570881731968 14575
1764165570908106176 14576
1764165570947569152 14577
1764165570984718816 14578
1764165571020716960 14579
1764165571048683296 14580
1764165571080070752 14581
1764165571109257504 14582
1764165571143727136 14583
1764165571179264736 14584
1764165571206827936 14585
1764165571246814560 14586
1764165571275030368 14587
1764165571310459296 14588
1764165571349374240 14589
1764165571379197376 14590
1764165571416625440 14591
1764165571445091424 14592
1764165571478753312 14593
1764165571514126816 14594
1764165571546258496 14595
1764165571573896832 14596
1764165571611137952 14597
1764165571645999936 14598
1764165571680467904 14599
1764165571709611936 14600
1764165571744949952 14601
1764165571773027680 14602
1764165571810710784 14603
1764165571847149152 14604
1764165571874974144 14605
1764165571910178720 14606
1764165571944454720 14607
1764165571978420672 14608
1764165572010457568 14609
1764165572048822208 14610
1764165572074881504 14611
1764165572114444384 14612
1764165572151345312 14613
1764165572177695424 14614
1764165572211571104 14615
1764165572245106592 14616
1764165572278570144 14617
1764165572312968160 14618
1764165572340594720 14619
1764165572375930624 14620
1764165572410868544 14621
1764165572445258624 14622
1764165572474780480 14623
1764165572508280480 14624
1764165572549591264 14625
1764165572575885920 14626
1764165572615709408 14627
1764165572643810368 14628
1764165572679781280 14629
1764165572707253280 14630
1764165572744208864 14631
1764165572779647168 14632
1764165572808373696 14633
1764165572843972320 14634
1764165572877985504 14635
1764165572911208576 14636
1764165572944562304 14637
1764165572977507904 14638
1764165573013486048 14639
1764165573050698496 14640
1764165573080151264 14641
1764165573109823200 14642
1764165573143687776 14643
1764165573179004544 14644
1764165573207320768 14645
1764165573244211264 14646
1764165573281026688 14647
1764165573307510976 14648
1764165573341890368 14649
1764165573383152000 14650
1764165573416592768 14651
1764165573446237568 14652
1764165573474180224 14653
1764165573508572672 14654
1764165573548291808 14655
1764165573575903232 14656
1764165573609908768 14657
1764165573645065664 14658
1764165573678326336 14659
1764165573711641856 14660
1764165573747835040 14661
1764165573784530816 14662
1764165573827069856 14663
1764165573852329120 14664
1764165573893534336 14665
1764165573923421024 14666
1764165573943703648 14667
1764165573976998304 14668
1764165574011228128 14669
1764165574045704128 14670
1764165574082802304 14671
1764165574107523616 14672
1764165574143058912 14673
1764165574177613728 14674
1764165574212740576 14675
1764165574247308768 14676
1764165574284222784 14677
1764165574328070656 14678
1764165574345119520 14679
1764165574378616000 14680
1764165574415186496 14681
1764165574450933824 14682
1764165574481920960 14683
1764165574518666080 14684
1764165574554689440 14685
1764165574586054624 14686
1764165574610537792 14687
1764165574643688032 14688
1764165574678573824 14689
1764165574711465952 14690
1764165574745254880 14691
1764165574783052032 14692
1764165574811475392 14693
1764165574847737920 14694
1764165574887991328 14695
1764165574910946208 14696
1764165574946834112 14697
1764165574974236544 14698
1764165575011388672 14699
1764165575045845568 14700
1764165575077303168 14701
1764165575111848576 14702
1764165575144942848 14703
1764165575178537664 14704
1764165575207193888 14705
1764165575247210560 14706
1764165575285386304 14707
1764165575321422016 14708
1764165575346050656 14709
1764165575372677184 14710
1764165575411692672 14711
1764165575445601952 14712
1764165575478810016 14713
1764165575515211104 14714
1764165575550677056 14715
1764165575579968800 14716
1764165575618014176 14717
1764165575647139968 14718
1764165575682652928 14719
1764165575708433312 14720
1764165575748016576 14721
1764165575777859712 14722
1764165575811273440 14723
1764165575845271968 14724
1764165575879266368 14725
1764165575910691584 14726
1764165575945197696 14727
1764165575978528896 14728
1764165576012096896 14729
1764165576045617376 14730
1764165576078680320 14731
1764165576107089152 14732
1764165576143130560 14733
1764165576178911712 14734
1764165576215569984 14735
1764165576240900960 14736
1764165576275428352 14737
1764165576314427456 14738
1764165576343937504 14739
1764165576382372224 14740
1764165576420031168 14741
1764165576444918880 14742
1764165576472687840 14743
1764165576515257696 14744
1764165576547693280 14745
1764165576577993568 14746
1764165576615994304 14747
1764165576658472160 14748
1764165576678796512 14749
1764165576711386688 14750
1764165576746903296 14751
1764165576785968480 14752
1764165576811163072 14753
1764165576844375264 14754
1764165576879178176 14755
1764165576907845792 14756
1764165576942865856 14757
1764165576978764448 14758
1764165577012055392 14759
1764165577045948032 14760
1764165577073007200 14761
1764165577111627680 14762
1764165577144873792 14763
1764165577178020320 14764
1764165577212100704 14765
1764165577246471776 14766
1764165577274879360 14767
1764165577310459136 14768
1764165577344786976 14769
1764165577377597792 14770
1764165577412256736 14771
1764165577445871616 14772
1764165577479689536 14773
1764165577508050560 14774
1764165577544231456 14775
1764165577573184992 14776
1764165577610745888 14777
1764165577643506912 14778
1764165577677875104 14779
1764165577711848544 14780
1764165577744434368 14781
1764165577773787040 14782
1764165577809476416 14783
1764165577848903392 14784
1764165577879201312 14785
1764165577917893376 14786
1764165577952309984 14787
1764165577980104032 14788
1764165578017450368 14789
1764165578043833472 14790
1764165578077747648 14791
1764165578111052064 14792
1764165578145043712 14793
1764165578177956928 14794
1764165578211376608 14795
1764165578242450208 14796
1764165578279999616 14797
1764165578307161888 14798
1764165578349134912 14799
1764165578378566112 14800
1764165578412686304 14801
1764165578439070304 14802
1764165578481875808 14803
1764165578517476288 14804
1764165578545543712 14805
1764165578585583264 14806
1764165578624375712 14807
1764165578650133120 14808
1764165578672907200 14809
1764165578707736480 14810
1764165578746014432 14811
1764165578775282496 14812
1764165578811839136 14813
1764165578844560192 14814
1764165578879299520 14815
1764165578906813952 14816
1764165578948036704 14817
1764165578985585696 14818
1764165579011930720 14819
1764165579044712768 14820
1764165579077726944 14821
1764165579112548192 14822
1764165579145958720 14823
1764165579182439488 14824
1764165579216574784 14825
1764165579245354624 14826
1764165579284829152 14827
1764165579311014784 14828
1764165579344912736 14829
1764165579379797632 14830
1764165579406447200 14831
1764165579448282400 14832
1764165579473840192 14833
1764165579514467712 14834
1764165579551666720 14835
1764165579588789120 14836
1764165579611290240 14837
1764165579645185760 14838
1764165579679439520 14839
1764165579707048992 14840
1764165579749084896 14841
1764165579779190688 14842
1764165579816492160 14843
1764165579844695136 14844
1764165579877434400 14845
1764165579914569632 14846
