39540 996096705 1764166401569.178223 1764166401569 1764166401576
39541 996130049 1764166401602.523682 1764166401603 1764166401610
39542 996163393 1764166401635.869385 1764166401635 1764166401643
39543 996196737 1764166401669.214844 1764166401669 1764166401676
39544 996230081 1764166401702.560303 1764166401703 1764166401710
39545 996263425 1764166401735.905762 1764166401735 1764166401743
39546 996296769 1764166401769.251465 1764166401769 1764166401776
39547 996330113 1764166401802.596924 1764166401803 1764166401810
39548 996363457 1764166401835.942383 1764166401835 1764166401843
39549 996396801 1764166401869.287842 1764166401869 1764166401876
39550 996430145 1764166401902.633301 1764166401903 1764166401910
39551 996496833 1764166401969.324219 1764166401969 1764166401976
39552 996530177 1764166402002.669678 1764166402003 1764166402010
39553 996563520 1764166402036.013916 1764166402036 1764166402043
39554 996596864 1764166402069.359375 1764166402069 1764166402076
39555 996630208 1764166402102.704834 1764166402103 1764166402110
39556 996663552 1764166402136.050049 1764166402136 1764166402143
39557 996696896 1764166402169.395508 1764166402169 1764166402176
39558 996730240 1764166402202.740967 1764166402202 1764166402210
39559 996763584 1764166402236.086182 1764166402236 1764166402243
39560 996796928 1764166402269.431641 1764166402270 1764166402277
39561 996830272 1764166402302.776855 1764166402302 1764166402310
39562 996863616 1764166402336.122070 1764166402336 1764166402343
39563 996896960 1764166402369.467529 1764166402370 1764166402377
39564 996930304 1764166402402.812744 1764166402402 1764166402410
39565 996963648 1764166402436.157959 1764166402436 1764166402443
39566 996996991 1764166402469.503662 1764166402470 1764166402477
39567 997030335 1764166402502.850098 1764166402502 1764166402510
39568 997063679 1764166402536.196533 1764166402536 1764166402543
39569 997097023 1764166402569.543213 1764166402570 1764166402577
39570 997130367 1764166402602.889648 1764166402602 1764166402610
39571 997163711 1764166402636.236084 1764166402636 1764166402643
39572 997197055 1764166402669.582764 1764166402670 1764166402677
39573 997230399 1764166402702.929199 1764166402702 1764166402710
39574 997263743 1764166402736.275635 1764166402736 1764166402743
39575 997297087 1764166402769.622070 1764166402770 1764166402777
39576 997330431 1764166402802.968750 1764166402803 1764166402810
39577 997363775 1764166402836.315186 1764166402837 1764166402844
39578 997397119 1764166402869.661621 1764166402870 1764166402877
39579 997430462 1764166402903.007080 1764166402903 1764166402910
39580 997463806 1764166402936.353516 1764166402936 1764166402943
39581 997497150 1764166402969.699951 1764166402970 1764166402977
39582 997530494 1764166403003.046387 1764166403003 1764166403010
39583 997563838 1764166403036.392822 1764166403037 1764166403044
39584 997597182 1764166403069.739258 1764166403070 1764166403077
39585 997630526 1764166403103.085693 1764166403103 1764166403110
39586 997663870 1764166403136.432129 1764166403137 1764166403144
39587 997697214 1764166403169.778564 1764166403169 1764166403177
39588 997730558 1764166403203.125000 1764166403203 1764166403210
39589 997763902 1764166403236.471436 1764166403237 1764166403244
39590 997797246 1764166403269.817871 1764166403269 1764166403277
39591 997830590 1764166403303.164307 1764166403303 1764166403310
39592 997863934 1764166403336.510742 1764166403337 1764166403344
39593 997897277 1764166403369.855957 1764166403369 1764166403377
39594 997930621 1764166403403.202393 1764166403403 1764166403410
39595 997963965 1764166403436.548828 1764166403437 1764166403444
39596 997997309 1764166403469.895264 1764166403469 1764166403477
39597 998030653 1764166403503.241699 1764166403503 1764166403510
39598 998063997 1764166403536.588135 1764166403537 1764166403544
39599 998097341 1764166403569.934326 1764166403570 1764166403578
39600 998130685 1764166403603.280762 1764166403603 1764166403610
39601 998164029 1764166403636.627197 1764166403637 1764166403644
39602 998197373 1764166403669.973389 1764166403670 1764166403677
39603 998230717 1764166403703.319824 1764166403703 1764166403710
39604 998264061 1764166403736.666260 1764166403737 1764166403744
39605 998297405 1764166403770.012451 1764166403770 1764166403777
39606 998330748 1764166403803.357910 1764166403803 1764166403810
39607 998364092 1764166403836.704102 1764166403837 1764166403844
39608 998397436 1764166403870.050537 1764166403870 1764166403877
39609 998430780 1764166403903.396729 1764166403904 1764166403911
39610 998464124 1764166403936.743164 1764166403937 1764166403944
39611 998497468 1764166403970.089355 1764166403970 1764166403977
39612 998530812 1764166404003.435791 1764166404004 1764166404011
39613 998564156 1764166404036.781982 1764166404036 1764166404044
39614 998597500 1764166404070.128174 1764166404070 1764166404077
39615 998630844 1764166404103.474609 1764166404104 1764166404111
39616 998664188 1764166404136.820801 1764166404136 1764166404144
39617 998697532 1764166404170.166992 1764166404170 1764166404177
39618 998730876 1764166404203.513428 1764166404204 1764166404211
39619 998764219 1764166404236.858643 1764166404236 1764166404244
39620 998797563 1764166404270.204834 1764166404270 1764166404277
39621 998830907 1764166404303.551025 1764166404304 1764166404311
39622 998864251 1764166404336.897217 1764166404336 1764166404344
39623 998897595 1764166404370.243408 1764166404370 1764166404377
39624 998930939 1764166404403.589844 1764166404404 1764166404411
39625 998964283 1764166404436.936035 1764166404437 1764166404444
39626 998997627 1764166404470.281738 1764166404470 1764166404477
39627 999030971 1764166404503.627197 1764166404504 1764166404511
39628 999064315 1764166404536.972900 1764166404537 1764166404544
39629 999097659 1764166404570.318604 1764166404570 1764166404577
39630 999131003 1764166404603.664307 1764166404604 1764166404611
39631 999164347 1764166404637.010010 1764166404637 1764166404644
39632 999197691 1764166404670.355469 1764166404670 1764166404677
39633 999231034 1764166404703.700195 1764166404704 1764166404711
39634 999264378 1764166404737.045654 1764166404737 1764166404744
39635 999297722 1764166404770.391357 1764166404771 1764166404778
39636 999331066 1764166404803.736816 1764166404804 1764166404811
39637 999364410 1764166404837.082520 1764166404837 1764166404844
39638 999397754 1764166404870.427979 1764166404871 1764166404878
39639 999431098 1764166404903.773682 1764166404903 1764166404911
39640 999464442 1764166404937.119141 1764166404937 1764166404944
39641 999497786 1764166404970.464600 1764166404971 1764166404978
39642 999531130 1764166405003.810059 1764166405003 1764166405011
39643 999564474 1764166405037.155762 1764166405037 1764166405044
39644 999597818 1764166405070.501221 1764166405071 1764166405078
39645 999631162 1764166405103.846680 1764166405103 1764166405111
39646 999664505 1764166405137.191162 1764166405137 1764166405144
39647 999697849 1764166405170.536621 1764166405171 1764166405178
39648 999731193 1764166405203.882080 1764166405203 1764166405211
39649 999764537 1764166405237.227539 1764166405237 1764166405244
39650 999797881 1764166405270.572998 1764166405271 1764166405278
39651 999831225 1764166405303.918213 1764166405304 1764166405311
39652 999864569 1764166405337.263672 1764166405337 1764166405344
39653 999897913 1764166405370.609131 1764166405371 1764166405378
39654 999931257 1764166405403.954590 1764166405404 1764166405411
39655 999964601 1764166405437.299805 1764166405437 1764166405444
39656 999997945 1764166405470.645508 1764166405471 1764166405478
39657 1000031289 1764166405503.990967 1764166405504 1764166405511
39658 1000064633 1764166405537.336426 1764166405537 1764166405545
39659 1000097976 1764166405570.681152 1764166405571 1764166405578
39660 1000131320 1764166405604.026611 1764166405604 1764166405611
39661 1000164664 1764166405637.372070 1764166405638 1764166405645
39662 1000198008 1764166405670.717529 1764166405670 1764166405678
39663 1000231352 1764166405704.062988 1764166405704 1764166405711
39664 1000264696 1764166405737.408447 1764166405738 1764166405745
39665 1000298040 1764166405770.753906 1764166405770 1764166405778
39666 1000331384 1764166405804.099365 1764166405804 1764166405811
39667 1000364728 1764166405837.444824 1764166405838 1764166405845
39668 1000398072 1764166405870.790283 1764166405870 1764166405878
39669 1000431416 1764166405904.135498 1764166405904 1764166405911
39670 1000464760 1764166405937.480957 1764166405938 1764166405945
39671 1000498104 1764166405970.826416 1764166405970 1764166405978
39672 1000531448 1764166406004.171631 1764166406004 1764166406011
39673 1000564791 1764166406037.516113 1764166406038 1764166406045
39674 1000598135 1764166406070.861328 1764166406071 1764166406078
39675 1000631479 1764166406104.206787 1764166406104 1764166406111
39676 1000664823 1764166406137.552002 1764166406138 1764166406145
39677 1000698167 1764166406170.897461 1764166406171 1764166406178
39678 1000731511 1764166406204.242676 1764166406204 1764166406211
39679 1000764855 1764166406237.587891 1764166406238 1764166406245
39680 1000798199 1764166406270.933350 1764166406271 1764166406278
39681 1000831543 1764166406304.278564 1764166406304 1764166406311
39682 1000864887 1764166406337.623779 1764166406338 1764166406345
39683 1000898231 1764166406370.968994 1764166406371 1764166406378
39684 1000931575 1764166406404.314209 1764166406405 1764166406412
39685 1000964919 1764166406437.659424 1764166406437 1764166406445
39686 1000998262 1764166406471.007568 1764166406471 1764166406478
39687 1001031606 1764166406504.356934 1764166406505 1764166406512
39688 1001064950 1764166406537.706055 1764166406537 1764166406545
39689 1001098294 1764166406571.055420 1764166406571 1764166406578
39690 1001131638 1764166406604.404785 1764166406605 1764166406612
39691 1001164982 1764166406637.754150 1764166406637 1764166406645
39692 1001198326 1764166406671.103516 1764166406671 1764166406678
39693 1001231670 1764166406704.452881 1764166406705 1764166406712
39694 1001265014 1764166406737.802246 1764166406737 1764166406745
39695 1001298358 1764166406771.151855 1764166406771 1764166406778
39696 1001331702 1764166406804.501465 1764166406805 1764166406812
39697 1001365046 1764166406837.851074 1764166406837 1764166406845
39698 1001398390 1764166406871.200684 1764166406871 1764166406878
39699 1001431733 1764166406904.549316 1764166406905 1764166406912
39700 1001465077 1764166406937.898926 1764166406938 1764166406945
39701 1001498421 1764166406971.248535 1764166406971 1764166406978
39702 1001531765 1764166407004.598389 1764166407005 1764166407012
39703 1001565109 1764166407037.948242 1764166407038 1764166407045
39704 1001598453 1764166407071.298096 1764166407071 1764166407078
39705 1001631797 1764166407104.647949 1764166407105 1764166407112
39706 1001665141 1764166407137.997803 1764166407138 1764166407145
39707 1001698485 1764166407171.347656 1764166407172 1764166407179
39708 1001731829 1764166407204.697754 1764166407204 1764166407212
39709 1001765173 1764166407238.047607 1764166407238 1764166407245
39710 1001798517 1764166407271.397705 1764166407272 1764166407279
39711 1001831861 1764166407304.747803 1764166407304 1764166407314
39712 1001865205 1764166407338.097900 1764166407338 1764166407345
39713 1001898548 1764166407371.447021 1764166407372 1764166407379
39714 1001931892 1764166407404.797363 1764166407404 1764166407412
39715 1001965236 1764166407438.147461 1764166407438 1764166407445
39716 1001998580 1764166407471.493652 1764166407472 1764166407479
39717 1002031924 1764166407504.839600 1764166407504 1764166407512
39718 1002065268 1764166407538.185547 1764166407538 1764166407545
39719 1002098612 1764166407571.531738 1764166407572 1764166407579
39720 1002131956 1764166407604.877686 1764166407604 1764166407612
39721 1002165300 1764166407638.223633 1764166407638 1764166407645
39722 1002198644 1764166407671.569824 1764166407672 1764166407679
39723 1002231988 1764166407704.915771 1764166407705 1764166407712
39724 1002265332 1764166407738.261719 1764166407739 1764166407746
39725 1002298676 1764166407771.607666 1764166407772 1764166407779
39726 1002332019 1764166407804.952637 1764166407805 1764166407812
39727 1002365363 1764166407838.298584 1764166407838 1764166407845
39728 1002398707 1764166407871.644531 1764166407872 1764166407879
39729 1002432051 1764166407904.990479 1764166407905 1764166407912
39730 1002465395 1764166407938.336426 1764166407938 1764166407945
39731 1002498739 1764166407971.682373 1764166407972 1764166407979
39732 1002532083 1764166408005.028320 1764166408005 1764166408012
39733 1002565427 1764166408038.374268 1764166408039 1764166408046
39734 1002598771 1764166408071.720215 1764166408071 1764166408079
39735 1002632115 1764166408105.066162 1764166408105 1764166408112
39736 1002665459 1764166408138.411865 1764166408139 1764166408146
39737 1002698803 1764166408171.757812 1764166408171 1764166408179
39738 1002732147 1764166408205.103760 1764166408205 1764166408212
39739 1002765490 1764166408238.448730 1764166408238 1764166408246
39740 1002798834 1764166408271.794434 1764166408271 1764166408279
39741 1002832178 1764166408305.140381 1764166408305 1764166408312
39742 1002865522 1764166408338.486084 1764166408339 1764166408346
39743 1002898866 1764166408371.832031 1764166408371 1764166408379
39744 1002932210 1764166408405.177734 1764166408405 1764166408412
39745 1002965554 1764166408438.523682 1764166408439 1764166408446
39746 1002998898 1764166408471.873535 1764166408471 1764166408479
39747 1003032242 1764166408505.223389 1764166408505 1764166408512
39748 1003065586 1764166408538.573242 1764166408539 1764166408546
39749 1003098930 1764166408571.923096 1764166408572 1764166408579
39750 1003132274 1764166408605.273193 1764166408605 1764166408612
39751 1003165618 1764166408638.623291 1764166408638 1764166408646
39752 1003198962 1764166408671.973145 1764166408672 1764166408679
39753 1003232305 1764166408705.322266 1764166408705 1764166408712
39754 1003265649 1764166408738.672607 1764166408739 1764166408746
39755 1003298993 1764166408772.022705 1764166408772 1764166408779
39756 1003332337 1764166408805.372803 1764166408805 1764166408812
39757 1003365681 1764166408838.723145 1764166408839 1764166408846
39758 1003399025 1764166408872.073486 1764166408872 1764166408879
39759 1003432369 1764166408905.423828 1764166408906 1764166408913
39760 1003465713 1764166408938.774170 1764166408938 1764166408946
39761 1003499057 1764166408972.124512 1764166408972 1764166408979
39762 1003532401 1764166409005.475098 1764166409006 1764166409013
39763 1003565745 1764166409038.825439 1764166409038 1764166409046
39764 1003599089 1764166409072.176025 1764166409072 1764166409079
39765 1003632433 1764166409105.526611 1764166409106 1764166409113
39766 1003665776 1764166409138.876221 1764166409138 1764166409146
39767 1003699120 1764166409172.226807 1764166409172 1764166409179
39768 1003732464 1764166409205.577393 1764166409206 1764166409213
39769 1003765808 1764166409238.928223 1764166409238 1764166409246
39770 1003799152 1764166409272.279053 1764166409272 1764166409279
39771 1003832496 1764166409305.629883 1764166409306 1764166409313
39772 1003865840 1764166409338.980713 1764166409338 1764166409346
39773 1003899184 1764166409372.331543 1764166409372 1764166409379
39774 1003932528 1764166409405.682373 1764166409406 1764166409413
39775 1003965872 1764166409439.033447 1764166409439 1764166409446
39776 1003999216 1764166409472.388916 1764166409472 1764166409479
39777 1004032560 1764166409505.744385 1764166409506 1764166409513
39778 1004065904 1764166409539.100098 1764166409539 1764166409546
39779 1004099247 1764166409572.454834 1764166409572 1764166409579
39780 1004132591 1764166409605.810547 1764166409606 1764166409613
39781 1004165935 1764166409639.166260 1764166409639 1764166409646
39782 1004199279 1764166409672.522217 1764166409673 1764166409680
39783 1004232623 1764166409705.878174 1764166409705 1764166409713
39784 1004265967 1764166409739.234131 1764166409739 1764166409746
39785 1004299311 1764166409772.590088 1764166409773 1764166409780
39786 1004332655 1764166409805.946289 1764166409805 1764166409813
39787 1004365999 1764166409839.302246 1764166409839 1764166409846
39788 1004399343 1764166409872.658447 1764166409873 1764166409880
39789 1004432687 1764166409906.014893 1764166409905 1764166409913
39790 1004466031 1764166409939.371094 1764166409939 1764166409946
39791 1004499375 1764166409972.727539 1764166409973 1764166409980
39792 1004532719 1764166410006.083740 1764166410005 1764166410013
39793 1004566062 1764166410039.439209 1764166410039 1764166410046
39794 1004599406 1764166410072.795898 1764166410073 1764166410080
39795 1004632750 1764166410106.152344 1764166410105 1764166410113
39796 1004666094 1764166410139.509033 1764166410139 1764166410146
39797 1004699438 1764166410172.865723 1764166410173 1764166410180
39798 1004732782 1764166410206.222412 1764166410206 1764166410213
39799 1004766126 1764166410239.579102 1764166410239 1764166410246
39800 1004799470 1764166410272.936035 1764166410273 1764166410280
39801 1004832814 1764166410306.292969 1764166410306 1764166410313
39802 1004866158 1764166410339.649902 1764166410339 1764166410346
39803 1004899502 1764166410373.006836 1764166410373 1764166410380
39804 1004932846 1764166410406.364014 1764166410406 1764166410413
39805 1004966190 1764166410439.720947 1764166410439 1764166410447
39806 1004999533 1764166410473.065674 1764166410473 1764166410480
39807 1005032877 1764166410506.411377 1764166410506 1764166410513
39808 1005066221 1764166410539.757080 1764166410540 1764166410547
39809 1005099565 1764166410573.102539 1764166410572 1764166410580
39810 1005132909 1764166410606.448242 1764166410606 1764166410613
39811 1005166253 1764166410639.793945 1764166410640 1764166410647
39812 1005199597 1764166410673.139404 1764166410672 1764166410680
39813 1005232941 1764166410706.485107 1764166410706 1764166410713
39814 1005266285 1764166410739.830566 1764166410740 1764166410747
39815 1005299629 1764166410773.176270 1764166410772 1764166410780
39816 1005332973 1764166410806.521729 1764166410806 1764166410813
39817 1005366317 1764166410839.867188 1764166410840 1764166410847
39818 1005399661 1764166410873.212891 1764166410872 1764166410880
39819 1005433004 1764166410906.557373 1764166410906 1764166410913
39820 1005466348 1764166410939.902832 1764166410940 1764166410947
39821 1005499692 1764166410973.248291 1764166410972 1764166410980
39822 1005533036 1764166411006.593994 1764166411006 1764166411013
39823 1005566380 1764166411039.939453 1764166411040 1764166411047
39824 1005599724 1764166411073.284912 1764166411073 1764166411080
39825 1005633068 1764166411106.630371 1764166411106 1764166411113
39826 1005666412 1764166411139.975830 1764166411140 1764166411147
39827 1005699756 1764166411173.321289 1764166411173 1764166411180
39828 1005733100 1764166411206.666504 1764166411206 1764166411213
39829 1005766444 1764166411240.011963 1764166411240 1764166411247
39830 1005799788 1764166411273.357422 1764166411273 1764166411280
39831 1005833132 1764166411306.702881 1764166411307 1764166411314
39832 1005866476 1764166411340.048340 1764166411340 1764166411347
39833 1005899819 1764166411373.392578 1764166411373 1764166411380
39834 1005933163 1764166411406.738037 1764166411407 1764166411414
39835 1005966507 1764166411440.083252 1764166411439 1764166411447
39836 1005999851 1764166411473.430176 1764166411473 1764166411480
39837 1006033195 1764166411506.777100 1764166411507 1764166411514
39838 1006066539 1764166411540.123779 1764166411539 1764166411547
39839 1006099883 1764166411573.470703 1764166411573 1764166411580
39840 1006133227 1764166411606.817383 1764166411607 1764166411614
39841 1006166571 1764166411640.164307 1764166411639 1764166411647
39842 1006199915 1764166411673.510986 1764166411673 1764166411680
39843 1006233259 1764166411706.857910 1764166411707 1764166411714
39844 1006266603 1764166411740.204590 1764166411739 1764166411747
39845 1006299947 1764166411773.551514 1764166411773 1764166411780
39846 1006333290 1764166411806.897217 1764166411807 1764166411814
39847 1006366634 1764166411840.244141 1764166411840 1764166411847
39848 1006399978 1764166411873.590820 1764166411873 1764166411880
39849 1006433322 1764166411906.937744 1764166411907 1764166411914
39850 1006466666 1764166411940.284424 1764166411940 1764166411947
39851 1006500010 1764166411973.631104 1764166411973 1764166411980
39852 1006533354 1764166412006.978027 1764166412007 1764166412014
39853 1006566698 1764166412040.324707 1764166412040 1764166412047
39854 1006600042 1764166412073.671387 1764166412074 1764166412081
39855 1006633386 1764166412107.018311 1764166412107 1764166412114
39856 1006666730 1764166412140.364990 1764166412140 1764166412147
39857 1006700074 1764166412173.711670 1764166412174 1764166412181
39858 1006733418 1764166412207.058594 1764166412207 1764166412214
39859 1006766761 1764166412240.404297 1764166412240 1764166412247
39860 1006800105 1764166412273.750977 1764166412274 1764166412281
39861 1006833449 1764166412307.097656 1764166412306 1764166412314
39862 1006866793 1764166412340.444336 1764166412340 1764166412347
39863 1006900137 1764166412373.791260 1764166412374 1764166412381
39864 1006933481 1764166412407.137939 1764166412406 1764166412414
39865 1006966825 1764166412440.484619 1764166412440 1764166412447
39866 1007000169 1764166412473.830811 1764166412474 1764166412481
39867 1007033513 1764166412507.177002 1764166412506 1764166412514
39868 1007066857 1764166412540.522949 1764166412540 1764166412547
39869 1007100201 1764166412573.869141 1764166412574 1764166412581
39870 1007133545 1764166412607.215332 1764166412606 1764166412614
39871 1007166889 1764166412640.561279 1764166412640 1764166412647
39872 1007200233 1764166412673.907471 1764166412674 1764166412681
39873 1007233576 1764166412707.252441 1764166412707 1764166412714
39874 1007266920 1764166412740.598633 1764166412740 1764166412747
39875 1007300264 1764166412773.944824 1764166412774 1764166412781
39876 1007333608 1764166412807.290771 1764166412807 1764166412814
39877 1007366952 1764166412840.636963 1764166412840 1764166412847
39878 1007400296 1764166412873.982910 1764166412874 1764166412881
39879 1007433640 1764166412907.329102 1764166412907 1764166412914
39880 1007466984 1764166412940.675049 1764166412941 1764166412948
39881 1007500328 1764166412974.021240 1764166412974 1764166412981
39882 1007533672 1764166413007.367188 1764166413007 1764166413014
39883 1007567016 1764166413040.713379 1764166413041 1764166413048
39884 1007600360 1764166413074.059326 1764166413073 1764166413081
39885 1007633704 1764166413107.405273 1764166413107 1764166413114
39886 1007667047 1764166413140.750488 1764166413141 1764166413148
39887 1007700391 1764166413174.096436 1764166413173 1764166413181
39888 1007733735 1764166413207.442627 1764166413207 1764166413214
39889 1007767079 1764166413240.788574 1764166413241 1764166413248
39890 1007800423 1764166413274.134521 1764166413273 1764166413281
39891 1007833767 1764166413307.480469 1764166413307 1764166413314
39892 1007867111 1764166413340.826660 1764166413341 1764166413348
39893 1007900455 1764166413374.172607 1764166413373 1764166413381
39894 1007933799 1764166413407.518555 1764166413407 1764166413414
39895 1007967143 1764166413440.864746 1764166413441 1764166413448
39896 1008000487 1764166413474.211914 1764166413474 1764166413481
39897 1008033831 1764166413507.559082 1764166413507 1764166413514
39898 1008067175 1764166413540.906250 1764166413541 1764166413548
39899 1008100518 1764166413574.252441 1764166413574 1764166413581
39900 1008133862 1764166413607.599609 1764166413607 1764166413614
39901 1008167206 1764166413640.946777 1764166413641 1764166413648
39902 1008200550 1764166413674.293945 1764166413674 1764166413681
39903 1008233894 1764166413707.641113 1764166413707 1764166413714
39904 1008267238 1764166413740.988281 1764166413741 1764166413748
39905 1008300582 1764166413774.335449 1764166413774 1764166413781
39906 1008333926 1764166413807.682617 1764166413808 1764166413815
39907 1008367270 1764166413841.029785 1764166413841 1764166413848
39908 1008400614 1764166413874.376953 1764166413874 1764166413881
39909 1008433958 1764166413907.724121 1764166413908 1764166413915
39910 1008467302 1764166413941.071289 1764166413940 1764166413948
39911 1008500646 1764166413974.418457 1764166413974 1764166413981
39912 1008533990 1764166414007.765625 1764166414008 1764166414015
39913 1008567333 1764166414041.111816 1764166414040 1764166414048
39914 1008600677 1764166414074.458984 1764166414074 1764166414081
39915 1008634021 1764166414107.806152 1764166414108 1764166414115
39916 1008667365 1764166414141.153320 1764166414140 1764166414148
39917 1008700709 1764166414174.500488 1764166414174 1764166414181
39918 1008734053 1764166414207.847656 1764166414208 1764166414215
39919 1008767397 1764166414241.194824 1764166414240 1764166414248
39920 1008800741 1764166414274.541992 1764166414274 1764166414281
39921 1008834085 1764166414307.889160 1764166414308 1764166414315
39922 1008867429 1764166414341.236328 1764166414341 1764166414348
39923 1008900773 1764166414374.583496 1764166414374 1764166414381
39924 1008934117 1764166414407.930664 1764166414408 1764166414415
39925 1008967461 1764166414441.277832 1764166414441 1764166414448
39926 1009000804 1764166414474.623047 1764166414474 1764166414481
39927 1009034148 1764166414507.968994 1764166414508 1764166414515
39928 1009067492 1764166414541.315186 1764166414541 1764166414548
39929 1009100836 1764166414574.661133 1764166414575 1764166414582
39930 1009134180 1764166414608.007324 1764166414607 1764166414615
39931 1009167524 1764166414641.353271 1764166414641 1764166414648
39932 1009200868 1764166414674.699219 1764166414675 1764166414682
39933 1009234212 1764166414708.045410 1764166414707 1764166414715
39934 1009267556 1764166414741.391357 1764166414741 1764166414748
39935 1009300900 1764166414774.737305 1764166414775 1764166414782
39936 1009334244 1764166414808.083252 1764166414807 1764166414815
39937 1009367588 1764166414841.429443 1764166414841 1764166414848
39938 1009400932 1764166414874.775391 1764166414875 1764166414882
39939 1009434275 1764166414908.120361 1764166414907 1764166414915
39940 1009467619 1764166414941.466309 1764166414941 1764166414948
39941 1009500963 1764166414974.812256 1764166414975 1764166414982
39942 1009534307 1764166415008.158203 1764166415007 1764166415015
39943 1009567651 1764166415041.504150 1764166415041 1764166415048
39944 1009600995 1764166415074.850098 1764166415075 1764166415082
39945 1009634339 1764166415108.196045 1764166415108 1764166415115
39946 1009667683 1764166415141.541992 1764166415141 1764166415148
39947 1009701027 1764166415174.887695 1764166415175 1764166415182
39948 1009734371 1764166415208.233643 1764166415208 1764166415215
39949 1009767715 1764166415241.579590 1764166415241 1764166415248
39950 1009801059 1764166415274.925537 1764166415275 1764166415282
39951 1009834403 1764166415308.271240 1764166415308 1764166415315
39952 1009867747 1764166415341.617188 1764166415341 1764166415348
39953 1009901090 1764166415374.961914 1764166415374 1764166415382
39954 1009934434 1764166415408.307861 1764166415408 1764166415415
39955 1009967778 1764166415441.653564 1764166415442 1764166415449
39956 1010001122 1764166415474.999268 1764166415474 1764166415482
39957 1010034466 1764166415508.344971 1764166415508 1764166415515
39958 1010067810 1764166415541.690430 1764166415542 1764166415549
39959 1010101154 1764166415575.036133 1764166415574 1764166415582
39960 1010134498 1764166415608.381592 1764166415608 1764166415615
39961 1010167842 1764166415641.727295 1764166415642 1764166415649
39962 1010201186 1764166415675.072754 1764166415674 1764166415682
39963 1010234530 1764166415708.418457 1764166415708 1764166415715
39964 1010267874 1764166415741.763916 1764166415742 1764166415749
39965 1010301218 1764166415775.109375 1764166415774 1764166415782
39966 1010334561 1764166415808.453857 1764166415808 1764166415815
39967 1010367905 1764166415841.799316 1764166415842 1764166415849
39968 1010401249 1764166415875.144775 1764166415874 1764166415882
39969 1010434593 1764166415908.490479 1764166415908 1764166415915
39970 1010467937 1764166415941.835938 1764166415942 1764166415949
39971 1010501281 1764166415975.181152 1764166415975 1764166415982
39972 1010534625 1764166416008.526611 1764166416008 1764166416015
39973 1010567969 1764166416041.872070 1764166416042 1764166416049
39974 1010601313 1764166416075.217529 1764166416075 1764166416082
39975 1010634657 1764166416108.562988 1764166416108 1764166416115
39976 1010668001 1764166416141.908447 1764166416142 1764166416149
39977 1010701345 1764166416175.253662 1764166416175 1764166416182
39978 1010734689 1764166416208.599121 1764166416209 1764166416216
39979 1010768032 1764166416241.943359 1764166416242 1764166416249
39980 1010801376 1764166416275.288818 1764166416275 1764166416282
39981 1010834720 1764166416308.634277 1764166416309 1764166416316
39982 1010868064 1764166416341.979492 1764166416342 1764166416349
39983 1010901408 1764166416375.324707 1764166416375 1764166416382
39984 1010934752 1764166416408.670166 1764166416409 1764166416416
39985 1010968096 1764166416442.015381 1764166416441 1764166416449
39986 1011001440 1764166416475.361572 1764166416475 1764166416482
39987 1011034784 1764166416508.707764 1764166416509 1764166416516
39988 1011068128 1764166416542.053955 1764166416541 1764166416549
39989 1011101472 1764166416575.400146 1764166416575 1764166416582
39990 1011134816 1764166416608.746338 1764166416609 1764166416616
39991 1011168160 1764166416642.092529 1764166416641 1764166416649
39992 1011201504 1764166416675.438721 1764166416675 1764166416682
39993 1011234847 1764166416708.783936 1764166416709 1764166416716
39994 1011268191 1764166416742.130127 1764166416742 1764166416749
39995 1011301535 1764166416775.476318 1764166416775 1764166416782
39996 1011334879 1764166416808.822510 1764166416809 1764166416816
39997 1011368223 1764166416842.168701 1764166416842 1764166416849
39998 1011401567 1764166416875.514648 1764166416875 1764166416882
39999 1011434911 1764166416908.860840 1764166416909 1764166416916
40000 1011468255 1764166416942.207031 1764166416942 1764166416949
40001 1011501599 1764166416975.552979 1764166416975 1764166416982
40002 1011534943 1764166417008.899170 1764166417009 1764166417016
40003 1011568287 1764166417042.245361 1764166417042 1764166417049
40004 1011601631 1764166417075.591309 1764166417076 1764166417083
40005 1011634975 1764166417108.937500 1764166417109 1764166417116
40006 1011668318 1764166417142.282471 1764166417143 1764166417150
40007 1011701662 1764166417175.628662 1764166417176 1764166417183
40008 1011735006 1764166417208.974609 1764166417208 1764166417216
40009 1011768350 1764166417242.320801 1764166417242 1764166417249
40010 1011801694 1764166417275.666748 1764166417276 1764166417283
40011 1011835038 1764166417309.012695 1764166417308 1764166417316
40012 1011868382 1764166417342.358887 1764166417342 1764166417349
40013 1011901726 1764166417375.704834 1764166417376 1764166417383
40014 1011935070 1764166417409.050781 1764166417408 1764166417416
40015 1011968414 1764166417442.396729 1764166417442 1764166417449
40016 1012001758 1764166417475.742432 1764166417476 1764166417483
40017 1012035102 1764166417509.087891 1764166417508 1764166417516
40018 1012068446 1764166417542.433350 1764166417542 1764166417549
40019 1012101789 1764166417575.777832 1764166417576 1764166417583
40020 1012135133 1764166417609.123291 1764166417609 1764166417616
40021 1012168477 1764166417642.468506 1764166417642 1764166417649
40022 1012201821 1764166417675.813965 1764166417676 1764166417683
40023 1012235165 1764166417709.159424 1764166417709 1764166417716
40024 1012268509 1764166417742.504883 1764166417742 1764166417749
40025 1012301853 1764166417775.850098 1764166417776 1764166417783
40026 1012335197 1764166417809.195557 1764166417809 1764166417816
40027 1012368541 1764166417842.541016 1764166417842 1764166417849
40028 1012401885 1764166417875.886230 1764166417876 1764166417883
40029 1012435229 1764166417909.231689 1764166417909 1764166417916
40030 1012468573 1764166417942.576904 1764166417943 1764166417950
40031 1012501917 1764166417975.922119 1764166417975 1764166417983
40032 1012535261 1764166418009.267578 1764166418009 1764166418016
40033 1012568604 1764166418042.611816 1764166418043 1764166418050
40034 1012601948 1764166418075.957031 1764166418075 1764166418083
40035 1012635292 1764166418109.302246 1764166418109 1764166418116
40036 1012668636 1764166418142.647461 1764166418143 1764166418150
40037 1012701980 1764166418175.992676 1764166418175 1764166418183
40038 1012735324 1764166418209.337891 1764166418209 1764166418216
40039 1012768668 1764166418242.683105 1764166418243 1764166418250
40040 1012802012 1764166418276.028320 1764166418275 1764166418283
40041 1012835356 1764166418309.373535 1764166418309 1764166418316
40042 1012868700 1764166418342.718750 1764166418343 1764166418350
40043 1012902044 1764166418376.063721 1764166418375 1764166418383
40044 1012935388 1764166418409.408936 1764166418409 1764166418416
40045 1012968732 1764166418442.754150 1764166418443 1764166418450
40046 1013002075 1764166418476.098877 1764166418476 1764166418483
40047 1013035419 1764166418509.444580 1764166418509 1764166418516
40048 1013068763 1764166418542.790283 1764166418543 1764166418550
40049 1013102107 1764166418576.135986 1764166418576 1764166418583
40050 1013135451 1764166418609.481689 1764166418609 1764166418616
40051 1013168795 1764166418642.827393 1764166418643 1764166418650
40052 1013202139 1764166418676.173096 1764166418676 1764166418683
40053 1013235483 1764166418709.518799 1764166418709 1764166418717
40054 1013268827 1764166418742.864502 1764166418743 1764166418750
40055 1013302171 1764166418776.210205 1764166418776 1764166418783
40056 1013335515 1764166418809.555908 1764166418810 1764166418817
40057 1013368859 1764166418842.901367 1764166418842 1764166418850
40058 1013402203 1764166418876.247070 1764166418876 1764166418883
40059 1013435546 1764166418909.591797 1764166418910 1764166418917
40060 1013468890 1764166418942.937500 1764166418942 1764166418950
40061 1013502234 1764166418976.282959 1764166418976 1764166418983
40062 1013535578 1764166419009.628662 1764166419010 1764166419017
40063 1013568922 1764166419042.974121 1764166419042 1764166419050
40064 1013602266 1764166419076.319824 1764166419076 1764166419083
40065 1013635610 1764166419109.665527 1764166419110 1764166419117
40066 1013668954 1764166419143.010986 1764166419142 1764166419150
40067 1013702298 1764166419176.356689 1764166419176 1764166419183
40068 1013735642 1764166419209.702148 1764166419210 1764166419217
40069 1013768986 1764166419243.047607 1764166419243 1764166419250
40070 1013802330 1764166419276.393311 1764166419276 1764166419283
40071 1013835674 1764166419309.738770 1764166419310 1764166419317
40072 1013869018 1764166419343.084229 1764166419343 1764166419350
40073 1013902361 1764166419376.428955 1764166419376 1764166419383
40074 1013935705 1764166419409.774414 1764166419410 1764166419417
40075 1013969049 1764166419443.119873 1764166419443 1764166419450
40076 1014002393 1764166419476.465820 1764166419476 1764166419483
40077 1014035737 1764166419509.811768 1764166419510 1764166419517
40078 1014069081 1764166419543.157715 1764166419543 1764166419550
40079 1014102425 1764166419576.503662 1764166419577 1764166419584
40080 1014135769 1764166419609.849609 1764166419610 1764166419617
40081 1014169113 1764166419643.195557 1764166419643 1764166419650
40082 1014202457 1764166419676.541504 1764166419677 1764166419684
40083 1014235801 1764166419709.887451 1764166419709 1764166419717
40084 1014269145 1764166419743.233398 1764166419743 1764166419750
40085 1014302489 1764166419776.579346 1764166419777 1764166419784
40086 1014335832 1764166419809.924072 1764166419809 1764166419817
40087 1014369176 1764166419843.270020 1764166419843 1764166419850
40088 1014402520 1764166419876.615967 1764166419877 1764166419884
40089 1014435864 1764166419909.961914 1764166419909 1764166419917
40090 1014469208 1764166419943.307617 1764166419943 1764166419950
40091 1014502552 1764166419976.653564 1764166419977 1764166419984
40092 1014535896 1764166420009.999512 1764166420009 1764166420017
40093 1014569240 1764166420043.345215 1764166420043 1764166420050
40094 1014602584 1764166420076.691162 1764166420077 1764166420084
40095 1014635928 1764166420110.037109 1764166420110 1764166420117
40096 1014669272 1764166420143.382812 1764166420143 1764166420150
40097 1014702616 1764166420176.728760 1764166420177 1764166420184
40098 1014735960 1764166420210.074463 1764166420210 1764166420217
40099 1014769303 1764166420243.419434 1764166420243 1764166420250
40100 1014802647 1764166420276.765137 1764166420277 1764166420284
40101 1014835991 1764166420310.110840 1764166420310 1764166420317
40102 1014869335 1764166420343.456787 1764166420344 1764166420351
40103 1014902679 1764166420376.802490 1764166420376 1764166420384
40104 1014936023 1764166420410.148438 1764166420410 1764166420417
40105 1014969367 1764166420443.494141 1764166420444 1764166420451
40106 1015002711 1764166420476.839600 1764166420476 1764166420484
40107 1015036055 1764166420510.185059 1764166420510 1764166420517
40108 1015069399 1764166420543.530518 1764166420544 1764166420551
40109 1015102743 1764166420576.875977 1764166420576 1764166420584
40110 1015136087 1764166420610.221436 1764166420610 1764166420617
40111 1015169431 1764166420643.566895 1764166420644 1764166420651
40112 1015202775 1764166420676.912354 1764166420676 1764166420684
40113 1015236118 1764166420710.256592 1764166420710 1764166420717
40114 1015269462 1764166420743.602051 1764166420744 1764166420751
40115 1015302806 1764166420776.947510 1764166420777 1764166420784
40116 1015336150 1764166420810.292725 1764166420810 1764166420817
40117 1015369494 1764166420843.638184 1764166420844 1764166420851
40118 1015402838 1764166420876.983398 1764166420877 1764166420884
40119 1015436182 1764166420910.328857 1764166420911 1764166420918
40120 1015469526 1764166420943.674072 1764166420944 1764166420951
40121 1015502870 1764166420977.019531 1764166420977 1764166420984
40122 1015536214 1764166421010.364746 1764166421010 1764166421017
40123 1015569558 1764166421043.709961 1764166421044 1764166421051
40124 1015602902 1764166421077.055420 1764166421077 1764166421084
40125 1015636246 1764166421110.400635 1764166421110 1764166421117
40126 1015669589 1764166421143.744873 1764166421144 1764166421151
40127 1015702933 1764166421177.090088 1764166421177 1764166421184
40128 1015736277 1764166421210.435303 1764166421211 1764166421218
40129 1015769621 1764166421243.780518 1764166421244 1764166421251
40130 1015802965 1764166421277.125732 1764166421277 1764166421284
40131 1015836309 1764166421310.470947 1764166421311 1764166421318
40132 1015869653 1764166421343.816162 1764166421343 1764166421351
40133 1015902997 1764166421377.161133 1764166421377 1764166421384
40134 1015936341 1764166421410.506348 1764166421411 1764166421418
40135 1015969685 1764166421443.851562 1764166421443 1764166421451
40136 1016003029 1764166421477.197266 1764166421477 1764166421484
40137 1016036373 1764166421510.542725 1764166421511 1764166421518
40138 1016069717 1764166421543.888428 1764166421543 1764166421551
40139 1016103060 1764166421577.232910 1764166421577 1764166421584
40141 1016169748 1764166421643.924072 1764166421644 1764166421651
40140 1016136404 1764166421610.578613 1764166421611 1764166421618
40142 1016203092 1764166421677.269531 1764166421677 1764166421684
40143 1016236436 1764166421710.615234 1764166421711 1764166421718
40144 1016269780 1764166421743.960693 1764166421744 1764166421751
40145 1016303124 1764166421777.306152 1764166421777 1764166421784
40146 1016336468 1764166421810.651611 1764166421811 1764166421818
40147 1016369812 1764166421843.997314 1764166421844 1764166421851
40148 1016403156 1764166421877.342773 1764166421877 1764166421884
40149 1016436500 1764166421910.688232 1764166421911 1764166421918
40150 1016469844 1764166421944.033691 1764166421944 1764166421951
40151 1016503188 1764166421977.379150 1764166421978 1764166421985
40152 1016536532 1764166422010.724609 1764166422011 1764166422018
40153 1016569875 1764166422044.068848 1764166422044 1764166422051
40154 1016603219 1764166422077.414307 1764166422078 1764166422085
40155 1016636563 1764166422110.759766 1764166422111 1764166422118
40156 1016669907 1764166422144.105225 1764166422144 1764166422151
40157 1016703251 1764166422177.450439 1764166422178 1764166422185
40158 1016736595 1764166422210.795898 1764166422210 1764166422218
40159 1016769939 1764166422244.141113 1764166422244 1764166422251
40160 1016803283 1764166422277.486572 1764166422278 1764166422285
40161 1016836627 1764166422310.831787 1764166422310 1764166422318
40162 1016869971 1764166422344.177246 1764166422344 1764166422351
40163 1016903315 1764166422377.522461 1764166422378 1764166422385
40164 1016936659 1764166422410.867920 1764166422410 1764166422418
40165 1016970003 1764166422444.213135 1764166422444 1764166422451
40166 1017003346 1764166422477.557617 1764166422478 1764166422485
40167 1017036690 1764166422510.903076 1764166422510 1764166422518
40168 1017070034 1764166422544.248779 1764166422544 1764166422551
40169 1017103378 1764166422577.594238 1764166422578 1764166422585
40170 1017136722 1764166422610.939697 1764166422611 1764166422618
40171 1017170066 1764166422644.285156 1764166422644 1764166422651
40172 1017203410 1764166422677.630615 1764166422678 1764166422685
40173 1017236754 1764166422710.976074 1764166422711 1764166422718
40174 1017270098 1764166422744.321533 1764166422744 1764166422751
40175 1017303442 1764166422777.666748 1764166422778 1764166422785
40176 1017336786 1764166422811.012207 1764166422811 1764166422818
40177 1017370130 1764166422844.357666 1764166422845 1764166422852
40178 1017403474 1764166422877.703125 1764166422877 1764166422885
40179 1017436817 1764166422911.047363 1764166422911 1764166422918
40180 1017470161 1764166422944.392822 1764166422945 1764166422952
40181 1017503505 1764166422977.738037 1764166422977 1764166422985
40182 1017536849 1764166423011.083496 1764166423011 1764166423018
40183 1017570193 1764166423044.428711 1764166423045 1764166423052
40184 1017603537 1764166423077.773926 1764166423077 1764166423085
40185 1017636881 1764166423111.119385 1764166423111 1764166423118
40186 1017670225 1764166423144.464600 1764166423145 1764166423152
40187 1017703569 1764166423177.809814 1764166423178 1764166423185
40188 1017736913 1764166423211.155273 1764166423211 1764166423218
40189 1017770257 1764166423244.500488 1764166423245 1764166423252
40190 1017803601 1764166423277.845703 1764166423277 1764166423285
40191 1017836945 1764166423311.190918 1764166423311 1764166423318
40192 1017870289 1764166423344.536133 1764166423345 1764166423352
40193 1017903632 1764166423377.880371 1764166423378 1764166423385
40194 1017936976 1764166423411.225586 1764166423411 1764166423418
40195 1017970320 1764166423444.570557 1764166423445 1764166423452
40196 1018003664 1764166423477.916260 1764166423478 1764166423485
40197 1018037008 1764166423511.261719 1764166423511 1764166423518
40198 1018070352 1764166423544.607178 1764166423545 1764166423552
40199 1018103696 1764166423577.952637 1764166423578 1764166423585
40200 1018137040 1764166423611.298096 1764166423612 1764166423619
40201 1018170384 1764166423644.643311 1764166423645 1764166423652
40202 1018203728 1764166423677.988770 1764166423678 1764166423685
40203 1018237072 1764166423711.334229 1764166423712 1764166423719
40204 1018270416 1764166423744.679688 1764166423745 1764166423752
40205 1018303760 1764166423778.024902 1764166423778 1764166423785
40206 1018337103 1764166423811.369385 1764166423812 1764166423819
40207 1018370447 1764166423844.714844 1764166423844 1764166423852
40208 1018403791 1764166423878.060059 1764166423878 1764166423885
40209 1018437135 1764166423911.405518 1764166423912 1764166423919
40210 1018470479 1764166423944.750732 1764166423944 1764166423952
40211 1018503823 1764166423978.095947 1764166423978 1764166423985
40212 1018537167 1764166424011.441406 1764166424012 1764166424019
40213 1018570511 1764166424044.786621 1764166424044 1764166424052
40214 1018603855 1764166424078.131836 1764166424078 1764166424085
40215 1018637199 1764166424111.477051 1764166424112 1764166424119
40216 1018670543 1764166424144.822510 1764166424144 1764166424152
40217 1018703887 1764166424178.167725 1764166424178 1764166424185
40218 1018737231 1764166424211.512939 1764166424212 1764166424219
40219 1018770574 1764166424244.857178 1764166424245 1764166424252
40220 1018803918 1764166424278.202148 1764166424278 1764166424285
40221 1018837262 1764166424311.547363 1764166424312 1764166424319
40222 1018870606 1764166424344.892578 1764166424345 1764166424352
40223 1018903950 1764166424378.237793 1764166424378 1764166424385
40224 1018937294 1764166424411.583008 1764166424412 1764166424419
40225 1018970638 1764166424444.927979 1764166424445 1764166424452
40226 1019003982 1764166424478.273926 1764166424479 1764166424486
40227 1019037326 1764166424511.619629 1764166424512 1764166424519
40228 1019070670 1764166424544.965332 1764166424545 1764166424552
40229 1019104014 1764166424578.311035 1764166424579 1764166424586
40230 1019137358 1764166424611.656738 1764166424611 1764166424619
40231 1019170702 1764166424645.002441 1764166424645 1764166424652
40232 1019204046 1764166424678.348145 1764166424679 1764166424686
40233 1019237389 1764166424711.692871 1764166424711 1764166424719
40234 1019270733 1764166424745.038574 1764166424745 1764166424752
40235 1019304077 1764166424778.384277 1764166424779 1764166424786
40236 1019337421 1764166424811.729980 1764166424811 1764166424819
40237 1019370765 1764166424845.075684 1764166424845 1764166424852
40238 1019404109 1764166424878.421387 1764166424879 1764166424886
40239 1019437453 1764166424911.767090 1764166424911 1764166424919
40240 1019470797 1764166424945.112549 1764166424945 1764166424952
40241 1019504141 1764166424978.458252 1764166424979 1764166424986
40242 1019537485 1764166425011.803955 1764166425012 1764166425019
40243 1019570829 1764166425045.149414 1764166425045 1764166425052
40244 1019604173 1764166425078.495117 1764166425079 1764166425086
40245 1019637517 1764166425111.840820 1764166425112 1764166425119
40246 1019670860 1764166425145.185303 1764166425145 1764166425152
40247 1019704204 1764166425178.531006 1764166425179 1764166425186
40248 1019737548 1764166425211.876465 1764166425212 1764166425219
40249 1019770892 1764166425245.221924 1764166425245 1764166425252
40250 1019804236 1764166425278.567627 1764166425279 1764166425286
40251 1019837580 1764166425311.913086 1764166425312 1764166425319
40252 1019870924 1764166425345.258789 1764166425346 1764166425353
40253 1019904268 1764166425378.604248 1764166425379 1764166425386
40254 1019937612 1764166425411.949707 1764166425412 1764166425419
40255 1019970956 1764166425445.295166 1764166425446 1764166425453
40256 1020004300 1764166425478.641113 1764166425478 1764166425486
40257 1020037644 1764166425511.994873 1764166425512 1764166425519
40258 1020070988 1764166425545.348633 1764166425546 1764166425553
40259 1020104331 1764166425578.701416 1764166425578 1764166425586
40260 1020137675 1764166425612.055420 1764166425612 1764166425619
40261 1020171019 1764166425645.409424 1764166425646 1764166425653
40262 1020204363 1764166425678.763672 1764166425678 1764166425686
40263 1020237707 1764166425712.117676 1764166425712 1764166425719
40264 1020271051 1764166425745.471924 1764166425746 1764166425753
40265 1020304395 1764166425778.826416 1764166425779 1764166425786
40266 1020337739 1764166425812.180664 1764166425812 1764166425819
40267 1020371083 1764166425845.535156 1764166425846 1764166425853
40268 1020404427 1764166425878.889648 1764166425879 1764166425886
40269 1020437771 1764166425912.244385 1764166425912 1764166425919
40270 1020471115 1764166425945.599121 1764166425946 1764166425953
40271 1020504459 1764166425978.953857 1764166425979 1764166425986
40272 1020537803 1764166426012.308594 1764166426012 1764166426019
40273 1020571146 1764166426045.662598 1764166426046 1764166426053
40274 1020604490 1764166426079.017578 1764166426079 1764166426086
40275 1020637834 1764166426112.372803 1764166426113 1764166426120
40276 1020671178 1764166426145.727783 1764166426146 1764166426153
40277 1020704522 1764166426179.083008 1764166426179 1764166426186
40278 1020737866 1764166426212.438477 1764166426213 1764166426220
40279 1020771210 1764166426245.793701 1764166426245 1764166426253
40280 1020804554 1764166426279.149170 1764166426279 1764166426286
40281 1020837898 1764166426312.504639 1764166426313 1764166426320
40282 1020871242 1764166426345.860352 1764166426345 1764166426353
40283 1020904586 1764166426379.216064 1764166426379 1764166426386
40284 1020937930 1764166426412.571777 1764166426413 1764166426421
40285 1020971274 1764166426445.927490 1764166426445 1764166426453
40286 1021004617 1764166426479.282227 1764166426480 1764166426487
40287 1021037961 1764166426512.628662 1764166426513 1764166426520
40288 1021071305 1764166426545.974854 1764166426545 1764166426553
40289 1021104649 1764166426579.321045 1764166426579 1764166426586
40290 1021137993 1764166426612.667236 1764166426613 1764166426620
40291 1021171337 1764166426646.013428 1764166426646 1764166426653
40292 1021204681 1764166426679.359619 1764166426679 1764166426686
40293 1021238025 1764166426712.705811 1764166426712 1764166426720
40294 1021271369 1764166426746.052002 1764166426746 1764166426753
40295 1021304713 1764166426779.398193 1764166426780 1764166426787
40296 1021338057 1764166426812.744385 1764166426812 1764166426820
40297 1021371401 1764166426846.090576 1764166426846 1764166426853
40298 1021404745 1764166426879.436523 1764166426879 1764166426886
40299 1021438088 1764166426912.781738 1764166426913 1764166426920
40300 1021471432 1764166426946.127930 1764166426946 1764166426953
40301 1021504776 1764166426979.474121 1764166426980 1764166426987
40302 1021538120 1764166427012.820312 1764166427013 1764166427020
40303 1021571464 1764166427046.166260 1764166427046 1764166427053
40304 1021604808 1764166427079.512451 1764166427080 1764166427087
40305 1021638152 1764166427112.858643 1764166427112 1764166427120
40306 1021671496 1764166427146.204590 1764166427146 1764166427153
40307 1021704840 1764166427179.550781 1764166427180 1764166427187
40308 1021738184 1764166427212.896973 1764166427212 1764166427220
40309 1021771528 1764166427246.242920 1764166427246 1764166427253
40310 1021804872 1764166427279.589111 1764166427280 1764166427287
40311 1021838216 1764166427312.935059 1764166427312 1764166427320
40312 1021871560 1764166427346.281250 1764166427346 1764166427353
40313 1021904903 1764166427379.626221 1764166427380 1764166427387
40314 1021938247 1764166427412.972412 1764166427413 1764166427420
40315 1021971591 1764166427446.318359 1764166427446 1764166427453
40316 1022004935 1764166427479.664551 1764166427479 1764166427487
40317 1022038279 1764166427513.011475 1764166427513 1764166427520
40318 1022071623 1764166427546.358398 1764166427546 1764166427553
40319 1022104967 1764166427579.705566 1764166427580 1764166427587
40320 1022138311 1764166427613.052490 1764166427613 1764166427620
40321 1022171655 1764166427646.399414 1764166427646 1764166427653
40322 1022204999 1764166427679.746582 1764166427680 1764166427687
40323 1022238343 1764166427713.093506 1764166427713 1764166427720
40324 1022271687 1764166427746.440674 1764166427747 1764166427754
40325 1022305031 1764166427779.787598 1764166427780 1764166427787
40326 1022338374 1764166427813.133789 1764166427813 1764166427820
40327 1022371718 1764166427846.480713 1764166427847 1764166427854
40328 1022405062 1764166427879.827881 1764166427879 1764166427887
40329 1022438406 1764166427913.174805 1764166427913 1764166427920
40330 1022471750 1764166427946.521973 1764166427947 1764166427954
40331 1022505094 1764166427979.868896 1764166427979 1764166427987
40332 1022538438 1764166428013.216064 1764166428013 1764166428020
40333 1022571782 1764166428046.562988 1764166428047 1764166428054
40334 1022605126 1764166428079.910156 1764166428079 1764166428087
40335 1022638470 1764166428113.257324 1764166428113 1764166428120
40336 1022671814 1764166428146.604248 1764166428147 1764166428154
40337 1022705158 1764166428179.951416 1764166428179 1764166428187
40338 1022738502 1764166428213.298340 1764166428213 1764166428220
40339 1022771845 1764166428246.644531 1764166428247 1764166428254
40340 1022805189 1764166428279.991699 1764166428280 1764166428287
40341 1022838533 1764166428313.338623 1764166428313 1764166428320
40342 1022871877 1764166428346.685791 1764166428347 1764166428354
40343 1022905221 1764166428380.032959 1764166428380 1764166428387
40344 1022938565 1764166428413.380127 1764166428413 1764166428420
40345 1022971909 1764166428446.727051 1764166428446 1764166428454
40346 1023005253 1764166428480.074219 1764166428480 1764166428487
40347 1023038597 1764166428513.420898 1764166428513 1764166428520
40348 1023071941 1764166428546.767578 1764166428547 1764166428554
40349 1023105285 1764166428580.114502 1764166428580 1764166428587
40350 1023138629 1764166428613.461182 1764166428614 1764166428621
40351 1023171973 1764166428646.807861 1764166428647 1764166428654
40352 1023205317 1764166428680.154541 1764166428680 1764166428687
40353 1023238660 1764166428713.500244 1764166428714 1764166428721
40354 1023272004 1764166428746.846924 1764166428746 1764166428754
40355 1023305348 1764166428780.193604 1764166428780 1764166428787
40356 1023338692 1764166428813.540527 1764166428814 1764166428821
40357 1023372036 1764166428846.887207 1764166428846 1764166428854
40358 1023405380 1764166428880.233887 1764166428880 1764166428887
40359 1023438724 1764166428913.580566 1764166428913 1764166428922
40360 1023472068 1764166428946.927246 1764166428946 1764166428954
40361 1023505412 1764166428980.273926 1764166428980 1764166428987
40362 1023538756 1764166429013.620605 1764166429014 1764166429021
40363 1023572100 1764166429046.967285 1764166429046 1764166429054
40364 1023605444 1764166429080.313965 1764166429080 1764166429087
40365 1023638788 1764166429113.660645 1764166429114 1764166429121
40366 1023672131 1764166429147.006348 1764166429147 1764166429154
40367 1023705475 1764166429180.353027 1764166429180 1764166429187
40368 1023738819 1764166429213.699707 1764166429214 1764166429221
40369 1023772163 1764166429247.046387 1764166429247 1764166429254
40370 1023805507 1764166429280.393066 1764166429280 1764166429287
40371 1023838851 1764166429313.739746 1764166429314 1764166429321
40372 1023872195 1764166429347.086426 1764166429348 1764166429355
40373 1023905539 1764166429380.433105 1764166429381 1764166429388
40374 1023938883 1764166429413.779785 1764166429414 1764166429421
40375 1023972227 1764166429447.126465 1764166429447 1764166429454
40376 1024005571 1764166429480.473145 1764166429481 1764166429488
40377 1024038915 1764166429513.820312 1764166429513 1764166429521
40378 1024072259 1764166429547.167480 1764166429547 1764166429554
40379 1024105602 1764166429580.513672 1764166429581 1764166429588
40380 1024138946 1764166429613.861084 1764166429613 1764166429621
40381 1024172290 1764166429647.208252 1764166429647 1764166429654
40382 1024205634 1764166429680.555664 1764166429681 1764166429688
40383 1024238978 1764166429713.902832 1764166429713 1764166429721
40384 1024272322 1764166429747.250244 1764166429747 1764166429754
40385 1024305666 1764166429780.597412 1764166429781 1764166429788
40386 1024339010 1764166429813.944824 1764166429813 1764166429821
40387 1024372354 1764166429847.291992 1764166429847 1764166429854
40388 1024405698 1764166429880.639404 1764166429881 1764166429888
40389 1024439042 1764166429913.986816 1764166429913 1764166429921
40390 1024472386 1764166429947.333984 1764166429947 1764166429954
40391 1024505730 1764166429980.681396 1764166429981 1764166429988
40392 1024539074 1764166430014.028809 1764166430014 1764166430021
40393 1024572417 1764166430047.375000 1764166430047 1764166430054
40394 1024605761 1764166430080.722412 1764166430081 1764166430088
40395 1024639105 1764166430114.069824 1764166430114 1764166430121
40396 1024672449 1764166430147.417236 1764166430147 1764166430154
40397 1024705793 1764166430180.764404 1764166430181 1764166430188
40398 1024739137 1764166430214.111816 1764166430214 1764166430221
40399 1024772481 1764166430247.459229 1764166430248 1764166430255
40400 1024805825 1764166430280.806641 1764166430281 1764166430288
40401 1024839169 1764166430314.154053 1764166430315 1764166430322
40402 1024872513 1764166430347.501465 1764166430348 1764166430355
40403 1024905857 1764166430380.848877 1764166430380 1764166430388
40404 1024939201 1764166430414.196289 1764166430414 1764166430421
40405 1024972545 1764166430447.543701 1764166430448 1764166430455
40406 1025005888 1764166430480.890137 1764166430480 1764166430488
40407 1025039232 1764166430514.237793 1764166430514 1764166430521
40408 1025072576 1764166430547.585205 1764166430548 1764166430555
40409 1025105920 1764166430580.932861 1764166430580 1764166430588
40410 1025139264 1764166430614.280518 1764166430614 1764166430621
40411 1025172608 1764166430647.627930 1764166430648 1764166430655
40412 1025205952 1764166430680.975586 1764166430680 1764166430688
40413 1025239296 1764166430714.323242 1764166430714 1764166430721
40414 1025272640 1764166430747.670898 1764166430748 1764166430755
40415 1025305984 1764166430781.018311 1764166430781 1764166430788
40416 1025339328 1764166430814.365967 1764166430814 1764166430821
40417 1025372672 1764166430847.713623 1764166430848 1764166430855
40418 1025406016 1764166430881.061279 1764166430881 1764166430888
40419 1025439359 1764166430914.407959 1764166430914 1764166430921
40420 1025472703 1764166430947.755615 1764166430948 1764166430955
40421 1025506047 1764166430981.103271 1764166430981 1764166430988
40422 1025539391 1764166431014.450928 1764166431014 1764166431021
40423 1025572735 1764166431047.798584 1764166431048 1764166431055
40424 1025606079 1764166431081.146240 1764166431081 1764166431088
40425 1025639423 1764166431114.493896 1764166431115 1764166431122
40426 1025672767 1764166431147.841553 1764166431148 1764166431155
40427 1025706111 1764166431181.189209 1764166431181 1764166431188
40428 1025739455 1764166431214.536865 1764166431215 1764166431222
40429 1025772799 1764166431247.884521 1764166431247 1764166431255
40430 1025806143 1764166431281.232178 1764166431281 1764166431288
40431 1025839487 1764166431314.580078 1764166431315 1764166431322
40432 1025872831 1764166431347.927734 1764166431347 1764166431355
40433 1025906174 1764166431381.274414 1764166431381 1764166431388
40434 1025939518 1764166431414.622070 1764166431415 1764166431422
40435 1025972862 1764166431447.969727 1764166431447 1764166431455
40436 1026006206 1764166431481.317627 1764166431481 1764166431488
40437 1026039550 1764166431514.664307 1764166431515 1764166431522
40438 1026072894 1764166431548.011230 1764166431547 1764166431555
40439 1026106238 1764166431581.358154 1764166431581 1764166431588
40440 1026139582 1764166431614.704834 1764166431615 1764166431622
40441 1026172926 1764166431648.051758 1764166431648 1764166431655
40442 1026206270 1764166431681.398682 1764166431681 1764166431688
40443 1026239614 1764166431714.745361 1764166431715 1764166431722
40444 1026272958 1764166431748.092285 1764166431748 1764166431755
40445 1026306302 1764166431781.439209 1764166431781 1764166431788
40446 1026339645 1764166431814.784912 1764166431815 1764166431822
40447 1026372989 1764166431848.131836 1764166431848 1764166431855
40448 1026406333 1764166431881.478516 1764166431882 1764166431889
40449 1026439677 1764166431914.825439 1764166431915 1764166431922
40450 1026473021 1764166431948.172363 1764166431948 1764166431955
40451 1026506365 1764166431981.519043 1764166431982 1764166431989
40452 1026539709 1764166432014.865967 1764166432014 1764166432022
40453 1026573053 1764166432048.212891 1764166432048 1764166432055
40454 1026606397 1764166432081.559570 1764166432082 1764166432089
40455 1026639741 1764166432114.906494 1764166432114 1764166432122
40456 1026673085 1764166432148.253174 1764166432148 1764166432155
40457 1026706429 1764166432181.600098 1764166432182 1764166432189
40458 1026739773 1764166432214.947021 1764166432214 1764166432222
40459 1026773116 1764166432248.292725 1764166432248 1764166432255
40460 1026806460 1764166432281.639648 1764166432282 1764166432289
40461 1026839804 1764166432314.986328 1764166432314 1764166432322
40462 1026873148 1764166432348.333252 1764166432348 1764166432355
40463 1026906492 1764166432381.679932 1764166432382 1764166432389
40464 1026939836 1764166432415.026855 1764166432415 1764166432422
40465 1026973180 1764166432448.373535 1764166432448 1764166432455
40466 1027006524 1764166432481.720459 1764166432482 1764166432489
40467 1027039868 1764166432515.067383 1764166432515 1764166432522
40468 1027073212 1764166432548.414307 1764166432548 1764166432555
40469 1027106556 1764166432581.761230 1764166432582 1764166432589
40470 1027139900 1764166432615.108154 1764166432615 1764166432622
40471 1027173244 1764166432648.455078 1764166432648 1764166432655
40472 1027206588 1764166432681.802002 1764166432681 1764166432689
40473 1027239931 1764166432715.147949 1764166432715 1764166432722
40474 1027273275 1764166432748.494873 1764166432749 1764166432756
40475 1027306619 1764166432781.841797 1764166432782 1764166432789
40476 1027339963 1764166432815.188721 1764166432815 1764166432822
40477 1027373307 1764166432848.535645 1764166432849 1764166432856
40478 1027406651 1764166432881.882568 1764166432881 1764166432889
40479 1027439995 1764166432915.229492 1764166432915 1764166432922
40480 1027473339 1764166432948.576416 1764166432949 1764166432956
40481 1027506683 1764166432981.923340 1764166432981 1764166432989
40482 1027540027 1764166433015.270264 1764166433015 1764166433022
40483 1027573371 1764166433048.617432 1764166433049 1764166433056
40484 1027606715 1764166433081.964355 1764166433081 1764166433089
40485 1027640059 1764166433115.311279 1764166433115 1764166433122
40486 1027673402 1764166433148.657227 1764166433149 1764166433156
40487 1027706746 1764166433182.004150 1764166433182 1764166433189
40488 1027740090 1764166433215.351074 1764166433216 1764166433223
40489 1027773434 1764166433248.697998 1764166433249 1764166433256
40490 1027806778 1764166433282.044922 1764166433282 1764166433289
40491 1027840122 1764166433315.391846 1764166433316 1764166433323
40492 1027873466 1764166433348.739014 1764166433349 1764166433356
40493 1027906810 1764166433382.085938 1764166433382 1764166433389
40494 1027940154 1764166433415.432861 1764166433415 1764166433422
40495 1027973498 1764166433448.779785 1764166433449 1764166433456
40496 1028006842 1764166433482.126709 1764166433482 1764166433489
40497 1028040186 1764166433515.473389 1764166433516 1764166433523
40498 1028073530 1764166433548.820068 1764166433549 1764166433556
40499 1028106873 1764166433582.165771 1764166433582 1764166433589
40500 1028140217 1764166433615.512451 1764166433616 1764166433623
40501 1028173561 1764166433648.859131 1764166433649 1764166433656
40502 1028206905 1764166433682.205811 1764166433682 1764166433689
40503 1028240249 1764166433715.552490 1764166433716 1764166433723
40504 1028273593 1764166433748.899170 1764166433748 1764166433756
40505 1028306937 1764166433782.245850 1764166433782 1764166433789
40506 1028340281 1764166433815.592529 1764166433816 1764166433823
40507 1028373625 1764166433848.939209 1764166433848 1764166433856
40508 1028406969 1764166433882.285889 1764166433882 1764166433889
40509 1028440313 1764166433915.632568 1764166433916 1764166433923
40510 1028473657 1764166433948.979248 1764166433948 1764166433956
40511 1028507001 1764166433982.325928 1764166433982 1764166433989
40512 1028540345 1764166434015.672363 1764166434016 1764166434023
40513 1028573688 1764166434049.018066 1764166434048 1764166434056
40514 1028607032 1764166434082.364746 1764166434082 1764166434089
40515 1028640376 1764166434115.711426 1764166434116 1764166434123
40516 1028673720 1764166434149.058105 1764166434149 1764166434156
40517 1028707064 1764166434182.404785 1764166434182 1764166434189
40518 1028740408 1764166434215.751465 1764166434216 1764166434223
40519 1028773752 1764166434249.097900 1764166434249 1764166434256
40520 1028807096 1764166434282.444580 1764166434282 1764166434289
40521 1028840440 1764166434315.791260 1764166434315 1764166434323
40522 1028873784 1764166434349.137939 1764166434349 1764166434356
40523 1028907128 1764166434382.484619 1764166434383 1764166434390
40524 1028940472 1764166434415.831055 1764166434416 1764166434423
40525 1028973816 1764166434449.177734 1764166434449 1764166434456
40526 1029007159 1764166434482.523438 1764166434483 1764166434490
40527 1029040503 1764166434515.894043 1764166434515 1764166434523
40528 1029073847 1764166434549.264648 1764166434549 1764166434556
40529 1029107191 1764166434582.635498 1764166434583 1764166434590
40530 1029140535 1764166434616.006592 1764166434615 1764166434623
40531 1029173879 1764166434649.377686 1764166434650 1764166434657
40532 1029207223 1764166434682.749023 1764166434683 1764166434690
40533 1029240567 1764166434716.120361 1764166434715 1764166434723
40534 1029273911 1764166434749.491943 1764166434749 1764166434756
40535 1029307255 1764166434782.863770 1764166434783 1764166434790
40536 1029340599 1764166434816.235840 1764166434815 1764166434823
40537 1029373943 1764166434849.607666 1764166434849 1764166434856
40538 1029407287 1764166434882.979980 1764166434883 1764166434890
40539 1029440630 1764166434916.351318 1764166434916 1764166434923
40540 1029473974 1764166434949.723877 1764166434949 1764166434956
40541 1029507318 1764166434983.096436 1764166434983 1764166434990
40542 1029540662 1764166435016.469238 1764166435016 1764166435023
40543 1029574006 1764166435049.842285 1764166435049 1764166435056
40544 1029607350 1764166435083.215332 1764166435083 1764166435090
40545 1029640694 1764166435116.588623 1764166435116 1764166435123
40546 1029674038 1764166435149.962158 1764166435150 1764166435157
40547 1029707382 1764166435183.335693 1764166435183 1764166435190
40548 1029740726 1764166435216.709473 1764166435216 1764166435223
40549 1029774070 1764166435250.083252 1764166435250 1764166435257
40550 1029807414 1764166435283.457275 1764166435282 1764166435290
40551 1029840758 1764166435316.831299 1764166435316 1764166435323
40552 1029874102 1764166435350.205811 1764166435350 1764166435357
40553 1029907445 1764166435383.579102 1764166435382 1764166435390
40554 1029940789 1764166435416.953857 1764166435416 1764166435423
40555 1029974133 1764166435450.328613 1764166435450 1764166435457
40556 1030007477 1764166435483.703369 1764166435482 1764166435490
40557 1030040821 1764166435517.047607 1764166435516 1764166435523
40558 1030074165 1764166435550.391846 1764166435550 1764166435557
40559 1030107509 1764166435583.736084 1764166435582 1764166435590
40560 1030140853 1764166435617.080322 1764166435616 1764166435623
40561 1030174197 1764166435650.424316 1764166435650 1764166435657
40562 1030207541 1764166435683.768555 1764166435683 1764166435690
40563 1030240885 1764166435717.112549 1764166435716 1764166435723
40564 1030274229 1764166435750.456787 1764166435750 1764166435757
40565 1030307573 1764166435783.800781 1764166435783 1764166435790
40566 1030340916 1764166435817.143799 1764166435816 1764166435823
40567 1030374260 1764166435850.488037 1764166435850 1764166435857
40568 1030407604 1764166435883.832031 1764166435883 1764166435890
40569 1030440948 1764166435917.176025 1764166435916 1764166435924
40570 1030474292 1764166435950.520020 1764166435950 1764166435957
40571 1030507636 1764166435983.863770 1764166435983 1764166435990
40572 1030540980 1764166436017.207764 1764166436017 1764166436024
40573 1030574324 1764166436050.551758 1764166436049 1764166436057
40574 1030607668 1764166436083.895508 1764166436083 1764166436090
40575 1030641012 1764166436117.239258 1764166436117 1764166436124
40576 1030674356 1764166436150.583252 1764166436149 1764166436157
40577 1030707700 1764166436183.927002 1764166436183 1764166436190
40578 1030741044 1764166436217.270752 1764166436217 1764166436224
40579 1030774387 1764166436250.613525 1764166436249 1764166436257
40580 1030807731 1764166436283.957275 1764166436283 1764166436290
40581 1030841075 1764166436317.301025 1764166436317 1764166436324
40582 1030874419 1764166436350.644531 1764166436349 1764166436357
40583 1030907763 1764166436383.988281 1764166436383 1764166436390
40584 1030941107 1764166436417.331787 1764166436417 1764166436424
40585 1030974451 1764166436450.675537 1764166436449 1764166436457
40586 1031007795 1764166436484.019043 1764166436483 1764166436490
40587 1031041139 1764166436517.363525 1764166436517 1764166436524
40588 1031074483 1764166436550.707764 1764166436550 1764166436557
40589 1031107827 1764166436584.052002 1764166436583 1764166436590
40590 1031141171 1764166436617.396240 1764166436617 1764166436624
40591 1031174515 1764166436650.740479 1764166436650 1764166436657
40592 1031207859 1764166436684.084717 1764166436683 1764166436690
40593 1031241202 1764166436717.427734 1764166436717 1764166436724
40594 1031274546 1764166436750.771973 1764166436750 1764166436757
40595 1031307890 1764166436784.115967 1764166436783 1764166436790
40596 1031341234 1764166436817.460205 1764166436817 1764166436824
40597 1031374578 1764166436850.804199 1764166436850 1764166436857
40598 1031407922 1764166436884.148193 1764166436884 1764166436891
40599 1031441266 1764166436917.492188 1764166436916 1764166436924
40600 1031474610 1764166436950.836182 1764166436950 1764166436957
40601 1031507954 1764166436984.180176 1764166436984 1764166436991
40602 1031541298 1764166437017.524170 1764166437016 1764166437024
40603 1031574642 1764166437050.867920 1764166437050 1764166437057
40604 1031607986 1764166437084.211914 1764166437084 1764166437091
40605 1031641330 1764166437117.555664 1764166437116 1764166437124
40606 1031674673 1764166437150.898682 1764166437150 1764166437157
40607 1031708017 1764166437184.242432 1764166437184 1764166437191
40608 1031741361 1764166437217.586182 1764166437216 1764166437224
40609 1031774705 1764166437250.929932 1764166437250 1764166437257
40610 1031808049 1764166437284.273682 1764166437284 1764166437291
40611 1031841393 1764166437317.617432 1764166437316 1764166437324
40612 1031874737 1764166437350.961182 1764166437350 1764166437357
40613 1031908081 1764166437384.304932 1764166437384 1764166437391
40614 1031941425 1764166437417.648438 1764166437417 1764166437424
40615 1031974769 1764166437450.992188 1764166437450 1764166437457
40616 1032008113 1764166437484.335693 1764166437484 1764166437491
40617 1032041457 1764166437517.679688 1764166437517 1764166437524
40618 1032074801 1764166437551.023682 1764166437550 1764166437557
40619 1032108144 1764166437584.366455 1764166437584 1764166437591
40620 1032141488 1764166437617.710449 1764166437617 1764166437624
40621 1032174832 1764166437651.054199 1764166437651 1764166437658
40622 1032208176 1764166437684.397949 1764166437684 1764166437692
40623 1032241520 1764166437717.741699 1764166437717 1764166437725
40624 1032274864 1764166437751.085449 1764166437751 1764166437758
40625 1032308208 1764166437784.429199 1764166437783 1764166437791
40626 1032341552 1764166437817.772949 1764166437817 1764166437824
40627 1032374896 1764166437851.116699 1764166437851 1764166437858
40628 1032408240 1764166437884.460205 1764166437883 1764166437891
40629 1032441584 1764166437917.803955 1764166437917 1764166437924
40630 1032474928 1764166437951.147461 1764166437951 1764166437958
40631 1032508272 1764166437984.491211 1764166437983 1764166437991
40632 1032541616 1764166438017.834717 1764166438017 1764166438024
40633 1032574959 1764166438051.177246 1764166438051 1764166438058
40634 1032608303 1764166438084.520752 1764166438083 1764166438091
40635 1032641647 1764166438117.864258 1764166438117 1764166438124
40636 1032674991 1764166438151.207520 1764166438151 1764166438158
40637 1032708335 1764166438184.551025 1764166438184 1764166438191
40638 1032741679 1764166438217.894287 1764166438217 1764166438224
40639 1032775023 1764166438251.237793 1764166438250 1764166438258
40640 1032808367 1764166438284.581055 1764166438284 1764166438291
40641 1032841711 1764166438317.924316 1764166438317 1764166438324
40642 1032875055 1764166438351.267822 1764166438350 1764166438358
40643 1032908399 1764166438384.611084 1764166438384 1764166438391
40644 1032941743 1764166438417.954102 1764166438417 1764166438424
40645 1032975087 1764166438451.297363 1764166438451 1764166438458
40646 1033008430 1764166438484.639648 1764166438484 1764166438491
40647 1033041774 1764166438517.983643 1764166438518 1764166438525
40648 1033075118 1764166438551.327637 1764166438550 1764166438558
40649 1033108462 1764166438584.671631 1764166438584 1764166438591
40650 1033141806 1764166438618.015625 1764166438618 1764166438625
40651 1033175150 1764166438651.359619 1764166438650 1764166438658
40652 1033208494 1764166438684.703613 1764166438684 1764166438691
40653 1033241838 1764166438718.047363 1764166438718 1764166438725
40654 1033275182 1764166438751.391357 1764166438750 1764166438758
40655 1033308526 1764166438784.735107 1764166438784 1764166438791
40656 1033341870 1764166438818.078857 1764166438818 1764166438825
40657 1033375214 1764166438851.422607 1764166438850 1764166438858
40658 1033408558 1764166438884.766357 1764166438884 1764166438891
40659 1033441901 1764166438918.109131 1764166438918 1764166438925
40660 1033475245 1764166438951.452881 1764166438950 1764166438958
40661 1033508589 1764166438984.796631 1764166438984 1764166438991
40662 1033541933 1764166439018.140137 1764166439018 1764166439025
40663 1033575277 1764166439051.483887 1764166439051 1764166439060
40664 1033608621 1764166439084.827393 1764166439084 1764166439091
40665 1033641965 1764166439118.171143 1764166439118 1764166439125
40666 1033675309 1764166439151.514648 1764166439151 1764166439158
40667 1033708653 1764166439184.858154 1764166439184 1764166439191
40668 1033741997 1764166439218.201660 1764166439218 1764166439225
40669 1033775341 1764166439251.545166 1764166439251 1764166439258
40670 1033808685 1764166439284.888672 1764166439285 1764166439292
40671 1033842029 1764166439318.231934 1764166439318 1764166439325
40672 1033875373 1764166439351.575439 1764166439351 1764166439358
40673 1033908716 1764166439384.917725 1764166439385 1764166439392
40674 1033942060 1764166439418.261230 1764166439417 1764166439425
40675 1033975404 1764166439451.604492 1764166439451 1764166439458
40676 1034008748 1764166439484.947754 1764166439485 1764166439492
40677 1034042092 1764166439518.292236 1764166439517 1764166439525
40678 1034075436 1764166439551.636719 1764166439551 1764166439558
40679 1034108780 1764166439584.981201 1764166439585 1764166439592
40680 1034142124 1764166439618.325684 1764166439617 1764166439625
40681 1034175468 1764166439651.670166 1764166439651 1764166439658
40682 1034208812 1764166439685.014648 1764166439685 1764166439692
40683 1034242156 1764166439718.358887 1764166439717 1764166439725
40684 1034275500 1764166439751.703369 1764166439752 1764166439761
40685 1034308844 1764166439785.047607 1764166439785 1764166439792
40686 1034342187 1764166439818.390869 1764166439818 1764166439825
40687 1034375531 1764166439851.735352 1764166439851 1764166439858
40688 1034408875 1764166439885.079590 1764166439885 1764166439892
40689 1034442219 1764166439918.423828 1764166439918 1764166439925
40690 1034475563 1764166439951.768066 1764166439951 1764166439958
40691 1034508907 1764166439985.112061 1764166439985 1764166439992
40692 1034542251 1764166440018.456299 1764166440018 1764166440025
40693 1034575595 1764166440051.800537 1764166440051 1764166440058
40694 1034608939 1764166440085.144531 1764166440085 1764166440092
40695 1034642283 1764166440118.488770 1764166440118 1764166440125
40696 1034675627 1764166440151.832764 1764166440152 1764166440159
40697 1034708971 1764166440185.176758 1764166440184 1764166440192
40698 1034742315 1764166440218.520996 1764166440218 1764166440225
40699 1034775658 1764166440251.864014 1764166440252 1764166440259
40700 1034809002 1764166440285.208008 1764166440284 1764166440292
40701 1034842346 1764166440318.552002 1764166440318 1764166440325
40702 1034875690 1764166440351.895752 1764166440352 1764166440359
40703 1034909034 1764166440385.239746 1764166440384 1764166440392
40704 1034942378 1764166440418.583740 1764166440418 1764166440425
40705 1034975722 1764166440451.927490 1764166440452 1764166440459
40706 1035009066 1764166440485.271484 1764166440484 1764166440492
40707 1035042410 1764166440518.615479 1764166440518 1764166440525
40708 1035075754 1764166440551.959473 1764166440552 1764166440559
40709 1035109098 1764166440585.303467 1764166440584 1764166440592
40710 1035142442 1764166440618.647217 1764166440618 1764166440625
40711 1035175786 1764166440651.991211 1764166440652 1764166440659
40712 1035209130 1764166440685.335205 1764166440685 1764166440692
40713 1035242473 1764166440718.677979 1764166440718 1764166440725
40714 1035275817 1764166440752.021729 1764166440752 1764166440759
