63786 1804853606 1764167210259.853516 1764167210259 1764167210267
63787 1804886950 1764167210293.200439 1764167210293 1764167210300
63788 1804920294 1764167210326.547363 1764167210327 1764167210334
63789 1804953638 1764167210359.894287 1764167210359 1764167210367
63790 1804986982 1764167210393.241211 1764167210393 1764167210400
63791 1805020326 1764167210426.587891 1764167210427 1764167210434
63792 1805053670 1764167210459.934814 1764167210459 1764167210467
63793 1805087014 1764167210493.281738 1764167210494 1764167210501
63794 1805120358 1764167210526.628662 1764167210527 1764167210534
63795 1805153702 1764167210559.975586 1764167210559 1764167210567
63796 1805187046 1764167210593.322510 1764167210593 1764167210600
63797 1805220390 1764167210626.669189 1764167210627 1764167210634
63798 1805253733 1764167210660.015137 1764167210660 1764167210667
63799 1805287077 1764167210693.362061 1764167210693 1764167210700
63800 1805320421 1764167210726.708984 1764167210727 1764167210734
63801 1805353765 1764167210760.055664 1764167210760 1764167210767
63802 1805387109 1764167210793.402588 1764167210794 1764167210801
63803 1805420453 1764167210826.749512 1764167210827 1764167210834
63804 1805453797 1764167210860.096436 1764167210860 1764167210867
63805 1805487141 1764167210893.443359 1764167210894 1764167210901
63806 1805520485 1764167210926.790039 1764167210927 1764167210934
63807 1805553829 1764167210960.136963 1764167210960 1764167210967
63808 1805587173 1764167210993.483887 1764167210994 1764167211001
63809 1805620517 1764167211026.830811 1764167211026 1764167211034
63810 1805653861 1764167211060.179443 1764167211060 1764167211067
63811 1805687204 1764167211093.527100 1764167211094 1764167211101
63812 1805720548 1764167211126.875977 1764167211126 1764167211134
63813 1805753892 1764167211160.224609 1764167211160 1764167211167
63814 1805787236 1764167211193.573242 1764167211194 1764167211201
63815 1805820580 1764167211226.922119 1764167211226 1764167211234
63816 1805853924 1764167211260.270752 1764167211260 1764167211267
63817 1805887268 1764167211293.619629 1764167211294 1764167211301
63818 1805920612 1764167211326.968262 1764167211326 1764167211334
63819 1805953956 1764167211360.317139 1764167211360 1764167211367
63820 1805987300 1764167211393.665771 1764167211394 1764167211401
63821 1806020644 1764167211427.014648 1764167211427 1764167211434
63822 1806053988 1764167211460.363525 1764167211460 1764167211467
63823 1806087332 1764167211493.712402 1764167211494 1764167211501
63824 1806120676 1764167211527.061035 1764167211527 1764167211534
63825 1806154019 1764167211560.408936 1764167211560 1764167211567
63826 1806187363 1764167211593.757812 1764167211594 1764167211601
63827 1806220707 1764167211627.106689 1764167211627 1764167211634
63828 1806254051 1764167211660.455566 1764167211661 1764167211668
63829 1806287395 1764167211693.804443 1764167211694 1764167211701
63830 1806320739 1764167211727.153320 1764167211727 1764167211734
63831 1806354083 1764167211760.502197 1764167211761 1764167211768
63832 1806387427 1764167211793.851074 1764167211793 1764167211801
63833 1806420771 1764167211827.200195 1764167211827 1764167211834
63834 1806454115 1764167211860.549072 1764167211861 1764167211868
63835 1806487459 1764167211893.897949 1764167211893 1764167211901
63836 1806520803 1764167211927.246826 1764167211927 1764167211934
63837 1806554147 1764167211960.595947 1764167211961 1764167211968
63838 1806587490 1764167211993.943848 1764167211993 1764167212001
63839 1806620834 1764167212027.292969 1764167212027 1764167212034
63840 1806654178 1764167212060.639404 1764167212061 1764167212068
63841 1806687522 1764167212093.986084 1764167212093 1764167212101
63842 1806720866 1764167212127.332520 1764167212127 1764167212134
63843 1806754210 1764167212160.678955 1764167212161 1764167212168
63844 1806787554 1764167212194.025635 1764167212194 1764167212201
63845 1806820898 1764167212227.372070 1764167212228 1764167212238
63846 1806854242 1764167212260.718750 1764167212261 1764167212268
63847 1806887586 1764167212294.065186 1764167212294 1764167212301
63848 1806920930 1764167212327.411621 1764167212327 1764167212334
63849 1806954274 1764167212360.758301 1764167212361 1764167212368
63850 1806987618 1764167212394.104736 1764167212394 1764167212401
63851 1807020961 1764167212427.450195 1764167212427 1764167212434
63852 1807054305 1764167212460.796875 1764167212461 1764167212468
63853 1807087649 1764167212494.143311 1764167212494 1764167212501
63854 1807120993 1764167212527.489746 1764167212527 1764167212535
63855 1807154337 1764167212560.836182 1764167212561 1764167212568
63856 1807187681 1764167212594.182861 1764167212594 1764167212601
63857 1807221025 1764167212627.529297 1764167212628 1764167212635
63858 1807254369 1764167212660.875732 1764167212660 1764167212668
63859 1807287713 1764167212694.222168 1764167212694 1764167212701
63860 1807321057 1764167212727.568604 1764167212728 1764167212735
63861 1807354401 1764167212760.915283 1764167212760 1764167212768
63862 1807387745 1764167212794.261719 1764167212794 1764167212801
63863 1807421089 1764167212827.608154 1764167212828 1764167212835
63864 1807454433 1764167212860.954590 1764167212860 1764167212868
63865 1807487776 1764167212894.300049 1764167212894 1764167212901
63866 1807521120 1764167212927.646484 1764167212928 1764167212935
63867 1807554464 1764167212960.992920 1764167212960 1764167212968
63868 1807587808 1764167212994.339355 1764167212994 1764167213001
63869 1807621152 1764167213027.685791 1764167213028 1764167213035
63870 1807654496 1764167213061.032715 1764167213061 1764167213068
63871 1807687840 1764167213094.379639 1764167213094 1764167213101
63872 1807721184 1764167213127.726562 1764167213128 1764167213135
63873 1807754528 1764167213161.073486 1764167213161 1764167213168
63874 1807787872 1764167213194.420410 1764167213194 1764167213201
63875 1807821216 1764167213227.767334 1764167213228 1764167213235
63876 1807854560 1764167213261.114258 1764167213261 1764167213268
63877 1807887904 1764167213294.461182 1764167213294 1764167213301
63878 1807921247 1764167213327.807129 1764167213328 1764167213335
63879 1807954591 1764167213361.154053 1764167213361 1764167213368
63880 1807987935 1764167213394.500977 1764167213395 1764167213402
63881 1808021279 1764167213427.847900 1764167213428 1764167213435
63882 1808054623 1764167213461.194824 1764167213461 1764167213468
63883 1808087967 1764167213494.541748 1764167213495 1764167213502
63884 1808121311 1764167213527.888672 1764167213527 1764167213535
63885 1808154655 1764167213561.235596 1764167213561 1764167213568
63886 1808187999 1764167213594.582275 1764167213595 1764167213602
63887 1808221343 1764167213627.929199 1764167213627 1764167213635
63888 1808254687 1764167213661.276123 1764167213661 1764167213668
63889 1808288031 1764167213694.623047 1764167213695 1764167213702
63890 1808321375 1764167213727.969971 1764167213727 1764167213735
63891 1808354718 1764167213761.315918 1764167213761 1764167213768
63892 1808388062 1764167213794.662842 1764167213795 1764167213802
63893 1808421406 1764167213828.009766 1764167213827 1764167213835
63894 1808454750 1764167213861.356689 1764167213861 1764167213868
63895 1808488094 1764167213894.703369 1764167213895 1764167213902
63896 1808521438 1764167213928.050293 1764167213928 1764167213935
63897 1808554782 1764167213961.397217 1764167213961 1764167213968
63898 1808588126 1764167213994.744141 1764167213995 1764167214002
63899 1808621470 1764167214028.091064 1764167214028 1764167214035
63900 1808654814 1764167214061.438965 1764167214061 1764167214068
63901 1808688158 1764167214094.786865 1764167214095 1764167214102
63902 1808721502 1764167214128.134766 1764167214128 1764167214135
63903 1808754846 1764167214161.482666 1764167214162 1764167214169
63904 1808788190 1764167214194.830811 1764167214195 1764167214202
63905 1808821533 1764167214228.177734 1764167214228 1764167214235
63906 1808854877 1764167214261.525635 1764167214262 1764167214269
63907 1808888221 1764167214294.873535 1764167214294 1764167214302
63908 1808921565 1764167214328.221680 1764167214328 1764167214335
63909 1808954909 1764167214361.569580 1764167214362 1764167214369
63910 1808988253 1764167214394.917480 1764167214394 1764167214402
63911 1809021597 1764167214428.265625 1764167214428 1764167214435
63912 1809054941 1764167214461.613525 1764167214462 1764167214469
63913 1809088285 1764167214494.961426 1764167214494 1764167214502
63914 1809121629 1764167214528.309570 1764167214528 1764167214535
63915 1809154973 1764167214561.657471 1764167214562 1764167214569
63916 1809188317 1764167214595.005615 1764167214594 1764167214602
63917 1809221661 1764167214628.353516 1764167214628 1764167214635
63918 1809255004 1764167214661.700684 1764167214662 1764167214669
63919 1809288348 1764167214695.048584 1764167214694 1764167214702
63920 1809321692 1764167214728.396729 1764167214728 1764167214735
63921 1809355036 1764167214761.744629 1764167214762 1764167214769
63922 1809388380 1764167214795.092773 1764167214795 1764167214802
63923 1809421724 1764167214828.440918 1764167214828 1764167214835
63924 1809455068 1764167214861.788818 1764167214862 1764167214869
63925 1809488412 1764167214895.136963 1764167214895 1764167214902
63926 1809521756 1764167214928.485107 1764167214928 1764167214935
63927 1809555100 1764167214961.833252 1764167214962 1764167214969
63928 1809588444 1764167214995.181152 1764167214995 1764167215002
63929 1809621788 1764167215028.529297 1764167215029 1764167215036
63930 1809655132 1764167215061.875732 1764167215062 1764167215069
63931 1809688475 1764167215095.220947 1764167215095 1764167215102
63932 1809721819 1764167215128.567383 1764167215129 1764167215136
63933 1809755163 1764167215161.913574 1764167215161 1764167215169
63934 1809788507 1764167215195.260010 1764167215195 1764167215202
63935 1809821851 1764167215228.606445 1764167215229 1764167215236
63936 1809855195 1764167215261.952637 1764167215261 1764167215269
63937 1809888539 1764167215295.299072 1764167215295 1764167215302
63938 1809921883 1764167215328.645264 1764167215329 1764167215336
63939 1809955227 1764167215361.991455 1764167215361 1764167215369
63940 1809988571 1764167215395.337891 1764167215395 1764167215402
63941 1810021915 1764167215428.684082 1764167215429 1764167215436
63942 1810055259 1764167215462.030518 1764167215461 1764167215469
63943 1810088603 1764167215495.376709 1764167215495 1764167215502
63944 1810121947 1764167215528.722900 1764167215529 1764167215536
63945 1810155290 1764167215562.068115 1764167215562 1764167215569
63946 1810188634 1764167215595.414551 1764167215595 1764167215602
63947 1810221978 1764167215628.760742 1764167215629 1764167215636
63948 1810255322 1764167215662.106934 1764167215662 1764167215669
63949 1810288666 1764167215695.453125 1764167215695 1764167215702
63950 1810322010 1764167215728.799561 1764167215729 1764167215736
63951 1810355354 1764167215762.145752 1764167215762 1764167215769
63952 1810388698 1764167215795.491943 1764167215796 1764167215803
63953 1810422042 1764167215828.838135 1764167215829 1764167215836
63954 1810455386 1764167215862.184326 1764167215862 1764167215869
63955 1810488730 1764167215895.530518 1764167215896 1764167215903
63956 1810522074 1764167215928.876709 1764167215928 1764167215936
63957 1810555418 1764167215962.222900 1764167215962 1764167215969
63958 1810588761 1764167215995.568115 1764167215996 1764167216003
63959 1810622105 1764167216028.914307 1764167216028 1764167216036
63960 1810655449 1764167216062.260986 1764167216062 1764167216069
63961 1810688793 1764167216095.607422 1764167216096 1764167216103
63962 1810722137 1764167216128.954102 1764167216128 1764167216136
63963 1810755481 1764167216162.300537 1764167216162 1764167216169
63964 1810788825 1764167216195.647217 1764167216196 1764167216203
63965 1810822169 1764167216228.993652 1764167216228 1764167216236
63966 1810855513 1764167216262.340332 1764167216262 1764167216269
63967 1810888857 1764167216295.686768 1764167216296 1764167216303
63968 1810922201 1764167216329.033447 1764167216328 1764167216336
63969 1810955545 1764167216362.379883 1764167216362 1764167216369
63970 1810988889 1764167216395.726562 1764167216396 1764167216403
63971 1811022232 1764167216429.072021 1764167216429 1764167216436
63972 1811055576 1764167216462.418701 1764167216462 1764167216469
63973 1811088920 1764167216495.765137 1764167216495 1764167216503
63974 1811122264 1764167216529.111572 1764167216529 1764167216536
63975 1811155608 1764167216562.458252 1764167216562 1764167216569
63976 1811188952 1764167216595.804688 1764167216596 1764167216603
63977 1811222296 1764167216629.151123 1764167216629 1764167216636
63978 1811255640 1764167216662.497803 1764167216663 1764167216670
63979 1811288984 1764167216695.844238 1764167216696 1764167216703
63980 1811322328 1764167216729.190674 1764167216729 1764167216736
63981 1811355672 1764167216762.537354 1764167216763 1764167216770
63982 1811389016 1764167216795.883789 1764167216795 1764167216803
63983 1811422360 1764167216829.230225 1764167216829 1764167216836
63984 1811455704 1764167216862.576660 1764167216863 1764167216870
63985 1811489047 1764167216895.922119 1764167216895 1764167216903
63986 1811522391 1764167216929.268799 1764167216929 1764167216936
63987 1811555735 1764167216962.615234 1764167216963 1764167216970
63988 1811589079 1764167216995.961670 1764167216995 1764167217003
63989 1811622423 1764167217029.308105 1764167217029 1764167217036
63990 1811655767 1764167217062.659668 1764167217063 1764167217070
63991 1811689111 1764167217096.011230 1764167217095 1764167217103
63992 1811722455 1764167217129.362793 1764167217129 1764167217136
63993 1811755799 1764167217162.714355 1764167217163 1764167217170
63994 1811789143 1764167217196.066162 1764167217196 1764167217203
63995 1811822487 1764167217229.417725 1764167217229 1764167217236
63996 1811855831 1764167217262.769531 1764167217263 1764167217270
63997 1811889175 1764167217296.121094 1764167217296 1764167217303
63998 1811922518 1764167217329.471924 1764167217329 1764167217336
63999 1811955862 1764167217362.823730 1764167217363 1764167217370
64000 1811989206 1764167217396.175537 1764167217396 1764167217403
64001 1812022550 1764167217429.527344 1764167217429 1764167217436
64002 1812055894 1764167217462.879150 1764167217463 1764167217470
64003 1812089238 1764167217496.231201 1764167217496 1764167217503
64004 1812122582 1764167217529.583008 1764167217530 1764167217537
64005 1812155926 1764167217562.935059 1764167217562 1764167217570
64006 1812189270 1764167217596.286865 1764167217596 1764167217603
64007 1812222614 1764167217629.638916 1764167217630 1764167217637
64008 1812255958 1764167217662.990967 1764167217662 1764167217670
64009 1812289302 1764167217696.343018 1764167217696 1764167217703
64010 1812322646 1764167217729.695068 1764167217730 1764167217737
64011 1812355989 1764167217763.046143 1764167217762 1764167217770
64012 1812389333 1764167217796.398438 1764167217796 1764167217803
64013 1812422677 1764167217829.750488 1764167217830 1764167217837
64014 1812456021 1764167217863.102783 1764167217862 1764167217870
64015 1812489365 1764167217896.455078 1764167217896 1764167217903
64016 1812522709 1764167217929.807129 1764167217930 1764167217937
64017 1812556053 1764167217963.159424 1764167217962 1764167217970
64018 1812589397 1764167217996.511719 1764167217996 1764167218003
64019 1812622741 1764167218029.864014 1764167218030 1764167218037
64020 1812656085 1764167218063.210205 1764167218063 1764167218070
64021 1812689429 1764167218096.556396 1764167218096 1764167218103
64022 1812722773 1764167218129.902344 1764167218130 1764167218137
64023 1812756117 1764167218163.248535 1764167218163 1764167218170
64024 1812789461 1764167218196.594482 1764167218196 1764167218203
64025 1812822804 1764167218229.939697 1764167218230 1764167218237
64026 1812856148 1764167218263.285645 1764167218263 1764167218270
64027 1812889492 1764167218296.631592 1764167218297 1764167218304
64028 1812922836 1764167218329.977783 1764167218330 1764167218337
64029 1812956180 1764167218363.323730 1764167218363 1764167218370
64030 1812989524 1764167218396.669922 1764167218397 1764167218404
64031 1813022868 1764167218430.015869 1764167218429 1764167218437
64032 1813056212 1764167218463.361816 1764167218463 1764167218470
64033 1813089556 1764167218496.707764 1764167218497 1764167218504
64034 1813122900 1764167218530.053711 1764167218529 1764167218537
64035 1813156244 1764167218563.399902 1764167218563 1764167218570
64036 1813189588 1764167218596.745850 1764167218597 1764167218604
64037 1813222932 1764167218630.091797 1764167218629 1764167218637
64038 1813256275 1764167218663.436768 1764167218663 1764167218670
64039 1813289619 1764167218696.782715 1764167218697 1764167218704
64040 1813322963 1764167218730.128662 1764167218729 1764167218737
64041 1813356307 1764167218763.474609 1764167218763 1764167218770
64042 1813389651 1764167218796.820557 1764167218797 1764167218804
64043 1813422995 1764167218830.166504 1764167218830 1764167218837
64044 1813456339 1764167218863.512451 1764167218863 1764167218870
64045 1813489683 1764167218896.858154 1764167218897 1764167218904
64046 1813523027 1764167218930.204102 1764167218931 1764167218938
64047 1813556371 1764167218963.550049 1764167218963 1764167218970
64048 1813589715 1764167218996.895996 1764167218997 1764167219004
64049 1813623059 1764167219030.241943 1764167219030 1764167219037
64050 1813656403 1764167219063.587646 1764167219063 1764167219070
64051 1813689746 1764167219096.932373 1764167219097 1764167219104
64052 1813723090 1764167219130.278320 1764167219130 1764167219137
64053 1813756434 1764167219163.624023 1764167219163 1764167219171
64054 1813789778 1764167219196.969727 1764167219196 1764167219204
64055 1813823122 1764167219230.315674 1764167219230 1764167219237
64056 1813856466 1764167219263.661377 1764167219264 1764167219271
64057 1813889810 1764167219297.007080 1764167219296 1764167219304
64058 1813923154 1764167219330.352783 1764167219330 1764167219337
64059 1813956498 1764167219363.698486 1764167219364 1764167219371
64060 1813989842 1764167219397.044189 1764167219396 1764167219404
64061 1814023186 1764167219430.389893 1764167219430 1764167219437
64062 1814056530 1764167219463.735596 1764167219464 1764167219471
64063 1814089874 1764167219497.081299 1764167219496 1764167219504
64064 1814123218 1764167219530.427002 1764167219530 1764167219537
64065 1814156561 1764167219563.771729 1764167219564 1764167219571
64066 1814189905 1764167219597.117432 1764167219596 1764167219604
64067 1814223249 1764167219630.462891 1764167219630 1764167219637
64068 1814256593 1764167219663.808594 1764167219664 1764167219671
64069 1814289937 1764167219697.154297 1764167219697 1764167219704
64070 1814323281 1764167219730.500000 1764167219731 1764167219738
64071 1814356625 1764167219763.845459 1764167219764 1764167219771
64072 1814389969 1764167219797.191162 1764167219797 1764167219804
64073 1814423313 1764167219830.536621 1764167219830 1764167219837
64074 1814456657 1764167219863.882324 1764167219863 1764167219872
64075 1814490001 1764167219897.227783 1764167219897 1764167219904
64076 1814523345 1764167219930.573486 1764167219931 1764167219938
64077 1814556689 1764167219963.918945 1764167219964 1764167219971
64078 1814590032 1764167219997.263428 1764167219998 1764167220005
64079 1814623376 1764167220030.609131 1764167220031 1764167220038
64080 1814656720 1764167220063.954834 1764167220063 1764167220071
64081 1814690064 1764167220097.300781 1764167220097 1764167220104
64082 1814723408 1764167220130.646729 1764167220131 1764167220138
64083 1814756752 1764167220163.992676 1764167220163 1764167220171
64084 1814790096 1764167220197.338379 1764167220197 1764167220204
64085 1814823440 1764167220230.684326 1764167220230 1764167220238
64086 1814856784 1764167220264.030273 1764167220263 1764167220271
64087 1814890128 1764167220297.375977 1764167220297 1764167220304
64088 1814923472 1764167220330.721924 1764167220331 1764167220338
64089 1814956816 1764167220364.067627 1764167220363 1764167220371
64090 1814990160 1764167220397.413574 1764167220398 1764167220405
64091 1815023503 1764167220430.758301 1764167220431 1764167220438
64092 1815056847 1764167220464.104248 1764167220463 1764167220471
64093 1815090191 1764167220497.449951 1764167220497 1764167220504
64094 1815123535 1764167220530.795654 1764167220531 1764167220538
64095 1815156879 1764167220564.141602 1764167220564 1764167220571
64096 1815190223 1764167220597.487305 1764167220597 1764167220604
64097 1815223567 1764167220630.833008 1764167220631 1764167220638
64098 1815256911 1764167220664.178711 1764167220664 1764167220671
64099 1815290255 1764167220697.524658 1764167220698 1764167220705
64100 1815323599 1764167220730.870361 1764167220731 1764167220738
64101 1815356943 1764167220764.216064 1764167220764 1764167220771
64102 1815390287 1764167220797.561768 1764167220798 1764167220805
64103 1815423631 1764167220830.907471 1764167220831 1764167220838
64104 1815456975 1764167220864.253174 1764167220864 1764167220871
64105 1815490318 1764167220897.597900 1764167220898 1764167220905
64106 1815523662 1764167220930.943604 1764167220930 1764167220938
64107 1815557006 1764167220964.289307 1764167220964 1764167220971
64108 1815590350 1764167220997.635010 1764167220998 1764167221005
64109 1815623694 1764167221030.980713 1764167221030 1764167221038
64110 1815657038 1764167221064.326416 1764167221065 1764167221072
64111 1815690382 1764167221097.672363 1764167221098 1764167221105
64112 1815723726 1764167221131.018311 1764167221130 1764167221138
64113 1815757070 1764167221164.364258 1764167221164 1764167221171
64114 1815790414 1764167221197.710205 1764167221198 1764167221205
64115 1815823758 1764167221231.055908 1764167221230 1764167221238
64116 1815857102 1764167221264.401855 1764167221264 1764167221271
64117 1815890446 1764167221297.747559 1764167221298 1764167221305
64118 1815923789 1764167221331.092529 1764167221331 1764167221338
64119 1815957133 1764167221364.438477 1764167221364 1764167221371
64120 1815990477 1764167221397.784180 1764167221398 1764167221405
64121 1816023821 1764167221431.130127 1764167221431 1764167221438
64122 1816057165 1764167221464.475830 1764167221464 1764167221471
64123 1816090509 1764167221497.821533 1764167221498 1764167221505
64124 1816123853 1764167221531.167480 1764167221531 1764167221538
64125 1816157197 1764167221564.513184 1764167221565 1764167221572
64126 1816190541 1764167221597.858887 1764167221597 1764167221605
64127 1816223885 1764167221631.204834 1764167221631 1764167221638
64128 1816257229 1764167221664.550537 1764167221665 1764167221672
64129 1816290573 1764167221697.896240 1764167221698 1764167221705
64130 1816323917 1764167221731.241943 1764167221731 1764167221738
64131 1816357260 1764167221764.586670 1764167221765 1764167221772
64132 1816390604 1764167221797.932373 1764167221797 1764167221805
64133 1816423948 1764167221831.278320 1764167221831 1764167221838
64134 1816457292 1764167221864.624023 1764167221865 1764167221872
64135 1816490636 1764167221897.969727 1764167221897 1764167221905
64136 1816523980 1764167221931.315430 1764167221931 1764167221938
64137 1816557324 1764167221964.660889 1764167221965 1764167221972
64138 1816590668 1764167221998.006592 1764167221997 1764167222005
64139 1816624012 1764167222031.352295 1764167222031 1764167222038
64140 1816657356 1764167222064.698486 1764167222065 1764167222072
64141 1816690700 1764167222098.044678 1764167222097 1764167222105
64142 1816724044 1764167222131.390869 1764167222131 1764167222138
64143 1816757388 1764167222164.737061 1764167222165 1764167222172
64144 1816790732 1764167222198.083252 1764167222198 1764167222205
64145 1816824075 1764167222231.428467 1764167222231 1764167222238
64146 1816857419 1764167222264.774658 1764167222265 1764167222272
64147 1816890763 1764167222298.120605 1764167222298 1764167222305
64148 1816924107 1764167222331.466797 1764167222331 1764167222338
64149 1816957451 1764167222364.812988 1764167222365 1764167222372
64150 1816990795 1764167222398.159180 1764167222398 1764167222405
64151 1817024139 1764167222431.505127 1764167222432 1764167222439
64152 1817057483 1764167222464.851318 1764167222465 1764167222472
64153 1817090827 1764167222498.197510 1764167222498 1764167222505
64154 1817124171 1764167222531.543457 1764167222532 1764167222539
64155 1817157515 1764167222564.889648 1764167222564 1764167222572
64156 1817190859 1764167222598.235840 1764167222598 1764167222605
64157 1817224203 1764167222631.581787 1764167222632 1764167222639
64158 1817257546 1764167222664.926758 1764167222664 1764167222672
64159 1817290890 1764167222698.272949 1764167222698 1764167222705
64160 1817324234 1764167222731.618896 1764167222732 1764167222739
64161 1817357578 1764167222764.965088 1764167222764 1764167222772
64162 1817390922 1764167222798.311035 1764167222798 1764167222805
64163 1817424266 1764167222831.657227 1764167222832 1764167222839
64164 1817457610 1764167222865.003174 1764167222864 1764167222872
64165 1817490954 1764167222898.349121 1764167222898 1764167222905
64166 1817524298 1764167222931.695312 1764167222932 1764167222939
64167 1817557642 1764167222965.041260 1764167222965 1764167222972
64168 1817590986 1764167222998.387207 1764167222998 1764167223005
64169 1817624330 1764167223031.733154 1764167223032 1764167223039
64170 1817657674 1764167223065.079102 1764167223065 1764167223072
64171 1817691017 1764167223098.424072 1764167223098 1764167223105
64172 1817724361 1764167223131.770020 1764167223131 1764167223139
64173 1817757705 1764167223165.115723 1764167223165 1764167223172
64174 1817791049 1764167223198.461670 1764167223198 1764167223205
64175 1817824393 1764167223231.807617 1764167223232 1764167223239
64176 1817857737 1764167223265.153320 1764167223265 1764167223272
64177 1817891081 1764167223298.499268 1764167223299 1764167223306
64178 1817924425 1764167223331.844971 1764167223331 1764167223339
64179 1817957769 1764167223365.190918 1764167223365 1764167223372
64180 1817991113 1764167223398.536621 1764167223399 1764167223406
64181 1818024457 1764167223431.882568 1764167223431 1764167223439
64182 1818057801 1764167223465.228271 1764167223465 1764167223472
64183 1818091145 1764167223498.574219 1764167223499 1764167223506
64184 1818124489 1764167223531.919922 1764167223531 1764167223539
64185 1818157832 1764167223565.264648 1764167223565 1764167223572
64186 1818191176 1764167223598.610352 1764167223598 1764167223606
64187 1818224520 1764167223631.956055 1764167223631 1764167223639
64188 1818257864 1764167223665.302002 1764167223665 1764167223672
64189 1818291208 1764167223698.647705 1764167223699 1764167223706
64190 1818324552 1764167223731.993408 1764167223731 1764167223739
64191 1818357896 1764167223765.339111 1764167223765 1764167223772
64192 1818391240 1764167223798.684814 1764167223799 1764167223806
64193 1818424584 1764167223832.030518 1764167223832 1764167223839
64194 1818457928 1764167223865.376221 1764167223865 1764167223872
64195 1818491272 1764167223898.721924 1764167223899 1764167223906
64196 1818524616 1764167223932.067627 1764167223932 1764167223939
64197 1818557960 1764167223965.413330 1764167223965 1764167223972
64198 1818591303 1764167223998.757812 1764167223999 1764167224006
64199 1818624647 1764167224032.103516 1764167224032 1764167224039
64200 1818657991 1764167224065.450195 1764167224066 1764167224073
64201 1818691335 1764167224098.797119 1764167224099 1764167224106
64202 1818724679 1764167224132.143799 1764167224132 1764167224139
64203 1818758023 1764167224165.490723 1764167224166 1764167224173
64204 1818791367 1764167224198.837402 1764167224198 1764167224206
64205 1818824711 1764167224232.184326 1764167224232 1764167224242
64206 1818858055 1764167224265.531006 1764167224266 1764167224273
64207 1818891399 1764167224298.877930 1764167224298 1764167224306
64208 1818924743 1764167224332.224609 1764167224332 1764167224339
64209 1818958087 1764167224365.571533 1764167224366 1764167224373
64210 1818991431 1764167224398.918213 1764167224398 1764167224406
64211 1819024774 1764167224432.264160 1764167224432 1764167224439
64212 1819058118 1764167224465.610840 1764167224466 1764167224473
64213 1819091462 1764167224498.957764 1764167224498 1764167224506
64214 1819124806 1764167224532.304443 1764167224532 1764167224539
64215 1819158150 1764167224565.651367 1764167224566 1764167224573
64216 1819191494 1764167224598.998047 1764167224599 1764167224606
64217 1819224838 1764167224632.344971 1764167224632 1764167224639
64218 1819258182 1764167224665.691650 1764167224666 1764167224673
64219 1819291526 1764167224699.038574 1764167224699 1764167224706
64220 1819324870 1764167224732.385254 1764167224732 1764167224739
64221 1819358214 1764167224765.732178 1764167224766 1764167224773
64222 1819391558 1764167224799.078857 1764167224799 1764167224806
64223 1819424902 1764167224832.425781 1764167224832 1764167224839
64224 1819458246 1764167224865.772461 1764167224866 1764167224873
64225 1819491589 1764167224899.118408 1764167224899 1764167224906
64226 1819524933 1764167224932.465088 1764167224933 1764167224940
64227 1819558277 1764167224965.812012 1764167224966 1764167224973
64228 1819591621 1764167224999.158691 1764167224999 1764167225006
64229 1819624965 1764167225032.505615 1764167225033 1764167225040
64230 1819658309 1764167225065.852295 1764167225065 1764167225073
64231 1819691653 1764167225099.200684 1764167225099 1764167225106
64232 1819724997 1764167225132.548828 1764167225133 1764167225140
64233 1819758341 1764167225165.896973 1764167225165 1764167225173
64234 1819791685 1764167225199.245361 1764167225199 1764167225207
64235 1819825029 1764167225232.593506 1764167225233 1764167225240
64236 1819858373 1764167225265.941895 1764167225265 1764167225273
64237 1819891717 1764167225299.290039 1764167225300 1764167225307
64238 1819925060 1764167225332.637207 1764167225333 1764167225340
64239 1819958404 1764167225365.985596 1764167225365 1764167225373
64240 1819991748 1764167225399.333984 1764167225399 1764167225406
64241 1820025092 1764167225432.682129 1764167225433 1764167225440
64242 1820058436 1764167225466.030518 1764167225466 1764167225473
64243 1820091780 1764167225499.378662 1764167225500 1764167225507
64244 1820125124 1764167225532.727051 1764167225533 1764167225540
64245 1820158468 1764167225566.075439 1764167225566 1764167225573
64246 1820191812 1764167225599.423584 1764167225599 1764167225606
64247 1820225156 1764167225632.771973 1764167225632 1764167225640
64248 1820258500 1764167225666.120361 1764167225666 1764167225673
64249 1820291844 1764167225699.468750 1764167225700 1764167225707
64250 1820325188 1764167225732.817139 1764167225733 1764167225740
64251 1820358531 1764167225766.164307 1764167225766 1764167225773
64252 1820391875 1764167225799.512695 1764167225800 1764167225807
64253 1820425219 1764167225832.861084 1764167225832 1764167225840
64254 1820458563 1764167225866.209473 1764167225866 1764167225873
64255 1820491907 1764167225899.557861 1764167225900 1764167225907
64256 1820525251 1764167225932.906250 1764167225932 1764167225940
64257 1820558595 1764167225966.254639 1764167225966 1764167225973
64258 1820591939 1764167225999.603027 1764167226000 1764167226007
64259 1820625283 1764167226032.951416 1764167226032 1764167226040
64260 1820658627 1764167226066.299805 1764167226066 1764167226073
64261 1820691971 1764167226099.646484 1764167226100 1764167226107
64262 1820725315 1764167226132.993164 1764167226132 1764167226140
64263 1820758659 1764167226166.339600 1764167226166 1764167226173
64264 1820792003 1764167226199.686279 1764167226200 1764167226207
64265 1820825346 1764167226233.031738 1764167226232 1764167226240
64266 1820858690 1764167226266.378418 1764167226267 1764167226274
64267 1820892034 1764167226299.724854 1764167226300 1764167226307
64268 1820925378 1764167226333.071533 1764167226332 1764167226340
64269 1820958722 1764167226366.417969 1764167226366 1764167226373
64270 1820992066 1764167226399.764648 1764167226399 1764167226407
64271 1821025410 1764167226433.111084 1764167226433 1764167226440
64272 1821058754 1764167226466.457520 1764167226466 1764167226473
64273 1821092098 1764167226499.804199 1764167226500 1764167226507
64274 1821125442 1764167226533.150635 1764167226533 1764167226540
64275 1821158786 1764167226566.497314 1764167226566 1764167226573
64276 1821192130 1764167226599.843750 1764167226600 1764167226607
64277 1821225474 1764167226633.190186 1764167226633 1764167226640
64278 1821258817 1764167226666.535645 1764167226666 1764167226673
64279 1821292161 1764167226699.882324 1764167226700 1764167226707
64280 1821325505 1764167226733.228760 1764167226733 1764167226740
64281 1821358849 1764167226766.575195 1764167226767 1764167226774
64282 1821392193 1764167226799.921631 1764167226800 1764167226807
64283 1821425537 1764167226833.268311 1764167226833 1764167226840
64284 1821458881 1764167226866.614746 1764167226867 1764167226874
64285 1821492225 1764167226899.961182 1764167226899 1764167226907
64286 1821525569 1764167226933.307617 1764167226933 1764167226940
64287 1821558913 1764167226966.654053 1764167226966 1764167226974
64288 1821592257 1764167227000.000488 1764167226999 1764167227007
64289 1821625601 1764167227033.346924 1764167227033 1764167227041
64290 1821658945 1764167227066.693359 1764167227067 1764167227074
64291 1821692288 1764167227100.038086 1764167227099 1764167227108
64292 1821725632 1764167227133.383789 1764167227133 1764167227140
64293 1821758976 1764167227166.729248 1764167227167 1764167227174
64294 1821792320 1764167227200.074951 1764167227199 1764167227207
64295 1821825664 1764167227233.420410 1764167227233 1764167227240
64296 1821859008 1764167227266.766113 1764167227267 1764167227274
64297 1821892352 1764167227300.111572 1764167227299 1764167227307
64298 1821925696 1764167227333.457275 1764167227333 1764167227340
64299 1821959040 1764167227366.802734 1764167227367 1764167227374
64300 1821992384 1764167227400.148438 1764167227399 1764167227407
64301 1822025728 1764167227433.493896 1764167227433 1764167227440
64302 1822059072 1764167227466.839600 1764167227467 1764167227474
64303 1822092416 1764167227500.185059 1764167227499 1764167227507
64304 1822125760 1764167227533.530518 1764167227533 1764167227540
64305 1822159103 1764167227566.875244 1764167227567 1764167227574
64306 1822192447 1764167227600.220703 1764167227600 1764167227607
64307 1822225791 1764167227633.566162 1764167227633 1764167227640
64308 1822259135 1764167227666.911865 1764167227667 1764167227675
64309 1822292479 1764167227700.257324 1764167227700 1764167227707
64310 1822325823 1764167227733.602783 1764167227733 1764167227740
64311 1822359167 1764167227766.948486 1764167227767 1764167227774
64312 1822392511 1764167227800.293945 1764167227800 1764167227807
64313 1822425855 1764167227833.639404 1764167227833 1764167227840
64314 1822459199 1764167227866.984863 1764167227867 1764167227874
64315 1822492543 1764167227900.330322 1764167227900 1764167227907
64316 1822525887 1764167227933.676025 1764167227933 1764167227940
64317 1822559231 1764167227967.021484 1764167227967 1764167227974
64318 1822592574 1764167228000.365967 1764167228000 1764167228007
64319 1822625918 1764167228033.711426 1764167228033 1764167228040
64320 1822659262 1764167228067.056885 1764167228067 1764167228074
64321 1822692606 1764167228100.402100 1764167228100 1764167228107
64322 1822725950 1764167228133.747070 1764167228134 1764167228141
64323 1822759294 1764167228167.092285 1764167228166 1764167228174
64324 1822792638 1764167228200.437256 1764167228200 1764167228207
64325 1822825982 1764167228233.782471 1764167228233 1764167228241
64326 1822859326 1764167228267.127441 1764167228266 1764167228274
64327 1822892670 1764167228300.472412 1764167228300 1764167228307
64328 1822926014 1764167228333.817383 1764167228334 1764167228341
64329 1822959358 1764167228367.162598 1764167228366 1764167228374
64330 1822992702 1764167228400.507568 1764167228400 1764167228407
64331 1823026045 1764167228433.851562 1764167228434 1764167228441
64332 1823059389 1764167228467.196533 1764167228466 1764167228474
64333 1823092733 1764167228500.541504 1764167228500 1764167228507
64334 1823126077 1764167228533.886230 1764167228534 1764167228541
64335 1823159421 1764167228567.231201 1764167228566 1764167228574
64336 1823192765 1764167228600.576172 1764167228600 1764167228607
64337 1823226109 1764167228633.921143 1764167228634 1764167228641
64338 1823259453 1764167228667.265869 1764167228666 1764167228674
64339 1823292797 1764167228700.610840 1764167228700 1764167228707
64340 1823326141 1764167228733.955566 1764167228734 1764167228741
64341 1823359485 1764167228767.300537 1764167228766 1764167228774
64342 1823392829 1764167228800.645264 1764167228801 1764167228808
64343 1823426173 1764167228833.990234 1764167228834 1764167228841
64344 1823459517 1764167228867.334961 1764167228867 1764167228874
64345 1823492860 1764167228900.678711 1764167228900 1764167228907
64346 1823526204 1764167228934.023438 1764167228934 1764167228941
64347 1823559548 1764167228967.368408 1764167228967 1764167228974
64348 1823592892 1764167229000.713135 1764167229000 1764167229007
64349 1823626236 1764167229034.057861 1764167229034 1764167229041
64350 1823659580 1764167229067.402588 1764167229067 1764167229074
64351 1823692924 1764167229100.745605 1764167229101 1764167229108
64352 1823726268 1764167229134.088379 1764167229134 1764167229141
64353 1823759612 1764167229167.431396 1764167229167 1764167229174
64354 1823792956 1764167229200.774170 1764167229200 1764167229207
64355 1823826300 1764167229234.117188 1764167229234 1764167229241
64356 1823859644 1764167229267.459961 1764167229267 1764167229274
64357 1823892988 1764167229300.802734 1764167229300 1764167229307
64358 1823926331 1764167229334.144531 1764167229334 1764167229341
64359 1823959675 1764167229367.487305 1764167229367 1764167229374
64360 1823993019 1764167229400.830078 1764167229401 1764167229408
64361 1824026363 1764167229434.172852 1764167229433 1764167229441
64362 1824059707 1764167229467.515625 1764167229467 1764167229474
64363 1824093051 1764167229500.858154 1764167229501 1764167229508
64364 1824126395 1764167229534.200928 1764167229533 1764167229541
64365 1824159739 1764167229567.543457 1764167229567 1764167229574
64366 1824193083 1764167229600.885986 1764167229601 1764167229608
64367 1824226427 1764167229634.228516 1764167229633 1764167229641
64368 1824259771 1764167229667.571045 1764167229667 1764167229674
64369 1824293115 1764167229700.913574 1764167229701 1764167229708
64370 1824326459 1764167229734.256104 1764167229733 1764167229741
64371 1824359802 1764167229767.597656 1764167229768 1764167229776
64372 1824393146 1764167229800.939941 1764167229801 1764167229808
64373 1824426490 1764167229834.282471 1764167229833 1764167229841
64374 1824459834 1764167229867.624756 1764167229867 1764167229874
64375 1824493178 1764167229900.967041 1764167229901 1764167229908
64376 1824526522 1764167229934.309326 1764167229933 1764167229941
64377 1824559866 1764167229967.651855 1764167229967 1764167229974
64378 1824593210 1764167230000.993896 1764167230001 1764167230008
64379 1824626554 1764167230034.336182 1764167230033 1764167230041
64380 1824659898 1764167230067.678467 1764167230067 1764167230074
64381 1824693242 1764167230101.023193 1764167230101 1764167230108
64382 1824726586 1764167230134.367920 1764167230134 1764167230141
64383 1824759930 1764167230167.712646 1764167230167 1764167230174
64384 1824793274 1764167230201.057373 1764167230201 1764167230208
64385 1824826617 1764167230234.400879 1764167230235 1764167230242
64386 1824859961 1764167230267.745605 1764167230267 1764167230276
64387 1824893305 1764167230301.090332 1764167230301 1764167230308
64388 1824926649 1764167230334.434814 1764167230334 1764167230341
64389 1824959993 1764167230367.779541 1764167230367 1764167230374
64390 1824993337 1764167230401.124023 1764167230401 1764167230408
64391 1825026681 1764167230434.468750 1764167230434 1764167230441
64392 1825060025 1764167230467.813232 1764167230467 1764167230475
64393 1825093369 1764167230501.157959 1764167230501 1764167230508
64394 1825126713 1764167230534.502441 1764167230534 1764167230541
64395 1825160057 1764167230567.846924 1764167230567 1764167230574
64396 1825193401 1764167230601.191650 1764167230601 1764167230608
64397 1825226745 1764167230634.536133 1764167230634 1764167230641
64398 1825260088 1764167230667.879639 1764167230668 1764167230675
64399 1825293432 1764167230701.224121 1764167230700 1764167230708
64400 1825326776 1764167230734.568604 1764167230734 1764167230741
64401 1825360120 1764167230767.913086 1764167230768 1764167230775
64402 1825393464 1764167230801.257568 1764167230800 1764167230808
64403 1825426808 1764167230834.602051 1764167230834 1764167230841
64404 1825460152 1764167230867.946533 1764167230868 1764167230876
64405 1825493496 1764167230901.291016 1764167230900 1764167230908
64406 1825526840 1764167230934.635498 1764167230934 1764167230941
64407 1825560184 1764167230967.979980 1764167230968 1764167230975
64408 1825593528 1764167231001.324219 1764167231000 1764167231008
64409 1825626872 1764167231034.668701 1764167231034 1764167231041
64410 1825660216 1764167231068.013184 1764167231068 1764167231075
64411 1825693559 1764167231101.356445 1764167231100 1764167231108
64412 1825726903 1764167231134.700684 1764167231134 1764167231141
64413 1825760247 1764167231168.044678 1764167231168 1764167231175
64414 1825793591 1764167231201.388916 1764167231200 1764167231208
64415 1825826935 1764167231234.733154 1764167231234 1764167231241
64416 1825860279 1764167231268.077393 1764167231268 1764167231275
64417 1825893623 1764167231301.421387 1764167231301 1764167231308
64418 1825926967 1764167231334.765625 1764167231334 1764167231341
64419 1825960311 1764167231368.109619 1764167231368 1764167231375
64420 1825993655 1764167231401.453613 1764167231400 1764167231408
64421 1826026999 1764167231434.797852 1764167231434 1764167231441
64422 1826060343 1764167231468.141846 1764167231468 1764167231475
64423 1826093687 1764167231501.485840 1764167231501 1764167231508
64424 1826127031 1764167231534.829834 1764167231535 1764167231542
64425 1826160374 1764167231568.172852 1764167231568 1764167231575
64426 1826193718 1764167231601.516846 1764167231602 1764167231609
64427 1826227062 1764167231634.860840 1764167231634 1764167231641
64428 1826260406 1764167231668.204834 1764167231668 1764167231675
64429 1826293750 1764167231701.548828 1764167231701 1764167231708
64430 1826327094 1764167231734.892578 1764167231734 1764167231741
64431 1826360438 1764167231768.236572 1764167231768 1764167231775
64432 1826393782 1764167231801.580322 1764167231801 1764167231808
64433 1826427126 1764167231834.924316 1764167231835 1764167231842
64434 1826460470 1764167231868.268066 1764167231868 1764167231875
64435 1826493814 1764167231901.611816 1764167231901 1764167231908
64436 1826527158 1764167231934.955811 1764167231935 1764167231942
64437 1826560502 1764167231968.299561 1764167231968 1764167231975
64438 1826593845 1764167232001.642334 1764167232001 1764167232008
64439 1826627189 1764167232034.986084 1764167232035 1764167232042
64440 1826660533 1764167232068.329834 1764167232067 1764167232075
64441 1826693877 1764167232101.670410 1764167232101 1764167232108
64442 1826727221 1764167232135.011230 1764167232135 1764167232142
64443 1826760565 1764167232168.351807 1764167232167 1764167232175
64444 1826793909 1764167232201.692383 1764167232201 1764167232208
64445 1826827253 1764167232235.032959 1764167232235 1764167232242
64446 1826860597 1764167232268.373535 1764167232267 1764167232275
64447 1826893941 1764167232301.713867 1764167232301 1764167232308
64448 1826927285 1764167232335.054443 1764167232335 1764167232342
64449 1826960629 1764167232368.394775 1764167232367 1764167232375
64450 1826993973 1764167232401.735107 1764167232401 1764167232408
64451 1827027316 1764167232435.074463 1764167232435 1764167232442
64452 1827060660 1764167232468.414795 1764167232467 1764167232475
64453 1827094004 1764167232501.755127 1764167232501 1764167232508
64454 1827127348 1764167232535.095215 1764167232535 1764167232542
64455 1827160692 1764167232568.435303 1764167232568 1764167232575
64456 1827194036 1764167232601.775635 1764167232601 1764167232608
64457 1827227380 1764167232635.115723 1764167232635 1764167232642
64458 1827260724 1764167232668.455566 1764167232668 1764167232675
64459 1827294068 1764167232701.795654 1764167232701 1764167232708
64460 1827327412 1764167232735.135742 1764167232735 1764167232742
64461 1827360756 1764167232768.475586 1764167232768 1764167232775
64462 1827394100 1764167232801.815430 1764167232802 1764167232809
64463 1827427444 1764167232835.155273 1764167232835 1764167232842
64464 1827460788 1764167232868.495117 1764167232868 1764167232875
64465 1827494131 1764167232901.833984 1764167232901 1764167232908
64466 1827527475 1764167232935.173584 1764167232935 1764167232942
64467 1827560819 1764167232968.513428 1764167232968 1764167232975
64468 1827594163 1764167233001.853027 1764167233001 1764167233008
64469 1827627507 1764167233035.192627 1764167233035 1764167233042
64470 1827660851 1764167233068.532227 1764167233068 1764167233075
64471 1827694195 1764167233101.875244 1764167233101 1764167233108
64472 1827727539 1764167233135.218262 1764167233135 1764167233142
64473 1827760883 1764167233168.561279 1764167233168 1764167233175
64474 1827794227 1764167233201.904297 1764167233202 1764167233209
64475 1827827571 1764167233235.247314 1764167233234 1764167233242
64476 1827860915 1764167233268.590332 1764167233268 1764167233275
64477 1827894259 1764167233301.933350 1764167233302 1764167233309
64478 1827927602 1764167233335.275146 1764167233334 1764167233342
64479 1827960946 1764167233368.618164 1764167233368 1764167233375
64480 1827994290 1764167233401.961182 1764167233402 1764167233409
64481 1828027634 1764167233435.304199 1764167233434 1764167233442
64482 1828060978 1764167233468.647217 1764167233468 1764167233475
64483 1828094322 1764167233501.990234 1764167233502 1764167233509
64484 1828127666 1764167233535.333008 1764167233534 1764167233542
64485 1828161010 1764167233568.676025 1764167233568 1764167233575
64486 1828194354 1764167233602.019043 1764167233602 1764167233609
64487 1828227698 1764167233635.362061 1764167233634 1764167233642
64488 1828261042 1764167233668.704834 1764167233668 1764167233675
64489 1828294386 1764167233702.047852 1764167233702 1764167233709
64490 1828327730 1764167233735.390869 1764167233734 1764167233742
64491 1828361073 1764167233768.732666 1764167233768 1764167233775
64492 1828394417 1764167233802.075684 1764167233802 1764167233809
64493 1828427761 1764167233835.418457 1764167233834 1764167233842
64494 1828461105 1764167233868.761475 1764167233868 1764167233875
64495 1828494449 1764167233902.104492 1764167233902 1764167233909
64496 1828527793 1764167233935.447266 1764167233934 1764167233942
64497 1828561137 1764167233968.790283 1764167233968 1764167233975
64498 1828594481 1764167234002.133057 1764167234002 1764167234009
64499 1828627825 1764167234035.476074 1764167234035 1764167234042
64500 1828661169 1764167234068.819092 1764167234069 1764167234076
64501 1828694513 1764167234102.159424 1764167234102 1764167234109
64502 1828727857 1764167234135.499756 1764167234135 1764167234142
64503 1828761201 1764167234168.840088 1764167234168 1764167234175
64504 1828794545 1764167234202.180176 1764167234202 1764167234209
64505 1828827888 1764167234235.519531 1764167234235 1764167234242
64506 1828861232 1764167234268.859619 1764167234268 1764167234275
64507 1828894576 1764167234302.199707 1764167234302 1764167234309
64508 1828927920 1764167234335.540039 1764167234335 1764167234342
64509 1828961264 1764167234368.879883 1764167234369 1764167234376
64510 1828994608 1764167234402.219971 1764167234402 1764167234409
64511 1829027952 1764167234435.560059 1764167234435 1764167234442
64512 1829061296 1764167234468.899902 1764167234469 1764167234476
64513 1829094640 1764167234502.239990 1764167234502 1764167234509
64514 1829127984 1764167234535.579834 1764167234535 1764167234542
64515 1829161328 1764167234568.919678 1764167234569 1764167234576
64516 1829194672 1764167234602.259521 1764167234601 1764167234609
64517 1829228016 1764167234635.599365 1764167234635 1764167234642
64518 1829261359 1764167234668.937988 1764167234669 1764167234676
64519 1829294703 1764167234702.277832 1764167234701 1764167234709
64520 1829328047 1764167234735.617432 1764167234735 1764167234742
64521 1829361391 1764167234768.957031 1764167234769 1764167234776
64522 1829394735 1764167234802.296631 1764167234801 1764167234809
64523 1829428079 1764167234835.636230 1764167234835 1764167234842
64524 1829461423 1764167234868.975830 1764167234869 1764167234876
64525 1829494767 1764167234902.315186 1764167234901 1764167234909
64526 1829528111 1764167234935.654785 1764167234935 1764167234942
64527 1829561455 1764167234968.994141 1764167234969 1764167234976
64528 1829594799 1764167235002.333496 1764167235001 1764167235009
64529 1829628143 1764167235035.672852 1764167235035 1764167235042
64530 1829661487 1764167235069.012207 1764167235069 1764167235076
64531 1829694830 1764167235102.351318 1764167235101 1764167235109
64532 1829728174 1764167235135.691162 1764167235135 1764167235142
64533 1829761518 1764167235169.031006 1764167235169 1764167235176
64534 1829794862 1764167235202.370850 1764167235202 1764167235209
64535 1829828206 1764167235235.710693 1764167235235 1764167235242
64536 1829861550 1764167235269.050537 1764167235269 1764167235276
64537 1829894894 1764167235302.390381 1764167235302 1764167235309
64538 1829928238 1764167235335.729980 1764167235335 1764167235342
64539 1829961582 1764167235369.069580 1764167235369 1764167235376
64540 1829994926 1764167235402.409180 1764167235402 1764167235409
64541 1830028270 1764167235435.748779 1764167235436 1764167235443
64542 1830061614 1764167235469.088379 1764167235469 1764167235476
64543 1830094958 1764167235502.427979 1764167235502 1764167235509
64544 1830128302 1764167235535.767334 1764167235535 1764167235542
64545 1830161645 1764167235569.105957 1764167235569 1764167235576
64546 1830194989 1764167235602.445312 1764167235602 1764167235609
64547 1830228333 1764167235635.784668 1764167235635 1764167235642
64548 1830261677 1764167235669.124023 1764167235669 1764167235676
64549 1830295021 1764167235702.463135 1764167235702 1764167235709
64550 1830328365 1764167235735.802490 1764167235736 1764167235743
64551 1830361709 1764167235769.141602 1764167235769 1764167235776
64552 1830395053 1764167235802.480957 1764167235802 1764167235809
64553 1830428397 1764167235835.820068 1764167235836 1764167235843
64554 1830461741 1764167235869.159180 1764167235869 1764167235876
64555 1830495085 1764167235902.498291 1764167235902 1764167235909
64556 1830528429 1764167235935.837158 1764167235936 1764167235943
64557 1830561773 1764167235969.176270 1764167235968 1764167235976
64558 1830595116 1764167236002.514160 1764167236002 1764167236009
64559 1830628460 1764167236035.853027 1764167236036 1764167236043
64560 1830661804 1764167236069.191895 1764167236068 1764167236076
64561 1830695148 1764167236102.531982 1764167236102 1764167236109
64562 1830728492 1764167236135.872070 1764167236136 1764167236143
64563 1830761836 1764167236169.211914 1764167236168 1764167236176
64564 1830795180 1764167236202.551758 1764167236202 1764167236209
64565 1830828524 1764167236235.891602 1764167236236 1764167236243
64566 1830861868 1764167236269.231445 1764167236268 1764167236276
64567 1830895212 1764167236302.571289 1764167236302 1764167236309
64568 1830928556 1764167236335.911133 1764167236336 1764167236343
64569 1830961900 1764167236369.250732 1764167236368 1764167236376
64570 1830995244 1764167236402.590332 1764167236402 1764167236409
64571 1831028587 1764167236435.929199 1764167236436 1764167236443
64572 1831061931 1764167236469.268799 1764167236469 1764167236476
64573 1831095275 1764167236502.608398 1764167236502 1764167236509
64574 1831128619 1764167236535.947754 1764167236536 1764167236543
64575 1831161963 1764167236569.287354 1764167236569 1764167236576
64576 1831195307 1764167236602.626709 1764167236602 1764167236609
64577 1831228651 1764167236635.966309 1764167236636 1764167236643
64578 1831261995 1764167236669.305664 1764167236669 1764167236676
64579 1831295339 1764167236702.645020 1764167236703 1764167236710
64580 1831328683 1764167236735.984375 1764167236736 1764167236743
64581 1831362027 1764167236769.323730 1764167236769 1764167236776
64582 1831395371 1764167236802.662842 1764167236802 1764167236809
64583 1831428715 1764167236836.002197 1764167236835 1764167236843
64584 1831462059 1764167236869.341309 1764167236869 1764167236876
64585 1831495402 1764167236902.679443 1764167236902 1764167236909
64586 1831528746 1764167236936.018555 1764167236935 1764167236943
64587 1831562090 1764167236969.357666 1764167236969 1764167236976
64588 1831595434 1764167237002.696777 1764167237003 1764167237010
64589 1831628778 1764167237036.035645 1764167237036 1764167237043
64590 1831662122 1764167237069.374756 1764167237069 1764167237076
64591 1831695466 1764167237102.714600 1764167237103 1764167237110
64592 1831728810 1764167237136.054443 1764167237135 1764167237143
64593 1831762154 1764167237169.394287 1764167237169 1764167237176
64594 1831795498 1764167237202.734131 1764167237203 1764167237210
64595 1831828842 1764167237236.073730 1764167237235 1764167237243
64596 1831862186 1764167237269.413574 1764167237269 1764167237276
64597 1831895530 1764167237302.753174 1764167237303 1764167237310
64598 1831928873 1764167237336.091797 1764167237335 1764167237343
64599 1831962217 1764167237369.431396 1764167237369 1764167237376
64600 1831995561 1764167237402.770996 1764167237403 1764167237410
64601 1832028905 1764167237436.110596 1764167237435 1764167237443
64602 1832062249 1764167237469.449951 1764167237469 1764167237476
64603 1832095593 1764167237502.789551 1764167237503 1764167237510
64604 1832128937 1764167237536.128906 1764167237535 1764167237543
64605 1832162281 1764167237569.468262 1764167237569 1764167237576
64606 1832195625 1764167237602.807617 1764167237603 1764167237610
64607 1832228969 1764167237636.146973 1764167237635 1764167237643
64608 1832262313 1764167237669.486328 1764167237669 1764167237676
64609 1832295657 1764167237702.825684 1764167237702 1764167237710
64610 1832329001 1764167237736.164795 1764167237735 1764167237743
64611 1832362344 1764167237769.502930 1764167237769 1764167237776
64612 1832395688 1764167237802.842285 1764167237803 1764167237810
64613 1832429032 1764167237836.181396 1764167237836 1764167237843
64614 1832462376 1764167237869.520508 1764167237870 1764167237877
64615 1832495720 1764167237902.859375 1764167237903 1764167237910
64616 1832529064 1764167237936.198486 1764167237936 1764167237946
64617 1832562408 1764167237969.537598 1764167237969 1764167237976
64618 1832595752 1764167238002.876465 1764167238003 1764167238010
64619 1832629096 1764167238036.215332 1764167238036 1764167238043
64620 1832662440 1764167238069.554199 1764167238069 1764167238076
64621 1832695784 1764167238102.894287 1764167238103 1764167238110
64622 1832729128 1764167238136.234375 1764167238136 1764167238143
64623 1832762472 1764167238169.574219 1764167238170 1764167238177
64624 1832795816 1764167238202.914307 1764167238203 1764167238210
64625 1832829159 1764167238236.253174 1764167238236 1764167238243
64626 1832862503 1764167238269.593018 1764167238270 1764167238277
64627 1832895847 1764167238302.932861 1764167238302 1764167238311
64628 1832929191 1764167238336.272705 1764167238336 1764167238343
64629 1832962535 1764167238369.612305 1764167238370 1764167238377
64630 1832995879 1764167238402.952148 1764167238402 1764167238410
64631 1833029223 1764167238436.291748 1764167238436 1764167238443
64632 1833062567 1764167238469.631592 1764167238470 1764167238477
64633 1833095911 1764167238502.971191 1764167238502 1764167238510
64634 1833129255 1764167238536.310791 1764167238536 1764167238543
64635 1833162599 1764167238569.650391 1764167238570 1764167238577
64636 1833195943 1764167238602.989990 1764167238602 1764167238610
64637 1833229287 1764167238636.329590 1764167238637 1764167238645
64638 1833262630 1764167238669.668213 1764167238670 1764167238677
64639 1833295974 1764167238703.007568 1764167238702 1764167238710
64640 1833329318 1764167238736.347168 1764167238736 1764167238743
64641 1833362662 1764167238769.686523 1764167238770 1764167238777
64642 1833396006 1764167238803.025879 1764167238802 1764167238810
64643 1833429350 1764167238836.365234 1764167238836 1764167238843
64644 1833462694 1764167238869.704590 1764167238870 1764167238877
64645 1833496038 1764167238903.043945 1764167238902 1764167238910
64646 1833529382 1764167238936.383301 1764167238936 1764167238943
64647 1833562726 1764167238969.722412 1764167238970 1764167238977
64648 1833596070 1764167239003.061768 1764167239002 1764167239010
64649 1833629414 1764167239036.400879 1764167239036 1764167239043
64650 1833662758 1764167239069.739990 1764167239070 1764167239077
64651 1833696101 1764167239103.079346 1764167239103 1764167239110
64652 1833729445 1764167239136.419434 1764167239136 1764167239143
64653 1833762789 1764167239169.759766 1764167239170 1764167239177
64654 1833796133 1764167239203.099854 1764167239203 1764167239210
64655 1833829477 1764167239236.439941 1764167239236 1764167239244
64656 1833862821 1764167239269.780029 1764167239270 1764167239277
64657 1833896165 1764167239303.120117 1764167239303 1764167239310
64658 1833929509 1764167239336.460205 1764167239336 1764167239343
64659 1833962853 1764167239369.800293 1764167239370 1764167239377
64660 1833996197 1764167239403.140137 1764167239403 1764167239410
64661 1834029541 1764167239436.480225 1764167239436 1764167239443
64662 1834062885 1764167239469.820068 1764167239470 1764167239477
64663 1834096229 1764167239503.159912 1764167239503 1764167239510
64664 1834129573 1764167239536.500000 1764167239537 1764167239544
64665 1834162916 1764167239569.838867 1764167239570 1764167239577
64666 1834196260 1764167239603.178711 1764167239603 1764167239610
64667 1834229604 1764167239636.518555 1764167239637 1764167239644
64668 1834262948 1764167239669.858154 1764167239669 1764167239677
64669 1834296292 1764167239703.197998 1764167239703 1764167239710
64670 1834329636 1764167239736.537842 1764167239737 1764167239744
64671 1834362980 1764167239769.877441 1764167239769 1764167239777
64672 1834396324 1764167239803.217041 1764167239803 1764167239810
64673 1834429668 1764167239836.556885 1764167239837 1764167239844
64674 1834463012 1764167239869.896484 1764167239869 1764167239877
64675 1834496356 1764167239903.236084 1764167239903 1764167239910
64676 1834529700 1764167239936.575684 1764167239937 1764167239944
