1764164757909316448 109193
1764164757943839968 109194
1764164757972695968 109195
1764164758007524096 109196
1764164758042976000 109197
1764164758076652128 109198
1764164758107886592 109199
1764164758146958304 109200
1764164758182377600 109201
1764164758210670880 109202
1764164758243931488 109203
1764164758276017472 109204
1764164758308855616 109205
1764164758343549632 109206
1764164758376478176 109207
1764164758411780960 109208
1764164758441844832 109209
1764164758478481600 109210
1764164758504714784 109211
1764164758550129824 109212
1764164758588010080 109213
1764164758609752224 109214
1764164758642874816 109215
1764164758676199456 109216
1764164758709944640 109217
1764164758742658784 109218
1764164758775767680 109219
1764164758809528000 109220
1764164758842260960 109221
1764164758876521056 109222
1764164758909156832 109223
1764164758942456896 109224
1764164758976848416 109225
1764164759010891776 109226
1764164759038060608 109227
1764164759072574048 109228
1764164759108372352 109229
1764164759143194816 109230
1764164759171614496 109231
1764164759205835616 109232
1764164759246415136 109233
1764164759271528320 109234
1764164759306461088 109235
1764164759342228256 109236
1764164759378783328 109237
1764164759415632448 109238
1764164759444484672 109239
1764164759471473248 109240
1764164759518407520 109241
1764164759545181696 109242
1764164759573561056 109243
1764164759609393952 109244
1764164759643021888 109245
1764164759678447904 109246
1764164759716889120 109247
1764164759744555456 109248
1764164759771150368 109249
1764164759807030432 109250
1764164759845850016 109251
1764164759873793536 109252
1764164759911719808 109253
1764164759950328608 109254
1764164759977470784 109255
1764164760005196448 109256
1764164760040689504 109257
1764164760076589120 109258
1764164760112560768 109259
1764164760139667232 109260
1764164760176551456 109261
1764164760207311904 109262
1764164760242460704 109263
1764164760276039296 109264
1764164760309619008 109265
1764164760342379232 109266
1764164760376948352 109267
1764164760410080896 109268
1764164760446445920 109269
1764164760483021280 109270
1764164760511085248 109271
1764164760539775360 109272
1764164760576649152 109273
1764164760609391776 109274
1764164760642313824 109275
1764164760678919328 109276
1764164760711400960 109277
1764164760749299008 109278
1764164760775545504 109279
1764164760809159104 109280
1764164760843807424 109281
1764164760881621952 109282
1764164760908868608 109283
1764164760946325024 109284
1764164760983591680 109285
1764164761014316096 109286
1764164761048159968 109287
1764164761084542336 109288
1764164761117821024 109289
1764164761143446080 109290
1764164761171539872 109291
1764164761208592832 109292
1764164761245664256 109293
1764164761271831968 109294
1764164761307745248 109295
1764164761345605600 109296
1764164761381387680 109297
1764164761411147968 109298
1764164761438030112 109299
1764164761473730240 109300
1764164761510787360 109301
1764164761547944992 109302
1764164761581281664 109303
1764164761610232864 109304
1764164761637540352 109305
1764164761674174816 109306
1764164761710332448 109307
1764164761742173792 109308
1764164761779497120 109309
1764164761804823648 109310
1764164761841607040 109311
1764164761875809248 109312
1764164761910202208 109313
1764164761941354240 109314
1764164761978309504 109315
1764164762010434496 109316
1764164762045660768 109317
1764164762071775488 109318
1764164762107761312 109319
1764164762143153056 109320
1764164762178974432 109321
1764164762206884832 109322
1764164762241020896 109323
1764164762275898880 109324
1764164762309133504 109325
1764164762343025920 109326
1764164762376547584 109327
1764164762411936864 109328
1764164762443246304 109329
1764164762478901376 109330
1764164762511414048 109331
1764164762537830208 109332
1764164762579287968 109333
1764164762607449216 109334
1764164762642754816 109335
1764164762675432000 109336
1764164762719618976 109337
1764164762748142496 109338
1764164762779836160 109339
1764164762805703424 109340
1764164762840016832 109341
1764164762875349440 109342
1764164762909214816 109343
1764164762947126624 109344
1764164762972755392 109345
1764164763010446336 109346
1764164763043545152 109347
1764164763082549056 109348
1764164763118860736 109349
1764164763142818016 109350
1764164763175660192 109351
1764164763208525376 109352
1764164763243074368 109353
1764164763279836608 109354
1764164763305499232 109355
1764164763342592544 109356
1764164763381220800 109357
1764164763409521568 109358
1764164763446672736 109359
1764164763474019808 109360
1764164763511674016 109361
1764164763538918080 109362
1764164763574298368 109363
1764164763614304416 109364
1764164763641461376 109365
1764164763677001504 109366
1764164763707459872 109367
1764164763741643616 109368
1764164763775750080 109369
1764164763813386880 109370
1764164763841511040 109371
1764164763875271648 109372
1764164763919998880 109373
1764164763941034048 109374
1764164763979129664 109375
1764164764012962208 109376
1764164764041167072 109377
1764164764074825728 109378
1764164764108715712 109379
1764164764147788128 109380
1764164764175646592 109381
1764164764204811360 109382
1764164764241012192 109383
1764164764275822080 109384
1764164764309289888 109385
1764164764337486720 109386
1764164764375739264 109387
1764164764409305472 109388
1764164764438996768 109389
1764164764475556928 109390
1764164764509147008 109391
1764164764542047232 109392
1764164764575439584 109393
1764164764609443296 109394
1764164764643656320 109395
1764164764681067840 109396
1764164764708632032 109397
1764164764742139360 109398
1764164764779976192 109399
1764164764807555616 109400
1764164764841440640 109401
1764164764875805248 109402
1764164764909007296 109403
1764164764942549856 109404
1764164764975797568 109405
1764164765011654368 109406
1764164765044004768 109407
1764164765073799840 109408
1764164765108555200 109409
1764164765146726464 109410
1764164765172347264 109411
1764164765208063328 109412
1764164765242928608 109413
1764164765276547776 109414
1764164765309609376 109415
1764164765341976352 109416
1764164765375694464 109417
1764164765413437248 109418
1764164765438541632 109419
1764164765475026976 109420
1764164765508882304 109421
1764164765543039520 109422
1764164765578472800 109423
1764164765607089056 109424
1764164765643737504 109425
1764164765683206880 109426
1764164765718515360 109427
1764164765742036864 109428
1764164765775134688 109429
1764164765811420544 109430
1764164765837024928 109431
1764164765871696928 109432
1764164765912676960 109433
1764164765951526528 109434
1764164765979485600 109435
1764164766008242368 109436
1764164766044021568 109437
1764164766075223040 109438
1764164766109372480 109439
1764164766137398624 109440
1764164766173222624 109441
1764164766208567840 109442
1764164766243109440 109443
1764164766279531648 109444
1764164766306609536 109445
1764164766347410272 109446
1764164766376190368 109447
1764164766409967936 109448
1764164766447507456 109449
1764164766474921280 109450
1764164766513756352 109451
1764164766550368608 109452
1764164766576064736 109453
1764164766608702304 109454
1764164766643820448 109455
1764164766671005504 109456
1764164766710439904 109457
1764164766738332800 109458
1764164766773798144 109459
1764164766808576864 109460
1764164766843988032 109461
1764164766871657856 109462
1764164766910027584 109463
1764164766939154560 109464
1764164766973202464 109465
1764164767012379264 109466
1764164767038836448 109467
1764164767075162048 109468
1764164767109158848 109469
1764164767143065280 109470
1764164767175882496 109471
1764164767209299808 109472
1764164767243149344 109473
1764164767275521600 109474
1764164767308322848 109475
1764164767343232448 109476
1764164767372056704 109477
1764164767410458048 109478
1764164767444131904 109479
1764164767482037312 109480
1764164767508615616 109481
1764164767544110912 109482
1764164767573834752 109483
1764164767610071680 109484
1764164767639888800 109485
1764164767675699776 109486
1764164767708510912 109487
1764164767748623744 109488
1764164767774397120 109489
1764164767810935168 109490
1764164767839545984 109491
1764164767875729248 109492
1764164767915151200 109493
1764164767952156384 109494
1764164767985961312 109495
1764164768011244192 109496
1764164768037242304 109497
1764164768074809728 109498
1764164768109157696 109499
1764164768143379584 109500
1764164768171627168 109501
1764164768208050784 109502
1764164768243709024 109503
1764164768276287648 109504
1764164768309619264 109505
1764164768343868736 109506
1764164768381961696 109507
1764164768412602368 109508
1764164768448569728 109509
1764164768474768288 109510
1764164768512194432 109511
1764164768539204608 109512
1764164768575388832 109513
1764164768609401536 109514
1764164768643857536 109515
1764164768671224928 109516
1764164768705742240 109517
1764164768743493344 109518
1764164768775823904 109519
1764164768804079264 109520
1764164768841129536 109521
1764164768876064640 109522
1764164768906685408 109523
1764164768946961632 109524
1764164768975116352 109525
1764164769009193568 109526
1764164769036833120 109527
1764164769070768704 109528
1764164769111442496 109529
1764164769139108160 109530
1764164769174751968 109531
1764164769214572192 109532
1764164769251838144 109533
1764164769275448896 109534
1764164769315512448 109535
1764164769351611008 109536
1764164769381711392 109537
1764164769408112640 109538
1764164769446461664 109539
1764164769470944032 109540
1764164769506332032 109541
1764164769541000256 109542
1764164769579841824 109543
1764164769604058464 109544
1764164769646260864 109545
1764164769670544288 109546
1764164769716772256 109547
1764164769760267584 109548
1764164769784974784 109549
1764164769807792480 109550
1764164769842820256 109551
1764164769870372256 109552
1764164769910890848 109553
1764164769939753248 109554
1764164769983385952 109555
1764164770019142656 109556
1764164770053666432 109557
1764164770075953664 109558
1764164770110981504 109559
1764164770139279936 109560
1764164770174095072 109561
1764164770209762368 109562
1764164770238794688 109563
1764164770278717120 109564
1764164770303999840 109565
1764164770340138560 109566
1764164770378058176 109567
1764164770404411296 109568
1764164770440365664 109569
1764164770475243968 109570
1764164770508276960 109571
1764164770543959616 109572
1764164770575838272 109573
1764164770611494016 109574
1764164770637809664 109575
1764164770678448000 109576
1764164770705976576 109577
1764164770742482624 109578
1764164770778700224 109579
1764164770803894848 109580
1764164770839480352 109581
1764164770874222464 109582
1764164770911817376 109583
1764164770937175712 109584
1764164770976571648 109585
1764164771007106176 109586
1764164771041759616 109587
1764164771075138784 109588
1764164771111275872 109589
1764164771141561984 109590
1764164771178457600 109591
1764164771203952160 109592
1764164771237389376 109593
1764164771272273536 109594
1764164771315090272 109595
1764164771341551104 109596
1764164771370560960 109597
1764164771407060416 109598
1764164771441976256 109599
1764164771479634976 109600
1764164771504469728 109601
1764164771542669248 109602
1764164771575503904 109603
1764164771608728704 109604
1764164771637689888 109605
1764164771673290592 109606
1764164771709346656 109607
1764164771743172768 109608
1764164771769881408 109609
1764164771807272832 109610
1764164771842358784 109611
1764164771871613056 109612
1764164771906759328 109613
1764164771945360736 109614
1764164771975853024 109615
1764164772014911168 109616
1764164772040595808 109617
1764164772078740288 109618
1764164772104520256 109619
1764164772148397952 109620
1764164772176147328 109621
1764164772208032832 109622
1764164772243504160 109623
1764164772272756096 109624
1764164772308569856 109625
1764164772341018816 109626
1764164772370916992 109627
1764164772406451904 109628
1764164772443387296 109629
1764164772470236320 109630
1764164772506841664 109631
1764164772548711136 109632
1764164772587592672 109633
1764164772607435200 109634
1764164772640635264 109635
1764164772682604672 109636
1764164772708851776 109637
1764164772736779008 109638
1764164772771544448 109639
1764164772815113088 109640
1764164772842884320 109641
1764164772876007712 109642
1764164772905446432 109643
1764164772947180032 109644
1764164772974918080 109645
1764164773009426592 109646
1764164773036610656 109647
1764164773071034400 109648
1764164773107182976 109649
1764164773141117984 109650
1764164773179178944 109651
1764164773203944416 109652
1764164773238873888 109653
1764164773276901440 109654
1764164773303961472 109655
1764164773347197632 109656
1764164773386639104 109657
1764164773408905184 109658
1764164773442308960 109659
1764164773475162592 109660
1764164773508179904 109661
1764164773543668352 109662
1764164773574467200 109663
1764164773610760960 109664
1764164773636653920 109665
1764164773682334112 109666
1764164773708444960 109667
1764164773742838880 109668
1764164773769838272 109669
1764164773804092352 109670
1764164773847321376 109671
1764164773875941056 109672
1764164773904140032 109673
1764164773949113152 109674
1764164773974408064 109675
1764164774008553344 109676
1764164774041127072 109677
1764164774074035104 109678
1764164774110068416 109679
1764164774143351936 109680
1764164774170311904 109681
1764164774204849248 109682
1764164774241258304 109683
1764164774274242816 109684
1764164774303185472 109685
1764164774336811424 109686
1764164774371672224 109687
1764164774409848544 109688
1764164774438672832 109689
1764164774473519168 109690
1764164774507817024 109691
1764164774547083488 109692
1764164774584209984 109693
1764164774607417184 109694
1764164774649096032 109695
1764164774685442560 109696
1764164774713205120 109697
1764164774752826272 109698
1764164774773971648 109699
1764164774806876416 109700
1764164774843749600 109701
1764164774886923072 109702
1764164774913609088 109703
1764164774952628448 109704
1764164774976126752 109705
1764164775010742400 109706
1764164775037396352 109707
1764164775075295488 109708
1764164775111416384 109709
1764164775137697344 109710
1764164775174449760 109711
1764164775209269472 109712
1764164775237514656 109713
1764164775273142144 109714
1764164775315717024 109715
1764164775342022176 109716
1764164775379560288 109717
1764164775407188544 109718
1764164775440948000 109719
1764164775475004256 109720
1764164775507701120 109721
1764164775541560640 109722
1764164775579049728 109723
1764164775604636672 109724
1764164775638854368 109725
1764164775673793184 109726
1764164775715862080 109727
1764164775740349088 109728
1764164775778453024 109729
1764164775803140320 109730
1764164775835928320 109731
1764164775872307616 109732
1764164775908488256 109733
1764164775937053152 109734
1764164775982677184 109735
1764164776017879104 109736
1764164776041324448 109737
1764164776078404448 109738
1764164776102704192 109739
1764164776137139616 109740
1764164776172572192 109741
1764164776209104320 109742
1764164776243438432 109743
1764164776270484256 109744
1764164776303506400 109745
1764164776338376992 109746
1764164776378601696 109747
1764164776406342368 109748
1764164776444818688 109749
1764164776471673696 109750
1764164776508234304 109751
1764164776536755616 109752
1764164776571503360 109753
1764164776607500480 109754
1764164776636310816 109755
1764164776671532128 109756
1764164776708750304 109757
1764164776743577504 109758
1764164776777795744 109759
1764164776811308064 109760
1764164776841099328 109761
1764164776878450720 109762
1764164776903774944 109763
1764164776938724832 109764
1764164776975575392 109765
1764164777011658432 109766
1764164777037165696 109767
1764164777075089216 109768
1764164777110720160 109769
1764164777136550848 109770
1764164777170105088 109771
1764164777206366080 109772
1764164777242169408 109773
1764164777273108768 109774
1764164777310270368 109775
1764164777337210432 109776
1764164777373627328 109777
1764164777409130816 109778
1764164777442079136 109779
1764164777474966080 109780
1764164777509066080 109781
1764164777537471200 109782
1764164777582465248 109783
1764164777607990080 109784
1764164777641321216 109785
1764164777673939200 109786
1764164777707823584 109787
1764164777740542272 109788
1764164777774806880 109789
1764164777814090880 109790
1764164777842341920 109791
1764164777869502880 109792
1764164777904145600 109793
1764164777943391872 109794
1764164777974001280 109795
1764164778011564160 109796
1764164778037302784 109797
1764164778084157696 109798
1764164778119080448 109799
1764164778141481984 109800
1764164778175265920 109801
1764164778207510496 109802
1764164778243057216 109803
1764164778271347392 109804
1764164778306351456 109805
1764164778341495264 109806
1764164778375760512 109807
1764164778406102784 109808
1764164778441177472 109809
1764164778474921568 109810
1764164778507609280 109811
1764164778541037568 109812
1764164778581432896 109813
1764164778608260704 109814
1764164778642244096 109815
1764164778675376608 109816
1764164778709012640 109817
1764164778750458400 109818
1764164778782802720 109819
1764164778807617696 109820
1764164778847783168 109821
1764164778874345152 109822
1764164778907253632 109823
1764164778946451584 109824
1764164778985373568 109825
1764164779009661024 109826
1764164779037307488 109827
1764164779071437056 109828
1764164779105133504 109829
1764164779150845152 109830
1764164779174051840 109831
1764164779209613248 109832
1764164779237746496 109833
1764164779274447072 109834
1764164779309009376 109835
1764164779343456288 109836
1764164779370904192 109837
1764164779405311296 109838
1764164779440320032 109839
1764164779475356192 109840
1764164779508693344 109841
1764164779541044096 109842
1764164779574322496 109843
1764164779608752000 109844
1764164779646451808 109845
1764164779677369376 109846
1764164779704211968 109847
1764164779738017120 109848
1764164779775052992 109849
1764164779818321056 109850
1764164779843278112 109851
1764164779870547456 109852
1764164779905295008 109853
1764164779941446368 109854
1764164779980367904 109855
1764164780012733568 109856
1764164780055116800 109857
1764164780075474048 109858
1764164780105894048 109859
1764164780140766048 109860
1764164780175437216 109861
1764164780208507200 109862
1764164780241622336 109863
1764164780280367968 109864
1764164780310185792 109865
1764164780337004256 109866
1764164780372006144 109867
1764164780413365408 109868
1764164780441631040 109869
1764164780478451200 109870
1764164780503521632 109871
1764164780540342880 109872
1764164780576144128 109873
1764164780608681024 109874
1764164780642948032 109875
1764164780670532960 109876
1764164780706440864 109877
1764164780741109440 109878
1764164780782459744 109879
1764164780807607744 109880
1764164780844066912 109881
1764164780870558464 109882
1764164780903188992 109883
1764164780937991552 109884
1764164780974864896 109885
1764164781008789472 109886
1764164781037702720 109887
1764164781080411616 109888
1764164781108515872 109889
1764164781141580544 109890
1764164781178131392 109891
1764164781204088224 109892
1764164781235984704 109893
1764164781270247872 109894
1764164781306449504 109895
1764164781337651584 109896
1764164781370906816 109897
1764164781405658688 109898
1764164781442141312 109899
1764164781475510336 109900
1764164781509033632 109901
1764164781537544832 109902
1764164781575932864 109903
1764164781609106368 109904
1764164781641855328 109905
1764164781679519584 109906
1764164781703829152 109907
1764164781741843136 109908
1764164781776832352 109909
1764164781804174048 109910
1764164781839068736 109911
1764164781874462848 109912
1764164781905472960 109913
1764164781943146752 109914
1764164781972005472 109915
1764164782014271136 109916
1764164782041162112 109917
1764164782090766688 109918
1764164782110235712 109919
1764164782137047872 109920
1764164782170970848 109921
1764164782206942464 109922
1764164782243589504 109923
1764164782277288768 109924
1764164782304188832 109925
1764164782340357664 109926
1764164782377103488 109927
1764164782404337120 109928
1764164782441457088 109929
1764164782477155360 109930
1764164782503551040 109931
1764164782539232864 109932
1764164782585215232 109933
1764164782608088896 109934
1764164782641834528 109935
1764164782674345792 109936
1764164782711369312 109937
1764164782744547360 109938
1764164782771481152 109939
1764164782811587904 109940
1764164782836867648 109941
1764164782872814496 109942
1764164782908306784 109943
1764164782942904768 109944
1764164782971530272 109945
1764164783007905312 109946
1764164783045167328 109947
1764164783075421600 109948
1764164783112971776 109949
1764164783138592064 109950
1764164783173488768 109951
1764164783209482688 109952
1764164783237895104 109953
1764164783275288544 109954
1764164783315759008 109955
1764164783342880512 109956
1764164783369638944 109957
1764164783418687328 109958
1764164783452819296 109959
1764164783474434272 109960
1764164783504673632 109961
1764164783542171936 109962
1764164783585587520 109963
1764164783619499136 109964
1764164783642477312 109965
1764164783676293568 109966
1764164783703496000 109967
1764164783739367584 109968
1764164783776060704 109969
1764164783813638880 109970
1764164783854150080 109971
1764164783875797952 109972
1764164783903645824 109973
1764164783938478368 109974
1764164783975113600 109975
1764164784003425856 109976
1764164784038198336 109977
1764164784075258016 109978
1764164784104914976 109979
1764164784142605376 109980
1764164784176762912 109981
1764164784204795264 109982
1764164784240388384 109983
1764164784274569984 109984
1764164784306230816 109985
1764164784345198368 109986
1764164784373124128 109987
1764164784409612640 109988
1764164784443773024 109989
1764164784480300704 109990
1764164784511371104 109991
1764164784538376320 109992
1764164784574829216 109993
1764164784602743360 109994
1764164784640646016 109995
1764164784674823808 109996
1764164784707944992 109997
1764164784741826624 109998
1764164784775181376 109999
1764164784810088672 110000
1764164784846339744 110001
1764164784874033440 110002
1764164784909327872 110003
1764164784937391776 110004
1764164784975519840 110005
1764164785003218784 110006
1764164785038115200 110007
1764164785073929056 110008
1764164785108829280 110009
1764164785143099104 110010
1764164785181222944 110011
1764164785208977024 110012
1764164785237237888 110013
1764164785272129504 110014
1764164785309538848 110015
1764164785353661184 110016
1764164785373984992 110017
1764164785405848832 110018
1764164785444125536 110019
1764164785480406944 110020
1764164785526026176 110021
1764164785551462400 110022
1764164785588968480 110023
1764164785607209728 110024
1764164785642666816 110025
1764164785678453216 110026
1764164785711008768 110027
1764164785748537216 110028
1764164785775335008 110029
1764164785808981760 110030
1764164785843801024 110031
1764164785874184000 110032
1764164785904050080 110033
1764164785940327456 110034
1764164785981500704 110035
1764164786021535520 110036
1764164786051592320 110037
1764164786082358560 110038
1764164786111294592 110039
1764164786140349824 110040
1764164786173500832 110041
1764164786209815136 110042
1764164786246417056 110043
1764164786279216480 110044
1764164786333243840 110045
1764164786361805216 110046
1764164786390419904 110047
1764164786416557216 110048
1764164786443447456 110049
1764164786478231008 110050
1764164786528551264 110051
1764164786544654912 110052
1764164786571790368 110053
1764164786608879680 110054
1764164786638133152 110055
1764164786672472128 110056
1764164786704493184 110057
1764164786738666464 110058
1764164786771416544 110059
1764164786807699712 110060
1764164786845619104 110061
1764164786877068832 110062
1764164786903367200 110063
1764164786940985728 110064
1764164786974519008 110065
1764164787009783904 110066
1764164787037296416 110067
1764164787075267584 110068
1764164787109906432 110069
1764164787138879904 110070
1764164787170758176 110071
1764164787205844992 110072
1764164787241900800 110073
1764164787283073600 110074
1764164787308993792 110075
1764164787344595840 110076
1764164787371417728 110077
1764164787405394848 110078
1764164787443208000 110079
1764164787472248000 110080
1764164787510243136 110081
1764164787537350880 110082
1764164787571678304 110083
1764164787605943616 110084
1764164787642998464 110085
1764164787687053376 110086
1764164787709593472 110087
1764164787742857312 110088
1764164787775987808 110089
1764164787810008128 110090
1764164787848299296 110091
1764164787878260416 110092
1764164787908990496 110093
1764164787942072512 110094
1764164787977682112 110095
1764164788005133056 110096
1764164788040519168 110097
1764164788070732224 110098
1764164788106491040 110099
1764164788142184960 110100
1764164788170353440 110101
1764164788205093216 110102
1764164788239981152 110103
1764164788275423968 110104
1764164788311648032 110105
1764164788337775104 110106
1764164788379603424 110107
1764164788404742048 110108
1764164788447572544 110109
1764164788475590208 110110
1764164788507962976 110111
1764164788542942240 110112
1764164788577122304 110113
1764164788604097568 110114
1764164788638763744 110115
1764164788676661056 110116
1764164788703353152 110117
1764164788740689888 110118
1764164788779044160 110119
1764164788804576480 110120
1764164788839429248 110121
1764164788877970240 110122
1764164788904516704 110123
1764164788939747520 110124
1764164788974917312 110125
1764164789014883936 110126
1764164789044978208 110127
1764164789075517184 110128
1764164789104071040 110129
1764164789138459200 110130
1764164789176712704 110131
1764164789213199264 110132
1764164789238100352 110133
1764164789271756928 110134
1764164789306612352 110135
1764164789342140224 110136
1764164789377203008 110137
1764164789409626528 110138
1764164789444920960 110139
1764164789472883072 110140
1764164789507717696 110141
1764164789538200224 110142
1764164789572693760 110143
1764164789609782944 110144
1764164789637750752 110145
1764164789672570816 110146
1764164789709514048 110147
1764164789742102848 110148
1764164789774711968 110149
1764164789810035744 110150
1764164789843466048 110151
1764164789879367104 110152
1764164789904896832 110153
1764164789940751680 110154
1764164789976034560 110155
1764164790009141984 110156
1764164790037677120 110157
1764164790072875584 110158
1764164790112743680 110159
1764164790137480736 110160
1764164790172894912 110161
1764164790212125088 110162
1764164790239256192 110163
1764164790274847424 110164
1764164790308552032 110165
1764164790342650432 110166
1764164790377421824 110167
1764164790403954080 110168
1764164790439130048 110169
1764164790473946592 110170
1764164790509904000 110171
1764164790537325024 110172
1764164790573285088 110173
1764164790605352512 110174
1764164790640627616 110175
1764164790686190624 110176
1764164790716467136 110177
1764164790742373248 110178
1764164790777947232 110179
1764164790809595520 110180
1764164790836451232 110181
1764164790873936384 110182
1764164790908954304 110183
1764164790938117536 110184
1764164790973848096 110185
1764164791013275616 110186
1764164791039286368 110187
1764164791073496832 110188
