45124 1177670966 1764166588295.390381 1764166588295 1764166588302
45125 1177704310 1764166588328.729736 1764166588329 1764166588336
45126 1177737654 1764166588362.069092 1764166588361 1764166588369
45127 1177770998 1764166588395.408691 1764166588395 1764166588402
45128 1177804342 1764166588428.748047 1764166588428 1764166588436
45129 1177837686 1764166588462.087402 1764166588461 1764166588469
45130 1177871030 1764166588495.426514 1764166588495 1764166588502
45131 1177904374 1764166588528.765869 1764166588529 1764166588536
45132 1177937718 1764166588562.105225 1764166588561 1764166588569
45133 1177971062 1764166588595.444336 1764166588595 1764166588602
45134 1178004405 1764166588628.782715 1764166588629 1764166588636
45135 1178037749 1764166588662.121826 1764166588661 1764166588669
45136 1178071093 1764166588695.460938 1764166588695 1764166588702
45137 1178104437 1764166588728.800293 1764166588729 1764166588736
45138 1178137781 1764166588762.139404 1764166588762 1764166588769
45139 1178171125 1764166588795.478516 1764166588795 1764166588802
45140 1178204469 1764166588828.817383 1764166588829 1764166588836
45141 1178237813 1764166588862.156494 1764166588862 1764166588869
45142 1178271157 1764166588895.495605 1764166588895 1764166588902
45143 1178304501 1764166588928.834473 1764166588929 1764166588936
45144 1178337845 1764166588962.173584 1764166588962 1764166588969
45145 1178371189 1764166588995.512451 1764166588995 1764166589002
45146 1178404533 1764166589028.851318 1764166589029 1764166589036
45147 1178437876 1764166589062.189209 1764166589062 1764166589069
45148 1178471220 1764166589095.528564 1764166589095 1764166589102
45149 1178504564 1764166589128.867676 1764166589129 1764166589136
45150 1178537908 1764166589162.206787 1764166589162 1764166589169
45151 1178571252 1764166589195.545898 1764166589196 1764166589203
45152 1178604596 1764166589228.885010 1764166589229 1764166589236
45153 1178637940 1764166589262.224121 1764166589262 1764166589269
45154 1178671284 1764166589295.562988 1764166589296 1764166589303
45155 1178704628 1764166589328.902100 1764166589329 1764166589336
45156 1178737972 1764166589362.241211 1764166589362 1764166589369
45157 1178771316 1764166589395.580078 1764166589396 1764166589403
45158 1178804660 1764166589428.918945 1764166589428 1764166589436
45159 1178838004 1764166589462.258057 1764166589462 1764166589469
45160 1178871347 1764166589495.595947 1764166589496 1764166589503
45161 1178904691 1764166589528.934814 1764166589528 1764166589536
45162 1178938035 1764166589562.273682 1764166589562 1764166589569
45163 1178971379 1764166589595.612305 1764166589596 1764166589603
45164 1179004723 1764166589628.951172 1764166589628 1764166589636
45165 1179038067 1764166589662.290039 1764166589662 1764166589669
45166 1179071411 1764166589695.628662 1764166589696 1764166589703
45167 1179104755 1764166589728.967529 1764166589728 1764166589736
45168 1179138099 1764166589762.306152 1764166589762 1764166589769
45169 1179171443 1764166589795.644775 1764166589796 1764166589803
45170 1179204787 1764166589828.983398 1764166589828 1764166589836
45171 1179238131 1764166589862.322021 1764166589862 1764166589869
45172 1179271475 1764166589895.660645 1764166589896 1764166589903
45173 1179304819 1764166589928.999268 1764166589928 1764166589936
45174 1179338162 1764166589962.336670 1764166589962 1764166589969
45175 1179371506 1764166589995.675293 1764166589996 1764166590003
45176 1179404850 1764166590029.013672 1764166590028 1764166590036
45177 1179438194 1764166590062.352295 1764166590062 1764166590069
45178 1179471538 1764166590095.691650 1764166590096 1764166590103
45179 1179504882 1764166590129.030762 1764166590128 1764166590136
45180 1179538226 1764166590162.370117 1764166590162 1764166590169
45181 1179571570 1764166590195.709473 1764166590196 1764166590203
45182 1179604914 1764166590229.048584 1764166590228 1764166590236
45183 1179638258 1764166590262.387939 1764166590262 1764166590269
45184 1179671602 1764166590295.727051 1764166590296 1764166590303
45185 1179704946 1764166590329.066162 1764166590329 1764166590336
45186 1179738290 1764166590362.405273 1764166590362 1764166590369
45187 1179771633 1764166590395.743408 1764166590396 1764166590403
45188 1179804977 1764166590429.082520 1764166590429 1764166590436
45189 1179838321 1764166590462.421631 1764166590462 1764166590469
45190 1179871665 1764166590495.760742 1764166590496 1764166590503
45191 1179905009 1764166590529.099854 1764166590529 1764166590536
45192 1179938353 1764166590562.438721 1764166590563 1764166590570
45193 1179971697 1764166590595.777832 1764166590596 1764166590603
45194 1180005041 1764166590629.116699 1764166590629 1764166590636
45195 1180038385 1764166590662.455811 1764166590662 1764166590669
45196 1180071729 1764166590695.794678 1764166590696 1764166590703
45197 1180105073 1764166590729.133545 1764166590729 1764166590736
45198 1180138417 1764166590762.472412 1764166590763 1764166590770
45199 1180171761 1764166590795.811279 1764166590796 1764166590803
45200 1180205104 1764166590829.149170 1764166590829 1764166590836
45201 1180238448 1764166590862.488037 1764166590863 1764166590870
45202 1180271792 1764166590895.826904 1764166590895 1764166590903
45203 1180305136 1764166590929.165771 1764166590929 1764166590936
45204 1180338480 1764166590962.504395 1764166590963 1764166590970
45205 1180371824 1764166590995.843262 1764166590995 1764166591003
45206 1180405168 1764166591029.181885 1764166591029 1764166591036
45207 1180438512 1764166591062.520508 1764166591063 1764166591070
45208 1180471856 1764166591095.860840 1764166591095 1764166591103
45209 1180505200 1764166591129.201172 1764166591129 1764166591136
45210 1180538544 1764166591162.541504 1764166591163 1764166591170
45211 1180571888 1764166591195.881592 1764166591195 1764166591203
45212 1180605232 1764166591229.221924 1764166591229 1764166591236
45213 1180638576 1764166591262.562012 1764166591263 1764166591270
45214 1180671919 1764166591295.901367 1764166591295 1764166591303
45215 1180705263 1764166591329.241455 1764166591329 1764166591336
45216 1180738607 1764166591362.581787 1764166591363 1764166591370
45217 1180771951 1764166591395.921875 1764166591395 1764166591403
45218 1180805295 1764166591429.261963 1764166591429 1764166591436
45219 1180838639 1764166591462.602295 1764166591463 1764166591470
45220 1180871983 1764166591495.942383 1764166591495 1764166591503
45221 1180905327 1764166591529.282715 1764166591529 1764166591536
45222 1180938671 1764166591562.622803 1764166591563 1764166591570
45223 1180972015 1764166591595.962891 1764166591595 1764166591603
45224 1181005359 1764166591629.302979 1764166591629 1764166591636
45225 1181038703 1764166591662.643066 1764166591663 1764166591670
45226 1181072047 1764166591695.983398 1764166591695 1764166591703
45227 1181105390 1764166591729.322510 1764166591729 1764166591736
45228 1181138734 1764166591762.662598 1764166591763 1764166591770
45229 1181172078 1764166591796.002686 1764166591796 1764166591803
45230 1181205422 1764166591829.342773 1764166591829 1764166591836
45231 1181238766 1764166591862.682861 1764166591863 1764166591870
45232 1181272110 1764166591896.022949 1764166591896 1764166591903
45233 1181305454 1764166591929.363037 1764166591929 1764166591936
45234 1181338798 1764166591962.703125 1764166591963 1764166591970
45235 1181372142 1764166591996.043213 1764166591996 1764166592003
45236 1181405486 1764166592029.383057 1764166592029 1764166592036
45237 1181438830 1764166592062.723145 1764166592063 1764166592070
45238 1181472174 1764166592096.063477 1764166592096 1764166592103
45239 1181505518 1764166592129.403809 1764166592129 1764166592136
45240 1181538861 1764166592162.743164 1764166592163 1764166592170
45241 1181572205 1764166592196.083496 1764166592196 1764166592203
45242 1181605549 1764166592229.423828 1764166592229 1764166592237
45243 1181638893 1764166592262.764160 1764166592263 1764166592270
45244 1181672237 1764166592296.104492 1764166592296 1764166592303
45245 1181705581 1764166592329.444580 1764166592330 1764166592337
45246 1181738925 1764166592362.784912 1764166592363 1764166592370
45247 1181772269 1764166592396.125244 1764166592396 1764166592403
45248 1181805613 1764166592429.465576 1764166592430 1764166592437
45249 1181838957 1764166592462.805664 1764166592462 1764166592470
45250 1181872301 1764166592496.145996 1764166592496 1764166592503
45251 1181905645 1764166592529.486328 1764166592530 1764166592537
45252 1181938989 1764166592562.826416 1764166592562 1764166592570
45253 1181972333 1764166592596.166748 1764166592596 1764166592603
45254 1182005676 1764166592629.505859 1764166592630 1764166592637
45255 1182039020 1764166592662.846191 1764166592662 1764166592670
45256 1182072364 1764166592696.186279 1764166592696 1764166592703
45257 1182105708 1764166592729.526611 1764166592730 1764166592737
45258 1182139052 1764166592762.866699 1764166592762 1764166592770
45259 1182172396 1764166592796.207031 1764166592796 1764166592803
45260 1182205740 1764166592829.547119 1764166592830 1764166592837
45261 1182239084 1764166592862.887451 1764166592862 1764166592870
45262 1182272428 1764166592896.227539 1764166592896 1764166592903
45263 1182305772 1764166592929.567627 1764166592930 1764166592937
45264 1182339116 1764166592962.907959 1764166592963 1764166592971
45265 1182372460 1764166592996.248047 1764166592996 1764166593003
45266 1182405804 1764166593029.588135 1764166593030 1764166593037
45267 1182439147 1764166593062.927246 1764166593063 1764166593070
45268 1182472491 1764166593096.267822 1764166593096 1764166593103
45269 1182505835 1764166593129.608398 1764166593130 1764166593137
45270 1182539179 1764166593162.948975 1764166593163 1764166593170
45271 1182572523 1764166593196.289551 1764166593196 1764166593203
45272 1182605867 1764166593229.630127 1764166593230 1764166593237
45273 1182639211 1764166593262.970459 1764166593263 1764166593270
45274 1182672555 1764166593296.311035 1764166593296 1764166593303
45275 1182705899 1764166593329.651611 1764166593330 1764166593337
45276 1182739243 1764166593362.992188 1764166593363 1764166593370
45277 1182772587 1764166593396.332764 1764166593397 1764166593404
45278 1182805931 1764166593429.673340 1764166593430 1764166593437
45279 1182839275 1764166593463.013672 1764166593463 1764166593470
45280 1182872618 1764166593496.353271 1764166593497 1764166593504
45281 1182905962 1764166593529.693848 1764166593529 1764166593537
45282 1182939306 1764166593563.034180 1764166593563 1764166593570
45283 1182972650 1764166593596.374756 1764166593597 1764166593604
45284 1183005994 1764166593629.715332 1764166593629 1764166593637
45285 1183039338 1764166593663.055908 1764166593663 1764166593670
45286 1183072682 1764166593696.396240 1764166593697 1764166593704
45287 1183106026 1764166593729.736816 1764166593730 1764166593738
45288 1183139370 1764166593763.077393 1764166593763 1764166593770
45289 1183172714 1764166593796.417725 1764166593797 1764166593804
45290 1183206058 1764166593829.758301 1764166593829 1764166593837
45291 1183239402 1764166593863.098877 1764166593863 1764166593870
45292 1183272746 1764166593896.439209 1764166593897 1764166593904
45293 1183306090 1764166593929.779785 1764166593929 1764166593937
45294 1183339433 1764166593963.119141 1764166593963 1764166593970
45295 1183372777 1764166593996.459717 1764166593997 1764166594004
45296 1183406121 1764166594029.800049 1764166594029 1764166594037
45297 1183439465 1764166594063.140625 1764166594063 1764166594070
45298 1183472809 1764166594096.482910 1764166594097 1764166594104
45299 1183506153 1764166594129.825195 1764166594130 1764166594137
45300 1183539497 1764166594163.167480 1764166594163 1764166594170
45301 1183572841 1764166594196.510010 1764166594197 1764166594204
45302 1183606185 1764166594229.852295 1764166594230 1764166594237
45303 1183639529 1764166594263.194580 1764166594263 1764166594270
45304 1183672873 1764166594296.537109 1764166594297 1764166594304
45305 1183706217 1764166594329.879395 1764166594330 1764166594337
45306 1183739561 1764166594363.221924 1764166594364 1764166594371
45307 1183772904 1764166594396.563232 1764166594397 1764166594404
45308 1183806248 1764166594429.905762 1764166594430 1764166594437
45309 1183839592 1764166594463.248047 1764166594464 1764166594471
45310 1183872936 1764166594496.590576 1764166594496 1764166594504
45311 1183906280 1764166594529.933105 1764166594531 1764166594538
45312 1183939624 1764166594563.275635 1764166594564 1764166594571
45313 1183972968 1764166594596.617920 1764166594596 1764166594604
45314 1184006312 1764166594629.960449 1764166594630 1764166594637
45315 1184039656 1764166594663.302979 1764166594664 1764166594671
45316 1184073000 1764166594696.645508 1764166594696 1764166594704
45317 1184106344 1764166594729.988037 1764166594731 1764166594738
45318 1184139688 1764166594763.330811 1764166594764 1764166594771
45319 1184173032 1764166594796.673340 1764166594796 1764166594804
45320 1184206375 1764166594830.014893 1764166594830 1764166594837
45321 1184239719 1764166594863.357422 1764166594864 1764166594871
45322 1184273063 1764166594896.699951 1764166594896 1764166594904
45323 1184306407 1764166594930.042725 1764166594931 1764166594938
45324 1184339751 1764166594963.385254 1764166594964 1764166594971
45325 1184373095 1764166594996.728027 1764166594997 1764166595004
45326 1184406439 1764166595030.070557 1764166595030 1764166595037
45327 1184439783 1764166595063.413330 1764166595064 1764166595071
45328 1184473127 1764166595096.756104 1764166595097 1764166595104
45329 1184506471 1764166595130.098877 1764166595130 1764166595137
45330 1184539815 1764166595163.441650 1764166595164 1764166595171
45331 1184573159 1764166595196.784668 1764166595197 1764166595204
45332 1184606503 1764166595230.127441 1764166595230 1764166595237
45333 1184639847 1764166595263.470215 1764166595264 1764166595271
45334 1184673190 1764166595296.812256 1764166595297 1764166595304
45335 1184706534 1764166595330.155029 1764166595331 1764166595338
45336 1184739878 1764166595363.498047 1764166595363 1764166595371
45337 1184773222 1764166595396.841064 1764166595397 1764166595404
45338 1184806566 1764166595430.183838 1764166595431 1764166595438
45339 1184839910 1764166595463.526855 1764166595463 1764166595471
45340 1184873254 1764166595496.869873 1764166595497 1764166595504
45341 1184906598 1764166595530.212891 1764166595531 1764166595538
45342 1184939942 1764166595563.555664 1764166595563 1764166595571
45343 1184973286 1764166595596.898682 1764166595597 1764166595604
45344 1185006630 1764166595630.241699 1764166595631 1764166595638
45345 1185039974 1764166595663.584717 1764166595663 1764166595671
45346 1185073318 1764166595696.927734 1764166595697 1764166595704
45347 1185106661 1764166595730.269775 1764166595731 1764166595738
45348 1185140005 1764166595763.612793 1764166595763 1764166595771
45349 1185173349 1764166595796.956055 1764166595797 1764166595804
45350 1185206693 1764166595830.299072 1764166595831 1764166595838
45351 1185240037 1764166595863.642090 1764166595864 1764166595871
45352 1185273381 1764166595896.985352 1764166595897 1764166595904
45353 1185306725 1764166595930.328369 1764166595931 1764166595938
45354 1185340069 1764166595963.671387 1764166595964 1764166595971
45355 1185373413 1764166595997.014648 1764166595997 1764166596004
45356 1185406757 1764166596030.357910 1764166596031 1764166596038
45357 1185440101 1764166596063.700928 1764166596064 1764166596071
45358 1185473445 1764166596097.044678 1764166596097 1764166596104
45359 1185506789 1764166596130.388184 1764166596131 1764166596138
45360 1185540132 1764166596163.730957 1764166596164 1764166596171
45361 1185573476 1764166596197.074707 1764166596198 1764166596205
45362 1185606820 1764166596230.418457 1764166596230 1764166596238
45363 1185640164 1764166596263.762207 1764166596264 1764166596271
45364 1185673508 1764166596297.105957 1764166596298 1764166596305
45365 1185706852 1764166596330.449707 1764166596330 1764166596338
45366 1185740196 1764166596363.793701 1764166596364 1764166596371
45367 1185773540 1764166596397.137451 1764166596398 1764166596405
45368 1185806884 1764166596430.481201 1764166596430 1764166596438
45369 1185840228 1764166596463.825195 1764166596464 1764166596471
45370 1185873572 1764166596497.168945 1764166596498 1764166596505
45371 1185906916 1764166596530.512939 1764166596530 1764166596538
45372 1185940260 1764166596563.856689 1764166596564 1764166596571
45373 1185973604 1764166596597.200684 1764166596598 1764166596605
45374 1186006947 1764166596630.543701 1764166596630 1764166596638
45375 1186040291 1764166596663.887695 1764166596664 1764166596671
45376 1186073635 1764166596697.231689 1764166596698 1764166596705
45377 1186106979 1764166596730.575684 1764166596730 1764166596738
45378 1186140323 1764166596763.919678 1764166596764 1764166596771
45379 1186173667 1764166596797.263672 1764166596798 1764166596805
45380 1186207011 1764166596830.607666 1764166596831 1764166596838
45381 1186240355 1764166596863.951660 1764166596864 1764166596871
45382 1186273699 1764166596897.295898 1764166596898 1764166596905
45383 1186307043 1764166596930.639893 1764166596931 1764166596938
45384 1186340387 1764166596963.984131 1764166596964 1764166596971
45385 1186373731 1764166596997.328125 1764166596997 1764166597005
45386 1186407075 1764166597030.672363 1764166597031 1764166597038
45387 1186440418 1764166597064.015381 1764166597065 1764166597072
45388 1186473762 1764166597097.360107 1764166597098 1764166597105
45389 1186507106 1764166597130.704590 1764166597131 1764166597138
45390 1186540450 1764166597164.049072 1764166597164 1764166597172
45391 1186573794 1764166597197.393799 1764166597198 1764166597205
45392 1186607138 1764166597230.738525 1764166597231 1764166597238
45393 1186640482 1764166597264.083252 1764166597265 1764166597272
45394 1186673826 1764166597297.427734 1764166597297 1764166597305
45395 1186707170 1764166597330.772461 1764166597331 1764166597338
45396 1186740514 1764166597364.117188 1764166597365 1764166597372
45397 1186773858 1764166597397.462158 1764166597397 1764166597405
45398 1186807202 1764166597430.806885 1764166597431 1764166597438
45399 1186840546 1764166597464.151611 1764166597464 1764166597472
45400 1186873889 1764166597497.495605 1764166597497 1764166597505
45401 1186907233 1764166597530.840332 1764166597531 1764166597538
45402 1186940577 1764166597564.185303 1764166597565 1764166597572
45403 1186973921 1764166597597.530029 1764166597597 1764166597605
45404 1187007265 1764166597630.875000 1764166597631 1764166597638
45405 1187040609 1764166597664.219971 1764166597665 1764166597672
45406 1187073953 1764166597697.564941 1764166597698 1764166597705
45407 1187107297 1764166597730.909912 1764166597731 1764166597738
45408 1187140641 1764166597764.254883 1764166597764 1764166597772
45409 1187173985 1764166597797.599854 1764166597798 1764166597805
45410 1187207329 1764166597830.945068 1764166597831 1764166597838
45411 1187240673 1764166597864.290039 1764166597864 1764166597872
45412 1187274017 1764166597897.635254 1764166597898 1764166597905
45413 1187307361 1764166597930.980225 1764166597931 1764166597938
45414 1187340704 1764166597964.324463 1764166597965 1764166597972
45415 1187374048 1764166597997.669678 1764166597998 1764166598005
45416 1187407392 1764166598031.014893 1764166598031 1764166598039
45417 1187440736 1764166598064.360107 1764166598065 1764166598072
45418 1187474080 1764166598097.705322 1764166598098 1764166598105
45419 1187507424 1764166598131.050781 1764166598132 1764166598139
45420 1187540768 1764166598164.396240 1764166598164 1764166598172
45421 1187574112 1764166598197.741699 1764166598198 1764166598205
45422 1187607456 1764166598231.087158 1764166598232 1764166598239
45423 1187640800 1764166598264.432617 1764166598264 1764166598272
45424 1187674144 1764166598297.778076 1764166598298 1764166598305
45425 1187707488 1764166598331.123779 1764166598332 1764166598339
45426 1187740832 1764166598364.469238 1764166598364 1764166598372
45427 1187774175 1764166598397.813965 1764166598398 1764166598405
45428 1187807519 1764166598431.159424 1764166598432 1764166598439
45429 1187840863 1764166598464.505127 1764166598464 1764166598472
45430 1187874207 1764166598497.850830 1764166598498 1764166598505
45431 1187907551 1764166598531.196533 1764166598532 1764166598539
45432 1187940895 1764166598564.542480 1764166598565 1764166598572
45433 1187974239 1764166598597.888184 1764166598598 1764166598605
45434 1188007583 1764166598631.233887 1764166598632 1764166598639
45435 1188040927 1764166598664.579834 1764166598665 1764166598672
45436 1188074271 1764166598697.925537 1764166598698 1764166598705
45437 1188107615 1764166598731.271484 1764166598732 1764166598739
45438 1188140959 1764166598764.617432 1764166598765 1764166598772
45439 1188174303 1764166598797.963379 1764166598798 1764166598805
45440 1188207646 1764166598831.308350 1764166598832 1764166598839
45441 1188240990 1764166598864.654297 1764166598865 1764166598872
45442 1188274334 1764166598898.000244 1764166598899 1764166598906
45443 1188307678 1764166598931.346436 1764166598932 1764166598939
45444 1188341022 1764166598964.692383 1764166598965 1764166598973
45445 1188374366 1764166598998.038574 1764166598999 1764166599006
45446 1188407710 1764166599031.384766 1764166599031 1764166599039
45447 1188441054 1764166599064.730713 1764166599065 1764166599072
45448 1188474398 1764166599098.076660 1764166599099 1764166599106
45449 1188507742 1764166599131.422363 1764166599131 1764166599139
45450 1188541086 1764166599164.768066 1764166599165 1764166599172
45451 1188574430 1764166599198.114014 1764166599199 1764166599206
45452 1188607774 1764166599231.459717 1764166599231 1764166599239
45453 1188641118 1764166599264.805664 1764166599265 1764166599272
45454 1188674461 1764166599298.150635 1764166599299 1764166599306
45455 1188707805 1764166599331.496582 1764166599331 1764166599339
45456 1188741149 1764166599364.842529 1764166599365 1764166599372
45457 1188774493 1764166599398.188477 1764166599399 1764166599406
45458 1188807837 1764166599431.534424 1764166599431 1764166599439
45459 1188841181 1764166599464.880615 1764166599465 1764166599472
45460 1188874525 1764166599498.226562 1764166599499 1764166599506
45461 1188907869 1764166599531.572754 1764166599532 1764166599539
45462 1188941213 1764166599564.918945 1764166599565 1764166599572
45463 1188974557 1764166599598.265137 1764166599598 1764166599606
45464 1189007901 1764166599631.611328 1764166599632 1764166599639
45465 1189041245 1764166599664.957520 1764166599665 1764166599672
45466 1189074589 1764166599698.303711 1764166599698 1764166599706
45467 1189107932 1764166599731.648926 1764166599733 1764166599740
45468 1189141276 1764166599764.995361 1764166599765 1764166599772
45469 1189174620 1764166599798.341553 1764166599799 1764166599806
45470 1189207964 1764166599831.687988 1764166599832 1764166599839
45471 1189241308 1764166599865.034180 1764166599865 1764166599875
45472 1189274652 1764166599898.380615 1764166599899 1764166599906
45473 1189307996 1764166599931.727051 1764166599932 1764166599939
45474 1189341340 1764166599965.073486 1764166599966 1764166599973
45475 1189374684 1764166599998.420166 1764166599998 1764166600006
45476 1189408028 1764166600031.766602 1764166600032 1764166600040
45477 1189441372 1764166600065.113037 1764166600066 1764166600073
45478 1189474716 1764166600098.459473 1764166600098 1764166600106
45479 1189508060 1764166600131.805908 1764166600132 1764166600139
45480 1189541403 1764166600165.151367 1764166600166 1764166600173
45481 1189574747 1764166600198.497803 1764166600198 1764166600206
45482 1189608091 1764166600231.844238 1764166600232 1764166600239
45483 1189641435 1764166600265.190918 1764166600266 1764166600273
45484 1189674779 1764166600298.537354 1764166600298 1764166600306
45485 1189708123 1764166600331.884033 1764166600332 1764166600339
45486 1189741467 1764166600365.230713 1764166600366 1764166600373
45487 1189774811 1764166600398.577393 1764166600399 1764166600406
45488 1189808155 1764166600431.924072 1764166600432 1764166600439
45489 1189841499 1764166600465.270752 1764166600466 1764166600473
45490 1189874843 1764166600498.617432 1764166600499 1764166600506
45491 1189908187 1764166600531.964355 1764166600533 1764166600540
45492 1189941531 1764166600565.311035 1764166600566 1764166600573
45493 1189974875 1764166600598.657959 1764166600599 1764166600606
45494 1190008218 1764166600632.003662 1764166600633 1764166600640
45495 1190041562 1764166600665.350586 1764166600665 1764166600673
45496 1190074906 1764166600698.697510 1764166600699 1764166600706
45497 1190108250 1764166600732.044678 1764166600733 1764166600740
45498 1190141594 1764166600765.391602 1764166600765 1764166600773
45499 1190174938 1764166600798.738525 1764166600799 1764166600806
45500 1190208282 1764166600832.085693 1764166600833 1764166600840
45501 1190241626 1764166600865.432617 1764166600865 1764166600873
45502 1190274970 1764166600898.779785 1764166600899 1764166600906
45503 1190308314 1764166600932.126953 1764166600933 1764166600940
45504 1190341658 1764166600965.474121 1764166600965 1764166600973
45505 1190375002 1764166600998.821289 1764166600999 1764166601006
45506 1190408346 1764166601032.168701 1764166601033 1764166601040
45507 1190441689 1764166601065.514893 1764166601065 1764166601073
45508 1190475033 1764166601098.861328 1764166601099 1764166601106
45509 1190508377 1764166601132.207520 1764166601133 1764166601140
45510 1190541721 1764166601165.553955 1764166601165 1764166601173
45511 1190575065 1764166601198.900635 1764166601199 1764166601206
45512 1190608409 1764166601232.247070 1764166601233 1764166601240
45513 1190641753 1764166601265.593506 1764166601265 1764166601273
45514 1190675097 1764166601298.940186 1764166601299 1764166601306
45515 1190708441 1764166601332.286621 1764166601333 1764166601340
45516 1190741785 1764166601365.633301 1764166601366 1764166601373
45517 1190775129 1764166601398.979980 1764166601399 1764166601406
45518 1190808473 1764166601432.326660 1764166601433 1764166601440
45519 1190841817 1764166601465.673340 1764166601466 1764166601473
45520 1190875160 1764166601499.019043 1764166601499 1764166601506
45521 1190908504 1764166601532.365723 1764166601533 1764166601540
45522 1190941848 1764166601565.712646 1764166601566 1764166601573
45523 1190975192 1764166601599.059326 1764166601600 1764166601607
45524 1191008536 1764166601632.406250 1764166601633 1764166601640
45525 1191041880 1764166601665.752930 1764166601666 1764166601673
45526 1191075224 1764166601699.099854 1764166601700 1764166601707
45527 1191108568 1764166601732.446777 1764166601732 1764166601740
45528 1191141912 1764166601765.793701 1764166601766 1764166601773
45529 1191175256 1764166601799.140869 1764166601800 1764166601807
45530 1191208600 1764166601832.487793 1764166601832 1764166601840
45531 1191241944 1764166601865.834717 1764166601866 1764166601873
45532 1191275288 1764166601899.181885 1764166601900 1764166601907
45533 1191308632 1764166601932.529053 1764166601932 1764166601940
45534 1191341975 1764166601965.875000 1764166601966 1764166601973
45535 1191375319 1764166601999.222168 1764166602000 1764166602007
45536 1191408663 1764166602032.569336 1764166602032 1764166602042
45537 1191442007 1764166602065.916504 1764166602066 1764166602073
45538 1191475351 1764166602099.264160 1764166602100 1764166602107
45539 1191508695 1764166602132.612061 1764166602132 1764166602140
45540 1191542039 1764166602165.959717 1764166602166 1764166602173
45541 1191575383 1764166602199.307373 1764166602200 1764166602207
45542 1191608727 1764166602232.655273 1764166602232 1764166602240
45543 1191642071 1764166602266.003174 1764166602266 1764166602273
45544 1191675415 1764166602299.351074 1764166602300 1764166602307
45545 1191708759 1764166602332.698975 1764166602333 1764166602340
45546 1191742103 1764166602366.046875 1764166602366 1764166602373
45547 1191775446 1764166602399.393799 1764166602400 1764166602407
45548 1191808790 1764166602432.741943 1764166602433 1764166602440
45549 1191842134 1764166602466.089844 1764166602466 1764166602473
45550 1191875478 1764166602499.437988 1764166602499 1764166602507
45551 1191908822 1764166602532.786133 1764166602533 1764166602540
45552 1191942166 1764166602566.134277 1764166602567 1764166602574
45553 1191975510 1764166602599.482422 1764166602600 1764166602607
45554 1192008854 1764166602632.830811 1764166602633 1764166602640
45555 1192042198 1764166602666.178955 1764166602667 1764166602674
45556 1192075542 1764166602699.527344 1764166602699 1764166602707
45557 1192108886 1764166602732.875732 1764166602733 1764166602740
45558 1192142230 1764166602766.223877 1764166602767 1764166602774
45559 1192175574 1764166602799.572266 1764166602799 1764166602807
45560 1192208917 1764166602832.919922 1764166602833 1764166602840
45561 1192242261 1764166602866.268311 1764166602867 1764166602874
45562 1192275605 1764166602899.616699 1764166602899 1764166602907
45563 1192308949 1764166602932.965332 1764166602934 1764166602941
45564 1192342293 1764166602966.313965 1764166602967 1764166602974
45565 1192375637 1764166602999.662354 1764166602999 1764166603007
45566 1192408981 1764166603033.011230 1764166603033 1764166603040
45567 1192442325 1764166603066.359619 1764166603067 1764166603074
45568 1192475669 1764166603099.708984 1764166603099 1764166603107
45569 1192509013 1764166603133.058350 1764166603133 1764166603140
45570 1192542357 1764166603166.407715 1764166603166 1764166603174
45571 1192575701 1764166603199.757324 1764166603201 1764166603208
45572 1192609045 1764166603233.106689 1764166603233 1764166603240
45573 1192642389 1764166603266.456299 1764166603266 1764166603274
45574 1192675732 1764166603299.804688 1764166603300 1764166603307
45575 1192709076 1764166603333.154541 1764166603333 1764166603340
45576 1192742420 1764166603366.504150 1764166603367 1764166603374
45577 1192775764 1764166603399.853760 1764166603400 1764166603407
45578 1192809108 1764166603433.203613 1764166603433 1764166603440
45579 1192842452 1764166603466.553223 1764166603466 1764166603474
45580 1192875796 1764166603499.903076 1764166603500 1764166603507
45581 1192909140 1764166603533.252930 1764166603534 1764166603541
45582 1192942484 1764166603566.603027 1764166603566 1764166603574
45583 1192975828 1764166603599.952881 1764166603600 1764166603607
45584 1193009172 1764166603633.302979 1764166603634 1764166603641
45585 1193042516 1764166603666.652832 1764166603666 1764166603674
45586 1193075860 1764166603700.002930 1764166603700 1764166603707
45587 1193109203 1764166603733.352295 1764166603734 1764166603741
45588 1193142547 1764166603766.702393 1764166603766 1764166603774
45589 1193175891 1764166603800.052490 1764166603800 1764166603807
45590 1193209235 1764166603833.402832 1764166603833 1764166603841
45591 1193242579 1764166603866.753174 1764166603866 1764166603874
45592 1193275923 1764166603900.103516 1764166603900 1764166603907
45593 1193309267 1764166603933.453857 1764166603934 1764166603941
45594 1193342611 1764166603966.804443 1764166603966 1764166603974
45595 1193375955 1764166604000.154785 1764166604000 1764166604007
45596 1193409299 1764166604033.505371 1764166604034 1764166604041
45597 1193442643 1764166604066.855957 1764166604067 1764166604074
45598 1193475987 1764166604100.200439 1764166604100 1764166604107
45599 1193509331 1764166604133.547363 1764166604134 1764166604141
45600 1193542674 1764166604166.893555 1764166604167 1764166604174
45601 1193576018 1764166604200.240479 1764166604200 1764166604207
45602 1193609362 1764166604233.587646 1764166604234 1764166604241
45603 1193642706 1764166604266.934570 1764166604267 1764166604274
45604 1193676050 1764166604300.281738 1764166604300 1764166604307
45605 1193709394 1764166604333.628906 1764166604334 1764166604341
45606 1193742738 1764166604366.976074 1764166604367 1764166604376
45607 1193776082 1764166604400.323242 1764166604401 1764166604408
45608 1193809426 1764166604433.670410 1764166604434 1764166604441
45609 1193842770 1764166604467.017822 1764166604467 1764166604474
45610 1193876114 1764166604500.364990 1764166604501 1764166604508
45611 1193909458 1764166604533.712158 1764166604533 1764166604541
45612 1193942802 1764166604567.059570 1764166604567 1764166604574
45613 1193976146 1764166604600.406982 1764166604601 1764166604608
45614 1194009489 1764166604633.753418 1764166604633 1764166604641
45615 1194042833 1764166604667.100830 1764166604667 1764166604674
45616 1194076177 1764166604700.448242 1764166604701 1764166604708
45617 1194109521 1764166604733.795654 1764166604733 1764166604741
45618 1194142865 1764166604767.143066 1764166604767 1764166604774
45619 1194176209 1764166604800.490723 1764166604801 1764166604808
45620 1194209553 1764166604833.838135 1764166604833 1764166604841
45621 1194242897 1764166604867.185791 1764166604867 1764166604874
45622 1194276241 1764166604900.533203 1764166604901 1764166604908
45623 1194309585 1764166604933.880859 1764166604934 1764166604942
45624 1194342929 1764166604967.228516 1764166604967 1764166604974
45625 1194376273 1764166605000.576172 1764166605001 1764166605008
45626 1194409617 1764166605033.923828 1764166605034 1764166605041
45627 1194442960 1764166605067.270752 1764166605067 1764166605074
45628 1194476304 1764166605100.618408 1764166605101 1764166605108
45629 1194509648 1764166605133.965820 1764166605134 1764166605141
45630 1194542992 1764166605167.313477 1764166605168 1764166605175
45631 1194576336 1764166605200.660889 1764166605201 1764166605208
45632 1194609680 1764166605234.008545 1764166605234 1764166605241
45633 1194643024 1764166605267.356201 1764166605268 1764166605275
45634 1194676368 1764166605300.703613 1764166605300 1764166605308
45635 1194709712 1764166605334.051270 1764166605334 1764166605341
45636 1194743056 1764166605367.398926 1764166605368 1764166605375
45637 1194776400 1764166605400.746826 1764166605400 1764166605408
45638 1194809744 1764166605434.094482 1764166605434 1764166605441
45639 1194843088 1764166605467.442139 1764166605468 1764166605475
45640 1194876431 1764166605500.789062 1764166605500 1764166605508
45641 1194909775 1764166605534.136719 1764166605534 1764166605541
45642 1194943119 1764166605567.484619 1764166605568 1764166605575
45643 1194976463 1764166605600.832520 1764166605600 1764166605608
45644 1195009807 1764166605634.180420 1764166605634 1764166605641
45645 1195043151 1764166605667.528320 1764166605668 1764166605675
45646 1195076495 1764166605700.876221 1764166605700 1764166605708
45647 1195109839 1764166605734.224121 1764166605734 1764166605741
45648 1195143183 1764166605767.572021 1764166605768 1764166605775
45649 1195176527 1764166605800.920166 1764166605800 1764166605808
45650 1195209871 1764166605834.268066 1764166605834 1764166605841
45651 1195243215 1764166605867.616211 1764166605868 1764166605875
45652 1195276559 1764166605900.964111 1764166605901 1764166605908
45653 1195309903 1764166605934.312256 1764166605934 1764166605941
45654 1195343246 1764166605967.659424 1764166605967 1764166605975
45655 1195376590 1764166606001.007568 1764166606001 1764166606008
45656 1195409934 1764166606034.355713 1764166606034 1764166606041
45657 1195443278 1764166606067.703857 1764166606068 1764166606075
45658 1195476622 1764166606101.052246 1764166606101 1764166606108
45659 1195509966 1764166606134.398438 1764166606134 1764166606141
45660 1195543310 1764166606167.744629 1764166606168 1764166606175
45661 1195576654 1764166606201.090820 1764166606201 1764166606208
45662 1195609998 1764166606234.437256 1764166606235 1764166606242
45663 1195643342 1764166606267.783447 1764166606268 1764166606275
45664 1195676686 1764166606301.129883 1764166606301 1764166606308
45665 1195710030 1764166606334.476074 1764166606335 1764166606342
45666 1195743374 1764166606367.822510 1764166606367 1764166606375
45667 1195776717 1764166606401.167725 1764166606401 1764166606408
45668 1195810061 1764166606434.514160 1764166606435 1764166606442
45669 1195843405 1764166606467.860596 1764166606467 1764166606475
45670 1195876749 1764166606501.207031 1764166606501 1764166606508
45671 1195910093 1764166606534.553467 1764166606535 1764166606542
45672 1195943437 1764166606567.899658 1764166606567 1764166606575
45673 1195976781 1764166606601.246094 1764166606601 1764166606608
45674 1196010125 1764166606634.592529 1764166606635 1764166606642
45675 1196043469 1764166606667.939209 1764166606667 1764166606675
45676 1196076813 1764166606701.285645 1764166606701 1764166606708
45677 1196110157 1764166606734.632080 1764166606735 1764166606742
45678 1196143501 1764166606767.978516 1764166606767 1764166606776
45679 1196176845 1764166606801.324951 1764166606801 1764166606808
45680 1196210188 1764166606834.670654 1764166606835 1764166606842
45681 1196243532 1764166606868.017090 1764166606868 1764166606875
45682 1196276876 1764166606901.363770 1764166606901 1764166606908
45683 1196310220 1764166606934.710205 1764166606935 1764166606942
45684 1196343564 1764166606968.056885 1764166606968 1764166606975
45685 1196376908 1764166607001.403320 1764166607001 1764166607008
45686 1196410252 1764166607034.750000 1764166607035 1764166607042
45687 1196443596 1764166607068.096680 1764166607068 1764166607075
45688 1196476940 1764166607101.443359 1764166607101 1764166607114
45689 1196510284 1764166607134.790039 1764166607135 1764166607142
45690 1196543628 1764166607168.136963 1764166607168 1764166607175
45691 1196576972 1764166607201.483643 1764166607202 1764166607209
45692 1196610316 1764166607234.830566 1764166607234 1764166607242
45693 1196643660 1764166607268.177246 1764166607268 1764166607275
45694 1196677003 1764166607301.523193 1764166607302 1764166607309
45695 1196710347 1764166607334.870117 1764166607334 1764166607342
45696 1196743691 1764166607368.217041 1764166607368 1764166607375
45697 1196777035 1764166607401.563965 1764166607402 1764166607409
45698 1196810379 1764166607434.910889 1764166607434 1764166607442
45699 1196843723 1764166607468.257812 1764166607468 1764166607475
45700 1196877067 1764166607501.604736 1764166607502 1764166607509
45701 1196910411 1764166607534.951660 1764166607534 1764166607542
45702 1196943755 1764166607568.298584 1764166607568 1764166607575
45703 1196977099 1764166607601.645508 1764166607602 1764166607609
45704 1197010443 1764166607634.992432 1764166607634 1764166607642
45705 1197043787 1764166607668.339600 1764166607668 1764166607675
45706 1197077131 1764166607701.686523 1764166607702 1764166607709
45707 1197110474 1764166607735.032715 1764166607735 1764166607742
45708 1197143818 1764166607768.379639 1764166607768 1764166607775
45709 1197177162 1764166607801.726807 1764166607802 1764166607809
45710 1197210506 1764166607835.073730 1764166607835 1764166607842
45711 1197243850 1764166607868.420898 1764166607868 1764166607875
45712 1197277194 1764166607901.768066 1764166607902 1764166607909
45713 1197310538 1764166607935.114990 1764166607935 1764166607942
45714 1197343882 1764166607968.462158 1764166607968 1764166607975
45715 1197377226 1764166608001.809326 1764166608002 1764166608009
45716 1197410570 1764166608035.156494 1764166608035 1764166608042
45717 1197443914 1764166608068.503662 1764166608069 1764166608076
45718 1197477258 1764166608101.850830 1764166608101 1764166608109
45719 1197510602 1764166608135.196533 1764166608135 1764166608142
45720 1197543945 1764166608168.541260 1764166608169 1764166608176
45721 1197577289 1764166608201.886963 1764166608201 1764166608209
45722 1197610633 1764166608235.232666 1764166608235 1764166608242
45723 1197643977 1764166608268.578369 1764166608269 1764166608276
45724 1197677321 1764166608301.924072 1764166608301 1764166608309
45725 1197710665 1764166608335.269775 1764166608335 1764166608342
45726 1197744009 1764166608368.615723 1764166608369 1764166608376
45727 1197777353 1764166608401.961426 1764166608401 1764166608409
45728 1197810697 1764166608435.307129 1764166608435 1764166608442
45729 1197844041 1764166608468.652832 1764166608469 1764166608476
45730 1197877385 1764166608501.998535 1764166608501 1764166608509
45731 1197910729 1764166608535.344238 1764166608535 1764166608542
45732 1197944073 1764166608568.689941 1764166608569 1764166608576
45733 1197977417 1764166608602.035889 1764166608601 1764166608609
45734 1198010760 1764166608635.380615 1764166608635 1764166608642
45735 1198044104 1764166608668.726318 1764166608669 1764166608676
45736 1198077448 1764166608702.072021 1764166608702 1764166608709
45737 1198110792 1764166608735.417725 1764166608735 1764166608742
45738 1198144136 1764166608768.763672 1764166608769 1764166608776
45739 1198177480 1764166608802.109375 1764166608802 1764166608809
45740 1198210824 1764166608835.455078 1764166608835 1764166608842
45741 1198244168 1764166608868.800781 1764166608869 1764166608876
45742 1198277512 1764166608902.146729 1764166608902 1764166608909
45743 1198310856 1764166608935.492432 1764166608935 1764166608943
45744 1198344200 1764166608968.838135 1764166608968 1764166608976
45745 1198377544 1764166609002.184082 1764166609002 1764166609010
45746 1198410888 1764166609035.529785 1764166609036 1764166609043
45747 1198444231 1764166609068.874512 1764166609068 1764166609076
45748 1198477575 1764166609102.220459 1764166609102 1764166609109
45749 1198510919 1764166609135.567627 1764166609136 1764166609143
45750 1198544263 1764166609168.914795 1764166609168 1764166609176
45751 1198577607 1764166609202.261963 1764166609202 1764166609209
45752 1198610951 1764166609235.609131 1764166609236 1764166609243
45753 1198644295 1764166609268.956299 1764166609268 1764166609276
45754 1198677639 1764166609302.303467 1764166609302 1764166609309
45755 1198710983 1764166609335.650635 1764166609336 1764166609343
45756 1198744327 1764166609368.997803 1764166609368 1764166609376
45757 1198777671 1764166609402.344971 1764166609402 1764166609409
45758 1198811015 1764166609435.692139 1764166609436 1764166609443
45759 1198844359 1764166609469.039307 1764166609468 1764166609476
45760 1198877702 1764166609502.385742 1764166609502 1764166609509
45761 1198911046 1764166609535.732910 1764166609536 1764166609543
45762 1198944390 1764166609569.080078 1764166609569 1764166609576
45763 1198977734 1764166609602.427490 1764166609602 1764166609609
45764 1199011078 1764166609635.774658 1764166609636 1764166609643
45765 1199044422 1764166609669.122070 1764166609669 1764166609676
45766 1199077766 1764166609702.469238 1764166609702 1764166609709
45767 1199111110 1764166609735.816650 1764166609736 1764166609743
45768 1199144454 1764166609769.163818 1764166609769 1764166609776
45769 1199177798 1764166609802.511230 1764166609803 1764166609810
45770 1199211142 1764166609835.858398 1764166609836 1764166609843
45771 1199244486 1764166609869.205811 1764166609869 1764166609876
45772 1199277830 1764166609902.553223 1764166609903 1764166609910
45773 1199311174 1764166609935.900391 1764166609936 1764166609943
45774 1199344517 1764166609969.246826 1764166609969 1764166609976
45775 1199377861 1764166610002.594238 1764166610003 1764166610010
45776 1199411205 1764166610035.941650 1764166610035 1764166610043
45777 1199444549 1764166610069.289062 1764166610069 1764166610076
45778 1199477893 1764166610102.636230 1764166610103 1764166610110
45779 1199511237 1764166610135.981445 1764166610135 1764166610143
45780 1199544581 1764166610169.326660 1764166610169 1764166610176
45781 1199577925 1764166610202.671631 1764166610203 1764166610210
45782 1199611269 1764166610236.016846 1764166610235 1764166610243
45783 1199644613 1764166610269.361816 1764166610269 1764166610276
45784 1199677957 1764166610302.707031 1764166610303 1764166610310
45785 1199711301 1764166610336.052002 1764166610335 1764166610343
45786 1199744645 1764166610369.397217 1764166610369 1764166610376
45787 1199777988 1764166610402.741211 1764166610403 1764166610410
45788 1199811332 1764166610436.086182 1764166610435 1764166610443
45789 1199844676 1764166610469.431396 1764166610469 1764166610476
45790 1199878020 1764166610502.776367 1764166610503 1764166610510
45791 1199911364 1764166610536.121338 1764166610536 1764166610543
45792 1199944708 1764166610569.466553 1764166610569 1764166610576
45793 1199978052 1764166610602.811523 1764166610603 1764166610610
45794 1200011396 1764166610636.156494 1764166610636 1764166610643
45795 1200044740 1764166610669.501709 1764166610669 1764166610676
45796 1200078084 1764166610702.846680 1764166610703 1764166610710
45797 1200111428 1764166610736.191650 1764166610736 1764166610743
45798 1200144772 1764166610769.536621 1764166610770 1764166610777
45799 1200178116 1764166610802.881592 1764166610803 1764166610810
45800 1200211459 1764166610836.225830 1764166610836 1764166610843
45801 1200244803 1764166610869.570801 1764166610870 1764166610877
45802 1200278147 1764166610902.915771 1764166610902 1764166610910
45803 1200311491 1764166610936.260742 1764166610936 1764166610943
45804 1200344835 1764166610969.605713 1764166610970 1764166610977
45805 1200378179 1764166611002.950684 1764166611002 1764166611010
45806 1200411523 1764166611036.295654 1764166611036 1764166611043
45807 1200444867 1764166611069.640625 1764166611069 1764166611077
45808 1200478211 1764166611102.985596 1764166611102 1764166611110
45809 1200511555 1764166611136.330566 1764166611136 1764166611143
45810 1200544899 1764166611169.675293 1764166611170 1764166611177
45811 1200578243 1764166611203.020264 1764166611202 1764166611210
45812 1200611587 1764166611236.364990 1764166611237 1764166611244
45813 1200644931 1764166611269.709961 1764166611270 1764166611277
45814 1200678274 1764166611303.053711 1764166611302 1764166611310
45815 1200711618 1764166611336.398438 1764166611336 1764166611343
45816 1200744962 1764166611369.743408 1764166611370 1764166611377
45817 1200778306 1764166611403.088135 1764166611403 1764166611410
45818 1200811650 1764166611436.432861 1764166611436 1764166611443
45819 1200844994 1764166611469.777588 1764166611470 1764166611477
45820 1200878338 1764166611503.122559 1764166611503 1764166611510
45821 1200911682 1764166611536.467285 1764166611536 1764166611543
45822 1200945026 1764166611569.812012 1764166611570 1764166611577
45823 1200978370 1764166611603.156738 1764166611603 1764166611610
45824 1201011714 1764166611636.501465 1764166611636 1764166611644
45825 1201045058 1764166611669.846191 1764166611670 1764166611677
45826 1201078402 1764166611703.190918 1764166611703 1764166611710
45827 1201111745 1764166611736.534668 1764166611737 1764166611744
45828 1201145089 1764166611769.879395 1764166611769 1764166611777
45829 1201178433 1764166611803.224121 1764166611803 1764166611810
45830 1201211777 1764166611836.568848 1764166611837 1764166611844
45831 1201245121 1764166611869.913574 1764166611869 1764166611877
45832 1201278465 1764166611903.258301 1764166611903 1764166611910
45833 1201311809 1764166611936.603027 1764166611937 1764166611944
45834 1201345153 1764166611969.947754 1764166611969 1764166611977
45835 1201378497 1764166612003.292480 1764166612003 1764166612010
45836 1201411841 1764166612036.636963 1764166612037 1764166612044
45837 1201445185 1764166612069.981689 1764166612069 1764166612077
45838 1201478529 1764166612103.326416 1764166612103 1764166612110
45839 1201511873 1764166612136.671631 1764166612137 1764166612144
45840 1201545216 1764166612170.015869 1764166612169 1764166612177
45841 1201578560 1764166612203.361084 1764166612203 1764166612210
45842 1201611904 1764166612236.706299 1764166612237 1764166612244
45843 1201645248 1764166612270.051514 1764166612270 1764166612277
45844 1201678592 1764166612303.396729 1764166612304 1764166612312
45845 1201711936 1764166612336.741943 1764166612337 1764166612344
45846 1201745280 1764166612370.087402 1764166612370 1764166612377
45847 1201778624 1764166612403.432617 1764166612403 1764166612410
45848 1201811968 1764166612436.777832 1764166612437 1764166612444
45849 1201845312 1764166612470.122803 1764166612470 1764166612477
45850 1201878656 1764166612503.468018 1764166612503 1764166612510
45851 1201912000 1764166612536.813232 1764166612537 1764166612544
45852 1201945344 1764166612570.158447 1764166612570 1764166612577
45853 1201978688 1764166612603.503662 1764166612604 1764166612611
45854 1202012031 1764166612636.847900 1764166612637 1764166612644
45855 1202045375 1764166612670.193115 1764166612670 1764166612677
45856 1202078719 1764166612703.538330 1764166612704 1764166612711
45857 1202112063 1764166612736.883545 1764166612736 1764166612744
45858 1202145407 1764166612770.228516 1764166612770 1764166612777
45859 1202178751 1764166612803.573730 1764166612804 1764166612811
45860 1202212095 1764166612836.918945 1764166612836 1764166612844
45861 1202245439 1764166612870.264160 1764166612870 1764166612877
45862 1202278783 1764166612903.609131 1764166612904 1764166612911
45863 1202312127 1764166612936.954346 1764166612936 1764166612944
45864 1202345471 1764166612970.299561 1764166612970 1764166612977
45865 1202378815 1764166613003.644775 1764166613004 1764166613011
45866 1202412159 1764166613036.989746 1764166613036 1764166613044
45867 1202445502 1764166613070.333984 1764166613070 1764166613077
45868 1202478846 1764166613103.678955 1764166613104 1764166613111
45869 1202512190 1764166613137.023926 1764166613137 1764166613144
45870 1202545534 1764166613170.368896 1764166613170 1764166613177
45871 1202578878 1764166613203.713623 1764166613204 1764166613211
45872 1202612222 1764166613237.058594 1764166613237 1764166613244
45873 1202645566 1764166613270.403564 1764166613270 1764166613277
45874 1202678910 1764166613303.748291 1764166613304 1764166613311
45875 1202712254 1764166613337.093262 1764166613337 1764166613344
45876 1202745598 1764166613370.437988 1764166613371 1764166613378
45877 1202778942 1764166613403.782959 1764166613404 1764166613411
45878 1202812286 1764166613437.127686 1764166613437 1764166613444
45879 1202845630 1764166613470.472656 1764166613470 1764166613477
45880 1202878973 1764166613503.816406 1764166613504 1764166613511
45881 1202912317 1764166613537.161133 1764166613537 1764166613544
45882 1202945661 1764166613570.506104 1764166613571 1764166613578
45883 1202979005 1764166613603.850830 1764166613603 1764166613611
45884 1203012349 1764166613637.195557 1764166613637 1764166613644
45885 1203045693 1764166613670.540527 1764166613671 1764166613678
45886 1203079037 1764166613703.885254 1764166613703 1764166613711
45887 1203112381 1764166613737.229980 1764166613737 1764166613744
45888 1203145725 1764166613770.574707 1764166613771 1764166613778
45889 1203179069 1764166613803.919434 1764166613803 1764166613811
45890 1203212413 1764166613837.264404 1764166613837 1764166613844
45891 1203245757 1764166613870.609131 1764166613871 1764166613878
45892 1203279101 1764166613903.953857 1764166613903 1764166613911
45893 1203312445 1764166613937.298584 1764166613937 1764166613944
45894 1203345788 1764166613970.642334 1764166613971 1764166613978
45895 1203379132 1764166614003.987061 1764166614003 1764166614011
45896 1203412476 1764166614037.331787 1764166614037 1764166614046
45897 1203445820 1764166614070.676514 1764166614071 1764166614078
45898 1203479164 1764166614104.021240 1764166614104 1764166614112
45899 1203512508 1764166614137.365967 1764166614137 1764166614144
45900 1203545852 1764166614170.710938 1764166614171 1764166614179
45901 1203579196 1764166614204.055664 1764166614204 1764166614211
45902 1203612540 1764166614237.400635 1764166614238 1764166614245
45903 1203645884 1764166614270.745361 1764166614270 1764166614278
45904 1203679228 1764166614304.090088 1764166614304 1764166614311
45905 1203712572 1764166614337.435059 1764166614337 1764166614344
45906 1203745916 1764166614370.779785 1764166614371 1764166614378
45907 1203779259 1764166614404.123535 1764166614404 1764166614413
45908 1203812603 1764166614437.468506 1764166614438 1764166614445
45909 1203845947 1764166614470.813232 1764166614471 1764166614478
45910 1203879291 1764166614504.157959 1764166614504 1764166614511
45911 1203912635 1764166614537.502686 1764166614538 1764166614545
45912 1203945979 1764166614570.847412 1764166614570 1764166614578
45913 1203979323 1764166614604.192383 1764166614604 1764166614611
45914 1204012667 1764166614637.537109 1764166614638 1764166614645
45915 1204046011 1764166614670.881836 1764166614670 1764166614678
45916 1204079355 1764166614704.226562 1764166614704 1764166614711
45917 1204112699 1764166614737.571289 1764166614738 1764166614745
45918 1204146043 1764166614770.916016 1764166614770 1764166614778
45919 1204179387 1764166614804.260742 1764166614804 1764166614811
45920 1204212730 1764166614837.604492 1764166614838 1764166614845
45921 1204246074 1764166614870.949219 1764166614870 1764166614878
45922 1204279418 1764166614904.293945 1764166614904 1764166614911
45923 1204312762 1764166614937.638672 1764166614938 1764166614945
45924 1204346106 1764166614970.983154 1764166614970 1764166614978
45925 1204379450 1764166615004.327881 1764166615004 1764166615011
45926 1204412794 1764166615037.672607 1764166615038 1764166615045
45927 1204446138 1764166615071.017334 1764166615071 1764166615078
45928 1204479482 1764166615104.362061 1764166615104 1764166615112
45929 1204512826 1764166615137.706787 1764166615138 1764166615145
45930 1204546170 1764166615171.051758 1764166615171 1764166615178
45931 1204579514 1764166615204.396484 1764166615204 1764166615211
45932 1204612858 1764166615237.741211 1764166615238 1764166615245
45933 1204646202 1764166615271.086182 1764166615271 1764166615278
45934 1204679545 1764166615304.429932 1764166615305 1764166615312
45935 1204712889 1764166615337.774658 1764166615338 1764166615345
45936 1204746233 1764166615371.119385 1764166615371 1764166615378
45937 1204779577 1764166615404.464111 1764166615405 1764166615412
45938 1204812921 1764166615437.809082 1764166615437 1764166615445
45939 1204846265 1764166615471.153809 1764166615471 1764166615478
45940 1204879609 1764166615504.498535 1764166615505 1764166615512
45941 1204912953 1764166615537.843262 1764166615537 1764166615545
45942 1204946297 1764166615571.187988 1764166615571 1764166615578
45943 1204979641 1764166615604.532715 1764166615605 1764166615612
45944 1205012985 1764166615637.877441 1764166615637 1764166615645
45945 1205046329 1764166615671.222168 1764166615671 1764166615678
45946 1205079673 1764166615704.566895 1764166615705 1764166615712
45947 1205113016 1764166615737.910645 1764166615737 1764166615745
45948 1205146360 1764166615771.255371 1764166615771 1764166615778
45949 1205179704 1764166615804.599854 1764166615805 1764166615812
45950 1205213048 1764166615837.944580 1764166615837 1764166615845
45951 1205246392 1764166615871.289307 1764166615872 1764166615879
45952 1205279736 1764166615904.634033 1764166615905 1764166615912
45953 1205313080 1764166615937.978760 1764166615938 1764166615945
45954 1205346424 1764166615971.323242 1764166615971 1764166615978
45955 1205379768 1764166616004.667969 1764166616005 1764166616012
45956 1205413112 1764166616038.012695 1764166616038 1764166616045
45957 1205446456 1764166616071.357178 1764166616071 1764166616078
45958 1205479800 1764166616104.701904 1764166616105 1764166616112
45959 1205513144 1764166616138.047363 1764166616138 1764166616145
45960 1205546487 1764166616171.391846 1764166616172 1764166616180
45961 1205579831 1764166616204.737305 1764166616205 1764166616212
45962 1205613175 1764166616238.082764 1764166616238 1764166616245
45963 1205646519 1764166616271.428223 1764166616272 1764166616279
45964 1205679863 1764166616304.773682 1764166616305 1764166616312
45965 1205713207 1764166616338.119141 1764166616338 1764166616345
45966 1205746551 1764166616371.464600 1764166616372 1764166616379
45967 1205779895 1764166616404.810059 1764166616404 1764166616412
45968 1205813239 1764166616438.155273 1764166616438 1764166616445
45969 1205846583 1764166616471.500732 1764166616472 1764166616479
45970 1205879927 1764166616504.846191 1764166616504 1764166616512
45971 1205913271 1764166616538.191650 1764166616538 1764166616545
45972 1205946615 1764166616571.537109 1764166616572 1764166616579
45973 1205979959 1764166616604.882568 1764166616604 1764166616612
45974 1206013302 1764166616638.227051 1764166616638 1764166616645
45975 1206046646 1764166616671.572266 1764166616672 1764166616679
45976 1206079990 1764166616704.917725 1764166616704 1764166616712
45977 1206113334 1764166616738.263184 1764166616738 1764166616745
45978 1206146678 1764166616771.608643 1764166616772 1764166616779
45979 1206180022 1764166616804.954102 1764166616805 1764166616812
45980 1206213366 1764166616838.299561 1764166616838 1764166616845
45981 1206246710 1764166616871.644775 1764166616872 1764166616879
45982 1206280054 1764166616904.990234 1764166616905 1764166616912
45983 1206313398 1764166616938.335693 1764166616938 1764166616945
45984 1206346742 1764166616971.681152 1764166616972 1764166616979
45985 1206380086 1764166617005.026367 1764166617006 1764166617014
45986 1206413430 1764166617038.371826 1764166617038 1764166617045
45987 1206446773 1764166617071.716309 1764166617071 1764166617079
45988 1206480117 1764166617105.061768 1764166617105 1764166617112
45989 1206513461 1764166617138.407471 1764166617139 1764166617146
45990 1206546805 1764166617171.753418 1764166617171 1764166617179
45991 1206580149 1764166617205.099365 1764166617205 1764166617212
45992 1206613493 1764166617238.445068 1764166617239 1764166617246
45993 1206646837 1764166617271.791016 1764166617271 1764166617279
45994 1206680181 1764166617305.136963 1764166617305 1764166617312
45995 1206713525 1764166617338.482666 1764166617339 1764166617346
45996 1206746869 1764166617371.828613 1764166617371 1764166617379
45997 1206780213 1764166617405.174561 1764166617405 1764166617412
45998 1206813557 1764166617438.520264 1764166617439 1764166617446
45999 1206846901 1764166617471.866211 1764166617471 1764166617479
46000 1206880244 1764166617505.210938 1764166617505 1764166617512
46001 1206913588 1764166617538.556885 1764166617539 1764166617546
46002 1206946932 1764166617571.902832 1764166617571 1764166617579
46003 1206980276 1764166617605.248535 1764166617605 1764166617612
46004 1207013620 1764166617638.594482 1764166617639 1764166617646
46005 1207046964 1764166617671.940430 1764166617671 1764166617679
46006 1207080308 1764166617705.286133 1764166617705 1764166617712
46007 1207113652 1764166617738.632080 1764166617739 1764166617746
46008 1207146996 1764166617771.978027 1764166617772 1764166617779
46009 1207180340 1764166617805.323730 1764166617805 1764166617812
46010 1207213684 1764166617838.669678 1764166617839 1764166617846
46011 1207247028 1764166617872.015625 1764166617872 1764166617879
46012 1207280372 1764166617905.361328 1764166617905 1764166617912
46013 1207313716 1764166617938.707275 1764166617939 1764166617946
46014 1207347059 1764166617972.052002 1764166617972 1764166617979
46015 1207380403 1764166618005.397949 1764166618005 1764166618012
46016 1207413747 1764166618038.743896 1764166618039 1764166618046
46017 1207447091 1764166618072.089600 1764166618072 1764166618079
46018 1207480435 1764166618105.435547 1764166618106 1764166618113
46019 1207513779 1764166618138.784424 1764166618139 1764166618146
46020 1207547123 1764166618172.133301 1764166618172 1764166618181
46021 1207580467 1764166618205.482422 1764166618206 1764166618213
46022 1207613811 1764166618238.831299 1764166618238 1764166618246
46023 1207647155 1764166618272.180420 1764166618272 1764166618279
46024 1207680499 1764166618305.529297 1764166618306 1764166618313
46025 1207713843 1764166618338.878418 1764166618338 1764166618346
46026 1207747187 1764166618372.227539 1764166618372 1764166618379
46027 1207780530 1764166618405.575684 1764166618406 1764166618413
46028 1207813874 1764166618438.924805 1764166618438 1764166618446
46029 1207847218 1764166618472.273926 1764166618472 1764166618479
46030 1207880562 1764166618505.623291 1764166618506 1764166618513
46031 1207913906 1764166618538.972412 1764166618538 1764166618546
46032 1207947250 1764166618572.321533 1764166618573 1764166618580
46033 1207980594 1764166618605.670898 1764166618606 1764166618613
46034 1208013938 1764166618639.020264 1764166618639 1764166618646
46035 1208047282 1764166618672.369385 1764166618672 1764166618679
46036 1208080626 1764166618705.718750 1764166618706 1764166618713
46037 1208113970 1764166618739.068115 1764166618739 1764166618746
46038 1208147314 1764166618772.417480 1764166618772 1764166618779
46039 1208180658 1764166618805.766846 1764166618806 1764166618813
46040 1208214001 1764166618839.115234 1764166618839 1764166618846
46041 1208247345 1764166618872.464844 1764166618872 1764166618879
46042 1208280689 1764166618905.814209 1764166618906 1764166618913
46043 1208314033 1764166618939.163574 1764166618939 1764166618946
46044 1208347377 1764166618972.513184 1764166618973 1764166618980
46045 1208380721 1764166619005.862793 1764166619006 1764166619013
46046 1208414065 1764166619039.212158 1764166619039 1764166619046
