31914 741782590 1764166147243.462402 1764166147243 1764166147250
31915 741815933 1764166147276.804932 1764166147277 1764166147284
31916 741849277 1764166147310.148682 1764166147309 1764166147317
31917 741882621 1764166147343.492188 1764166147343 1764166147350
31918 741915965 1764166147376.835938 1764166147377 1764166147384
31919 741949309 1764166147410.179443 1764166147409 1764166147417
31920 741982653 1764166147443.523193 1764166147443 1764166147450
31921 742015997 1764166147476.866699 1764166147477 1764166147484
31922 742049341 1764166147510.210205 1764166147509 1764166147517
31923 742082685 1764166147543.553711 1764166147543 1764166147550
31924 742116029 1764166147576.897217 1764166147577 1764166147584
31925 742149373 1764166147610.240723 1764166147609 1764166147617
31926 742182717 1764166147643.584229 1764166147643 1764166147650
31927 742216061 1764166147676.927734 1764166147677 1764166147684
31928 742249404 1764166147710.270264 1764166147709 1764166147717
31929 742282748 1764166147743.613770 1764166147743 1764166147750
31930 742316092 1764166147776.957275 1764166147777 1764166147784
31931 742349436 1764166147810.300537 1764166147809 1764166147818
31932 742382780 1764166147843.644043 1764166147843 1764166147850
31933 742416124 1764166147876.987549 1764166147877 1764166147884
31934 742449468 1764166147910.330811 1764166147910 1764166147917
31935 742482812 1764166147943.674316 1764166147944 1764166147951
31936 742516156 1764166147977.015625 1764166147977 1764166147984
31937 742549500 1764166148010.356934 1764166148010 1764166148017
31938 742582844 1764166148043.698242 1764166148043 1764166148050
31939 742616188 1764166148077.039551 1764166148077 1764166148084
31940 742649532 1764166148110.380859 1764166148110 1764166148117
31941 742682875 1764166148143.720947 1764166148143 1764166148150
31942 742716219 1764166148177.062256 1764166148177 1764166148184
31943 742749563 1764166148210.403320 1764166148210 1764166148217
31944 742782907 1764166148243.744629 1764166148243 1764166148250
31945 742816251 1764166148277.085693 1764166148277 1764166148284
31946 742849595 1764166148310.426758 1764166148310 1764166148317
31947 742882939 1764166148343.767822 1764166148343 1764166148350
31948 742916283 1764166148377.108887 1764166148377 1764166148384
31949 742949627 1764166148410.449707 1764166148410 1764166148417
31950 742982971 1764166148443.790771 1764166148444 1764166148451
31951 743016315 1764166148477.131592 1764166148477 1764166148484
31952 743049659 1764166148510.472656 1764166148510 1764166148517
31953 743083003 1764166148543.813477 1764166148544 1764166148551
31954 743116347 1764166148577.154297 1764166148576 1764166148584
31955 743149690 1764166148610.494141 1764166148610 1764166148617
31956 743183034 1764166148643.834961 1764166148644 1764166148651
31957 743216378 1764166148677.175781 1764166148676 1764166148684
31958 743249722 1764166148710.516602 1764166148710 1764166148717
31959 743283066 1764166148743.857178 1764166148744 1764166148751
31960 743316410 1764166148777.197998 1764166148777 1764166148786
31961 743349754 1764166148810.538574 1764166148810 1764166148817
31962 743383098 1764166148843.879150 1764166148844 1764166148851
31963 743416442 1764166148877.219727 1764166148876 1764166148884
31964 743449786 1764166148910.560303 1764166148910 1764166148917
31965 743483130 1764166148943.900879 1764166148944 1764166148951
31966 743516474 1764166148977.243652 1764166148976 1764166148984
31967 743549818 1764166149010.586182 1764166149010 1764166149017
31968 743583161 1764166149043.927734 1764166149044 1764166149051
31969 743616505 1764166149077.270264 1764166149076 1764166149085
31970 743649849 1764166149110.612793 1764166149110 1764166149117
31971 743683193 1764166149143.955322 1764166149144 1764166149151
31972 743716537 1764166149177.297852 1764166149176 1764166149184
31973 743749881 1764166149210.640381 1764166149210 1764166149217
31974 743783225 1764166149243.982910 1764166149244 1764166149251
31975 743816569 1764166149277.325439 1764166149276 1764166149284
31976 743849913 1764166149310.667969 1764166149310 1764166149317
31977 743883257 1764166149344.010498 1764166149344 1764166149351
31978 743916601 1764166149377.353027 1764166149377 1764166149384
31979 743949945 1764166149410.695557 1764166149410 1764166149417
31980 743983289 1764166149444.038086 1764166149443 1764166149451
31981 744016632 1764166149477.379639 1764166149477 1764166149484
31982 744049976 1764166149510.722168 1764166149510 1764166149517
31983 744083320 1764166149544.064697 1764166149544 1764166149551
31984 744116664 1764166149577.406982 1764166149577 1764166149584
31985 744150008 1764166149610.749512 1764166149610 1764166149617
31986 744183352 1764166149644.092041 1764166149644 1764166149651
31987 744216696 1764166149677.434570 1764166149677 1764166149684
31988 744250040 1764166149710.776855 1764166149711 1764166149718
31989 744283384 1764166149744.119385 1764166149744 1764166149751
31990 744316728 1764166149777.461914 1764166149777 1764166149784
31991 744350072 1764166149810.804199 1764166149811 1764166149818
31992 744383416 1764166149844.146729 1764166149844 1764166149851
31993 744416760 1764166149877.489258 1764166149877 1764166149884
31994 744450104 1764166149910.831543 1764166149911 1764166149918
31995 744483447 1764166149944.173096 1764166149944 1764166149951
31996 744516791 1764166149977.513672 1764166149977 1764166149984
31997 744550135 1764166150010.854248 1764166150011 1764166150018
31998 744583479 1764166150044.194824 1764166150043 1764166150051
31999 744616823 1764166150077.535400 1764166150077 1764166150084
32000 744650167 1764166150110.875732 1764166150111 1764166150118
32001 744683511 1764166150144.216309 1764166150143 1764166150151
32002 744716855 1764166150177.556641 1764166150177 1764166150184
32003 744750199 1764166150210.897217 1764166150211 1764166150218
32004 744783543 1764166150244.237549 1764166150243 1764166150251
32005 744816887 1764166150277.577881 1764166150277 1764166150284
32006 744850231 1764166150310.918213 1764166150311 1764166150318
32007 744883575 1764166150344.258545 1764166150343 1764166150351
32008 744916918 1764166150377.597656 1764166150377 1764166150384
32009 744950262 1764166150410.937988 1764166150411 1764166150418
32010 744983606 1764166150444.278076 1764166150443 1764166150451
32011 745016950 1764166150477.618408 1764166150477 1764166150484
32012 745050294 1764166150510.958496 1764166150511 1764166150518
32013 745083638 1764166150544.298584 1764166150543 1764166150551
32014 745116982 1764166150577.638672 1764166150577 1764166150584
32015 745150326 1764166150610.978760 1764166150611 1764166150618
32016 745183670 1764166150644.318604 1764166150643 1764166150651
32017 745217014 1764166150677.658691 1764166150677 1764166150684
32018 745250358 1764166150710.998779 1764166150711 1764166150718
32019 745283702 1764166150744.338623 1764166150744 1764166150751
32020 745317046 1764166150777.678467 1764166150777 1764166150784
32021 745350389 1764166150811.017334 1764166150811 1764166150818
32022 745383733 1764166150844.357178 1764166150844 1764166150851
32023 745417077 1764166150877.697021 1764166150877 1764166150884
32024 745450421 1764166150911.036865 1764166150911 1764166150918
32025 745483765 1764166150944.376709 1764166150944 1764166150951
32026 745517109 1764166150977.717041 1764166150977 1764166150984
32027 745550453 1764166151011.057129 1764166151011 1764166151018
32028 745583797 1764166151044.397461 1764166151044 1764166151051
32029 745617141 1764166151077.737549 1764166151077 1764166151084
32030 745650485 1764166151111.077881 1764166151110 1764166151118
32031 745683829 1764166151144.417969 1764166151144 1764166151151
32032 745717173 1764166151177.758057 1764166151178 1764166151185
32033 745750517 1764166151211.098145 1764166151211 1764166151218
32034 745783861 1764166151244.438232 1764166151244 1764166151251
32035 745817204 1764166151277.777100 1764166151277 1764166151284
32036 745850548 1764166151311.117188 1764166151311 1764166151318
32037 745883892 1764166151344.457031 1764166151344 1764166151351
32038 745917236 1764166151377.797119 1764166151378 1764166151385
32039 745950580 1764166151411.136963 1764166151411 1764166151418
32040 745983924 1764166151444.476807 1764166151444 1764166151451
32041 746017268 1764166151477.816650 1764166151478 1764166151485
32042 746050612 1764166151511.156494 1764166151510 1764166151518
32043 746083956 1764166151544.496094 1764166151544 1764166151551
32044 746117300 1764166151577.835938 1764166151578 1764166151585
32045 746150644 1764166151611.175537 1764166151610 1764166151618
32046 746183988 1764166151644.515381 1764166151644 1764166151651
32047 746217332 1764166151677.854980 1764166151678 1764166151685
32048 746250675 1764166151711.193604 1764166151710 1764166151718
32049 746284019 1764166151744.533203 1764166151744 1764166151751
32050 746317363 1764166151777.872803 1764166151778 1764166151785
32051 746350707 1764166151811.212158 1764166151810 1764166151818
32052 746384051 1764166151844.551758 1764166151844 1764166151851
32053 746417395 1764166151877.891113 1764166151878 1764166151885
32054 746450739 1764166151911.230713 1764166151910 1764166151918
32055 746484083 1764166151944.570068 1764166151944 1764166151951
32056 746517427 1764166151977.910156 1764166151978 1764166151985
32057 746550771 1764166152011.250488 1764166152010 1764166152018
32058 746584115 1764166152044.590576 1764166152044 1764166152051
32059 746617459 1764166152077.930664 1764166152078 1764166152085
32060 746650803 1764166152111.270752 1764166152110 1764166152118
32061 746684146 1764166152144.609863 1764166152144 1764166152151
32062 746717490 1764166152177.949707 1764166152178 1764166152185
32063 746750834 1764166152211.289795 1764166152210 1764166152218
32064 746784178 1764166152244.629639 1764166152244 1764166152251
32065 746817522 1764166152277.969727 1764166152278 1764166152285
32066 746850866 1764166152311.309570 1764166152311 1764166152318
32067 746884210 1764166152344.649414 1764166152344 1764166152351
32068 746917554 1764166152377.989258 1764166152378 1764166152385
32069 746950898 1764166152411.329102 1764166152411 1764166152418
32070 746984242 1764166152444.668945 1764166152444 1764166152451
32071 747017586 1764166152478.008789 1764166152478 1764166152485
32072 747050930 1764166152511.348389 1764166152511 1764166152518
32073 747084274 1764166152544.688232 1764166152544 1764166152551
32074 747117618 1764166152578.027832 1764166152578 1764166152585
32075 747150961 1764166152611.366699 1764166152611 1764166152618
32076 747184305 1764166152644.706299 1764166152644 1764166152651
32077 747217649 1764166152678.045898 1764166152678 1764166152685
32078 747250993 1764166152711.385498 1764166152711 1764166152718
32079 747284337 1764166152744.725098 1764166152744 1764166152751
32080 747317681 1764166152778.064697 1764166152777 1764166152785
32081 747351025 1764166152811.404053 1764166152811 1764166152818
32082 747384369 1764166152844.743652 1764166152845 1764166152852
32083 747417713 1764166152878.083008 1764166152877 1764166152885
32084 747451057 1764166152911.422607 1764166152911 1764166152918
32085 747484401 1764166152944.761963 1764166152945 1764166152952
32086 747517745 1764166152978.101807 1764166152977 1764166152985
32087 747551089 1764166153011.441406 1764166153011 1764166153018
32088 747584432 1764166153044.780029 1764166153045 1764166153052
32089 747617776 1764166153078.119629 1764166153077 1764166153085
32090 747651120 1764166153111.459229 1764166153111 1764166153118
32091 747684464 1764166153144.798584 1764166153145 1764166153152
32092 747717808 1764166153178.138184 1764166153177 1764166153185
32093 747751152 1764166153211.477539 1764166153211 1764166153218
32094 747784496 1764166153244.817139 1764166153245 1764166153252
32095 747817840 1764166153278.156494 1764166153277 1764166153285
32096 747851184 1764166153311.495850 1764166153311 1764166153318
32097 747884528 1764166153344.835205 1764166153345 1764166153352
32098 747917872 1764166153378.174561 1764166153377 1764166153385
32099 747951216 1764166153411.513916 1764166153411 1764166153418
32100 747984560 1764166153444.853027 1764166153445 1764166153452
32101 748017903 1764166153478.191406 1764166153477 1764166153485
32102 748051247 1764166153511.530518 1764166153511 1764166153518
32103 748084591 1764166153544.869629 1764166153545 1764166153552
32104 748117935 1764166153578.208740 1764166153577 1764166153585
32105 748151279 1764166153611.547852 1764166153611 1764166153618
32106 748184623 1764166153644.886963 1764166153645 1764166153652
32107 748217967 1764166153678.226074 1764166153677 1764166153685
32108 748251311 1764166153711.565186 1764166153711 1764166153718
32109 748284655 1764166153744.904053 1764166153745 1764166153752
32110 748317999 1764166153778.242920 1764166153778 1764166153785
32111 748351343 1764166153811.582031 1764166153811 1764166153818
32112 748384687 1764166153844.920898 1764166153845 1764166153852
32113 748418031 1764166153878.259766 1764166153878 1764166153885
32114 748451375 1764166153911.598633 1764166153911 1764166153918
32115 748484718 1764166153944.936523 1764166153945 1764166153952
32116 748518062 1764166153978.275635 1764166153978 1764166153985
32117 748551406 1764166154011.614746 1764166154011 1764166154018
32118 748584750 1764166154044.953857 1764166154045 1764166154052
32119 748618094 1764166154078.292969 1764166154078 1764166154085
32120 748651438 1764166154111.632080 1764166154111 1764166154118
32121 748684782 1764166154144.970947 1764166154145 1764166154152
32122 748718126 1764166154178.310059 1764166154178 1764166154185
32123 748751470 1764166154211.648926 1764166154211 1764166154219
32124 748784814 1764166154244.987793 1764166154245 1764166154252
32125 748818158 1764166154278.326660 1764166154278 1764166154285
32126 748851502 1764166154311.665527 1764166154312 1764166154319
32127 748884846 1764166154345.004395 1764166154345 1764166154352
32128 748918189 1764166154378.342285 1764166154378 1764166154385
32129 748951533 1764166154411.680908 1764166154412 1764166154419
32130 748984877 1764166154445.019775 1764166154444 1764166154452
32131 749018221 1764166154478.358398 1764166154478 1764166154485
32132 749051565 1764166154511.697021 1764166154512 1764166154519
32133 749084909 1764166154545.035645 1764166154544 1764166154552
32134 749118253 1764166154578.374268 1764166154578 1764166154585
32135 749151597 1764166154611.712891 1764166154612 1764166154619
32136 749184941 1764166154645.051514 1764166154644 1764166154652
32137 749218285 1764166154678.389893 1764166154678 1764166154685
32138 749251629 1764166154711.728271 1764166154712 1764166154719
32139 749284973 1764166154745.066895 1764166154744 1764166154752
32140 749318317 1764166154778.405273 1764166154778 1764166154785
32141 749351660 1764166154811.742676 1764166154812 1764166154819
32142 749385004 1764166154845.081055 1764166154845 1764166154852
32143 749418348 1764166154878.419189 1764166154878 1764166154885
32144 749451692 1764166154911.757568 1764166154912 1764166154919
32145 749485036 1764166154945.095947 1764166154944 1764166154952
32146 749518380 1764166154978.438232 1764166154978 1764166154985
32147 749551724 1764166155011.777832 1764166155012 1764166155019
32148 749585068 1764166155045.117432 1764166155044 1764166155052
32149 749618412 1764166155078.457031 1764166155078 1764166155085
32150 749651756 1764166155111.796387 1764166155112 1764166155119
32151 749685100 1764166155145.135986 1764166155144 1764166155152
32152 749718444 1764166155178.475586 1764166155178 1764166155185
32153 749751788 1764166155211.814941 1764166155212 1764166155219
32154 749785132 1764166155245.154541 1764166155245 1764166155252
32155 749818475 1764166155278.492920 1764166155278 1764166155285
32156 749851819 1764166155311.832275 1764166155312 1764166155319
32157 749885163 1764166155345.171631 1764166155345 1764166155352
32158 749918507 1764166155378.510986 1764166155378 1764166155385
32159 749951851 1764166155411.850342 1764166155412 1764166155419
32160 749985195 1764166155445.189697 1764166155445 1764166155452
32161 750018539 1764166155478.529053 1764166155478 1764166155485
32162 750051883 1764166155511.868164 1764166155512 1764166155519
32163 750085227 1764166155545.207520 1764166155545 1764166155552
32164 750118571 1764166155578.546631 1764166155579 1764166155586
32165 750151915 1764166155611.885742 1764166155612 1764166155619
32166 750185259 1764166155645.224854 1764166155645 1764166155652
32167 750218603 1764166155678.563965 1764166155679 1764166155686
32168 750251946 1764166155711.902100 1764166155712 1764166155719
32169 750285290 1764166155745.241211 1764166155745 1764166155752
32170 750318634 1764166155778.580322 1764166155779 1764166155786
32171 750351978 1764166155811.919189 1764166155811 1764166155819
32172 750385322 1764166155845.258301 1764166155845 1764166155852
32173 750418666 1764166155878.597168 1764166155879 1764166155886
32174 750452010 1764166155911.936035 1764166155911 1764166155919
32175 750485354 1764166155945.275146 1764166155945 1764166155952
32176 750518698 1764166155978.614014 1764166155979 1764166155986
32177 750552042 1764166156011.953369 1764166156011 1764166156019
32178 750585386 1764166156045.292969 1764166156045 1764166156052
32179 750618730 1764166156078.632568 1764166156079 1764166156086
32180 750652074 1764166156111.971924 1764166156111 1764166156119
32181 750685417 1764166156145.310303 1764166156145 1764166156152
32182 750718761 1764166156178.649902 1764166156179 1764166156188
32183 750752105 1764166156211.989258 1764166156211 1764166156219
32184 750785449 1764166156245.328613 1764166156245 1764166156252
32185 750818793 1764166156278.667969 1764166156279 1764166156286
32186 750852137 1764166156312.007080 1764166156311 1764166156319
32187 750885481 1764166156345.346436 1764166156345 1764166156352
32188 750918825 1764166156378.685791 1764166156379 1764166156386
32189 750952169 1764166156412.024902 1764166156411 1764166156419
32190 750985513 1764166156445.364258 1764166156445 1764166156452
32191 751018857 1764166156478.703369 1764166156479 1764166156486
32193 751085545 1764166156545.381836 1764166156545 1764166156552
32192 751052201 1764166156512.042725 1764166156511 1764166156519
32194 751118889 1764166156578.720947 1764166156579 1764166156586
32195 751152232 1764166156612.059082 1764166156611 1764166156619
32196 751185576 1764166156645.398193 1764166156645 1764166156652
32197 751218920 1764166156678.737061 1764166156679 1764166156686
32198 751252264 1764166156712.076172 1764166156712 1764166156719
32199 751285608 1764166156745.415283 1764166156745 1764166156752
32200 751318952 1764166156778.754150 1764166156779 1764166156786
32201 751352296 1764166156812.093262 1764166156812 1764166156819
32202 751385640 1764166156845.432129 1764166156845 1764166156852
32203 751418984 1764166156878.770996 1764166156879 1764166156886
32204 751452328 1764166156912.109863 1764166156912 1764166156919
32205 751485672 1764166156945.448730 1764166156945 1764166156952
32206 751519016 1764166156978.787598 1764166156979 1764166156986
32207 751552360 1764166157012.129150 1764166157012 1764166157019
32208 751585703 1764166157045.469482 1764166157045 1764166157052
32209 751619047 1764166157078.810791 1764166157079 1764166157086
32210 751652391 1764166157112.152100 1764166157112 1764166157119
32211 751685735 1764166157145.493652 1764166157146 1764166157153
32212 751719079 1764166157178.834961 1764166157179 1764166157186
32213 751752423 1764166157212.176270 1764166157212 1764166157219
32214 751785767 1764166157245.517822 1764166157246 1764166157253
32215 751819111 1764166157278.859131 1764166157279 1764166157286
32216 751852455 1764166157312.200439 1764166157312 1764166157319
32217 751885799 1764166157345.541748 1764166157346 1764166157353
32218 751919143 1764166157378.883057 1764166157378 1764166157386
32219 751952487 1764166157412.224365 1764166157412 1764166157419
32220 751985831 1764166157445.565674 1764166157446 1764166157453
32221 752019174 1764166157478.906006 1764166157478 1764166157486
32222 752052518 1764166157512.247314 1764166157512 1764166157519
32223 752085862 1764166157545.588867 1764166157546 1764166157553
32224 752119206 1764166157578.930176 1764166157578 1764166157586
32225 752152550 1764166157612.271484 1764166157612 1764166157619
32226 752185894 1764166157645.612549 1764166157646 1764166157653
32227 752219238 1764166157678.953857 1764166157678 1764166157686
32228 752252582 1764166157712.295166 1764166157712 1764166157719
32229 752285926 1764166157745.636475 1764166157746 1764166157753
32230 752319270 1764166157778.977783 1764166157778 1764166157786
32231 752352614 1764166157812.319092 1764166157812 1764166157819
32232 752385958 1764166157845.660400 1764166157846 1764166157853
32233 752419302 1764166157879.001709 1764166157878 1764166157886
32234 752452646 1764166157912.342773 1764166157912 1764166157919
32235 752485989 1764166157945.683105 1764166157946 1764166157953
32236 752519333 1764166157979.024414 1764166157978 1764166157987
32237 752552677 1764166158012.364258 1764166158012 1764166158019
32238 752586021 1764166158045.704102 1764166158046 1764166158053
32239 752619365 1764166158079.043945 1764166158078 1764166158086
32240 752652709 1764166158112.383789 1764166158112 1764166158119
32241 752686053 1764166158145.723389 1764166158146 1764166158153
32242 752719397 1764166158179.063232 1764166158179 1764166158186
32243 752752741 1764166158212.403076 1764166158212 1764166158219
32244 752786085 1764166158245.742920 1764166158246 1764166158253
32245 752819429 1764166158279.082520 1764166158279 1764166158286
32246 752852773 1764166158312.422363 1764166158312 1764166158319
32247 752886117 1764166158345.761963 1764166158346 1764166158353
32248 752919460 1764166158379.100586 1764166158379 1764166158386
32249 752952804 1764166158412.440430 1764166158412 1764166158419
32250 752986148 1764166158445.780029 1764166158446 1764166158453
32251 753019492 1764166158479.119629 1764166158479 1764166158486
32252 753052836 1764166158512.459229 1764166158512 1764166158519
32253 753086180 1764166158545.798828 1764166158546 1764166158553
32254 753119524 1764166158579.138428 1764166158579 1764166158586
32255 753152868 1764166158612.478027 1764166158613 1764166158620
32256 753186212 1764166158645.817627 1764166158646 1764166158653
32257 753219556 1764166158679.157227 1764166158679 1764166158686
32258 753252900 1764166158712.496826 1764166158713 1764166158720
32259 753286244 1764166158745.836182 1764166158746 1764166158753
32260 753319588 1764166158779.175781 1764166158779 1764166158786
32261 753352931 1764166158812.514404 1764166158813 1764166158820
32262 753386275 1764166158845.853760 1764166158846 1764166158853
32263 753419619 1764166158879.193359 1764166158879 1764166158886
32264 753452963 1764166158912.532715 1764166158913 1764166158920
32265 753486307 1764166158945.872070 1764166158945 1764166158954
32266 753519651 1764166158979.211670 1764166158979 1764166158986
32267 753552995 1764166159012.552002 1764166159013 1764166159020
32268 753586339 1764166159045.892090 1764166159045 1764166159053
32269 753619683 1764166159079.232422 1764166159079 1764166159086
32270 753653027 1764166159112.572754 1764166159113 1764166159120
32271 753686371 1764166159145.913086 1764166159145 1764166159153
32272 753719715 1764166159179.253418 1764166159179 1764166159186
32273 753753059 1764166159212.593506 1764166159213 1764166159220
32274 753786403 1764166159245.933838 1764166159245 1764166159253
32275 753819746 1764166159279.273193 1764166159279 1764166159286
32276 753853090 1764166159312.613281 1764166159313 1764166159320
32277 753886434 1764166159345.953613 1764166159345 1764166159353
32278 753919778 1764166159379.293701 1764166159379 1764166159386
32279 753953122 1764166159412.634033 1764166159413 1764166159420
32280 753986466 1764166159445.974121 1764166159445 1764166159453
32281 754019810 1764166159479.314453 1764166159479 1764166159486
32282 754053154 1764166159512.654541 1764166159513 1764166159520
32283 754086498 1764166159545.994629 1764166159545 1764166159553
32284 754119842 1764166159579.334961 1764166159579 1764166159586
32285 754153186 1764166159612.675049 1764166159613 1764166159620
32286 754186530 1764166159646.015137 1764166159646 1764166159653
32287 754219874 1764166159679.355225 1764166159679 1764166159686
32288 754253217 1764166159712.694580 1764166159713 1764166159720
32289 754286561 1764166159746.034668 1764166159746 1764166159753
32290 754319905 1764166159779.374756 1764166159779 1764166159786
32291 754353249 1764166159812.714844 1764166159813 1764166159820
32292 754386593 1764166159846.054932 1764166159846 1764166159853
32293 754419937 1764166159879.395020 1764166159879 1764166159886
32294 754453281 1764166159912.735107 1764166159913 1764166159920
32295 754486625 1764166159946.075195 1764166159946 1764166159953
32296 754519969 1764166159979.415039 1764166159979 1764166159986
32297 754553313 1764166160012.755859 1764166160013 1764166160020
32298 754586657 1764166160046.096680 1764166160046 1764166160053
32299 754620001 1764166160079.437500 1764166160079 1764166160086
32300 754653345 1764166160112.778320 1764166160113 1764166160120
32301 754686688 1764166160146.117920 1764166160146 1764166160153
32302 754720032 1764166160179.458740 1764166160180 1764166160187
32303 754753376 1764166160212.799561 1764166160213 1764166160220
32304 754786720 1764166160246.140381 1764166160246 1764166160253
32305 754820064 1764166160279.481201 1764166160280 1764166160287
32306 754853408 1764166160312.821777 1764166160313 1764166160320
32307 754886752 1764166160346.162598 1764166160346 1764166160353
32308 754920096 1764166160379.503418 1764166160380 1764166160387
32309 754953440 1764166160412.844238 1764166160412 1764166160420
32310 754986784 1764166160446.184814 1764166160446 1764166160453
32311 755020128 1764166160479.525635 1764166160480 1764166160487
32312 755053472 1764166160512.866455 1764166160512 1764166160520
32313 755086816 1764166160546.207275 1764166160547 1764166160554
32314 755120160 1764166160579.547852 1764166160580 1764166160587
32315 755153503 1764166160612.887695 1764166160612 1764166160620
32316 755186847 1764166160646.228516 1764166160646 1764166160653
32317 755220191 1764166160679.569092 1764166160680 1764166160687
32318 755253535 1764166160712.909912 1764166160712 1764166160720
32319 755286879 1764166160746.250732 1764166160746 1764166160753
32320 755320223 1764166160779.591309 1764166160780 1764166160787
32321 755353567 1764166160812.932129 1764166160812 1764166160820
32322 755386911 1764166160846.272949 1764166160846 1764166160853
32323 755420255 1764166160879.613525 1764166160880 1764166160887
32324 755453599 1764166160912.954346 1764166160912 1764166160920
32325 755486943 1764166160946.294922 1764166160946 1764166160953
32326 755520287 1764166160979.635742 1764166160980 1764166160987
32327 755553631 1764166161012.977295 1764166161013 1764166161020
32328 755586974 1764166161046.318115 1764166161046 1764166161053
32329 755620318 1764166161079.659668 1764166161080 1764166161087
32330 755653662 1764166161113.001221 1764166161113 1764166161120
32331 755687006 1764166161146.342773 1764166161146 1764166161153
32332 755720350 1764166161179.684570 1764166161180 1764166161187
32333 755753694 1764166161213.026123 1764166161213 1764166161220
32334 755787038 1764166161246.367676 1764166161246 1764166161253
32335 755820382 1764166161279.709473 1764166161280 1764166161287
32336 755853726 1764166161313.051025 1764166161313 1764166161320
32337 755887070 1764166161346.392822 1764166161346 1764166161353
32338 755920414 1764166161379.734375 1764166161380 1764166161387
32339 755953758 1764166161413.075928 1764166161413 1764166161420
32340 755987102 1764166161446.417725 1764166161446 1764166161453
32341 756020445 1764166161479.758301 1764166161480 1764166161487
32342 756053789 1764166161513.100098 1764166161513 1764166161520
32343 756087133 1764166161546.441650 1764166161546 1764166161553
32344 756120477 1764166161579.783447 1764166161579 1764166161587
32345 756153821 1764166161613.125000 1764166161613 1764166161620
32346 756187165 1764166161646.466797 1764166161647 1764166161654
32347 756220509 1764166161679.808350 1764166161680 1764166161687
32348 756253853 1764166161713.150146 1764166161713 1764166161720
32349 756287197 1764166161746.491699 1764166161747 1764166161754
32350 756320541 1764166161779.833496 1764166161779 1764166161787
32351 756353885 1764166161813.175049 1764166161813 1764166161820
32352 756387229 1764166161846.516846 1764166161847 1764166161854
32353 756420573 1764166161879.858643 1764166161879 1764166161887
32354 756453917 1764166161913.200195 1764166161913 1764166161920
32355 756487260 1764166161946.541016 1764166161947 1764166161954
32356 756520604 1764166161979.882568 1764166161979 1764166161987
32357 756553948 1764166162013.223145 1764166162013 1764166162020
32358 756587292 1764166162046.563477 1764166162047 1764166162054
32359 756620636 1764166162079.903809 1764166162079 1764166162087
32360 756653980 1764166162113.244385 1764166162113 1764166162120
32361 756687324 1764166162146.584717 1764166162147 1764166162154
32362 756720668 1764166162179.925049 1764166162179 1764166162187
32363 756754012 1764166162213.265381 1764166162213 1764166162220
32364 756787356 1764166162246.605713 1764166162247 1764166162254
32365 756820700 1764166162279.946045 1764166162279 1764166162287
32366 756854044 1764166162313.286621 1764166162313 1764166162320
32367 756887388 1764166162346.626953 1764166162347 1764166162354
32368 756920731 1764166162379.966309 1764166162379 1764166162387
32369 756954075 1764166162413.306641 1764166162413 1764166162420
32370 756987419 1764166162446.646973 1764166162447 1764166162454
32371 757020763 1764166162479.987305 1764166162479 1764166162487
32372 757054107 1764166162513.327637 1764166162513 1764166162520
32373 757087451 1764166162546.667969 1764166162547 1764166162554
32374 757120795 1764166162580.008301 1764166162580 1764166162587
32375 757154139 1764166162613.348633 1764166162613 1764166162620
32376 757187483 1764166162646.688965 1764166162647 1764166162654
32377 757220827 1764166162680.029053 1764166162680 1764166162687
32378 757254171 1764166162713.369385 1764166162713 1764166162720
32379 757287515 1764166162746.709717 1764166162747 1764166162754
32380 757320859 1764166162780.050049 1764166162780 1764166162787
32381 757354202 1764166162813.389404 1764166162813 1764166162820
32382 757387546 1764166162846.729736 1764166162847 1764166162854
32383 757420890 1764166162880.069824 1764166162880 1764166162887
32384 757454234 1764166162913.410156 1764166162913 1764166162920
32385 757487578 1764166162946.750488 1764166162947 1764166162954
32386 757520922 1764166162980.090576 1764166162980 1764166162987
32387 757554266 1764166163013.441650 1764166163014 1764166163021
32388 757587610 1764166163046.792725 1764166163046 1764166163054
32389 757620954 1764166163080.143799 1764166163080 1764166163087
32390 757654298 1764166163113.494873 1764166163114 1764166163121
32391 757687642 1764166163146.845947 1764166163147 1764166163154
32392 757720986 1764166163180.197266 1764166163180 1764166163187
32393 757754330 1764166163213.548584 1764166163214 1764166163221
32394 757787674 1764166163246.900146 1764166163247 1764166163254
32395 757821017 1764166163280.250488 1764166163280 1764166163287
32396 757854361 1764166163313.602051 1764166163314 1764166163321
32397 757887705 1764166163346.953857 1764166163346 1764166163354
32398 757921049 1764166163380.305420 1764166163380 1764166163387
32399 757954393 1764166163413.657227 1764166163414 1764166163421
32400 757987737 1764166163447.009033 1764166163446 1764166163454
32401 758021081 1764166163480.360840 1764166163480 1764166163487
32402 758054425 1764166163513.712891 1764166163514 1764166163521
32403 758087769 1764166163547.064941 1764166163546 1764166163554
32404 758121113 1764166163580.416992 1764166163581 1764166163588
32405 758154457 1764166163613.769287 1764166163614 1764166163621
32406 758187801 1764166163647.121582 1764166163646 1764166163654
32407 758221145 1764166163680.473877 1764166163680 1764166163687
32408 758254488 1764166163713.825195 1764166163714 1764166163721
32409 758287832 1764166163747.177490 1764166163746 1764166163754
32410 758321176 1764166163780.530029 1764166163780 1764166163787
32411 758354520 1764166163813.882812 1764166163814 1764166163821
32412 758387864 1764166163847.235352 1764166163846 1764166163854
32413 758421208 1764166163880.588135 1764166163880 1764166163887
32414 758454552 1764166163913.940918 1764166163914 1764166163921
32415 758487896 1764166163947.293701 1764166163946 1764166163954
32416 758521240 1764166163980.646484 1764166163980 1764166163987
32417 758554584 1764166164013.986328 1764166164014 1764166164021
32418 758587928 1764166164047.325928 1764166164047 1764166164054
32419 758621272 1764166164080.665527 1764166164080 1764166164087
32420 758654616 1764166164114.005371 1764166164114 1764166164121
32421 758687959 1764166164147.343994 1764166164147 1764166164154
32422 758721303 1764166164180.683594 1764166164180 1764166164187
32423 758754647 1764166164214.023193 1764166164214 1764166164221
32424 758787991 1764166164247.362793 1764166164247 1764166164254
32425 758821335 1764166164280.702393 1764166164280 1764166164287
32426 758854679 1764166164314.041992 1764166164314 1764166164321
32427 758888023 1764166164347.381592 1764166164347 1764166164354
32428 758921367 1764166164380.721191 1764166164380 1764166164387
32429 758954711 1764166164414.060791 1764166164413 1764166164421
32430 758988055 1764166164447.400391 1764166164447 1764166164454
32431 759021399 1764166164480.739990 1764166164480 1764166164487
32432 759054743 1764166164514.079346 1764166164513 1764166164522
32433 759088087 1764166164547.418945 1764166164547 1764166164554
32434 759121431 1764166164580.758545 1764166164581 1764166164588
32435 759154774 1764166164614.096924 1764166164614 1764166164621
32436 759188118 1764166164647.436523 1764166164647 1764166164654
32437 759221462 1764166164680.775879 1764166164681 1764166164688
32438 759254806 1764166164714.115479 1764166164714 1764166164721
32439 759288150 1764166164747.454834 1764166164747 1764166164754
32440 759321494 1764166164780.794189 1764166164781 1764166164788
32441 759354838 1764166164814.133789 1764166164813 1764166164821
32442 759388182 1764166164847.473145 1764166164847 1764166164854
32443 759421526 1764166164880.812500 1764166164881 1764166164888
32444 759454870 1764166164914.151855 1764166164913 1764166164921
32445 759488214 1764166164947.491211 1764166164947 1764166164954
32446 759521558 1764166164980.830566 1764166164981 1764166164988
32447 759554902 1764166165014.170410 1764166165013 1764166165021
32448 759588245 1764166165047.509033 1764166165047 1764166165054
32449 759621589 1764166165080.848633 1764166165081 1764166165088
32450 759654933 1764166165114.188232 1764166165113 1764166165121
32451 759688277 1764166165147.527832 1764166165147 1764166165154
32452 759721621 1764166165180.867432 1764166165181 1764166165188
32453 759754965 1764166165214.206787 1764166165213 1764166165221
32454 759788309 1764166165247.546387 1764166165247 1764166165254
32455 759821653 1764166165280.885986 1764166165281 1764166165288
32456 759854997 1764166165314.225586 1764166165313 1764166165321
32457 759888341 1764166165347.564941 1764166165347 1764166165354
32458 759921685 1764166165380.904541 1764166165381 1764166165388
32459 759955029 1764166165414.243896 1764166165413 1764166165421
32460 759988373 1764166165447.583496 1764166165447 1764166165454
32461 760021716 1764166165480.921875 1764166165481 1764166165488
32462 760055060 1764166165514.261475 1764166165514 1764166165521
32463 760088404 1764166165547.600830 1764166165547 1764166165554
32464 760121748 1764166165580.940186 1764166165581 1764166165588
32465 760155092 1764166165614.279785 1764166165614 1764166165621
32466 760188436 1764166165647.619141 1764166165647 1764166165654
32467 760221780 1764166165680.958496 1764166165681 1764166165688
32468 760255124 1764166165714.297852 1764166165714 1764166165721
32469 760288468 1764166165747.637207 1764166165747 1764166165754
32470 760321812 1764166165780.976562 1764166165781 1764166165788
32471 760355156 1764166165814.315918 1764166165814 1764166165821
32472 760388500 1764166165847.655273 1764166165847 1764166165854
32473 760421844 1764166165880.994629 1764166165881 1764166165888
32474 760455188 1764166165914.333984 1764166165914 1764166165921
32475 760488531 1764166165947.672119 1764166165948 1764166165955
32476 760521875 1764166165981.011475 1764166165981 1764166165988
32477 760555219 1764166166014.351807 1764166166014 1764166166021
32478 760588563 1764166166047.692139 1764166166048 1764166166055
32479 760621907 1764166166081.032227 1764166166081 1764166166088
32480 760655251 1764166166114.372559 1764166166114 1764166166121
32481 760688595 1764166166147.712891 1764166166148 1764166166155
32482 760721939 1764166166181.052979 1764166166180 1764166166188
32483 760755283 1764166166214.393311 1764166166214 1764166166221
32484 760788627 1764166166247.733643 1764166166248 1764166166255
32485 760821971 1764166166281.073730 1764166166280 1764166166288
32486 760855315 1764166166314.414062 1764166166314 1764166166321
32487 760888659 1764166166347.754150 1764166166348 1764166166355
32488 760922002 1764166166381.093262 1764166166380 1764166166388
32489 760955346 1764166166414.433594 1764166166414 1764166166421
32490 760988690 1764166166447.773682 1764166166448 1764166166455
32491 761022034 1764166166481.114014 1764166166480 1764166166488
32492 761055378 1764166166514.454102 1764166166514 1764166166521
32493 761088722 1764166166547.794189 1764166166548 1764166166555
32494 761122066 1764166166581.134277 1764166166580 1764166166588
32495 761155410 1764166166614.474609 1764166166614 1764166166621
32496 761188754 1764166166647.814697 1764166166648 1764166166655
32497 761222098 1764166166681.154785 1764166166680 1764166166688
32498 761255442 1764166166714.494873 1764166166714 1764166166721
32499 761288786 1764166166747.834961 1764166166748 1764166166755
32500 761322130 1764166166781.175049 1764166166780 1764166166788
32501 761355473 1764166166814.514160 1764166166814 1764166166821
32502 761388817 1764166166847.854248 1764166166848 1764166166855
32503 761422161 1764166166881.194336 1764166166880 1764166166888
32504 761455505 1764166166914.534424 1764166166914 1764166166921
32505 761488849 1764166166947.874512 1764166166948 1764166166955
32506 761522193 1764166166981.214600 1764166166981 1764166166988
32507 761555537 1764166167014.554688 1764166167014 1764166167022
32508 761588881 1764166167047.894775 1764166167048 1764166167055
32509 761622225 1764166167081.234863 1764166167081 1764166167088
32510 761655569 1764166167114.574707 1764166167114 1764166167121
32511 761688913 1764166167147.914795 1764166167148 1764166167155
32512 761722257 1764166167181.254883 1764166167181 1764166167188
32513 761755601 1764166167214.594727 1764166167214 1764166167221
32514 761788945 1764166167247.934814 1764166167248 1764166167255
32515 761822288 1764166167281.273682 1764166167281 1764166167288
32516 761855632 1764166167314.613770 1764166167314 1764166167321
32517 761888976 1764166167347.953613 1764166167348 1764166167355
32518 761922320 1764166167381.293457 1764166167381 1764166167388
32519 761955664 1764166167414.633545 1764166167414 1764166167421
32520 761989008 1764166167447.973389 1764166167448 1764166167455
32521 762022352 1764166167481.313232 1764166167481 1764166167488
32522 762055696 1764166167514.653320 1764166167515 1764166167522
32523 762089040 1764166167547.993164 1764166167548 1764166167555
32524 762122384 1764166167581.333008 1764166167581 1764166167588
32525 762155728 1764166167614.672852 1764166167615 1764166167622
32526 762189072 1764166167648.012695 1764166167647 1764166167655
32527 762222416 1764166167681.352539 1764166167681 1764166167688
32528 762255759 1764166167714.691406 1764166167715 1764166167722
32529 762289103 1764166167748.031250 1764166167747 1764166167755
32530 762322447 1764166167781.371094 1764166167781 1764166167788
32531 762355791 1764166167814.710938 1764166167815 1764166167822
32532 762389135 1764166167848.050781 1764166167847 1764166167855
32533 762422479 1764166167881.390625 1764166167881 1764166167888
32534 762455823 1764166167914.730469 1764166167915 1764166167922
32535 762489167 1764166167948.070312 1764166167947 1764166167955
32536 762522511 1764166167981.410156 1764166167981 1764166167988
32537 762555855 1764166168014.751465 1764166168014 1764166168022
32538 762589199 1764166168048.092773 1764166168047 1764166168055
32539 762622543 1764166168081.434082 1764166168081 1764166168088
32540 762655887 1764166168114.775391 1764166168115 1764166168122
32541 762689230 1764166168148.115723 1764166168147 1764166168155
32542 762722574 1764166168181.457031 1764166168181 1764166168188
32543 762755918 1764166168214.798340 1764166168215 1764166168222
32544 762789262 1764166168248.139648 1764166168248 1764166168255
32545 762822606 1764166168281.480957 1764166168281 1764166168288
32546 762855950 1764166168314.822510 1764166168315 1764166168322
32547 762889294 1764166168348.163818 1764166168347 1764166168355
32548 762922638 1764166168381.505127 1764166168381 1764166168388
32549 762955982 1764166168414.846436 1764166168415 1764166168422
32550 762989326 1764166168448.187744 1764166168447 1764166168455
32551 763022670 1764166168481.529053 1764166168481 1764166168488
32552 763056014 1764166168514.870361 1764166168515 1764166168522
32553 763089358 1764166168548.211670 1764166168548 1764166168555
32554 763122702 1764166168581.552979 1764166168581 1764166168588
32555 763156045 1764166168614.893311 1764166168615 1764166168622
32556 763189389 1764166168648.234619 1764166168648 1764166168655
32557 763222733 1764166168681.575928 1764166168681 1764166168688
32558 763256077 1764166168714.917236 1764166168715 1764166168722
32559 763289421 1764166168748.258545 1764166168748 1764166168755
32560 763322765 1764166168781.599854 1764166168781 1764166168788
32561 763356109 1764166168814.941162 1764166168815 1764166168822
32562 763389453 1764166168848.282471 1764166168848 1764166168855
32563 763422797 1764166168881.623779 1764166168881 1764166168888
32564 763456141 1764166168914.965088 1764166168915 1764166168922
32565 763489485 1764166168948.306396 1764166168948 1764166168955
32566 763522829 1764166168981.647705 1764166168982 1764166168989
32567 763556173 1764166169014.988770 1764166169015 1764166169022
32568 763589516 1764166169048.328857 1764166169048 1764166169055
32569 763622860 1764166169081.669922 1764166169082 1764166169089
32570 763656204 1764166169115.011230 1764166169115 1764166169122
32571 763689548 1764166169148.352295 1764166169148 1764166169155
32572 763722892 1764166169181.693359 1764166169182 1764166169189
32573 763756236 1764166169215.034424 1764166169214 1764166169222
32574 763789580 1764166169248.375488 1764166169248 1764166169255
32575 763822924 1764166169281.716553 1764166169282 1764166169289
32576 763856268 1764166169315.057617 1764166169314 1764166169322
32577 763889612 1764166169348.398682 1764166169348 1764166169355
32578 763922956 1764166169381.739746 1764166169382 1764166169389
32579 763956300 1764166169415.080811 1764166169414 1764166169422
32580 763989644 1764166169448.421875 1764166169448 1764166169455
32581 764022987 1764166169481.761963 1764166169482 1764166169489
32582 764056331 1764166169515.103027 1764166169514 1764166169522
32583 764089675 1764166169548.444092 1764166169548 1764166169555
32584 764123019 1764166169581.785156 1764166169582 1764166169589
32585 764156363 1764166169615.126221 1764166169614 1764166169622
32586 764189707 1764166169648.467285 1764166169648 1764166169655
32587 764223051 1764166169681.808350 1764166169682 1764166169689
32588 764256395 1764166169715.149414 1764166169714 1764166169722
32589 764289739 1764166169748.490479 1764166169748 1764166169755
32590 764323083 1764166169781.831543 1764166169782 1764166169789
32591 764356427 1764166169815.172607 1764166169814 1764166169822
32592 764389771 1764166169848.513672 1764166169848 1764166169855
32593 764423115 1764166169881.854736 1764166169882 1764166169889
32594 764456459 1764166169915.195801 1764166169915 1764166169922
32595 764489802 1764166169948.535645 1764166169948 1764166169955
32596 764523146 1764166169981.876709 1764166169982 1764166169989
32597 764556490 1764166170015.217285 1764166170015 1764166170022
32598 764589834 1764166170048.557617 1764166170048 1764166170055
32599 764623178 1764166170081.897949 1764166170082 1764166170089
32600 764656522 1764166170115.238281 1764166170115 1764166170122
32601 764689866 1764166170148.578857 1764166170148 1764166170155
32602 764723210 1764166170181.919189 1764166170182 1764166170189
32603 764756554 1764166170215.259521 1764166170215 1764166170222
32604 764789898 1764166170248.599854 1764166170249 1764166170256
32605 764823242 1764166170281.940186 1764166170282 1764166170289
32606 764856586 1764166170315.280518 1764166170315 1764166170322
32607 764889930 1764166170348.620850 1764166170348 1764166170355
32608 764923273 1764166170381.960205 1764166170382 1764166170389
32609 764956617 1764166170415.300537 1764166170415 1764166170422
32610 764989961 1764166170448.640625 1764166170448 1764166170455
32611 765023305 1764166170481.980957 1764166170482 1764166170489
32612 765056649 1764166170515.321289 1764166170515 1764166170522
32613 765089993 1764166170548.661621 1764166170549 1764166170556
32614 765123337 1764166170582.001953 1764166170581 1764166170590
32615 765156681 1764166170615.342041 1764166170615 1764166170622
32616 765190025 1764166170648.682373 1764166170649 1764166170656
32617 765223369 1764166170682.022705 1764166170681 1764166170689
32618 765256713 1764166170715.362793 1764166170715 1764166170722
32619 765290057 1764166170748.703125 1764166170749 1764166170756
32620 765323401 1764166170782.043213 1764166170781 1764166170789
32621 765356744 1764166170815.382568 1764166170815 1764166170822
32622 765390088 1764166170848.722656 1764166170849 1764166170856
32623 765423432 1764166170882.062744 1764166170881 1764166170889
32624 765456776 1764166170915.403076 1764166170915 1764166170922
32625 765490120 1764166170948.743164 1764166170949 1764166170956
32626 765523464 1764166170982.083496 1764166170981 1764166170989
32627 765556808 1764166171015.422852 1764166171015 1764166171022
32628 765590152 1764166171048.762207 1764166171049 1764166171056
32629 765623496 1764166171082.101562 1764166171081 1764166171089
32630 765656840 1764166171115.441162 1764166171115 1764166171122
32631 765690184 1764166171148.780518 1764166171149 1764166171156
32632 765723528 1764166171182.119873 1764166171181 1764166171189
32633 765756872 1764166171215.459229 1764166171215 1764166171222
32634 765790216 1764166171248.798584 1764166171249 1764166171256
32635 765823559 1764166171282.136963 1764166171281 1764166171289
32636 765856903 1764166171315.476318 1764166171315 1764166171322
32637 765890247 1764166171348.815430 1764166171349 1764166171356
32638 765923591 1764166171382.154785 1764166171382 1764166171389
32639 765956935 1764166171415.494141 1764166171415 1764166171422
32640 765990279 1764166171448.833252 1764166171449 1764166171456
32641 766023623 1764166171482.172607 1764166171482 1764166171489
32642 766056967 1764166171515.511963 1764166171515 1764166171522
32643 766090311 1764166171548.851074 1764166171549 1764166171556
32644 766123655 1764166171582.190430 1764166171582 1764166171589
32645 766156999 1764166171615.529541 1764166171615 1764166171622
32646 766190343 1764166171648.868652 1764166171649 1764166171656
32647 766223687 1764166171682.208008 1764166171682 1764166171689
32648 766257030 1764166171715.546143 1764166171715 1764166171722
32649 766290374 1764166171748.885254 1764166171749 1764166171756
32650 766323718 1764166171782.224365 1764166171782 1764166171789
32651 766357062 1764166171815.563477 1764166171815 1764166171822
32652 766390406 1764166171848.902588 1764166171848 1764166171856
32653 766423750 1764166171882.241699 1764166171882 1764166171889
32654 766457094 1764166171915.580811 1764166171916 1764166171923
32655 766490438 1764166171948.919922 1764166171948 1764166171956
32656 766523782 1764166171982.259033 1764166171982 1764166171989
32657 766557126 1764166172015.598145 1764166172016 1764166172023
32658 766590470 1764166172048.937256 1764166172048 1764166172056
32659 766623814 1764166172082.276367 1764166172082 1764166172089
32660 766657158 1764166172115.615479 1764166172116 1764166172123
32661 766690501 1764166172148.953613 1764166172148 1764166172156
32662 766723845 1764166172182.292725 1764166172182 1764166172189
32663 766757189 1764166172215.631836 1764166172216 1764166172223
32664 766790533 1764166172248.970947 1764166172248 1764166172256
32665 766823877 1764166172282.309814 1764166172282 1764166172289
32666 766857221 1764166172315.648926 1764166172316 1764166172323
32667 766890565 1764166172348.988037 1764166172348 1764166172356
32668 766923909 1764166172382.326904 1764166172382 1764166172389
32669 766957253 1764166172415.666016 1764166172416 1764166172423
32670 766990597 1764166172449.004883 1764166172448 1764166172456
32671 767023941 1764166172482.343750 1764166172482 1764166172489
32672 767057285 1764166172515.682861 1764166172516 1764166172523
32673 767090629 1764166172549.021729 1764166172548 1764166172556
32674 767123973 1764166172582.360596 1764166172582 1764166172589
32675 767157316 1764166172615.698486 1764166172616 1764166172623
32676 767190660 1764166172649.037354 1764166172648 1764166172656
32677 767224004 1764166172682.376221 1764166172682 1764166172689
32678 767257348 1764166172715.715088 1764166172716 1764166172723
32679 767290692 1764166172749.053955 1764166172748 1764166172756
32680 767324036 1764166172782.392822 1764166172783 1764166172790
32681 767357380 1764166172815.731445 1764166172816 1764166172823
32682 767390724 1764166172849.070312 1764166172849 1764166172856
32683 767424068 1764166172882.409180 1764166172882 1764166172889
32684 767457412 1764166172915.747803 1764166172916 1764166172923
32685 767490756 1764166172949.086670 1764166172949 1764166172956
32686 767524100 1764166172982.425293 1764166172982 1764166172989
32687 767557444 1764166173015.765381 1764166173016 1764166173023
32688 767590787 1764166173049.104492 1764166173050 1764166173057
32689 767624131 1764166173082.444580 1764166173083 1764166173090
32690 767657475 1764166173115.784668 1764166173116 1764166173123
32691 767690819 1764166173149.124756 1764166173149 1764166173156
32692 767724163 1764166173182.464844 1764166173182 1764166173189
32693 767757507 1764166173215.804932 1764166173216 1764166173223
32694 767790851 1764166173249.145020 1764166173249 1764166173256
32695 767824195 1764166173282.485107 1764166173282 1764166173289
32696 767857539 1764166173315.825195 1764166173316 1764166173323
32697 767890883 1764166173349.165283 1764166173349 1764166173356
32698 767924227 1764166173382.505371 1764166173382 1764166173390
32699 767957571 1764166173415.845215 1764166173416 1764166173423
32700 767990915 1764166173449.185303 1764166173449 1764166173456
32701 768024258 1764166173482.524414 1764166173483 1764166173490
32702 768057602 1764166173515.864502 1764166173515 1764166173523
32703 768090946 1764166173549.204346 1764166173549 1764166173556
32704 768124290 1764166173582.544434 1764166173583 1764166173590
32705 768157634 1764166173615.884521 1764166173615 1764166173623
32706 768190978 1764166173649.224609 1764166173649 1764166173656
32707 768224322 1764166173682.564453 1764166173683 1764166173690
32708 768257666 1764166173715.904541 1764166173715 1764166173723
32709 768291010 1764166173749.244629 1764166173749 1764166173756
32710 768324354 1764166173782.584473 1764166173783 1764166173790
32711 768357698 1764166173815.924561 1764166173815 1764166173823
32712 768391042 1764166173849.264648 1764166173849 1764166173856
32713 768424386 1764166173882.604492 1764166173883 1764166173890
32714 768457730 1764166173915.944580 1764166173915 1764166173923
32715 768491073 1764166173949.283447 1764166173949 1764166173956
32716 768524417 1764166173982.623535 1764166173983 1764166173990
32717 768557761 1764166174015.962891 1764166174015 1764166174023
32718 768591105 1764166174049.302002 1764166174049 1764166174056
32719 768624449 1764166174082.641357 1764166174083 1764166174090
32720 768657793 1764166174115.980469 1764166174115 1764166174123
32721 768691137 1764166174149.319824 1764166174149 1764166174156
32722 768724481 1764166174182.658936 1764166174183 1764166174190
32723 768757825 1764166174215.998291 1764166174215 1764166174223
32724 768791169 1764166174249.337402 1764166174249 1764166174256
32725 768824513 1764166174282.676758 1764166174283 1764166174290
32726 768857857 1764166174316.015869 1764166174316 1764166174323
32727 768891201 1764166174349.354980 1764166174349 1764166174356
32728 768924544 1764166174382.693115 1764166174383 1764166174390
32729 768957888 1764166174416.032227 1764166174416 1764166174423
32730 768991232 1764166174449.371338 1764166174449 1764166174456
32731 769024576 1764166174482.710449 1764166174483 1764166174490
32732 769057920 1764166174516.049561 1764166174516 1764166174523
32733 769091264 1764166174549.388672 1764166174549 1764166174556
32734 769124608 1764166174582.727539 1764166174583 1764166174590
32735 769157952 1764166174616.066650 1764166174616 1764166174623
32736 769191296 1764166174649.405762 1764166174649 1764166174656
32737 769224640 1764166174682.744629 1764166174683 1764166174690
32738 769257984 1764166174716.083740 1764166174716 1764166174723
32739 769291328 1764166174749.422607 1764166174749 1764166174756
32740 769324672 1764166174782.761719 1764166174783 1764166174790
32741 769358015 1764166174816.099609 1764166174816 1764166174823
32742 769391359 1764166174849.438477 1764166174850 1764166174857
32743 769424703 1764166174882.777588 1764166174883 1764166174890
32744 769458047 1764166174916.116455 1764166174916 1764166174923
32745 769491391 1764166174949.455322 1764166174950 1764166174957
32746 769524735 1764166174982.794189 1764166174983 1764166174990
32747 769558079 1764166175016.135742 1764166175016 1764166175023
32748 769591423 1764166175049.477295 1764166175050 1764166175057
32749 769624767 1764166175082.818848 1764166175082 1764166175090
32750 769658111 1764166175116.160645 1764166175116 1764166175123
32751 769691455 1764166175149.502197 1764166175150 1764166175157
32752 769724799 1764166175182.843750 1764166175182 1764166175190
32753 769758143 1764166175216.185303 1764166175216 1764166175223
32754 769791487 1764166175249.526855 1764166175250 1764166175257
32755 769824830 1764166175282.867432 1764166175282 1764166175290
32756 769858174 1764166175316.208984 1764166175316 1764166175323
32757 769891518 1764166175349.550537 1764166175350 1764166175357
32758 769924862 1764166175382.892334 1764166175382 1764166175390
32759 769958206 1764166175416.233887 1764166175416 1764166175423
32760 769991550 1764166175449.575439 1764166175450 1764166175457
32761 770024894 1764166175482.916992 1764166175482 1764166175490
32762 770058238 1764166175516.258545 1764166175516 1764166175523
32763 770091582 1764166175549.600098 1764166175550 1764166175557
32764 770124926 1764166175582.941895 1764166175582 1764166175590
32765 770158270 1764166175616.283447 1764166175616 1764166175623
32766 770191614 1764166175649.625000 1764166175650 1764166175657
32767 770224958 1764166175682.966553 1764166175682 1764166175690
32768 770258301 1764166175716.307129 1764166175716 1764166175723
32769 770291645 1764166175749.648682 1764166175750 1764166175757
32770 770324989 1764166175782.990479 1764166175783 1764166175790
32771 770358333 1764166175816.332031 1764166175816 1764166175823
32772 770391677 1764166175849.673584 1764166175850 1764166175857
32773 770425021 1764166175883.015137 1764166175883 1764166175890
32774 770458365 1764166175916.356689 1764166175916 1764166175923
32775 770491709 1764166175949.698486 1764166175950 1764166175957
32776 770525053 1764166175983.040039 1764166175983 1764166175990
32777 770558397 1764166176016.379639 1764166176016 1764166176025
32778 770591741 1764166176049.719238 1764166176050 1764166176057
32779 770625085 1764166176083.058838 1764166176083 1764166176090
32780 770658429 1764166176116.398193 1764166176117 1764166176124
32781 770691772 1764166176149.736816 1764166176150 1764166176157
32782 770725116 1764166176183.076416 1764166176183 1764166176190
32783 770758460 1764166176216.415771 1764166176216 1764166176223
32784 770791804 1764166176249.755371 1764166176250 1764166176257
32785 770825148 1764166176283.094971 1764166176283 1764166176290
32786 770858492 1764166176316.434326 1764166176317 1764166176324
32787 770891836 1764166176349.773682 1764166176350 1764166176357
32788 770925180 1764166176383.113281 1764166176383 1764166176390
32789 770958524 1764166176416.452637 1764166176417 1764166176424
32790 770991868 1764166176449.791992 1764166176449 1764166176457
32791 771025212 1764166176483.131592 1764166176483 1764166176490
32792 771058556 1764166176516.470947 1764166176517 1764166176524
32793 771091900 1764166176549.810303 1764166176549 1764166176557
32794 771125244 1764166176583.149658 1764166176583 1764166176590
32795 771158587 1764166176616.488037 1764166176617 1764166176624
32796 771191931 1764166176649.827393 1764166176649 1764166176657
32797 771225275 1764166176683.166748 1764166176683 1764166176690
32798 771258619 1764166176716.506104 1764166176717 1764166176724
32799 771291963 1764166176749.845459 1764166176749 1764166176757
32800 771325307 1764166176783.184570 1764166176783 1764166176790
32801 771358651 1764166176816.523926 1764166176817 1764166176824
32802 771391995 1764166176849.863281 1764166176849 1764166176857
32803 771425339 1764166176883.202393 1764166176883 1764166176890
32804 771458683 1764166176916.541748 1764166176917 1764166176924
32805 771492027 1764166176949.881104 1764166176949 1764166176957
32806 771525371 1764166176983.220215 1764166176983 1764166176990
32807 771558715 1764166177016.560547 1764166177017 1764166177024
32808 771592058 1764166177049.899414 1764166177049 1764166177057
32809 771625402 1764166177083.239258 1764166177083 1764166177090
32810 771658746 1764166177116.579102 1764166177117 1764166177124
32811 771692090 1764166177149.918945 1764166177149 1764166177157
32812 771725434 1764166177183.258789 1764166177183 1764166177190
32813 771758778 1764166177216.598633 1764166177217 1764166177224
32814 771792122 1764166177249.938477 1764166177250 1764166177257
32815 771825466 1764166177283.278320 1764166177283 1764166177290
32816 771858810 1764166177316.618164 1764166177317 1764166177324
32817 771892154 1764166177349.957764 1764166177350 1764166177357
32818 771925498 1764166177383.297607 1764166177383 1764166177390
32819 771958842 1764166177416.637451 1764166177417 1764166177424
32820 771992186 1764166177449.977295 1764166177450 1764166177457
32821 772025529 1764166177483.315918 1764166177483 1764166177490
32822 772058873 1764166177516.655762 1764166177517 1764166177524
32823 772092217 1764166177549.995361 1764166177550 1764166177557
32824 772125561 1764166177583.335205 1764166177583 1764166177590
32825 772158905 1764166177616.674805 1764166177617 1764166177624
32826 772192249 1764166177650.014648 1764166177650 1764166177657
32827 772225593 1764166177683.354248 1764166177683 1764166177690
32828 772258937 1764166177716.694092 1764166177717 1764166177724
32829 772292281 1764166177750.033691 1764166177750 1764166177757
32830 772325625 1764166177783.373535 1764166177784 1764166177791
32831 772358969 1764166177816.713135 1764166177817 1764166177824
32832 772392313 1764166177850.052734 1764166177850 1764166177857
32833 772425657 1764166177883.392578 1764166177883 1764166177891
32834 772459001 1764166177916.732178 1764166177917 1764166177924
32835 772492344 1764166177950.070801 1764166177950 1764166177957
32836 772525688 1764166177983.410400 1764166177984 1764166177991
32837 772559032 1764166178016.750000 1764166178017 1764166178024
32838 772592376 1764166178050.089111 1764166178050 1764166178057
32839 772625720 1764166178083.428467 1764166178084 1764166178091
32840 772659064 1764166178116.767578 1764166178116 1764166178124
32841 772692408 1764166178150.106445 1764166178150 1764166178157
32842 772725752 1764166178183.445557 1764166178184 1764166178191
32843 772759096 1764166178216.784668 1764166178216 1764166178224
32844 772792440 1764166178250.123779 1764166178250 1764166178257
32845 772825784 1764166178283.462891 1764166178284 1764166178291
32846 772859128 1764166178316.801758 1764166178316 1764166178324
32847 772892472 1764166178350.140869 1764166178350 1764166178357
32848 772925815 1764166178383.478760 1764166178384 1764166178391
32849 772959159 1764166178416.817871 1764166178416 1764166178424
32850 772992503 1764166178450.156738 1764166178450 1764166178457
32851 773025847 1764166178483.495605 1764166178484 1764166178491
32852 773059191 1764166178516.834473 1764166178516 1764166178524
32853 773092535 1764166178550.173584 1764166178550 1764166178557
32854 773125879 1764166178583.512451 1764166178584 1764166178591
32855 773159223 1764166178616.851318 1764166178616 1764166178624
32856 773192567 1764166178650.190186 1764166178650 1764166178657
32857 773225911 1764166178683.529053 1764166178684 1764166178691
32858 773259255 1764166178716.867676 1764166178717 1764166178724
32859 773292599 1764166178750.206543 1764166178750 1764166178757
32860 773325943 1764166178783.545410 1764166178784 1764166178791
32861 773359286 1764166178816.883057 1764166178817 1764166178824
32862 773392630 1764166178850.221924 1764166178850 1764166178857
32863 773425974 1764166178883.560547 1764166178884 1764166178891
32864 773459318 1764166178916.899414 1764166178917 1764166178924
32865 773492662 1764166178950.238037 1764166178950 1764166178957
32866 773526006 1764166178983.576904 1764166178984 1764166178991
32867 773559350 1764166179016.915527 1764166179017 1764166179024
32868 773592694 1764166179050.260010 1764166179050 1764166179057
32869 773626038 1764166179083.604736 1764166179084 1764166179091
32870 773659382 1764166179116.949219 1764166179117 1764166179124
32871 773692726 1764166179150.293945 1764166179150 1764166179158
32872 773726070 1764166179183.638672 1764166179184 1764166179191
32873 773759414 1764166179216.983398 1764166179217 1764166179224
32874 773792758 1764166179250.328369 1764166179251 1764166179258
32875 773826101 1764166179283.672363 1764166179284 1764166179291
32876 773859445 1764166179317.017334 1764166179317 1764166179324
32877 773892789 1764166179350.362305 1764166179351 1764166179358
32878 773926133 1764166179383.707275 1764166179384 1764166179391
32879 773959477 1764166179417.052490 1764166179417 1764166179424
32880 773992821 1764166179450.397705 1764166179451 1764166179458
32881 774026165 1764166179483.742920 1764166179483 1764166179491
32882 774059509 1764166179517.088135 1764166179517 1764166179524
32883 774092853 1764166179550.433594 1764166179551 1764166179558
32884 774126197 1764166179583.779053 1764166179583 1764166179591
32885 774159541 1764166179617.124512 1764166179617 1764166179624
32886 774192885 1764166179650.469971 1764166179651 1764166179658
32887 774226229 1764166179683.815430 1764166179683 1764166179691
32888 774259572 1764166179717.160156 1764166179717 1764166179724
32889 774292916 1764166179750.505859 1764166179751 1764166179758
32890 774326260 1764166179783.851562 1764166179783 1764166179791
32891 774359604 1764166179817.197266 1764166179817 1764166179824
32892 774392948 1764166179850.543213 1764166179851 1764166179858
32893 774426292 1764166179883.889160 1764166179883 1764166179891
32894 774459636 1764166179917.235107 1764166179917 1764166179924
32895 774492980 1764166179950.581055 1764166179951 1764166179958
32896 774526324 1764166179983.927246 1764166179983 1764166179991
32897 774559668 1764166180017.273193 1764166180017 1764166180024
32898 774593012 1764166180050.613281 1764166180051 1764166180058
32899 774626356 1764166180083.953613 1764166180083 1764166180091
32900 774659700 1764166180117.293701 1764166180117 1764166180124
32901 774693043 1764166180150.632812 1764166180151 1764166180158
32902 774726387 1764166180183.972900 1764166180183 1764166180191
32903 774759731 1764166180217.312988 1764166180217 1764166180224
32904 774793075 1764166180250.653076 1764166180251 1764166180258
32905 774826419 1764166180283.993408 1764166180284 1764166180291
32906 774859763 1764166180317.333496 1764166180317 1764166180324
32907 774893107 1764166180350.673584 1764166180351 1764166180358
32908 774926451 1764166180384.013672 1764166180384 1764166180391
32909 774959795 1764166180417.353760 1764166180417 1764166180424
