1764167628711243584 76313
1764167628745002048 76314
1764167628777780896 76315
1764167628812063520 76316
1764167628840811776 76317
1764167628882503392 76318
1764167628911369024 76319
1764167628943459904 76320
1764167628976635264 76321
1764167629010948064 76322
1764167629045520896 76323
1764167629084211904 76324
1764167629111786976 76325
1764167629144316448 76326
1764167629177655904 76327
1764167629211709472 76328
1764167629245661824 76329
1764167629278054688 76330
1764167629310898400 76331
1764167629354041600 76332
1764167629379347744 76333
1764167629407411776 76334
1764167629444030944 76335
1764167629478204448 76336
1764167629511795872 76337
1764167629539409376 76338
1764167629578862848 76339
1764167629609922464 76340
1764167629644228128 76341
1764167629676975456 76342
1764167629710975264 76343
1764167629746991488 76344
1764167629773828224 76345
1764167629808172480 76346
1764167629849008864 76347
1764167629877484224 76348
1764167629915535936 76349
1764167629941987168 76350
1764167629975291104 76351
1764167630010495168 76352
1764167630047288672 76353
1764167630073131616 76354
1764167630111969824 76355
1764167630142579648 76356
1764167630179720160 76357
1764167630210665024 76358
1764167630243983808 76359
1764167630278264416 76360
1764167630310747136 76361
1764167630343985120 76362
1764167630377872320 76363
1764167630412620416 76364
1764167630443002848 76365
1764167630485458528 76366
1764167630509994080 76367
1764167630544560896 76368
1764167630578041984 76369
1764167630605805856 76370
1764167630640471200 76371
1764167630676498816 76372
1764167630713096480 76373
1764167630742058528 76374
1764167630778300320 76375
1764167630811381472 76376
1764167630844044544 76377
1764167630877400512 76378
1764167630910689632 76379
1764167630943885088 76380
1764167630977793344 76381
1764167631010796480 76382
1764167631043855648 76383
1764167631078153984 76384
1764167631111295936 76385
1764167631144109664 76386
1764167631177544448 76387
1764167631210777408 76388
1764167631244198048 76389
1764167631283889440 76390
1764167631315623104 76391
1764167631349913984 76392
1764167631382893120 76393
1764167631410315744 76394
1764167631446192928 76395
1764167631475478048 76396
1764167631512946784 76397
1764167631542135488 76398
1764167631576069216 76399
1764167631610721536 76400
1764167631649574528 76401
1764167631679253056 76402
1764167631715954112 76403
1764167631744831616 76404
1764167631777147040 76405
1764167631804886528 76406
1764167631842527296 76407
1764167631884136800 76408
1764167631912804480 76409
1764167631946117760 76410
1764167631975817024 76411
1764167632010038336 76412
1764167632043259520 76413
1764167632077706944 76414
1764167632114086944 76415
1764167632139742016 76416
1764167632177652416 76417
1764167632211587104 76418
1764167632239542784 76419
1764167632276538464 76420
1764167632310613280 76421
1764167632344866912 76422
1764167632378636192 76423
1764167632409427232 76424
1764167632443277952 76425
1764167632477796608 76426
1764167632513631648 76427
1764167632540916096 76428
1764167632575671584 76429
1764167632609901376 76430
1764167632643320000 76431
1764167632677520480 76432
1764167632711657248 76433
1764167632744715424 76434
1764167632773326720 76435
1764167632814881504 76436
1764167632842721728 76437
1764167632876883136 76438
1764167632910075872 76439
1764167632952769472 76440
1764167632979818016 76441
1764167633011023136 76442
1764167633039118432 76443
1764167633076114976 76444
1764167633110684096 76445
1764167633143525248 76446
1764167633181922400 76447
1764167633213973344 76448
1764167633243500832 76449
1764167633276733120 76450
1764167633312451744 76451
1764167633339211264 76452
1764167633374180064 76453
1764167633410002208 76454
1764167633445596064 76455
1764167633487445760 76456
1764167633509239168 76457
1764167633544471616 76458
1764167633574468160 76459
1764167633608825856 76460
1764167633645514688 76461
1764167633672905440 76462
1764167633714933952 76463
1764167633742643296 76464
1764167633776111776 76465
1764167633816152416 76466
1764167633842848544 76467
1764167633876567520 76468
1764167633910054080 76469
1764167633943507712 76470
1764167633977410880 76471
1764167634007934016 76472
1764167634041883904 76473
1764167634078912960 76474
1764167634105779104 76475
1764167634141796640 76476
1764167634185016928 76477
1764167634208765472 76478
1764167634244201536 76479
1764167634278388160 76480
1764167634308768800 76481
1764167634342485056 76482
1764167634377295104 76483
1764167634410449024 76484
1764167634443402624 76485
1764167634476360000 76486
1764167634509233664 76487
1764167634545938368 76488
1764167634573742176 76489
1764167634608225824 76490
1764167634643756512 76491
1764167634676759616 76492
1764167634711377440 76493
1764167634741038496 76494
1764167634776061856 76495
1764167634809427200 76496
1764167634843177728 76497
1764167634876861696 76498
1764167634912229536 76499
1764167634939153312 76500
1764167634980160896 76501
1764167635010788832 76502
1764167635041505344 76503
1764167635078704224 76504
1764167635106030592 76505
1764167635143744864 76506
1764167635178643648 76507
1764167635209628160 76508
1764167635242551904 76509
1764167635276139104 76510
1764167635305447776 76511
1764167635342219584 76512
1764167635378124032 76513
1764167635408277888 76514
1764167635450524576 76515
1764167635477901664 76516
1764167635505347584 76517
1764167635539530208 76518
1764167635574787264 76519
1764167635610513888 76520
1764167635644381824 76521
1764167635681872608 76522
1764167635709215424 76523
1764167635743334656 76524
1764167635778607712 76525
1764167635806254208 76526
1764167635842185792 76527
1764167635877629248 76528
1764167635908492480 76529
1764167635943925504 76530
1764167635973703264 76531
1764167636008646464 76532
1764167636042457376 76533
1764167636077340768 76534
1764167636113547488 76535
1764167636139300672 76536
1764167636173393632 76537
1764167636213225632 76538
1764167636239200928 76539
1764167636285741408 76540
1764167636314605344 76541
1764167636347721280 76542
1764167636389398432 76543
1764167636415452640 76544
1764167636442816096 76545
1764167636476058176 76546
1764167636510139296 76547
1764167636543170944 76548
1764167636571826432 76549
1764167636607393760 76550
1764167636641654496 76551
1764167636675327872 76552
1764167636708956288 76553
1764167636743284032 76554
1764167636776898176 76555
1764167636810103264 76556
1764167636852539520 76557
1764167636875272736 76558
1764167636911309376 76559
1764167636937828448 76560
1764167636971867744 76561
1764167637015514400 76562
1764167637050088288 76563
1764167637076511840 76564
1764167637109083680 76565
1764167637142706080 76566
1764167637180356128 76567
1764167637204926592 76568
1764167637240416320 76569
1764167637277482080 76570
1764167637305681536 76571
1764167637340871968 76572
1764167637376999392 76573
1764167637407335840 76574
1764167637442589472 76575
1764167637471404224 76576
1764167637507902240 76577
1764167637543178208 76578
1764167637570874720 76579
1764167637609221152 76580
1764167637654392672 76581
1764167637679412384 76582
1764167637716619232 76583
1764167637752588640 76584
1764167637775673376 76585
1764167637809009792 76586
1764167637842020576 76587
1764167637890704416 76588
1764167637915911936 76589
1764167637943264256 76590
1764167637976283776 76591
1764167638008445184 76592
1764167638048691360 76593
1764167638076878048 76594
1764167638109216864 76595
1764167638149246240 76596
1764167638177042208 76597
1764167638208246496 76598
1764167638241734592 76599
1764167638276638240 76600
1764167638309880736 76601
1764167638338856352 76602
1764167638373009408 76603
1764167638411238688 76604
1764167638438495264 76605
1764167638474168608 76606
1764167638509794432 76607
1764167638547978496 76608
1764167638583137568 76609
1764167638609140800 76610
1764167638645968320 76611
1764167638672556736 76612
1764167638709229440 76613
1764167638742715040 76614
1764167638772678400 76615
1764167638807269760 76616
1764167638842402880 76617
1764167638876377216 76618
1764167638910794976 76619
1764167638948684288 76620
1764167638975598496 76621
1764167639008658496 76622
1764167639041944064 76623
1764167639076352672 76624
1764167639109464128 76625
1764167639137408896 76626
1764167639176799360 76627
1764167639215791168 76628
1764167639252288800 76629
1764167639280121312 76630
1764167639305165728 76631
1764167639340032192 76632
1764167639375306080 76633
1764167639411053632 76634
1764167639444204960 76635
1764167639472758144 76636
1764167639509111872 76637
1764167639542990976 76638
1764167639570715296 76639
1764167639605121280 76640
1764167639639799584 76641
1764167639675042912 76642
1764167639713470720 76643
1764167639742742112 76644
1764167639781715008 76645
1764167639811822592 76646
1764167639841353536 76647
1764167639875076640 76648
1764167639920098080 76649
1764167639943252352 76650
1764167639972630816 76651
1764167640009278400 76652
1764167640041400160 76653
1764167640076006016 76654
1764167640111001792 76655
1764167640141335904 76656
1764167640175738848 76657
1764167640210186304 76658
1764167640237268832 76659
1764167640273549536 76660
1764167640309757600 76661
1764167640342667264 76662
1764167640380945568 76663
1764167640409277120 76664
1764167640439399264 76665
1764167640474504608 76666
1764167640508259328 76667
1764167640539278496 76668
1764167640574441280 76669
1764167640608953568 76670
1764167640645131168 76671
1764167640676118688 76672
1764167640709367360 76673
1764167640742697856 76674
1764167640771232800 76675
1764167640806353440 76676
1764167640841763328 76677
1764167640871092000 76678
1764167640905954496 76679
1764167640940581856 76680
1764167640974762816 76681
1764167641009720832 76682
1764167641037377984 76683
1764167641071462432 76684
1764167641110337760 76685
1764167641139020192 76686
1764167641176795680 76687
1764167641214772672 76688
1764167641244314400 76689
1764167641275868000 76690
1764167641309577280 76691
1764167641336110848 76692
1764167641379343584 76693
1764167641418948896 76694
1764167641444086112 76695
1764167641479467776 76696
1764167641507794848 76697
1764167641540662464 76698
1764167641576186112 76699
1764167641608898976 76700
1764167641639195776 76701
1764167641673613376 76702
1764167641707425952 76703
1764167641741331872 76704
1764167641774880032 76705
1764167641811048992 76706
1764167641836928448 76707
1764167641875355584 76708
1764167641908502176 76709
1764167641948682656 76710
1764167641976325920 76711
1764167642005065472 76712
1764167642039549088 76713
1764167642083491520 76714
1764167642110609056 76715
1764167642147972288 76716
1764167642176687616 76717
1764167642206286144 76718
1764167642246524128 76719
1764167642275039168 76720
1764167642312032704 76721
1764167642348602464 76722
1764167642373811520 76723
1764167642409399520 76724
1764167642443087296 76725
1764167642471519392 76726
1764167642506536544 76727
1764167642544138656 76728
1764167642573429632 76729
1764167642614935104 76730
1764167642641431008 76731
1764167642674698272 76732
1764167642713467488 76733
1764167642740206592 76734
1764167642779519712 76735
1764167642816836800 76736
1764167642846918752 76737
1764167642874171808 76738
1764167642906412192 76739
1764167642948185472 76740
1764167642974816672 76741
1764167643008125504 76742
1764167643044188096 76743
1764167643076870560 76744
1764167643105506176 76745
1764167643140254496 76746
1764167643174793728 76747
1764167643205439520 76748
1764167643247296032 76749
1764167643280672608 76750
1764167643312242336 76751
1764167643337349312 76752
1764167643371385312 76753
1764167643407423904 76754
1764167643441612864 76755
1764167643469646752 76756
1764167643512011552 76757
1764167643548462144 76758
1764167643583382656 76759
1764167643625170336 76760
1764167643652921056 76761
1764167643687062496 76762
1764167643707056000 76763
1764167643739633696 76764
1764167643776637120 76765
1764167643803591744 76766
1764167643837311328 76767
1764167643873147712 76768
1764167643909526944 76769
1764167643937972608 76770
1764167643973626176 76771
1764167644008602976 76772
1764167644043037792 76773
1764167644077192000 76774
1764167644104320480 76775
1764167644147047392 76776
1764167644175552704 76777
1764167644206744320 76778
1764167644239939904 76779
1764167644276689664 76780
1764167644303541344 76781
1764167644338301088 76782
1764167644375131584 76783
1764167644403587616 76784
1764167644438123776 76785
1764167644475415168 76786
1764167644503018400 76787
1764167644546760160 76788
1764167644576634432 76789
1764167644612126848 76790
1764167644643032928 76791
1764167644671019712 76792
1764167644706287680 76793
1764167644741170784 76794
1764167644776625280 76795
1764167644802436704 76796
1764167644843280544 76797
1764167644871135360 76798
1764167644910554560 76799
1764167644951353024 76800
1764167644981854080 76801
1764167645009106496 76802
1764167645036807104 76803
1764167645073621248 76804
1764167645107437088 76805
1764167645142811328 76806
1764167645171960320 76807
1764167645206571776 76808
1764167645245321216 76809
1764167645277499488 76810
1764167645305588768 76811
1764167645343933440 76812
1764167645371455008 76813
1764167645407697664 76814
1764167645436266848 76815
1764167645476961888 76816
1764167645503328864 76817
1764167645537910112 76818
1764167645574358112 76819
1764167645606830592 76820
1764167645640586528 76821
1764167645676311488 76822
1764167645703129376 76823
1764167645739564032 76824
1764167645774024192 76825
1764167645808439392 76826
1764167645837138752 76827
1764167645870905760 76828
1764167645907566144 76829
1764167645936771936 76830
1764167645971369696 76831
1764167646007286048 76832
1764167646044445920 76833
1764167646069580032 76834
1764167646106453024 76835
1764167646138781664 76836
1764167646171705696 76837
1764167646206062848 76838
1764167646245121856 76839
1764167646275797344 76840
1764167646304091008 76841
1764167646338239680 76842
1764167646374147392 76843
1764167646408257760 76844
1764167646435822912 76845
1764167646472803968 76846
1764167646511501248 76847
1764167646536638272 76848
1764167646571785696 76849
1764167646611003616 76850
1764167646635809440 76851
1764167646671469600 76852
1764167646708584992 76853
1764167646739642144 76854
1764167646774536800 76855
1764167646803398080 76856
1764167646843785952 76857
1764167646870789920 76858
1764167646905811744 76859
1764167646940112928 76860
1764167646972867680 76861
1764167647007504928 76862
1764167647040832608 76863
1764167647073809056 76864
1764167647107953280 76865
1764167647135977120 76866
1764167647171543040 76867
1764167647207733088 76868
1764167647235781248 76869
1764167647275880960 76870
1764167647303698496 76871
1764167647343985280 76872
1764167647380124800 76873
1764167647408581984 76874
1764167647447116256 76875
1764167647475419264 76876
1764167647512415712 76877
1764167647544158912 76878
1764167647572297984 76879
1764167647603190272 76880
1764167647637651296 76881
1764167647672792512 76882
1764167647702155648 76883
1764167647736451296 76884
1764167647772572864 76885
1764167647812850080 76886
1764167647843298144 76887
1764167647870281120 76888
1764167647904644640 76889
1764167647943157184 76890
1764167647977731584 76891
1764167648012808288 76892
1764167648043668256 76893
1764167648075237888 76894
1764167648104540576 76895
1764167648138920160 76896
1764167648173857856 76897
1764167648206961760 76898
1764167648239310208 76899
1764167648273000640 76900
1764167648306446592 76901
1764167648344308928 76902
1764167648371061888 76903
1764167648407264032 76904
1764167648443008032 76905
1764167648477019680 76906
1764167648502819072 76907
1764167648538438432 76908
1764167648574458208 76909
1764167648602093152 76910
1764167648645251104 76911
1764167648683234432 76912
1764167648715779392 76913
1764167648739286400 76914
1764167648773142272 76915
1764167648806306752 76916
1764167648839733856 76917
1764167648878820320 76918
1764167648906896480 76919
1764167648942400832 76920
1764167648968774752 76921
1764167649010079360 76922
1764167649036408352 76923
1764167649072006528 76924
1764167649106596608 76925
1764167649144791232 76926
1764167649172218976 76927
1764167649206681600 76928
1764167649243047264 76929
1764167649268554112 76930
1764167649305151072 76931
1764167649339325728 76932
1764167649374001760 76933
1764167649400857696 76934
1764167649443614048 76935
1764167649469715392 76936
1764167649511072864 76937
1764167649539556192 76938
1764167649575408672 76939
1764167649607575968 76940
1764167649643016160 76941
1764167649669767168 76942
1764167649704752544 76943
1764167649739241568 76944
1764167649773536448 76945
1764167649811052320 76946
1764167649848475840 76947
1764167649875335040 76948
1764167649901597632 76949
1764167649938506144 76950
1764167649973505856 76951
1764167650006862240 76952
1764167650039560000 76953
1764167650078694176 76954
1764167650105003136 76955
1764167650143805408 76956
1764167650179564192 76957
1764167650206201568 76958
1764167650243880768 76959
1764167650270796512 76960
1764167650307961216 76961
1764167650335113792 76962
1764167650369340544 76963
1764167650406460000 76964
1764167650442854976 76965
1764167650472077696 76966
1764167650507675040 76967
1764167650536125696 76968
1764167650571217248 76969
1764167650605910688 76970
1764167650639613408 76971
1764167650673080512 76972
1764167650710456704 76973
1764167650746187776 76974
1764167650781888160 76975
1764167650813411200 76976
1764167650850266880 76977
1764167650873340544 76978
1764167650901378496 76979
1764167650935589920 76980
1764167650970992032 76981
1764167651010459904 76982
1764167651037128448 76983
1764167651071988288 76984
1764167651105952416 76985
1764167651139675712 76986
1764167651177839968 76987
1764167651207370816 76988
1764167651236205568 76989
1764167651271580896 76990
1764167651306088064 76991
1764167651339373664 76992
1764167651373199136 76993
1764167651406727808 76994
1764167651439765408 76995
1764167651472811840 76996
1764167651506488928 76997
1764167651540136832 76998
1764167651571746592 76999
1764167651607633024 77000
1764167651635733696 77001
1764167651671515904 77002
1764167651705600448 77003
1764167651739205792 77004
1764167651772057056 77005
1764167651807851648 77006
1764167651833883840 77007
1764167651871133056 77008
1764167651910841344 77009
1764167651946214976 77010
1764167651977243392 77011
1764167652005761536 77012
1764167652038499904 77013
1764167652075528192 77014
1764167652102741696 77015
1764167652142982176 77016
1764167652168768000 77017
1764167652206830688 77018
1764167652244341184 77019
1764167652271469984 77020
1764167652305486720 77021
1764167652338397152 77022
1764167652373610720 77023
1764167652401756832 77024
1764167652439477760 77025
1764167652476044256 77026
1764167652501664192 77027
1764167652544278208 77028
1764167652571618560 77029
1764167652606095360 77030
1764167652645018016 77031
1764167652674783232 77032
1764167652702595840 77033
1764167652736980608 77034
1764167652778687456 77035
1764167652808025568 77036
1764167652837685664 77037
1764167652872334944 77038
1764167652911630688 77039
1764167652939548768 77040
1764167652981560384 77041
1764167653005709984 77042
1764167653039697568 77043
1764167653068534208 77044
1764167653104611616 77045
1764167653139506624 77046
1764167653173913952 77047
1764167653200830240 77048
1764167653235946464 77049
1764167653271862080 77050
1764167653307046400 77051
1764167653337867008 77052
1764167653377308768 77053
1764167653407948032 77054
1764167653438264000 77055
1764167653471957824 77056
1764167653507803456 77057
1764167653539916896 77058
1764167653578487328 77059
1764167653605515712 77060
1764167653633425120 77061
1764167653674456480 77062
1764167653700834432 77063
1764167653739759744 77064
1764167653768728768 77065
1764167653811741344 77066
1764167653839415904 77067
1764167653867399264 77068
1764167653902446304 77069
1764167653945289952 77070
1764167653975246080 77071
1764167654011260128 77072
1764167654052884704 77073
1764167654091228992 77074
1764167654113527136 77075
1764167654151213376 77076
1764167654215798624 77077
1764167654245691328 77078
1764167654279575680 77079
1764167654306536064 77080
1764167654350457632 77081
1764167654374771392 77082
1764167654416362112 77083
1764167654437617728 77084
1764167654453956160 77085
1764167654478696640 77086
1764167654503765632 77087
1764167654544591008 77088
1764167654575042592 77089
1764167654604304512 77090
1764167654639799392 77091
1764167654666637120 77092
1764167654700889952 77093
1764167654735869728 77094
1764167654774502816 77095
1764167654804264736 77096
1764167654840438592 77097
1764167654870583584 77098
1764167654906034880 77099
1764167654939600896 77100
1764167654975140864 77101
1764167655001530592 77102
1764167655036790272 77103
1764167655071303168 77104
1764167655107196288 77105
1764167655133203552 77106
1764167655170271584 77107
1764167655206860064 77108
1764167655233888288 77109
1764167655268714432 77110
1764167655303121376 77111
1764167655338451200 77112
1764167655367132832 77113
1764167655402370944 77114
1764167655436568352 77115
1764167655475056544 77116
1764167655503530080 77117
1764167655539269440 77118
1764167655576775456 77119
1764167655607269280 77120
1764167655638124256 77121
1764167655671692224 77122
1764167655704276832 77123
1764167655746182720 77124
1764167655772816864 77125
1764167655801780512 77126
1764167655837107648 77127
1764167655871325408 77128
1764167655911657120 77129
