107484 3616258708 1764164700096.777832 1764164700096 1764164700104
107485 3616292052 1764164700130.124756 1764164700130 1764164700137
107486 3616325396 1764164700163.471924 1764164700164 1764164700173
107487 3616358740 1764164700196.819092 1764164700196 1764164700204
107488 3616392084 1764164700230.166016 1764164700230 1764164700237
107489 3616425428 1764164700263.513184 1764164700264 1764164700271
107490 3616458772 1764164700296.860352 1764164700296 1764164700304
107491 3616492116 1764164700330.207275 1764164700330 1764164700337
107492 3616525460 1764164700363.554443 1764164700364 1764164700371
107493 3616558804 1764164700396.901611 1764164700396 1764164700404
107494 3616592148 1764164700430.248779 1764164700430 1764164700437
107495 3616625492 1764164700463.595703 1764164700464 1764164700471
107496 3616658836 1764164700496.942871 1764164700496 1764164700504
107497 3616692179 1764164700530.289062 1764164700530 1764164700537
107498 3616725523 1764164700563.635986 1764164700564 1764164700571
107499 3616758867 1764164700596.983154 1764164700597 1764164700604
107500 3616792211 1764164700630.330322 1764164700630 1764164700637
107501 3616825555 1764164700663.677490 1764164700664 1764164700671
107502 3616858899 1764164700697.024414 1764164700697 1764164700704
107503 3616892243 1764164700730.371582 1764164700731 1764164700738
107504 3616925587 1764164700763.718750 1764164700764 1764164700771
107505 3616958931 1764164700797.065918 1764164700797 1764164700804
107506 3616992275 1764164700830.412842 1764164700830 1764164700837
107507 3617025619 1764164700863.759766 1764164700864 1764164700871
107508 3617058963 1764164700897.106689 1764164700897 1764164700904
107509 3617092307 1764164700930.453613 1764164700931 1764164700938
107510 3617125651 1764164700963.800537 1764164700963 1764164700971
107511 3617158994 1764164700997.146484 1764164700997 1764164701004
107512 3617192338 1764164701030.493408 1764164701031 1764164701038
107513 3617225682 1764164701063.840332 1764164701063 1764164701071
107514 3617259026 1764164701097.187256 1764164701097 1764164701104
107515 3617292370 1764164701130.534180 1764164701131 1764164701138
107516 3617325714 1764164701163.881104 1764164701163 1764164701171
107517 3617359058 1764164701197.228027 1764164701197 1764164701204
107518 3617392402 1764164701230.574951 1764164701231 1764164701238
107519 3617425746 1764164701263.922119 1764164701263 1764164701271
107520 3617459090 1764164701297.269043 1764164701297 1764164701304
107521 3617492434 1764164701330.615967 1764164701331 1764164701338
107522 3617525778 1764164701363.962891 1764164701363 1764164701371
107523 3617559122 1764164701397.309814 1764164701397 1764164701404
107524 3617592465 1764164701430.655518 1764164701431 1764164701438
107525 3617625809 1764164701464.002441 1764164701464 1764164701471
107526 3617659153 1764164701497.349365 1764164701497 1764164701504
107527 3617692497 1764164701530.696289 1764164701531 1764164701538
107528 3617725841 1764164701564.043213 1764164701564 1764164701571
107529 3617759185 1764164701597.390137 1764164701598 1764164701605
107530 3617792529 1764164701630.737061 1764164701631 1764164701638
107531 3617825873 1764164701664.083984 1764164701664 1764164701671
107532 3617859217 1764164701697.430908 1764164701698 1764164701705
107533 3617892561 1764164701730.777832 1764164701731 1764164701738
107534 3617925905 1764164701764.124756 1764164701764 1764164701771
107535 3617959249 1764164701797.471680 1764164701798 1764164701805
107536 3617992593 1764164701830.818604 1764164701830 1764164701838
107537 3618025936 1764164701864.164551 1764164701864 1764164701871
107538 3618059280 1764164701897.511230 1764164701898 1764164701905
107539 3618092624 1764164701930.857910 1764164701930 1764164701938
107540 3618125968 1764164701964.204590 1764164701964 1764164701971
107541 3618159312 1764164701997.551514 1764164701998 1764164702005
107542 3618192656 1764164702030.898193 1764164702030 1764164702038
107543 3618226000 1764164702064.244873 1764164702064 1764164702071
107544 3618259344 1764164702097.591553 1764164702098 1764164702105
107545 3618292688 1764164702130.938477 1764164702130 1764164702138
107546 3618326032 1764164702164.285156 1764164702164 1764164702171
107547 3618359376 1764164702197.631836 1764164702198 1764164702205
107548 3618392720 1764164702230.978516 1764164702230 1764164702238
107549 3618426064 1764164702264.325439 1764164702264 1764164702271
107550 3618459408 1764164702297.672119 1764164702298 1764164702305
107551 3618492751 1764164702331.017822 1764164702331 1764164702338
107552 3618526095 1764164702364.364502 1764164702364 1764164702371
107553 3618559439 1764164702397.711182 1764164702398 1764164702405
107554 3618592783 1764164702431.058105 1764164702431 1764164702438
107555 3618626127 1764164702464.404785 1764164702464 1764164702471
107556 3618659471 1764164702497.751465 1764164702498 1764164702505
107557 3618692815 1764164702531.098145 1764164702531 1764164702538
107558 3618726159 1764164702564.444824 1764164702564 1764164702571
107559 3618759503 1764164702597.791504 1764164702598 1764164702605
107560 3618792847 1764164702631.138428 1764164702631 1764164702638
107561 3618826191 1764164702664.485107 1764164702664 1764164702671
107562 3618859535 1764164702697.831787 1764164702698 1764164702705
107563 3618892879 1764164702731.178467 1764164702731 1764164702738
107564 3618926222 1764164702764.524170 1764164702765 1764164702772
107565 3618959566 1764164702797.870850 1764164702798 1764164702805
107566 3618992910 1764164702831.217529 1764164702831 1764164702838
107567 3619026254 1764164702864.564453 1764164702865 1764164702872
107568 3619059598 1764164702897.911377 1764164702897 1764164702905
107569 3619092942 1764164702931.258301 1764164702931 1764164702938
107570 3619126286 1764164702964.605225 1764164702965 1764164702972
107571 3619159630 1764164702997.952148 1764164702997 1764164703005
107572 3619192974 1764164703031.299072 1764164703031 1764164703038
107573 3619226318 1764164703064.645996 1764164703065 1764164703072
107574 3619259662 1764164703097.992920 1764164703097 1764164703105
107575 3619293006 1764164703131.339844 1764164703131 1764164703138
107576 3619326350 1764164703164.686768 1764164703165 1764164703172
107577 3619359693 1764164703198.032715 1764164703197 1764164703205
107578 3619393037 1764164703231.379639 1764164703231 1764164703238
107579 3619426381 1764164703264.726562 1764164703265 1764164703272
107580 3619459725 1764164703298.073486 1764164703297 1764164703305
107581 3619493069 1764164703331.420410 1764164703331 1764164703338
107582 3619526413 1764164703364.767334 1764164703365 1764164703372
107583 3619559757 1764164703398.114258 1764164703397 1764164703405
107584 3619593101 1764164703431.460938 1764164703431 1764164703438
107585 3619626445 1764164703464.807861 1764164703465 1764164703472
107586 3619659789 1764164703498.154785 1764164703497 1764164703505
107587 3619693133 1764164703531.501709 1764164703531 1764164703538
107588 3619726477 1764164703564.848633 1764164703565 1764164703572
107589 3619759821 1764164703598.195557 1764164703598 1764164703605
107590 3619793165 1764164703631.542480 1764164703631 1764164703638
107591 3619826508 1764164703664.888428 1764164703665 1764164703672
107592 3619859852 1764164703698.235352 1764164703698 1764164703705
107593 3619893196 1764164703731.582031 1764164703731 1764164703738
107594 3619926540 1764164703764.928955 1764164703765 1764164703772
107595 3619959884 1764164703798.275879 1764164703798 1764164703805
107596 3619993228 1764164703831.622803 1764164703831 1764164703838
107597 3620026572 1764164703864.967773 1764164703865 1764164703872
107598 3620059916 1764164703898.312744 1764164703898 1764164703905
107599 3620093260 1764164703931.657471 1764164703931 1764164703938
107600 3620126604 1764164703965.002441 1764164703965 1764164703972
107601 3620159948 1764164703998.347412 1764164703998 1764164704005
107602 3620193292 1764164704031.692139 1764164704032 1764164704039
107603 3620226636 1764164704065.037109 1764164704065 1764164704072
107604 3620259979 1764164704098.380859 1764164704098 1764164704105
107605 3620293323 1764164704131.725586 1764164704132 1764164704139
107606 3620326667 1764164704165.070557 1764164704164 1764164704172
107607 3620360011 1764164704198.415283 1764164704198 1764164704205
107608 3620393355 1764164704231.760010 1764164704232 1764164704239
107609 3620426699 1764164704265.104980 1764164704264 1764164704272
107610 3620460043 1764164704298.449707 1764164704298 1764164704305
107611 3620493387 1764164704331.794434 1764164704332 1764164704339
107612 3620526731 1764164704365.139160 1764164704364 1764164704372
107613 3620560075 1764164704398.483887 1764164704398 1764164704405
107614 3620593419 1764164704431.828613 1764164704432 1764164704439
107615 3620626763 1764164704465.173340 1764164704464 1764164704472
107616 3620660107 1764164704498.517822 1764164704498 1764164704505
107617 3620693450 1764164704531.861572 1764164704532 1764164704539
107618 3620726794 1764164704565.206299 1764164704564 1764164704572
107619 3620760138 1764164704598.550781 1764164704598 1764164704605
107620 3620793482 1764164704631.895508 1764164704632 1764164704639
107621 3620826826 1764164704665.240234 1764164704664 1764164704672
107622 3620860170 1764164704698.584717 1764164704698 1764164704705
107623 3620893514 1764164704731.929443 1764164704732 1764164704739
107624 3620926858 1764164704765.273926 1764164704764 1764164704772
107625 3620960202 1764164704798.618408 1764164704798 1764164704805
107626 3620993546 1764164704831.963135 1764164704832 1764164704839
107627 3621026890 1764164704865.307129 1764164704865 1764164704872
107628 3621060234 1764164704898.651123 1764164704898 1764164704905
107629 3621093578 1764164704931.995117 1764164704932 1764164704939
107630 3621126922 1764164704965.339111 1764164704965 1764164704972
107631 3621160265 1764164704998.682129 1764164704998 1764164705005
107632 3621193609 1764164705032.025879 1764164705032 1764164705039
107633 3621226953 1764164705065.369873 1764164705065 1764164705072
107634 3621260297 1764164705098.713867 1764164705098 1764164705105
107635 3621293641 1764164705132.057617 1764164705132 1764164705139
107636 3621326985 1764164705165.401367 1764164705165 1764164705172
107637 3621360329 1764164705198.745361 1764164705198 1764164705205
107638 3621393673 1764164705232.089111 1764164705232 1764164705239
107639 3621427017 1764164705265.432861 1764164705265 1764164705272
107640 3621460361 1764164705298.776611 1764164705299 1764164705306
107641 3621493705 1764164705332.120605 1764164705332 1764164705339
107642 3621527049 1764164705365.464355 1764164705365 1764164705372
107643 3621560393 1764164705398.807861 1764164705399 1764164705406
107644 3621593736 1764164705432.150635 1764164705431 1764164705439
107645 3621627080 1764164705465.494385 1764164705465 1764164705472
107646 3621660424 1764164705498.838135 1764164705499 1764164705506
107647 3621693768 1764164705532.181641 1764164705531 1764164705539
107648 3621727112 1764164705565.525391 1764164705565 1764164705572
107649 3621760456 1764164705598.868896 1764164705599 1764164705606
107650 3621793800 1764164705632.212646 1764164705631 1764164705639
107651 3621827144 1764164705665.556152 1764164705665 1764164705672
107652 3621860488 1764164705698.899658 1764164705699 1764164705706
107653 3621893832 1764164705732.243164 1764164705731 1764164705739
107654 3621927176 1764164705765.586670 1764164705765 1764164705772
107655 3621960520 1764164705798.930176 1764164705799 1764164705806
107656 3621993864 1764164705832.273926 1764164705831 1764164705839
107657 3622027207 1764164705865.616211 1764164705865 1764164705872
107658 3622060551 1764164705898.959717 1764164705899 1764164705906
107659 3622093895 1764164705932.303223 1764164705931 1764164705939
107660 3622127239 1764164705965.646484 1764164705965 1764164705972
107661 3622160583 1764164705998.989990 1764164705999 1764164706006
107662 3622193927 1764164706032.333252 1764164706031 1764164706039
107663 3622227271 1764164706065.676514 1764164706065 1764164706072
107664 3622260615 1764164706099.020020 1764164706099 1764164706106
107665 3622293959 1764164706132.363281 1764164706132 1764164706139
107666 3622327303 1764164706165.706543 1764164706165 1764164706172
107667 3622360647 1764164706199.049805 1764164706199 1764164706206
107668 3622393991 1764164706232.392822 1764164706232 1764164706239
107669 3622427335 1764164706265.736084 1764164706265 1764164706272
107670 3622460679 1764164706299.079346 1764164706299 1764164706306
107671 3622494022 1764164706332.421387 1764164706332 1764164706339
107672 3622527366 1764164706365.764648 1764164706365 1764164706372
107673 3622560710 1764164706399.107666 1764164706399 1764164706406
107674 3622594054 1764164706432.450928 1764164706432 1764164706439
107675 3622627398 1764164706465.793945 1764164706466 1764164706473
107676 3622660742 1764164706499.136963 1764164706499 1764164706506
107677 3622694086 1764164706532.479980 1764164706532 1764164706539
107678 3622727430 1764164706565.822998 1764164706566 1764164706573
107679 3622760774 1764164706599.166016 1764164706599 1764164706606
107680 3622794118 1764164706632.509033 1764164706632 1764164706639
107681 3622827462 1764164706665.851807 1764164706666 1764164706673
107682 3622860806 1764164706699.194824 1764164706698 1764164706706
107683 3622894150 1764164706732.537842 1764164706732 1764164706739
107684 3622927493 1764164706765.879639 1764164706766 1764164706773
107685 3622960837 1764164706799.222412 1764164706798 1764164706806
107686 3622994181 1764164706832.565430 1764164706832 1764164706839
107687 3623027525 1764164706865.907959 1764164706866 1764164706873
107688 3623060869 1764164706899.250488 1764164706898 1764164706906
107689 3623094213 1764164706932.593018 1764164706932 1764164706939
107690 3623127557 1764164706965.935547 1764164706966 1764164706973
107691 3623160901 1764164706999.278076 1764164706998 1764164707006
107692 3623194245 1764164707032.620605 1764164707032 1764164707039
107693 3623227589 1764164707065.963135 1764164707066 1764164707073
107694 3623260933 1764164707099.305664 1764164707098 1764164707106
107695 3623294277 1764164707132.647949 1764164707132 1764164707139
107696 3623327621 1764164707165.990479 1764164707166 1764164707173
107697 3623360964 1764164707199.331787 1764164707198 1764164707206
107698 3623394308 1764164707232.674072 1764164707232 1764164707239
107699 3623427652 1764164707266.016357 1764164707266 1764164707273
107700 3623460996 1764164707299.358643 1764164707298 1764164707306
107701 3623494340 1764164707332.700928 1764164707332 1764164707339
107702 3623527684 1764164707366.043213 1764164707366 1764164707373
107703 3623561028 1764164707399.385254 1764164707399 1764164707406
107704 3623594372 1764164707432.727539 1764164707433 1764164707440
107705 3623627716 1764164707466.069824 1764164707466 1764164707473
107706 3623661060 1764164707499.411865 1764164707499 1764164707506
107707 3623694404 1764164707532.753906 1764164707532 1764164707539
107708 3623727748 1764164707566.095947 1764164707565 1764164707573
107709 3623761092 1764164707599.437988 1764164707599 1764164707606
107710 3623794436 1764164707632.780029 1764164707632 1764164707639
107711 3623827779 1764164707666.121094 1764164707666 1764164707673
107712 3623861123 1764164707699.463135 1764164707699 1764164707706
107713 3623894467 1764164707732.805176 1764164707732 1764164707740
107714 3623927811 1764164707766.146973 1764164707766 1764164707773
107715 3623961155 1764164707799.489014 1764164707799 1764164707806
107716 3623994499 1764164707832.830811 1764164707833 1764164707840
107717 3624027843 1764164707866.173096 1764164707866 1764164707873
107718 3624061187 1764164707899.515625 1764164707899 1764164707906
107719 3624094531 1764164707932.857910 1764164707933 1764164707940
107720 3624127875 1764164707966.200195 1764164707965 1764164707973
107721 3624161219 1764164707999.542480 1764164707999 1764164708006
107722 3624194563 1764164708032.884766 1764164708033 1764164708040
107723 3624227907 1764164708066.227051 1764164708065 1764164708073
107724 3624261250 1764164708099.568115 1764164708100 1764164708108
107725 3624294594 1764164708132.910400 1764164708133 1764164708140
107726 3624327938 1764164708166.252686 1764164708165 1764164708173
107727 3624361282 1764164708199.594727 1764164708200 1764164708207
107728 3624394626 1764164708232.936768 1764164708233 1764164708240
107729 3624427970 1764164708266.278809 1764164708265 1764164708273
107730 3624461314 1764164708299.620850 1764164708299 1764164708306
107731 3624494658 1764164708332.962891 1764164708333 1764164708340
107732 3624528002 1764164708366.304932 1764164708365 1764164708373
107733 3624561346 1764164708399.646973 1764164708399 1764164708406
107734 3624594690 1764164708432.989014 1764164708433 1764164708440
107735 3624628034 1764164708466.330811 1764164708465 1764164708473
107736 3624661378 1764164708499.672852 1764164708499 1764164708506
107737 3624694721 1764164708533.013672 1764164708533 1764164708540
107738 3624728065 1764164708566.355469 1764164708565 1764164708573
107739 3624761409 1764164708599.697266 1764164708599 1764164708606
107740 3624794753 1764164708633.039307 1764164708633 1764164708640
107741 3624828097 1764164708666.380859 1764164708666 1764164708673
107742 3624861441 1764164708699.722656 1764164708699 1764164708706
107743 3624894785 1764164708733.064453 1764164708733 1764164708740
107744 3624928129 1764164708766.406250 1764164708766 1764164708773
107745 3624961473 1764164708799.747803 1764164708799 1764164708806
107746 3624994817 1764164708833.089600 1764164708833 1764164708840
107747 3625028161 1764164708866.435059 1764164708866 1764164708873
107748 3625061505 1764164708899.776367 1764164708899 1764164708906
107749 3625094849 1764164708933.117920 1764164708933 1764164708940
107750 3625128193 1764164708966.459229 1764164708967 1764164708974
107751 3625161536 1764164708999.799561 1764164708999 1764164709006
107752 3625194880 1764164709033.140869 1764164709033 1764164709040
107753 3625228224 1764164709066.482178 1764164709066 1764164709073
107754 3625261568 1764164709099.823486 1764164709100 1764164709107
107755 3625294912 1764164709133.164551 1764164709133 1764164709140
107756 3625328256 1764164709166.505859 1764164709166 1764164709173
107757 3625361600 1764164709199.846924 1764164709200 1764164709207
107758 3625394944 1764164709233.188232 1764164709232 1764164709240
107759 3625428288 1764164709266.529297 1764164709266 1764164709273
107760 3625461632 1764164709299.870361 1764164709300 1764164709307
107761 3625494976 1764164709333.211426 1764164709332 1764164709340
107762 3625528320 1764164709366.552490 1764164709366 1764164709373
107763 3625561664 1764164709399.893311 1764164709400 1764164709407
107764 3625595007 1764164709433.233398 1764164709432 1764164709440
107765 3625628351 1764164709466.574219 1764164709466 1764164709473
107766 3625661695 1764164709499.915039 1764164709500 1764164709507
107767 3625695039 1764164709533.255859 1764164709532 1764164709540
107768 3625728383 1764164709566.596680 1764164709566 1764164709573
107769 3625761727 1764164709599.937500 1764164709600 1764164709607
107770 3625795071 1764164709633.278320 1764164709632 1764164709640
107771 3625828415 1764164709666.619141 1764164709666 1764164709673
107772 3625861759 1764164709699.959717 1764164709700 1764164709707
107773 3625895103 1764164709733.300293 1764164709732 1764164709740
107774 3625928447 1764164709766.641113 1764164709766 1764164709773
107775 3625961791 1764164709799.981689 1764164709800 1764164709807
107776 3625995135 1764164709833.322266 1764164709832 1764164709840
107777 3626028478 1764164709866.661865 1764164709866 1764164709873
107778 3626061822 1764164709900.002930 1764164709900 1764164709907
107779 3626095166 1764164709933.343994 1764164709933 1764164709940
107780 3626128510 1764164709966.685303 1764164709966 1764164709973
107781 3626161854 1764164710000.026367 1764164710000 1764164710007
107782 3626195198 1764164710033.367432 1764164710033 1764164710040
107783 3626228542 1764164710066.708496 1764164710066 1764164710073
107784 3626261886 1764164710100.049316 1764164710100 1764164710107
107785 3626295230 1764164710133.390381 1764164710133 1764164710140
107786 3626328574 1764164710166.731201 1764164710166 1764164710173
107787 3626361918 1764164710200.072266 1764164710200 1764164710207
107788 3626395262 1764164710233.413086 1764164710233 1764164710240
107789 3626428606 1764164710266.753906 1764164710266 1764164710274
107790 3626461950 1764164710300.094727 1764164710300 1764164710307
107791 3626495293 1764164710333.434570 1764164710333 1764164710340
107792 3626528637 1764164710366.775146 1764164710367 1764164710374
107793 3626561981 1764164710400.115967 1764164710400 1764164710407
107794 3626595325 1764164710433.456543 1764164710433 1764164710440
107795 3626628669 1764164710466.797363 1764164710467 1764164710474
107796 3626662013 1764164710500.137939 1764164710500 1764164710507
107797 3626695357 1764164710533.478516 1764164710533 1764164710540
107798 3626728701 1764164710566.819092 1764164710567 1764164710574
107799 3626762045 1764164710600.159668 1764164710599 1764164710607
107800 3626795389 1764164710633.500000 1764164710633 1764164710640
107801 3626828733 1764164710666.840576 1764164710667 1764164710674
107802 3626862077 1764164710700.180908 1764164710699 1764164710707
107803 3626895421 1764164710733.521240 1764164710733 1764164710740
107804 3626928764 1764164710766.860840 1764164710767 1764164710774
107805 3626962108 1764164710800.201172 1764164710799 1764164710807
107806 3626995452 1764164710833.541260 1764164710833 1764164710840
107807 3627028796 1764164710866.881592 1764164710867 1764164710874
107808 3627062140 1764164710900.222656 1764164710899 1764164710907
107809 3627095484 1764164710933.563477 1764164710933 1764164710940
107810 3627128828 1764164710966.904297 1764164710967 1764164710974
107811 3627162172 1764164711000.245117 1764164710999 1764164711007
107812 3627195516 1764164711033.585693 1764164711033 1764164711040
107813 3627228860 1764164711066.926514 1764164711067 1764164711074
107814 3627262204 1764164711100.267090 1764164711099 1764164711107
107815 3627295548 1764164711133.607910 1764164711133 1764164711140
107816 3627328892 1764164711166.948486 1764164711167 1764164711174
107817 3627362235 1764164711200.288086 1764164711200 1764164711207
107818 3627395579 1764164711233.628662 1764164711233 1764164711240
107819 3627428923 1764164711266.969238 1764164711267 1764164711274
107820 3627462267 1764164711300.309814 1764164711300 1764164711307
107821 3627495611 1764164711333.650146 1764164711333 1764164711340
107822 3627528955 1764164711366.990723 1764164711367 1764164711374
107823 3627562299 1764164711400.331055 1764164711400 1764164711407
107824 3627595643 1764164711433.671387 1764164711433 1764164711440
107825 3627628987 1764164711467.011719 1764164711467 1764164711474
107826 3627662331 1764164711500.352051 1764164711500 1764164711507
107827 3627695675 1764164711533.692383 1764164711533 1764164711540
107828 3627729019 1764164711567.032715 1764164711567 1764164711574
107829 3627762363 1764164711600.372803 1764164711600 1764164711607
107830 3627795707 1764164711633.713135 1764164711634 1764164711641
107831 3627829050 1764164711667.052246 1764164711667 1764164711674
107832 3627862394 1764164711700.392334 1764164711700 1764164711707
107833 3627895738 1764164711733.732422 1764164711734 1764164711741
107834 3627929082 1764164711767.072510 1764164711766 1764164711774
107835 3627962426 1764164711800.412598 1764164711800 1764164711807
107836 3627995770 1764164711833.752686 1764164711834 1764164711841
107837 3628029114 1764164711867.092529 1764164711866 1764164711874
107838 3628062458 1764164711900.433594 1764164711900 1764164711907
107839 3628095802 1764164711933.774414 1764164711934 1764164711941
107840 3628129146 1764164711967.115234 1764164711966 1764164711974
107841 3628162490 1764164712000.456055 1764164712000 1764164712007
107842 3628195834 1764164712033.796875 1764164712034 1764164712041
107843 3628229178 1764164712067.137695 1764164712066 1764164712074
107844 3628262521 1764164712100.477539 1764164712100 1764164712107
107845 3628295865 1764164712133.818359 1764164712134 1764164712141
107846 3628329209 1764164712167.158936 1764164712166 1764164712174
107847 3628362553 1764164712200.499756 1764164712200 1764164712207
107848 3628395897 1764164712233.840332 1764164712234 1764164712241
107849 3628429241 1764164712267.180908 1764164712266 1764164712274
107850 3628462585 1764164712300.521484 1764164712300 1764164712307
107851 3628495929 1764164712333.862061 1764164712334 1764164712341
107852 3628529273 1764164712367.202637 1764164712367 1764164712374
107853 3628562617 1764164712400.543213 1764164712400 1764164712407
107854 3628595961 1764164712433.883789 1764164712434 1764164712441
107855 3628629305 1764164712467.224121 1764164712467 1764164712474
107856 3628662649 1764164712500.564697 1764164712500 1764164712507
107857 3628695992 1764164712533.904053 1764164712534 1764164712541
107858 3628729336 1764164712567.244385 1764164712567 1764164712574
107859 3628762680 1764164712600.584717 1764164712600 1764164712607
107860 3628796024 1764164712633.925049 1764164712634 1764164712641
107861 3628829368 1764164712667.265381 1764164712667 1764164712674
107862 3628862712 1764164712700.605713 1764164712700 1764164712707
107863 3628896056 1764164712733.945801 1764164712734 1764164712741
107864 3628929400 1764164712767.286133 1764164712767 1764164712774
107865 3628962744 1764164712800.626221 1764164712801 1764164712808
107866 3628996088 1764164712833.966309 1764164712834 1764164712841
107867 3629029432 1764164712867.306641 1764164712867 1764164712874
107868 3629062776 1764164712900.647217 1764164712901 1764164712908
107869 3629096120 1764164712933.987793 1764164712933 1764164712941
107870 3629129464 1764164712967.328369 1764164712967 1764164712974
107871 3629162807 1764164713000.667969 1764164713001 1764164713008
107872 3629196151 1764164713034.008545 1764164713033 1764164713041
107873 3629229495 1764164713067.349121 1764164713067 1764164713074
107874 3629262839 1764164713100.689697 1764164713101 1764164713108
107875 3629296183 1764164713134.030029 1764164713133 1764164713141
107876 3629329527 1764164713167.370605 1764164713167 1764164713174
107877 3629362871 1764164713200.710938 1764164713201 1764164713208
107878 3629396215 1764164713234.051270 1764164713233 1764164713241
107879 3629429559 1764164713267.391846 1764164713267 1764164713274
107880 3629462903 1764164713300.732178 1764164713301 1764164713308
107881 3629496247 1764164713334.072266 1764164713333 1764164713341
107882 3629529591 1764164713367.412598 1764164713367 1764164713374
107883 3629562935 1764164713400.752930 1764164713401 1764164713408
107884 3629596278 1764164713434.092041 1764164713433 1764164713441
107885 3629629622 1764164713467.432373 1764164713467 1764164713474
107886 3629662966 1764164713500.772461 1764164713501 1764164713508
107887 3629696310 1764164713534.112549 1764164713534 1764164713541
107888 3629729654 1764164713567.452881 1764164713567 1764164713574
107889 3629762998 1764164713600.792969 1764164713601 1764164713608
107890 3629796342 1764164713634.132812 1764164713634 1764164713641
107891 3629829686 1764164713667.472900 1764164713667 1764164713674
107892 3629863030 1764164713700.812988 1764164713701 1764164713708
107893 3629896374 1764164713734.152832 1764164713734 1764164713741
107894 3629929718 1764164713767.492920 1764164713767 1764164713774
107895 3629963062 1764164713800.832764 1764164713801 1764164713808
107896 3629996406 1764164713834.172607 1764164713834 1764164713841
107897 3630029749 1764164713867.511719 1764164713867 1764164713874
107898 3630063093 1764164713900.852295 1764164713901 1764164713908
107899 3630096437 1764164713934.193115 1764164713934 1764164713941
107900 3630129781 1764164713967.533936 1764164713967 1764164713974
107901 3630163125 1764164714000.874512 1764164714001 1764164714008
107902 3630196469 1764164714034.215332 1764164714034 1764164714041
107903 3630229813 1764164714067.555908 1764164714068 1764164714075
107904 3630263157 1764164714100.896729 1764164714101 1764164714108
107905 3630296501 1764164714134.237305 1764164714134 1764164714141
107906 3630329845 1764164714167.577881 1764164714168 1764164714175
107907 3630363189 1764164714200.918457 1764164714201 1764164714208
107908 3630396533 1764164714234.259033 1764164714234 1764164714241
107909 3630429877 1764164714267.599609 1764164714268 1764164714275
107910 3630463221 1764164714300.939941 1764164714301 1764164714308
107911 3630496564 1764164714334.279541 1764164714334 1764164714341
107912 3630529908 1764164714367.619873 1764164714368 1764164714375
107913 3630563252 1764164714400.960449 1764164714400 1764164714408
107914 3630596596 1764164714434.300781 1764164714434 1764164714441
107915 3630629940 1764164714467.641113 1764164714468 1764164714475
107916 3630663284 1764164714500.981445 1764164714500 1764164714508
107917 3630696628 1764164714534.322021 1764164714534 1764164714541
107918 3630729972 1764164714567.662109 1764164714568 1764164714575
107919 3630763316 1764164714601.002441 1764164714600 1764164714608
107920 3630796660 1764164714634.342773 1764164714634 1764164714642
107921 3630830004 1764164714667.683105 1764164714668 1764164714675
107922 3630863348 1764164714701.023193 1764164714700 1764164714708
107923 3630896692 1764164714734.363525 1764164714734 1764164714741
107924 3630930035 1764164714767.702637 1764164714768 1764164714775
107925 3630963379 1764164714801.042725 1764164714800 1764164714808
107926 3630996723 1764164714834.383057 1764164714834 1764164714841
107927 3631030067 1764164714867.723145 1764164714868 1764164714875
107928 3631063411 1764164714901.064209 1764164714900 1764164714908
107929 3631096755 1764164714934.405273 1764164714934 1764164714941
107930 3631130099 1764164714967.746094 1764164714968 1764164714975
107931 3631163443 1764164715001.087158 1764164715001 1764164715008
107932 3631196787 1764164715034.428223 1764164715034 1764164715041
107933 3631230131 1764164715067.769043 1764164715068 1764164715075
107934 3631263475 1764164715101.110107 1764164715101 1764164715108
107935 3631296819 1764164715134.450928 1764164715134 1764164715141
107936 3631330163 1764164715167.791748 1764164715168 1764164715175
107937 3631363506 1764164715201.131592 1764164715201 1764164715208
107938 3631396850 1764164715234.472412 1764164715234 1764164715241
107939 3631430194 1764164715267.813477 1764164715268 1764164715275
107940 3631463538 1764164715301.154053 1764164715301 1764164715308
107941 3631496882 1764164715334.494873 1764164715334 1764164715341
107942 3631530226 1764164715367.835693 1764164715368 1764164715375
107943 3631563570 1764164715401.176514 1764164715401 1764164715408
107944 3631596914 1764164715434.517334 1764164715435 1764164715442
107945 3631630258 1764164715467.857910 1764164715468 1764164715475
107946 3631663602 1764164715501.198730 1764164715501 1764164715508
107947 3631696946 1764164715534.539307 1764164715535 1764164715542
107948 3631730290 1764164715567.880127 1764164715567 1764164715575
107949 3631763634 1764164715601.220703 1764164715601 1764164715608
107950 3631796978 1764164715634.561279 1764164715635 1764164715642
107951 3631830321 1764164715667.900879 1764164715667 1764164715675
107952 3631863665 1764164715701.241455 1764164715701 1764164715708
107953 3631897009 1764164715734.582031 1764164715735 1764164715742
107954 3631930353 1764164715767.922607 1764164715767 1764164715775
107955 3631963697 1764164715801.263184 1764164715801 1764164715808
107956 3631997041 1764164715834.603516 1764164715835 1764164715842
107957 3632030385 1764164715867.944092 1764164715867 1764164715875
107958 3632063729 1764164715901.285645 1764164715901 1764164715908
107959 3632097073 1764164715934.626953 1764164715935 1764164715942
107960 3632130417 1764164715967.968262 1764164715967 1764164715975
107961 3632163761 1764164716001.309570 1764164716001 1764164716008
107962 3632197105 1764164716034.650879 1764164716035 1764164716042
107963 3632230449 1764164716067.992432 1764164716067 1764164716075
107964 3632263792 1764164716101.332520 1764164716101 1764164716108
107965 3632297136 1764164716134.673828 1764164716135 1764164716142
107966 3632330480 1764164716168.015137 1764164716167 1764164716175
107967 3632363824 1764164716201.356445 1764164716201 1764164716208
107968 3632397168 1764164716234.697754 1764164716235 1764164716242
107969 3632430512 1764164716268.039062 1764164716268 1764164716275
107970 3632463856 1764164716301.380127 1764164716301 1764164716308
107971 3632497200 1764164716334.721436 1764164716334 1764164716344
107972 3632530544 1764164716368.062744 1764164716368 1764164716375
107973 3632563888 1764164716401.403809 1764164716401 1764164716408
107974 3632597232 1764164716434.745117 1764164716435 1764164716442
107975 3632630576 1764164716468.086182 1764164716468 1764164716475
107976 3632663920 1764164716501.427246 1764164716501 1764164716510
107977 3632697263 1764164716534.767578 1764164716535 1764164716542
107978 3632730607 1764164716568.108643 1764164716568 1764164716575
107979 3632763951 1764164716601.449707 1764164716601 1764164716608
107980 3632797295 1764164716634.790771 1764164716635 1764164716642
107981 3632830639 1764164716668.131836 1764164716668 1764164716675
107982 3632863983 1764164716701.472900 1764164716702 1764164716709
107983 3632897327 1764164716734.813965 1764164716735 1764164716742
107984 3632930671 1764164716768.155029 1764164716768 1764164716775
107985 3632964015 1764164716801.496094 1764164716802 1764164716809
107986 3632997359 1764164716834.837158 1764164716834 1764164716842
107987 3633030703 1764164716868.178223 1764164716868 1764164716875
107988 3633064047 1764164716901.519531 1764164716902 1764164716909
107989 3633097391 1764164716934.860840 1764164716934 1764164716942
107990 3633130735 1764164716968.202148 1764164716968 1764164716975
107991 3633164078 1764164717001.542236 1764164717002 1764164717009
107992 3633197422 1764164717034.883545 1764164717034 1764164717042
107993 3633230766 1764164717068.224854 1764164717068 1764164717075
107994 3633264110 1764164717101.565918 1764164717102 1764164717109
107995 3633297454 1764164717134.907227 1764164717134 1764164717142
107996 3633330798 1764164717168.248535 1764164717168 1764164717175
107997 3633364142 1764164717201.589600 1764164717202 1764164717209
107998 3633397486 1764164717234.930908 1764164717234 1764164717242
107999 3633430830 1764164717268.271973 1764164717268 1764164717275
108000 3633464174 1764164717301.613281 1764164717302 1764164717309
108001 3633497518 1764164717334.954346 1764164717334 1764164717342
108002 3633530862 1764164717368.295410 1764164717368 1764164717375
108003 3633564206 1764164717401.636475 1764164717402 1764164717409
108004 3633597549 1764164717434.976807 1764164717435 1764164717442
108005 3633630893 1764164717468.317871 1764164717468 1764164717475
108006 3633664237 1764164717501.658936 1764164717502 1764164717509
108007 3633697581 1764164717535.000000 1764164717535 1764164717542
108008 3633730925 1764164717568.341064 1764164717568 1764164717575
108009 3633764269 1764164717601.682129 1764164717601 1764164717609
108010 3633797613 1764164717635.023193 1764164717635 1764164717642
108011 3633830957 1764164717668.364258 1764164717668 1764164717675
108012 3633864301 1764164717701.705322 1764164717702 1764164717709
108013 3633897645 1764164717735.046387 1764164717735 1764164717742
108014 3633930989 1764164717768.387451 1764164717768 1764164717775
108015 3633964333 1764164717801.728271 1764164717801 1764164717809
108016 3633997677 1764164717835.069336 1764164717835 1764164717842
108017 3634031020 1764164717868.409424 1764164717868 1764164717875
108018 3634064364 1764164717901.751221 1764164717902 1764164717909
108019 3634097708 1764164717935.093262 1764164717935 1764164717942
108020 3634131052 1764164717968.435303 1764164717969 1764164717976
108021 3634164396 1764164718001.777344 1764164718001 1764164718009
108022 3634197740 1764164718035.119385 1764164718035 1764164718042
108023 3634231084 1764164718068.461426 1764164718069 1764164718076
108024 3634264428 1764164718101.803223 1764164718101 1764164718109
108025 3634297772 1764164718135.145264 1764164718135 1764164718142
108026 3634331116 1764164718168.487305 1764164718169 1764164718176
108027 3634364460 1764164718201.829346 1764164718201 1764164718209
108028 3634397804 1764164718235.171143 1764164718235 1764164718242
108029 3634431148 1764164718268.513184 1764164718269 1764164718276
108030 3634464492 1764164718301.855225 1764164718301 1764164718309
108031 3634497835 1764164718335.196289 1764164718335 1764164718342
108032 3634531179 1764164718368.538086 1764164718369 1764164718376
108033 3634564523 1764164718401.880127 1764164718401 1764164718409
108034 3634597867 1764164718435.222168 1764164718435 1764164718442
108035 3634631211 1764164718468.563965 1764164718469 1764164718476
108036 3634664555 1764164718501.906006 1764164718501 1764164718509
108037 3634697899 1764164718535.248047 1764164718535 1764164718542
108038 3634731243 1764164718568.589844 1764164718569 1764164718576
108039 3634764587 1764164718601.931885 1764164718601 1764164718609
108040 3634797931 1764164718635.273926 1764164718635 1764164718642
108041 3634831275 1764164718668.615723 1764164718669 1764164718676
108042 3634864619 1764164718701.957764 1764164718701 1764164718709
108043 3634897963 1764164718735.299561 1764164718735 1764164718742
108044 3634931306 1764164718768.640625 1764164718769 1764164718776
108045 3634964650 1764164718801.982422 1764164718802 1764164718809
108046 3634997994 1764164718835.324463 1764164718835 1764164718842
108047 3635031338 1764164718868.666260 1764164718869 1764164718876
108048 3635064682 1764164718902.009033 1764164718902 1764164718909
108049 3635098026 1764164718935.351562 1764164718935 1764164718942
108050 3635131370 1764164718968.694092 1764164718969 1764164718976
108051 3635164714 1764164719002.036621 1764164719002 1764164719009
108052 3635198058 1764164719035.379150 1764164719035 1764164719042
108053 3635231402 1764164719068.721924 1764164719069 1764164719076
108054 3635264746 1764164719102.064453 1764164719102 1764164719109
108055 3635298090 1764164719135.406982 1764164719135 1764164719142
108056 3635331434 1764164719168.749756 1764164719169 1764164719176
108057 3635364777 1764164719202.091309 1764164719202 1764164719209
108058 3635398121 1764164719235.433838 1764164719236 1764164719243
108059 3635431465 1764164719268.776611 1764164719269 1764164719276
108060 3635464809 1764164719302.119141 1764164719302 1764164719309
108061 3635498153 1764164719335.461914 1764164719336 1764164719343
108062 3635531497 1764164719368.804443 1764164719368 1764164719376
108063 3635564841 1764164719402.147217 1764164719402 1764164719409
108064 3635598185 1764164719435.489746 1764164719436 1764164719443
108065 3635631529 1764164719468.832520 1764164719468 1764164719476
108066 3635664873 1764164719502.175049 1764164719502 1764164719509
108067 3635698217 1764164719535.517822 1764164719536 1764164719543
108068 3635731561 1764164719568.860352 1764164719569 1764164719579
108069 3635764905 1764164719602.203125 1764164719602 1764164719609
108070 3635798249 1764164719635.545898 1764164719636 1764164719643
108071 3635831592 1764164719668.887451 1764164719668 1764164719676
108072 3635864936 1764164719702.230225 1764164719702 1764164719709
108073 3635898280 1764164719735.572998 1764164719736 1764164719743
108074 3635931624 1764164719768.915527 1764164719768 1764164719776
108075 3635964968 1764164719802.258301 1764164719802 1764164719809
108076 3635998312 1764164719835.601074 1764164719836 1764164719843
108077 3636031656 1764164719868.943848 1764164719868 1764164719876
108078 3636065000 1764164719902.285889 1764164719902 1764164719909
108079 3636098344 1764164719935.627930 1764164719936 1764164719943
108080 3636131688 1764164719968.969727 1764164719968 1764164719976
108081 3636165032 1764164720002.311768 1764164720002 1764164720009
108082 3636198376 1764164720035.653809 1764164720036 1764164720043
108083 3636231720 1764164720068.995850 1764164720069 1764164720076
108084 3636265063 1764164720102.336914 1764164720102 1764164720109
108085 3636298407 1764164720135.678711 1764164720136 1764164720143
108086 3636331751 1764164720169.020752 1764164720169 1764164720176
108087 3636365095 1764164720202.362793 1764164720202 1764164720209
108088 3636398439 1764164720235.704834 1764164720236 1764164720243
108089 3636431783 1764164720269.046631 1764164720269 1764164720276
108090 3636465127 1764164720302.388672 1764164720302 1764164720309
108091 3636498471 1764164720335.730713 1764164720336 1764164720343
108092 3636531815 1764164720369.072754 1764164720369 1764164720376
108093 3636565159 1764164720402.414551 1764164720402 1764164720410
108094 3636598503 1764164720435.756592 1764164720436 1764164720443
108095 3636631847 1764164720469.098633 1764164720469 1764164720476
108096 3636665191 1764164720502.440674 1764164720503 1764164720510
108097 3636698534 1764164720535.781494 1764164720535 1764164720543
108098 3636731878 1764164720569.123535 1764164720569 1764164720576
108099 3636765222 1764164720602.465576 1764164720603 1764164720610
108100 3636798566 1764164720635.807373 1764164720635 1764164720643
108101 3636831910 1764164720669.149414 1764164720669 1764164720676
108102 3636865254 1764164720702.491455 1764164720703 1764164720710
108103 3636898598 1764164720735.833252 1764164720735 1764164720744
108104 3636931942 1764164720769.175293 1764164720769 1764164720776
108105 3636965286 1764164720802.517334 1764164720803 1764164720810
108106 3636998630 1764164720835.859131 1764164720835 1764164720845
108107 3637031974 1764164720869.201172 1764164720869 1764164720876
108108 3637065318 1764164720902.543213 1764164720903 1764164720910
108109 3637098662 1764164720935.885010 1764164720935 1764164720943
108110 3637132006 1764164720969.227051 1764164720969 1764164720976
108111 3637165349 1764164721002.568115 1764164721003 1764164721010
108112 3637198693 1764164721035.909912 1764164721035 1764164721043
108113 3637232037 1764164721069.251953 1764164721069 1764164721076
108114 3637265381 1764164721102.593994 1764164721103 1764164721110
108115 3637298725 1764164721135.936035 1764164721135 1764164721143
108116 3637332069 1764164721169.277832 1764164721169 1764164721176
108117 3637365413 1764164721202.619873 1764164721203 1764164721210
108118 3637398757 1764164721235.961914 1764164721236 1764164721243
108119 3637432101 1764164721269.303711 1764164721269 1764164721276
108120 3637465445 1764164721302.645752 1764164721303 1764164721310
108121 3637498789 1764164721335.987793 1764164721336 1764164721343
108122 3637532133 1764164721369.329590 1764164721369 1764164721376
108123 3637565477 1764164721402.671631 1764164721403 1764164721410
108124 3637598820 1764164721436.012451 1764164721436 1764164721443
108125 3637632164 1764164721469.354492 1764164721469 1764164721476
108126 3637665508 1764164721502.696533 1764164721503 1764164721510
108127 3637698852 1764164721536.038330 1764164721536 1764164721543
108128 3637732196 1764164721569.380371 1764164721570 1764164721577
108129 3637765540 1764164721602.722168 1764164721603 1764164721610
108130 3637798884 1764164721636.064209 1764164721636 1764164721643
108131 3637832228 1764164721669.406250 1764164721670 1764164721677
108132 3637865572 1764164721702.748047 1764164721703 1764164721710
108133 3637898916 1764164721736.090088 1764164721736 1764164721743
108134 3637932260 1764164721769.431885 1764164721770 1764164721777
108135 3637965604 1764164721802.773926 1764164721803 1764164721810
108136 3637998948 1764164721836.115723 1764164721836 1764164721843
108137 3638032291 1764164721869.456787 1764164721870 1764164721877
108138 3638065635 1764164721902.799072 1764164721902 1764164721910
108139 3638098979 1764164721936.141357 1764164721936 1764164721943
108140 3638132323 1764164721969.483643 1764164721970 1764164721977
108141 3638165667 1764164722002.825928 1764164722002 1764164722010
108142 3638199011 1764164722036.168213 1764164722036 1764164722043
108143 3638232355 1764164722069.510254 1764164722070 1764164722077
108144 3638265699 1764164722102.852539 1764164722102 1764164722110
108145 3638299043 1764164722136.194824 1764164722136 1764164722143
108146 3638332387 1764164722169.537109 1764164722170 1764164722177
108147 3638365731 1764164722202.879395 1764164722202 1764164722210
108148 3638399075 1764164722236.221680 1764164722236 1764164722243
108149 3638432419 1764164722269.563965 1764164722270 1764164722277
108150 3638465763 1764164722302.906250 1764164722302 1764164722310
108151 3638499106 1764164722336.247559 1764164722336 1764164722343
108152 3638532450 1764164722369.589844 1764164722370 1764164722377
108153 3638565794 1764164722402.932129 1764164722403 1764164722410
108154 3638599138 1764164722436.274414 1764164722436 1764164722443
108155 3638632482 1764164722469.616699 1764164722470 1764164722477
108156 3638665826 1764164722502.958984 1764164722503 1764164722510
108157 3638699170 1764164722536.301270 1764164722536 1764164722543
108158 3638732514 1764164722569.643555 1764164722570 1764164722577
108159 3638765858 1764164722602.985840 1764164722603 1764164722610
108160 3638799202 1764164722636.328125 1764164722636 1764164722643
108161 3638832546 1764164722669.670410 1764164722670 1764164722677
108162 3638865890 1764164722703.012695 1764164722703 1764164722710
108163 3638899234 1764164722736.354980 1764164722736 1764164722743
108164 3638932577 1764164722769.696289 1764164722770 1764164722777
108165 3638965921 1764164722803.038574 1764164722803 1764164722810
108166 3638999265 1764164722836.380859 1764164722836 1764164722843
108167 3639032609 1764164722869.723145 1764164722870 1764164722877
108168 3639065953 1764164722903.065674 1764164722903 1764164722910
108169 3639099297 1764164722936.407959 1764164722937 1764164722944
108170 3639132641 1764164722969.750244 1764164722969 1764164722977
108171 3639165985 1764164723003.092773 1764164723003 1764164723011
108172 3639199329 1764164723036.435059 1764164723037 1764164723044
108173 3639232673 1764164723069.777344 1764164723069 1764164723077
108174 3639266017 1764164723103.119873 1764164723103 1764164723110
108175 3639299361 1764164723136.462158 1764164723137 1764164723144
108176 3639332705 1764164723169.804443 1764164723169 1764164723177
108177 3639366048 1764164723203.145996 1764164723203 1764164723210
108178 3639399392 1764164723236.488281 1764164723237 1764164723244
108179 3639432736 1764164723269.830566 1764164723269 1764164723277
108180 3639466080 1764164723303.173096 1764164723303 1764164723310
108181 3639499424 1764164723336.515381 1764164723337 1764164723344
108182 3639532768 1764164723369.857666 1764164723370 1764164723377
108183 3639566112 1764164723403.200195 1764164723403 1764164723410
108184 3639599456 1764164723436.542480 1764164723437 1764164723444
108185 3639632800 1764164723469.884766 1764164723469 1764164723477
108186 3639666144 1764164723503.227295 1764164723503 1764164723510
108187 3639699488 1764164723536.569580 1764164723537 1764164723544
108188 3639732832 1764164723569.912109 1764164723569 1764164723577
108189 3639766176 1764164723603.254395 1764164723603 1764164723610
108190 3639799520 1764164723636.596680 1764164723637 1764164723644
108191 3639832863 1764164723669.938232 1764164723670 1764164723677
108192 3639866207 1764164723703.280518 1764164723703 1764164723710
108193 3639899551 1764164723736.622803 1764164723737 1764164723744
108194 3639932895 1764164723769.965332 1764164723770 1764164723777
108195 3639966239 1764164723803.307617 1764164723803 1764164723810
108196 3639999583 1764164723836.649902 1764164723837 1764164723844
108197 3640032927 1764164723869.992432 1764164723870 1764164723878
108198 3640066271 1764164723903.334717 1764164723903 1764164723910
108199 3640099615 1764164723936.677246 1764164723937 1764164723944
108200 3640132959 1764164723970.019531 1764164723970 1764164723977
108201 3640166303 1764164724003.361816 1764164724003 1764164724010
108202 3640199647 1764164724036.704346 1764164724037 1764164724044
108203 3640232991 1764164724070.046631 1764164724070 1764164724077
108204 3640266334 1764164724103.388184 1764164724103 1764164724110
108205 3640299678 1764164724136.730469 1764164724137 1764164724144
108206 3640333022 1764164724170.072754 1764164724170 1764164724177
108207 3640366366 1764164724203.415283 1764164724203 1764164724210
108208 3640399710 1764164724236.757568 1764164724237 1764164724244
108209 3640433054 1764164724270.100098 1764164724270 1764164724277
108210 3640466398 1764164724303.442383 1764164724304 1764164724311
108211 3640499742 1764164724336.784912 1764164724336 1764164724344
108212 3640533086 1764164724370.127197 1764164724371 1764164724378
108213 3640566430 1764164724403.469727 1764164724404 1764164724411
108214 3640599774 1764164724436.812012 1764164724436 1764164724444
108215 3640633118 1764164724470.154541 1764164724470 1764164724477
108216 3640666462 1764164724503.496826 1764164724504 1764164724511
108217 3640699805 1764164724536.838379 1764164724536 1764164724544
108218 3640733149 1764164724570.180664 1764164724570 1764164724577
108219 3640766493 1764164724603.523193 1764164724604 1764164724611
108220 3640799837 1764164724636.865479 1764164724636 1764164724644
108221 3640833181 1764164724670.208008 1764164724670 1764164724677
108222 3640866525 1764164724703.550293 1764164724704 1764164724711
108223 3640899869 1764164724736.892822 1764164724736 1764164724744
108224 3640933213 1764164724770.235107 1764164724770 1764164724777
108225 3640966557 1764164724803.577637 1764164724804 1764164724811
108226 3640999901 1764164724836.920166 1764164724836 1764164724844
108227 3641033245 1764164724870.262451 1764164724870 1764164724877
108228 3641066589 1764164724903.605469 1764164724904 1764164724911
108229 3641099933 1764164724936.948486 1764164724936 1764164724944
108230 3641133277 1764164724970.291260 1764164724970 1764164724977
108231 3641166620 1764164725003.633301 1764164725004 1764164725011
108232 3641199964 1764164725036.976318 1764164725037 1764164725044
108233 3641233308 1764164725070.319336 1764164725070 1764164725077
108234 3641266652 1764164725103.662109 1764164725104 1764164725111
108235 3641299996 1764164725137.005127 1764164725137 1764164725144
108236 3641333340 1764164725170.348145 1764164725170 1764164725177
108237 3641366684 1764164725203.691162 1764164725204 1764164725211
108238 3641400028 1764164725237.034180 1764164725237 1764164725244
108239 3641433372 1764164725270.377197 1764164725270 1764164725277
108240 3641466716 1764164725303.720215 1764164725304 1764164725311
108241 3641500060 1764164725337.063232 1764164725337 1764164725344
108242 3641533404 1764164725370.406250 1764164725370 1764164725377
108243 3641566748 1764164725403.749268 1764164725404 1764164725411
108244 3641600091 1764164725437.091309 1764164725437 1764164725444
108245 3641633435 1764164725470.434326 1764164725470 1764164725477
108246 3641666779 1764164725503.777344 1764164725504 1764164725511
108247 3641700123 1764164725537.120361 1764164725537 1764164725544
108248 3641733467 1764164725570.463379 1764164725570 1764164725577
108249 3641766811 1764164725603.806396 1764164725604 1764164725611
108250 3641800155 1764164725637.149414 1764164725637 1764164725644
108251 3641833499 1764164725670.492432 1764164725670 1764164725677
108252 3641866843 1764164725703.835449 1764164725703 1764164725711
108253 3641900187 1764164725737.178711 1764164725737 1764164725744
108254 3641933531 1764164725770.521729 1764164725770 1764164725777
108255 3641966875 1764164725803.864746 1764164725804 1764164725811
108256 3642000219 1764164725837.207764 1764164725837 1764164725844
108257 3642033562 1764164725870.549805 1764164725871 1764164725878
108258 3642066906 1764164725903.890869 1764164725904 1764164725911
108259 3642100250 1764164725937.231934 1764164725937 1764164725944
108260 3642133594 1764164725970.572998 1764164725970 1764164725977
108261 3642166938 1764164726003.914062 1764164726004 1764164726011
108262 3642200282 1764164726037.255127 1764164726037 1764164726044
108263 3642233626 1764164726070.596191 1764164726071 1764164726078
108264 3642266970 1764164726103.937256 1764164726104 1764164726111
108265 3642300314 1764164726137.278320 1764164726137 1764164726144
108266 3642333658 1764164726170.619385 1764164726171 1764164726178
108267 3642367002 1764164726203.960449 1764164726203 1764164726211
108268 3642400346 1764164726237.301514 1764164726237 1764164726244
108269 3642433690 1764164726270.642334 1764164726271 1764164726278
108270 3642467034 1764164726303.983398 1764164726303 1764164726311
108271 3642500377 1764164726337.323486 1764164726337 1764164726344
108272 3642533721 1764164726370.664307 1764164726371 1764164726378
108273 3642567065 1764164726404.005371 1764164726403 1764164726411
108274 3642600409 1764164726437.346191 1764164726437 1764164726444
108275 3642633753 1764164726470.687256 1764164726471 1764164726478
108276 3642667097 1764164726504.028076 1764164726503 1764164726511
108277 3642700441 1764164726537.369141 1764164726537 1764164726544
108278 3642733785 1764164726570.709961 1764164726571 1764164726578
108279 3642767129 1764164726604.051025 1764164726603 1764164726611
108280 3642800473 1764164726637.391846 1764164726637 1764164726644
108281 3642833817 1764164726670.732910 1764164726671 1764164726678
108282 3642867161 1764164726704.073730 1764164726703 1764164726711
108283 3642900505 1764164726737.414551 1764164726737 1764164726744
108284 3642933848 1764164726770.754639 1764164726771 1764164726778
108285 3642967192 1764164726804.095459 1764164726803 1764164726811
108286 3643000536 1764164726837.436279 1764164726837 1764164726844
108287 3643033880 1764164726870.777100 1764164726871 1764164726878
108288 3643067224 1764164726904.117188 1764164726903 1764164726911
108289 3643100568 1764164726937.457031 1764164726937 1764164726944
108290 3643133912 1764164726970.797119 1764164726971 1764164726978
108291 3643167256 1764164727004.136963 1764164727003 1764164727011
108292 3643200600 1764164727037.477051 1764164727037 1764164727044
108293 3643233944 1764164727070.816895 1764164727071 1764164727078
108294 3643267288 1764164727104.156738 1764164727103 1764164727111
108295 3643300632 1764164727137.496582 1764164727137 1764164727144
108296 3643333976 1764164727170.836426 1764164727171 1764164727178
108297 3643367319 1764164727204.175293 1764164727203 1764164727211
108298 3643400663 1764164727237.515137 1764164727237 1764164727244
108299 3643434007 1764164727270.854980 1764164727271 1764164727278
108300 3643467351 1764164727304.194824 1764164727303 1764164727311
108301 3643500695 1764164727337.534668 1764164727337 1764164727344
108302 3643534039 1764164727370.874512 1764164727371 1764164727378
108303 3643567383 1764164727404.214111 1764164727403 1764164727411
108304 3643600727 1764164727437.553955 1764164727437 1764164727444
108305 3643634071 1764164727470.893799 1764164727471 1764164727478
108306 3643667415 1764164727504.233398 1764164727503 1764164727511
108307 3643700759 1764164727537.573242 1764164727537 1764164727544
108308 3643734103 1764164727570.912842 1764164727571 1764164727578
108309 3643767447 1764164727604.252441 1764164727603 1764164727611
108310 3643800791 1764164727637.592285 1764164727637 1764164727644
108311 3643834134 1764164727670.930908 1764164727671 1764164727678
108312 3643867478 1764164727704.270508 1764164727704 1764164727711
108313 3643900822 1764164727737.610107 1764164727737 1764164727744
108314 3643934166 1764164727770.949707 1764164727771 1764164727778
108315 3643967510 1764164727804.289307 1764164727804 1764164727811
108316 3644000854 1764164727837.628906 1764164727837 1764164727844
108317 3644034198 1764164727870.968506 1764164727871 1764164727878
108318 3644067542 1764164727904.307861 1764164727904 1764164727911
108319 3644100886 1764164727937.646973 1764164727937 1764164727944
108320 3644134230 1764164727970.986328 1764164727970 1764164727978
108321 3644167574 1764164728004.325439 1764164728004 1764164728011
108322 3644200918 1764164728037.664551 1764164728037 1764164728044
108323 3644234262 1764164728071.003906 1764164728071 1764164728078
108324 3644267605 1764164728104.342041 1764164728104 1764164728111
108325 3644300949 1764164728137.681152 1764164728137 1764164728144
108326 3644334293 1764164728171.020264 1764164728171 1764164728178
108327 3644367637 1764164728204.359375 1764164728204 1764164728211
108328 3644400981 1764164728237.698486 1764164728238 1764164728245
108329 3644434325 1764164728271.037598 1764164728271 1764164728278
108330 3644467669 1764164728304.376465 1764164728304 1764164728311
108331 3644501013 1764164728337.715576 1764164728337 1764164728344
108332 3644534357 1764164728371.054688 1764164728371 1764164728378
108333 3644567701 1764164728404.393555 1764164728404 1764164728411
108334 3644601045 1764164728437.732666 1764164728437 1764164728444
108335 3644634389 1764164728471.071533 1764164728471 1764164728478
108336 3644667733 1764164728504.410400 1764164728504 1764164728511
108337 3644701076 1764164728537.748535 1764164728537 1764164728544
108338 3644734420 1764164728571.087402 1764164728571 1764164728578
108339 3644767764 1764164728604.426270 1764164728604 1764164728611
108340 3644801108 1764164728637.765137 1764164728637 1764164728644
108341 3644834452 1764164728671.104004 1764164728671 1764164728678
108342 3644867796 1764164728704.442871 1764164728704 1764164728711
108343 3644901140 1764164728737.781738 1764164728737 1764164728744
108344 3644934484 1764164728771.120361 1764164728771 1764164728778
108345 3644967828 1764164728804.459229 1764164728804 1764164728811
108346 3645001172 1764164728837.798096 1764164728838 1764164728845
108347 3645034516 1764164728871.136719 1764164728870 1764164728878
108348 3645067860 1764164728904.478516 1764164728904 1764164728911
108349 3645101204 1764164728937.817871 1764164728938 1764164728945
108350 3645134548 1764164728971.157471 1764164728971 1764164728978
108351 3645167891 1764164729004.496094 1764164729004 1764164729011
108352 3645201235 1764164729037.835449 1764164729038 1764164729045
108353 3645234579 1764164729071.175049 1764164729071 1764164729078
108354 3645267923 1764164729104.514404 1764164729104 1764164729111
108355 3645301267 1764164729137.854004 1764164729138 1764164729145
108356 3645334611 1764164729171.193359 1764164729170 1764164729178
108357 3645367955 1764164729204.532715 1764164729204 1764164729211
108358 3645401299 1764164729237.872070 1764164729238 1764164729245
108359 3645434643 1764164729271.211426 1764164729270 1764164729278
108360 3645467987 1764164729304.550781 1764164729304 1764164729311
108361 3645501331 1764164729337.890137 1764164729338 1764164729345
108362 3645534675 1764164729371.229492 1764164729370 1764164729378
108363 3645568019 1764164729404.568848 1764164729404 1764164729411
108364 3645601362 1764164729437.907227 1764164729438 1764164729445
108365 3645634706 1764164729471.246338 1764164729470 1764164729478
108366 3645668050 1764164729504.585693 1764164729504 1764164729511
108367 3645701394 1764164729537.925049 1764164729538 1764164729545
108368 3645734738 1764164729571.264160 1764164729570 1764164729578
108369 3645768082 1764164729604.603516 1764164729604 1764164729611
108370 3645801426 1764164729637.942627 1764164729638 1764164729645
108371 3645834770 1764164729671.281738 1764164729670 1764164729678
108372 3645868114 1764164729704.621094 1764164729704 1764164729711
108373 3645901458 1764164729737.960205 1764164729738 1764164729745
108374 3645934802 1764164729771.299316 1764164729770 1764164729778
108375 3645968146 1764164729804.638428 1764164729804 1764164729811
108376 3646001490 1764164729837.977539 1764164729838 1764164729845
108377 3646034833 1764164729871.315674 1764164729870 1764164729878
108378 3646068177 1764164729904.654785 1764164729904 1764164729911
108379 3646101521 1764164729937.992432 1764164729937 1764164729945
108380 3646134865 1764164729971.330078 1764164729970 1764164729978
108381 3646168209 1764164730004.667480 1764164730004 1764164730011
108382 3646201553 1764164730038.005127 1764164730038 1764164730045
108383 3646234897 1764164730071.342529 1764164730070 1764164730078
108384 3646268241 1764164730104.680176 1764164730104 1764164730111
108385 3646301585 1764164730138.017578 1764164730138 1764164730145
108386 3646334929 1764164730171.354980 1764164730170 1764164730178
108387 3646368273 1764164730204.692383 1764164730204 1764164730211
108388 3646401617 1764164730238.029785 1764164730238 1764164730245
108389 3646434961 1764164730271.367188 1764164730270 1764164730278
108390 3646468305 1764164730304.704590 1764164730304 1764164730311
108391 3646501648 1764164730338.040771 1764164730338 1764164730345
108392 3646534992 1764164730371.378174 1764164730370 1764164730378
108393 3646568336 1764164730404.715332 1764164730404 1764164730411
108394 3646601680 1764164730438.052490 1764164730438 1764164730445
108395 3646635024 1764164730471.389648 1764164730470 1764164730478
108396 3646668368 1764164730504.726807 1764164730504 1764164730511
108397 3646701712 1764164730538.063965 1764164730538 1764164730545
108398 3646735056 1764164730571.401123 1764164730571 1764164730578
108399 3646768400 1764164730604.738281 1764164730604 1764164730611
108400 3646801744 1764164730638.075195 1764164730638 1764164730645
108401 3646835088 1764164730671.412354 1764164730671 1764164730678
108402 3646868432 1764164730704.749268 1764164730704 1764164730711
108403 3646901776 1764164730738.086426 1764164730738 1764164730745
108404 3646935119 1764164730771.422363 1764164730771 1764164730778
108405 3646968463 1764164730804.759277 1764164730804 1764164730811
108406 3647001807 1764164730838.095947 1764164730838 1764164730845
108407 3647035151 1764164730871.432861 1764164730871 1764164730878
108408 3647068495 1764164730904.769775 1764164730904 1764164730911
108409 3647101839 1764164730938.106934 1764164730938 1764164730945
108410 3647135183 1764164730971.444092 1764164730971 1764164730978
108411 3647168527 1764164731004.781006 1764164731004 1764164731011
108412 3647201871 1764164731038.118164 1764164731038 1764164731045
108413 3647235215 1764164731071.455078 1764164731071 1764164731078
108414 3647268559 1764164731104.791992 1764164731104 1764164731111
108415 3647301903 1764164731138.129150 1764164731138 1764164731145
108416 3647335247 1764164731171.466064 1764164731171 1764164731178
108417 3647368590 1764164731204.801758 1764164731204 1764164731211
108418 3647401934 1764164731238.138672 1764164731238 1764164731245
