1764165369856259072 8544
1764165369888328896 8545
1764165369917800224 8546
1764165369951449440 8547
1764165369985185888 8548
1764165370025524256 8549
1764165370050875360 8550
1764165370084977728 8551
1764165370119087616 8552
1764165370146374848 8553
1764165370180713024 8554
1764165370216469216 8555
1764165370251265792 8556
1764165370288130976 8557
1764165370317238976 8558
1764165370350696384 8559
1764165370391892128 8560
1764165370417341632 8561
1764165370451694624 8562
1764165370485556224 8563
1764165370518486464 8564
1764165370547489504 8565
1764165370583272672 8566
1764165370617070592 8567
1764165370650854752 8568
1764165370691185984 8569
1764165370718041792 8570
1764165370751132832 8571
1764165370784021760 8572
1764165370817861088 8573
1764165370850773568 8574
1764165370884465120 8575
1764165370918103104 8576
1764165370950637504 8577
1764165370991482496 8578
1764165371018106528 8579
1764165371046124224 8580
1764165371080553952 8581
1764165371117690880 8582
1764165371151119840 8583
1764165371185204864 8584
1764165371217213216 8585
1764165371263017184 8586
1764165371289521280 8587
1764165371317866304 8588
1764165371347327872 8589
1764165371381968544 8590
1764165371418261088 8591
1764165371451983040 8592
1764165371489515648 8593
1764165371517060128 8594
1764165371551030528 8595
1764165371584776128 8596
1764165371620996480 8597
1764165371646281312 8598
1764165371683057728 8599
1764165371717427104 8600
1764165371750925536 8601
1764165371784503712 8602
1764165371814215200 8603
1764165371850116864 8604
1764165371885352352 8605
1764165371913856416 8606
1764165371949791968 8607
1764165371983744672 8608
1764165372018678624 8609
1764165372056781536 8610
1764165372087654624 8611
1764165372116160608 8612
1764165372151099008 8613
1764165372184595392 8614
1764165372218854336 8615
1764165372247827008 8616
1764165372282506400 8617
1764165372316985344 8618
1764165372351933792 8619
1764165372378804608 8620
1764165372418273024 8621
1764165372447093088 8622
1764165372481682080 8623
1764165372516379424 8624
1764165372549928640 8625
1764165372584624160 8626
1764165372617619744 8627
1764165372645216960 8628
1764165372683533184 8629
1764165372711926816 8630
1764165372747966432 8631
1764165372784938336 8632
1764165372812901504 8633
1764165372851566144 8634
1764165372895644096 8635
1764165372918162112 8636
1764165372950903680 8637
1764165372980336416 8638
1764165373015510784 8639
1764165373051309120 8640
1764165373087345888 8641
1764165373127231040 8642
1764165373156202464 8643
1764165373193858944 8644
1764165373219775872 8645
1764165373258158720 8646
1764165373283944640 8647
1764165373311945120 8648
1764165373347301280 8649
1764165373383828064 8650
1764165373417064640 8651
1764165373454829152 8652
1764165373479408544 8653
1764165373516210016 8654
1764165373553282752 8655
1764165373583414240 8656
1764165373621925024 8657
1764165373646478240 8658
1764165373680633984 8659
1764165373715864096 8660
1764165373745579968 8661
1764165373781169216 8662
1764165373816157696 8663
1764165373851204448 8664
1764165373879940448 8665
1764165373919103808 8666
1764165373947023296 8667
1764165373985833536 8668
1764165374012732320 8669
1764165374052442080 8670
1764165374078895264 8671
1764165374114902912 8672
1764165374151768224 8673
1764165374180839040 8674
1764165374215584160 8675
1764165374251533312 8676
1764165374292617280 8677
1764165374355729568 8678
1764165374398625184 8679
1764165374418702272 8680
1764165374445309760 8681
1764165374462640896 8682
1764165374493274560 8683
1764165374519104320 8684
1764165374548453088 8685
1764165374586486272 8686
1764165374615513888 8687
1764165374646655488 8688
1764165374681207424 8689
1764165374716525856 8690
1764165374745186080 8691
1764165374780970304 8692
1764165374815797152 8693
1764165374851070080 8694
1764165374885766496 8695
1764165374922196864 8696
1764165374950814336 8697
1764165374978970432 8698
1764165375015577216 8699
1764165375050604800 8700
1764165375085579616 8701
1764165375115550016 8702
1764165375150844032 8703
1764165375178835040 8704
1764165375214824448 8705
1764165375249779104 8706
1764165375279045536 8707
1764165375314994336 8708
1764165375350657472 8709
1764165375384286400 8710
1764165375412444480 8711
1764165375447528736 8712
1764165375482756704 8713
1764165375516332576 8714
1764165375549123808 8715
1764165375583868192 8716
1764165375614499520 8717
1764165375649071744 8718
1764165375683158240 8719
1764165375717618304 8720
1764165375746185024 8721
1764165375780951104 8722
1764165375815533440 8723
1764165375852307072 8724
1764165375881664768 8725
1764165375915775584 8726
1764165375949913504 8727
1764165375983199008 8728
1764165376019851328 8729
1764165376055547104 8730
1764165376084659200 8731
1764165376112354624 8732
1764165376146527328 8733
1764165376181736800 8734
1764165376216073248 8735
1764165376250821792 8736
1764165376283817312 8737
1764165376316874144 8738
1764165376350609504 8739
1764165376390521152 8740
1764165376418253248 8741
1764165376445225696 8742
1764165376482477152 8743
1764165376517137312 8744
1764165376553449280 8745
1764165376579159456 8746
1764165376613240992 8747
1764165376648801376 8748
1764165376682845856 8749
1764165376716299648 8750
1764165376753826720 8751
1764165376789240768 8752
1764165376825354304 8753
1764165376860440160 8754
1764165376889822464 8755
1764165376915457728 8756
1764165376948185344 8757
1764165376982140928 8758
1764165377016128064 8759
1764165377046981440 8760
1764165377082375104 8761
1764165377115386208 8762
1764165377148732672 8763
1764165377185555680 8764
1764165377210694048 8765
1764165377248694880 8766
1764165377283040000 8767
1764165377316209056 8768
1764165377350729280 8769
1764165377383345216 8770
1764165377419377984 8771
1764165377445848032 8772
1764165377480827200 8773
1764165377516577952 8774
1764165377549764416 8775
1764165377582060672 8776
1764165377615430656 8777
1764165377649060448 8778
1764165377684176832 8779
1764165377712396032 8780
1764165377749643552 8781
1764165377782977152 8782
1764165377816278528 8783
1764165377853651776 8784
1764165377878989856 8785
1764165377915758400 8786
1764165377949038528 8787
1764165377985744256 8788
1764165378025458464 8789
1764165378049217504 8790
1764165378083003744 8791
1764165378115742560 8792
1764165378153683456 8793
1764165378178640480 8794
1764165378216014336 8795
1764165378251088448 8796
1764165378287805600 8797
1764165378314975104 8798
1764165378349395456 8799
1764165378382900256 8800
1764165378416435200 8801
1764165378449545824 8802
1764165378482105696 8803
1764165378519358272 8804
1764165378545749344 8805
1764165378581337856 8806
1764165378615965824 8807
1764165378650432864 8808
1764165378681563040 8809
1764165378715386720 8810
1764165378748888736 8811
1764165378781729248 8812
1764165378815388192 8813
1764165378855285248 8814
1764165378895714368 8815
1764165378918151392 8816
1764165378944745792 8817
1764165378979112128 8818
1764165379015279456 8819
1764165379051731680 8820
1764165379079328416 8821
1764165379113769984 8822
1764165379147948608 8823
1764165379186094272 8824
1764165379220660448 8825
1764165379245998240 8826
1764165379281696288 8827
1764165379315043552 8828
1764165379348977632 8829
1764165379382417280 8830
1764165379415495648 8831
1764165379449086688 8832
1764165379481898976 8833
1764165379515555872 8834
1764165379548705056 8835
1764165379581673120 8836
1764165379615839104 8837
1764165379647972416 8838
1764165379682823584 8839
1764165379716632672 8840
1764165379744968512 8841
1764165379780580192 8842
1764165379815512736 8843
1764165379850452384 8844
1764165379889355456 8845
1764165379918011392 8846
1764165379943394912 8847
1764165379985245184 8848
1764165380022240096 8849
1764165380050533792 8850
1764165380087323072 8851
1764165380114629376 8852
1764165380151963744 8853
1764165380177603456 8854
1764165380212044352 8855
1764165380247527936 8856
1764165380282339904 8857
1764165380319182464 8858
1764165380355848192 8859
1764165380384221696 8860
1764165380420334688 8861
1764165380446472384 8862
1764165380480398560 8863
1764165380516714656 8864
1764165380546469344 8865
1764165380586417216 8866
1764165380611569056 8867
1764165380653093760 8868
1764165380681440352 8869
1764165380718786752 8870
1764165380760442656 8871
1764165380791145440 8872
1764165380818611552 8873
1764165380855369984 8874
1764165380884093216 8875
1764165380910738048 8876
1764165380947130272 8877
1764165380982696800 8878
1764165381010242912 8879
1764165381046867488 8880
1764165381086408576 8881
1764165381114265312 8882
1764165381148532032 8883
1764165381178143232 8884
1764165381213723232 8885
1764165381247860608 8886
1764165381284198464 8887
1764165381311195424 8888
1764165381346308800 8889
1764165381380367808 8890
1764165381418878048 8891
1764165381455194880 8892
1764165381481493536 8893
1764165381513201984 8894
1764165381551781312 8895
1764165381586965536 8896
1764165381614742336 8897
1764165381648318816 8898
1764165381681605568 8899
1764165381718439456 8900
1764165381748528064 8901
1764165381785904576 8902
1764165381810799008 8903
1764165381845639200 8904
1764165381880894976 8905
1764165381915789408 8906
1764165381949359776 8907
1764165381977767968 8908
1764165382015274976 8909
1764165382048872576 8910
1764165382083050368 8911
1764165382121799840 8912
1764165382152860224 8913
1764165382181423584 8914
1764165382224555520 8915
1764165382248024096 8916
1764165382281143712 8917
1764165382315437888 8918
1764165382353421184 8919
1764165382391280480 8920
1764165382428058464 8921
1764165382463842528 8922
1764165382488327328 8923
1764165382547114944 8924
1764165382564480000 8925
1764165382600959488 8926
1764165382625352000 8927
1764165382652863040 8928
1764165382678259648 8929
1764165382719230464 8930
1764165382744820736 8931
1764165382782505920 8932
1764165382809563968 8933
1764165382846456800 8934
1764165382882105920 8935
1764165382915590176 8936
1764165382947724800 8937
1764165382987225984 8938
1764165383022132480 8939
1764165383058379136 8940
1764165383087981984 8941
1764165383125254688 8942
1764165383157882176 8943
1764165383183057856 8944
1764165383209922432 8945
1764165383247545248 8946
1764165383280810496 8947
1764165383320339488 8948
1764165383347465440 8949
1764165383381242624 8950
1764165383416377312 8951
1764165383455046080 8952
1764165383478443200 8953
1764165383519033664 8954
1764165383548885056 8955
1764165383580880704 8956
1764165383619720672 8957
1764165383647444160 8958
1764165383681341216 8959
1764165383713862624 8960
1764165383752505376 8961
1764165383780076480 8962
1764165383815672480 8963
1764165383854115936 8964
1764165383892137696 8965
1764165383926031712 8966
1764165383952358624 8967
1764165383977165536 8968
1764165384011608896 8969
1764165384049139424 8970
1764165384077107328 8971
1764165384115046592 8972
1764165384151101504 8973
1764165384183467264 8974
1764165384222447616 8975
1764165384259076160 8976
1764165384281656096 8977
1764165384313713888 8978
1764165384347959616 8979
1764165384383258752 8980
1764165384419713728 8981
1764165384448042816 8982
1764165384481408704 8983
1764165384513549440 8984
1764165384547860704 8985
1764165384584894944 8986
1764165384609427936 8987
1764165384653917856 8988
1764165384694041376 8989
1764165384714552384 8990
1764165384748230816 8991
1764165384781146464 8992
1764165384820647680 8993
1764165384847038912 8994
1764165384881334400 8995
1764165384914303936 8996
1764165384953480736 8997
1764165384980008192 8998
1764165385012650688 8999
1764165385046976672 9000
1764165385080758592 9001
1764165385113667968 9002
1764165385146912608 9003
1764165385182447840 9004
1764165385208907840 9005
1764165385249754720 9006
1764165385297404960 9007
1764165385320059392 9008
1764165385360836672 9009
1764165385380872160 9010
1764165385414950176 9011
1764165385450452000 9012
1764165385486106016 9013
1764165385516245216 9014
1764165385542717664 9015
1764165385586302592 9016
1764165385625817440 9017
1764165385660577472 9018
1764165385681553120 9019
1764165385715358816 9020
1764165385752714400 9021
1764165385790044992 9022
1764165385822457024 9023
1764165385857345184 9024
1764165385891604288 9025
1764165385913522528 9026
1764165385946882880 9027
1764165385981004608 9028
1764165386019643296 9029
1764165386057483424 9030
1764165386080632768 9031
1764165386113650368 9032
1764165386147727200 9033
1764165386180009696 9034
1764165386213706656 9035
1764165386247180704 9036
1764165386285291808 9037
1764165386331749344 9038
1764165386363383584 9039
1764165386391530400 9040
1764165386417804704 9041
1764165386455490240 9042
1764165386490194336 9043
1764165386513530080 9044
1764165386550197440 9045
1764165386586434592 9046
1764165386613507552 9047
1764165386647109504 9048
1764165386683715456 9049
1764165386728964736 9050
1764165386746294432 9051
1764165386786011360 9052
1764165386813246080 9053
1764165386847991264 9054
1764165386875592992 9055
1764165386911745056 9056
1764165386945970304 9057
1764165386986723360 9058
1764165387014936672 9059
1764165387053019424 9060
1764165387086899072 9061
1764165387112432448 9062
1764165387153748800 9063
1764165387179160928 9064
1764165387213035104 9065
1764165387257368672 9066
1764165387279803840 9067
1764165387312967904 9068
1764165387347508384 9069
1764165387381160320 9070
1764165387415415104 9071
1764165387452983392 9072
1764165387486242048 9073
1764165387514692576 9074
1764165387543598784 9075
1764165387578947840 9076
1764165387619485728 9077
1764165387656353920 9078
1764165387680103552 9079
1764165387708069536 9080
1764165387747446976 9081
1764165387781512640 9082
1764165387808635072 9083
1764165387843752224 9084
1764165387878281376 9085
1764165387913319136 9086
1764165387948434080 9087
1764165387976594944 9088
1764165388015388192 9089
1764165388044980096 9090
1764165388082844960 9091
1764165388109891520 9092
1764165388159318592 9093
1764165388191230112 9094
1764165388227200640 9095
1764165388250978336 9096
1764165388276696192 9097
1764165388310735808 9098
1764165388347006336 9099
1764165388377140032 9100
1764165388413538240 9101
1764165388447604992 9102
1764165388486200512 9103
1764165388512441632 9104
1764165388552967168 9105
1764165388590152832 9106
1764165388616568352 9107
1764165388652759520 9108
1764165388689341792 9109
1764165388713258688 9110
1764165388747147168 9111
1764165388774229024 9112
1764165388811327968 9113
1764165388852400768 9114
1764165388879248288 9115
1764165388915616352 9116
1764165388941028576 9117
1764165388976807072 9118
1764165389013226272 9119
1764165389053399264 9120
1764165389085491040 9121
1764165389112981152 9122
1764165389146007136 9123
1764165389183315776 9124
1764165389208793280 9125
1764165389250455904 9126
1764165389286133952 9127
1764165389320619648 9128
1764165389349775648 9129
1764165389379124000 9130
1764165389412580096 9131
1764165389447236480 9132
1764165389480437888 9133
1764165389513274144 9134
1764165389550455552 9135
1764165389575041152 9136
1764165389610775008 9137
1764165389647037120 9138
1764165389680273792 9139
1764165389713784224 9140
1764165389749884064 9141
1764165389775364832 9142
1764165389811837824 9143
1764165389851685088 9144
1764165389881294496 9145
1764165389921481632 9146
1764165389945998368 9147
1764165389980577376 9148
1764165390014270112 9149
1764165390046560000 9150
1764165390080462272 9151
1764165390119664544 9152
1764165390145718176 9153
1764165390179548704 9154
1764165390215562528 9155
1764165390250871200 9156
1764165390279964384 9157
1764165390313402336 9158
1764165390347132736 9159
1764165390374135072 9160
1764165390413640736 9161
1764165390452984672 9162
1764165390478335360 9163
1764165390512796800 9164
1764165390545915136 9165
1764165390579154592 9166
1764165390615048032 9167
1764165390651248256 9168
1764165390681413792 9169
1764165390719014656 9170
1764165390745903520 9171
1764165390778760288 9172
1764165390814459008 9173
1764165390841640864 9174
1764165390877588384 9175
1764165390913057184 9176
1764165390952933440 9177
1764165390979269536 9178
1764165391007466528 9179
1764165391044359776 9180
1764165391082424256 9181
1764165391108506016 9182
1764165391145193568 9183
1764165391176482944 9184
1764165391211475392 9185
1764165391246206432 9186
1764165391275645088 9187
1764165391312744960 9188
1764165391347917248 9189
1764165391374300192 9190
1764165391413385024 9191
1764165391448179104 9192
1764165391476989568 9193
1764165391511285408 9194
1764165391545485536 9195
1764165391580050016 9196
1764165391612941280 9197
1764165391641979616 9198
1764165391689584864 9199
1764165391711448160 9200
1764165391745492160 9201
1764165391786788704 9202
1764165391820063808 9203
1764165391846853984 9204
1764165391892482048 9205
1764165391912328960 9206
1764165391947516736 9207
1764165391983021248 9208
1764165392009152224 9209
1764165392043920544 9210
1764165392080416160 9211
1764165392107972544 9212
1764165392151728960 9213
1764165392188603008 9214
1764165392228296544 9215
1764165392246081280 9216
1764165392282500192 9217
1764165392307339744 9218
1764165392351257152 9219
1764165392379538656 9220
1764165392412109152 9221
1764165392445468096 9222
1764165392478521088 9223
1764165392520547968 9224
1764165392557164032 9225
1764165392585848512 9226
1764165392616025984 9227
1764165392645195232 9228
1764165392673663616 9229
1764165392710915776 9230
1764165392746451776 9231
1764165392780850528 9232
1764165392810449376 9233
1764165392850799328 9234
1764165392876334816 9235
1764165392906628960 9236
1764165392943405504 9237
1764165392979148544 9238
1764165393015715744 9239
1764165393054653984 9240
1764165393078366144 9241
1764165393112327840 9242
1764165393154469344 9243
1764165393178061152 9244
1764165393221623488 9245
1764165393252329248 9246
1764165393278160224 9247
1764165393312254368 9248
1764165393346193408 9249
1764165393379190112 9250
1764165393412052160 9251
1764165393445885024 9252
1764165393486453152 9253
1764165393511642784 9254
1764165393547744128 9255
1764165393574725408 9256
1764165393610742432 9257
1764165393645180512 9258
1764165393687697696 9259
1764165393712234560 9260
1764165393752231968 9261
1764165393778435296 9262
1764165393812477824 9263
1764165393845879904 9264
1764165393878224768 9265
1764165393911364256 9266
1764165393945246528 9267
1764165393981442272 9268
1764165394008148032 9269
1764165394044804768 9270
1764165394087524608 9271
1764165394116128288 9272
1764165394142120000 9273
1764165394186459360 9274
1764165394221371776 9275
1764165394245791744 9276
1764165394283552672 9277
1764165394312583584 9278
1764165394347138272 9279
1764165394386011520 9280
1764165394411246816 9281
1764165394452388544 9282
1764165394489109664 9283
1764165394521095520 9284
1764165394544603008 9285
1764165394578089024 9286
1764165394611559104 9287
1764165394646451616 9288
1764165394686469440 9289
1764165394710841664 9290
1764165394747388448 9291
1764165394784360192 9292
1764165394811488416 9293
1764165394846682048 9294
1764165394884697344 9295
1764165394916258208 9296
1764165394943634496 9297
1764165394987713888 9298
1764165395014861056 9299
1764165395040560192 9300
1764165395083339680 9301
1764165395110296448 9302
1764165395150662144 9303
1764165395182475648 9304
1764165395225068256 9305
1764165395257178880 9306
1764165395299198976 9307
1764165395315674816 9308
1764165395353635776 9309
1764165395376955520 9310
1764165395408309472 9311
1764165395439916288 9312
1764165395476310592 9313
1764165395514057664 9314
1764165395541306112 9315
1764165395578556224 9316
1764165395613092704 9317
1764165395643920480 9318
1764165395680684864 9319
1764165395711438336 9320
1764165395740101216 9321
1764165395780916064 9322
1764165395813921056 9323
1764165395841340160 9324
1764165395876822624 9325
1764165395917196832 9326
1764165395944487680 9327
1764165395978674304 9328
1764165396012144224 9329
1764165396044194272 9330
1764165396079121184 9331
1764165396112261120 9332
1764165396156436704 9333
1764165396178793376 9334
1764165396212679168 9335
1764165396250903296 9336
1764165396289201984 9337
1764165396315062784 9338
1764165396345267200 9339
1764165396382467712 9340
1764165396407779072 9341
1764165396443463360 9342
1764165396477511168 9343
1764165396511205472 9344
1764165396545163904 9345
1764165396578819040 9346
1764165396606347264 9347
1764165396654470080 9348
1764165396678164000 9349
1764165396714449728 9350
1764165396751343680 9351
1764165396788827104 9352
1764165396811717824 9353
1764165396845894464 9354
1764165396875314976 9355
1764165396915521568 9356
1764165396946973408 9357
1764165396974463392 9358
1764165397015170784 9359
1764165397040479392 9360
1764165397075741184 9361
1764165397111277376 9362
1764165397142204768 9363
1764165397177194112 9364
1764165397221060864 9365
1764165397244447040 9366
1764165397288704352 9367
1764165397311909184 9368
