59316 1655739574 1764167061141.361084 1764167061142 1764167061150
59317 1655772918 1764167061174.706055 1764167061175 1764167061182
59318 1655806262 1764167061208.051025 1764167061208 1764167061215
59319 1655839606 1764167061241.396240 1764167061242 1764167061249
59320 1655872949 1764167061274.740234 1764167061275 1764167061282
59321 1655906293 1764167061308.085449 1764167061308 1764167061315
59322 1655939637 1764167061341.430664 1764167061342 1764167061349
59323 1655972981 1764167061374.776123 1764167061375 1764167061382
59324 1656006325 1764167061408.121338 1764167061409 1764167061416
59325 1656039669 1764167061441.466553 1764167061442 1764167061449
59326 1656073013 1764167061474.812012 1764167061475 1764167061482
59327 1656106357 1764167061508.157471 1764167061509 1764167061516
59328 1656139701 1764167061541.502930 1764167061541 1764167061549
59329 1656173045 1764167061574.848389 1764167061575 1764167061582
59330 1656206389 1764167061608.193848 1764167061609 1764167061616
59331 1656239733 1764167061641.539551 1764167061641 1764167061649
59332 1656273077 1764167061674.885254 1764167061675 1764167061682
59333 1656306420 1764167061708.229736 1764167061709 1764167061716
59334 1656339764 1764167061741.575439 1764167061741 1764167061749
59335 1656406452 1764167061808.261719 1764167061809 1764167061816
59336 1656439796 1764167061841.604980 1764167061841 1764167061849
59337 1656473140 1764167061874.948242 1764167061875 1764167061882
59338 1656506484 1764167061908.291504 1764167061909 1764167061916
59339 1656539828 1764167061941.634766 1764167061941 1764167061949
59340 1656573172 1764167061974.978027 1764167061975 1764167061982
59341 1656606516 1764167062008.321289 1764167062009 1764167062016
59342 1656639860 1764167062041.664551 1764167062042 1764167062049
59343 1656673204 1764167062075.007812 1764167062075 1764167062082
59344 1656706548 1764167062108.351074 1764167062109 1764167062116
59345 1656739892 1764167062141.694336 1764167062142 1764167062149
59346 1656773235 1764167062175.036621 1764167062175 1764167062182
59347 1656806579 1764167062208.380127 1764167062209 1764167062216
59348 1656839923 1764167062241.723389 1764167062242 1764167062249
59349 1656873267 1764167062275.066895 1764167062275 1764167062283
59350 1656906611 1764167062308.410156 1764167062309 1764167062316
59351 1656939955 1764167062341.753662 1764167062342 1764167062349
59352 1656973299 1764167062375.097168 1764167062376 1764167062383
59353 1657006643 1764167062408.440430 1764167062409 1764167062416
59354 1657039987 1764167062441.783936 1764167062442 1764167062449
59355 1657073331 1764167062475.127441 1764167062476 1764167062483
59356 1657106675 1764167062508.470947 1764167062508 1764167062516
59357 1657140019 1764167062541.814453 1764167062542 1764167062549
59358 1657173363 1764167062575.157959 1764167062576 1764167062583
59359 1657206706 1764167062608.500488 1764167062608 1764167062616
59360 1657240050 1764167062641.843994 1764167062642 1764167062649
59361 1657273394 1764167062675.187500 1764167062675 1764167062683
59362 1657306738 1764167062708.531250 1764167062708 1764167062716
59363 1657340082 1764167062741.874756 1764167062742 1764167062749
59364 1657373426 1764167062775.218750 1764167062776 1764167062783
59365 1657406770 1764167062808.562988 1764167062808 1764167062816
59366 1657440114 1764167062841.906982 1764167062842 1764167062849
59367 1657473458 1764167062875.250977 1764167062876 1764167062883
59368 1657506802 1764167062908.595215 1764167062908 1764167062916
59369 1657540146 1764167062941.939453 1764167062942 1764167062949
59370 1657573490 1764167062975.283447 1764167062976 1764167062983
59371 1657606834 1764167063008.627686 1764167063009 1764167063016
59372 1657640177 1764167063041.970947 1764167063042 1764167063049
59373 1657673521 1764167063075.315186 1764167063076 1764167063083
59374 1657706865 1764167063108.659424 1764167063109 1764167063116
59375 1657740209 1764167063142.003662 1764167063142 1764167063149
59376 1657773553 1764167063175.347900 1764167063176 1764167063183
59377 1657806897 1764167063208.692139 1764167063209 1764167063216
59378 1657840241 1764167063242.036621 1764167063242 1764167063249
59379 1657873585 1764167063275.380859 1764167063276 1764167063283
59380 1657906929 1764167063308.725098 1764167063309 1764167063316
59381 1657940273 1764167063342.069580 1764167063343 1764167063350
59382 1657973617 1764167063375.414062 1764167063376 1764167063383
59383 1658006961 1764167063408.758301 1764167063409 1764167063416
59384 1658040305 1764167063442.102783 1764167063443 1764167063450
59385 1658073649 1764167063475.447266 1764167063475 1764167063483
59386 1658106992 1764167063508.790771 1764167063509 1764167063516
59387 1658140336 1764167063542.135254 1764167063543 1764167063550
59388 1658173680 1764167063575.479736 1764167063575 1764167063583
59389 1658207024 1764167063608.824219 1764167063609 1764167063616
59390 1658240368 1764167063642.168945 1764167063643 1764167063650
59391 1658273712 1764167063675.513428 1764167063675 1764167063683
59392 1658307056 1764167063708.857910 1764167063709 1764167063716
59393 1658340400 1764167063742.202637 1764167063743 1764167063750
59394 1658373744 1764167063775.547363 1764167063775 1764167063783
59395 1658407088 1764167063808.892090 1764167063809 1764167063816
59396 1658440432 1764167063842.236816 1764167063843 1764167063850
59397 1658473776 1764167063875.581543 1764167063875 1764167063883
59398 1658507120 1764167063908.926270 1764167063909 1764167063916
59399 1658540463 1764167063942.270264 1764167063943 1764167063950
59400 1658573807 1764167063975.614990 1764167063976 1764167063983
59401 1658607151 1764167064008.959961 1764167064009 1764167064016
59402 1658640495 1764167064042.304688 1764167064043 1764167064050
59403 1658673839 1764167064075.649658 1764167064076 1764167064083
59404 1658707183 1764167064108.994629 1764167064109 1764167064116
59405 1658740527 1764167064142.339600 1764167064143 1764167064150
59406 1658773871 1764167064175.684570 1764167064176 1764167064183
59407 1658807215 1764167064209.029541 1764167064209 1764167064216
59408 1658840559 1764167064242.374512 1764167064243 1764167064250
59409 1658873903 1764167064275.719727 1764167064276 1764167064283
59410 1658907247 1764167064309.064697 1764167064310 1764167064317
59411 1658940591 1764167064342.409912 1764167064342 1764167064350
59412 1658973934 1764167064375.753906 1764167064376 1764167064383
59413 1659007278 1764167064409.099121 1764167064410 1764167064417
59414 1659040622 1764167064442.444336 1764167064442 1764167064450
59415 1659073966 1764167064475.789551 1764167064476 1764167064483
59416 1659107310 1764167064509.134766 1764167064510 1764167064517
59417 1659140654 1764167064542.479980 1764167064542 1764167064550
59418 1659173998 1764167064575.825195 1764167064576 1764167064583
59419 1659207342 1764167064609.170410 1764167064610 1764167064617
59420 1659240686 1764167064642.515869 1764167064642 1764167064650
59421 1659274030 1764167064675.861084 1764167064676 1764167064683
59422 1659307374 1764167064709.206543 1764167064710 1764167064717
59423 1659340718 1764167064742.551758 1764167064742 1764167064750
59424 1659374062 1764167064775.896973 1764167064776 1764167064783
59425 1659407406 1764167064809.242188 1764167064810 1764167064817
59426 1659440749 1764167064842.586670 1764167064843 1764167064850
59427 1659474093 1764167064875.931885 1764167064876 1764167064883
59428 1659507437 1764167064909.277344 1764167064909 1764167064917
59429 1659540781 1764167064942.622559 1764167064943 1764167064950
59430 1659574125 1764167064975.968018 1764167064976 1764167064983
59431 1659607469 1764167065009.313477 1764167065010 1764167065017
59432 1659640813 1764167065042.658936 1764167065043 1764167065050
59433 1659674157 1764167065076.004395 1764167065076 1764167065083
59434 1659707501 1764167065109.349854 1764167065110 1764167065117
59435 1659740845 1764167065142.695312 1764167065143 1764167065150
59436 1659774189 1764167065176.041016 1764167065176 1764167065183
59437 1659807533 1764167065209.386475 1764167065210 1764167065217
59438 1659840877 1764167065242.732178 1764167065243 1764167065251
59439 1659874220 1764167065276.076660 1764167065277 1764167065284
59440 1659907564 1764167065309.422363 1764167065310 1764167065317
59441 1659940908 1764167065342.768066 1764167065343 1764167065350
59442 1659974252 1764167065376.113770 1764167065377 1764167065384
59443 1660007596 1764167065409.459473 1764167065409 1764167065417
59444 1660040940 1764167065442.805176 1764167065443 1764167065450
59445 1660074284 1764167065476.151123 1764167065477 1764167065484
59446 1660107628 1764167065509.496826 1764167065509 1764167065517
59447 1660140972 1764167065542.842773 1764167065543 1764167065550
59448 1660174316 1764167065576.188477 1764167065577 1764167065584
59449 1660207660 1764167065609.534424 1764167065609 1764167065617
59450 1660241004 1764167065642.880371 1764167065643 1764167065650
59451 1660274348 1764167065676.226318 1764167065677 1764167065684
59452 1660307691 1764167065709.571289 1764167065709 1764167065717
59453 1660341035 1764167065742.917236 1764167065743 1764167065750
59454 1660374379 1764167065776.262939 1764167065777 1764167065784
59455 1660407723 1764167065809.608643 1764167065810 1764167065817
59456 1660441067 1764167065842.954590 1764167065843 1764167065850
59457 1660474411 1764167065876.300293 1764167065877 1764167065884
59458 1660507755 1764167065909.646240 1764167065910 1764167065917
59459 1660541099 1764167065942.992188 1764167065943 1764167065950
59460 1660574443 1764167065976.337891 1764167065977 1764167065984
59461 1660607787 1764167066009.683838 1764167066010 1764167066017
59462 1660641131 1764167066043.030029 1764167066043 1764167066050
59463 1660674475 1764167066076.375977 1764167066077 1764167066084
59464 1660707819 1764167066109.721924 1764167066110 1764167066117
59465 1660741163 1764167066143.068115 1764167066144 1764167066151
59466 1660774506 1764167066176.413086 1764167066177 1764167066184
59467 1660807850 1764167066209.759277 1764167066210 1764167066217
59468 1660841194 1764167066243.105469 1764167066244 1764167066251
59469 1660874538 1764167066276.451660 1764167066277 1764167066284
59470 1660907882 1764167066309.797852 1764167066310 1764167066317
59471 1660941226 1764167066343.144043 1764167066344 1764167066351
59472 1660974570 1764167066376.490234 1764167066376 1764167066384
59473 1661007914 1764167066409.836670 1764167066410 1764167066417
59474 1661041258 1764167066443.183105 1764167066444 1764167066451
59475 1661074602 1764167066476.529297 1764167066476 1764167066484
59476 1661107946 1764167066509.875732 1764167066510 1764167066517
59477 1661141290 1764167066543.222168 1764167066544 1764167066551
59478 1661174634 1764167066576.568604 1764167066576 1764167066584
59479 1661207977 1764167066609.914062 1764167066610 1764167066617
59480 1661241321 1764167066643.260498 1764167066644 1764167066651
59481 1661274665 1764167066676.607178 1764167066677 1764167066684
59482 1661308009 1764167066709.953613 1764167066710 1764167066717
59483 1661341353 1764167066743.300293 1764167066744 1764167066751
59484 1661374697 1764167066776.647217 1764167066777 1764167066784
59485 1661408041 1764167066809.994385 1764167066810 1764167066817
59486 1661441385 1764167066843.341553 1764167066844 1764167066851
59487 1661474729 1764167066876.688721 1764167066877 1764167066884
59488 1661508073 1764167066910.035889 1764167066910 1764167066917
59489 1661541417 1764167066943.383057 1764167066944 1764167066951
59490 1661574761 1764167066976.730225 1764167066977 1764167066984
59491 1661608105 1764167067010.077637 1764167067010 1764167067017
59492 1661641448 1764167067043.423828 1764167067044 1764167067051
59493 1661674792 1764167067076.771240 1764167067077 1764167067084
59494 1661708136 1764167067110.118652 1764167067111 1764167067118
59495 1661741480 1764167067143.466064 1764167067144 1764167067151
59496 1661774824 1764167067176.813477 1764167067177 1764167067184
59497 1661808168 1764167067210.160889 1764167067211 1764167067218
59498 1661841512 1764167067243.508545 1764167067244 1764167067251
59499 1661874856 1764167067276.856201 1764167067277 1764167067284
59500 1661908200 1764167067310.203613 1764167067311 1764167067318
59501 1661941544 1764167067343.551270 1764167067343 1764167067351
59502 1661974888 1764167067376.898926 1764167067377 1764167067384
59503 1662008232 1764167067410.246582 1764167067411 1764167067418
59504 1662041576 1764167067443.594482 1764167067443 1764167067451
59505 1662074920 1764167067476.942139 1764167067478 1764167067485
59506 1662108263 1764167067510.289062 1764167067511 1764167067518
59507 1662141607 1764167067543.636719 1764167067543 1764167067551
59508 1662174951 1764167067576.984619 1764167067577 1764167067584
59509 1662208295 1764167067610.332520 1764167067611 1764167067618
59510 1662241639 1764167067643.680420 1764167067643 1764167067651
59511 1662274983 1764167067677.028564 1764167067677 1764167067684
59512 1662308327 1764167067710.376465 1764167067711 1764167067718
59513 1662341671 1764167067743.724609 1764167067744 1764167067751
59514 1662375015 1764167067777.070557 1764167067777 1764167067784
59515 1662408359 1764167067810.416504 1764167067811 1764167067818
59516 1662441703 1764167067843.762695 1764167067844 1764167067851
59517 1662475047 1764167067877.108643 1764167067877 1764167067884
59518 1662508391 1764167067910.454834 1764167067910 1764167067918
59519 1662541734 1764167067943.800049 1764167067944 1764167067951
59520 1662575078 1764167067977.146240 1764167067978 1764167067985
59521 1662608422 1764167068010.492432 1764167068011 1764167068018
59522 1662641766 1764167068043.838623 1764167068044 1764167068051
59523 1662675110 1764167068077.184814 1764167068078 1764167068085
59524 1662708454 1764167068110.531250 1764167068110 1764167068118
59525 1662741798 1764167068143.877441 1764167068144 1764167068151
59526 1662775142 1764167068177.223877 1764167068178 1764167068185
59527 1662808486 1764167068210.570068 1764167068210 1764167068218
59528 1662841830 1764167068243.916504 1764167068244 1764167068251
59529 1662875174 1764167068277.262939 1764167068278 1764167068285
59530 1662908518 1764167068310.609375 1764167068310 1764167068318
59531 1662941862 1764167068343.955811 1764167068344 1764167068351
59532 1662975205 1764167068377.301270 1764167068378 1764167068385
59533 1663008549 1764167068410.647705 1764167068410 1764167068418
59534 1663041893 1764167068443.994385 1764167068444 1764167068451
59535 1663075237 1764167068477.340820 1764167068478 1764167068485
59536 1663108581 1764167068510.687500 1764167068510 1764167068518
59537 1663141925 1764167068544.034180 1764167068544 1764167068551
59538 1663175269 1764167068577.380615 1764167068578 1764167068585
59539 1663208613 1764167068610.727295 1764167068610 1764167068618
59540 1663241957 1764167068644.073975 1764167068644 1764167068651
59541 1663275301 1764167068677.420898 1764167068678 1764167068685
59542 1663308645 1764167068710.767578 1764167068711 1764167068718
59543 1663341989 1764167068744.114258 1764167068744 1764167068751
59544 1663375333 1764167068777.460449 1764167068778 1764167068785
59545 1663408677 1764167068810.806641 1764167068811 1764167068818
59546 1663442020 1764167068844.151855 1764167068844 1764167068851
59547 1663475364 1764167068877.498291 1764167068878 1764167068886
59548 1663508708 1764167068910.844482 1764167068911 1764167068918
59549 1663542052 1764167068944.190918 1764167068944 1764167068951
59550 1663575396 1764167068977.537109 1764167068978 1764167068985
59551 1663608740 1764167069010.883545 1764167069011 1764167069018
59552 1663642084 1764167069044.229980 1764167069045 1764167069052
59553 1663675428 1764167069077.576416 1764167069078 1764167069085
59554 1663708772 1764167069110.922852 1764167069111 1764167069118
59555 1663742116 1764167069144.269287 1764167069145 1764167069152
59556 1663775460 1764167069177.615723 1764167069177 1764167069185
59557 1663808804 1764167069210.962402 1764167069211 1764167069218
59558 1663842148 1764167069244.308838 1764167069245 1764167069252
59559 1663875491 1764167069277.654297 1764167069277 1764167069285
59560 1663908835 1764167069311.000977 1764167069311 1764167069318
59561 1663942179 1764167069344.347656 1764167069345 1764167069352
59562 1663975523 1764167069377.694336 1764167069377 1764167069385
59563 1664008867 1764167069411.041016 1764167069411 1764167069418
59564 1664042211 1764167069444.387695 1764167069445 1764167069452
59565 1664075555 1764167069477.734375 1764167069477 1764167069485
59566 1664108899 1764167069511.081055 1764167069512 1764167069519
59567 1664142243 1764167069544.427734 1764167069545 1764167069552
59568 1664175587 1764167069577.774658 1764167069577 1764167069585
59569 1664208931 1764167069611.121338 1764167069611 1764167069618
59570 1664242275 1764167069644.468262 1764167069645 1764167069652
59571 1664275619 1764167069677.815186 1764167069678 1764167069685
59572 1664308962 1764167069711.161133 1764167069711 1764167069718
59573 1664342306 1764167069744.507812 1764167069745 1764167069752
59574 1664375650 1764167069777.854004 1764167069778 1764167069785
59575 1664408994 1764167069811.200195 1764167069811 1764167069818
59576 1664442338 1764167069844.546387 1764167069845 1764167069852
59577 1664475682 1764167069877.892578 1764167069878 1764167069885
59578 1664509026 1764167069911.238770 1764167069911 1764167069919
59579 1664542370 1764167069944.584961 1764167069945 1764167069952
59580 1664575714 1764167069977.931152 1764167069978 1764167069985
59581 1664609058 1764167070011.277344 1764167070012 1764167070019
59582 1664642402 1764167070044.623779 1764167070045 1764167070052
59583 1664675746 1764167070077.969971 1764167070078 1764167070085
59584 1664709090 1764167070111.316406 1764167070112 1764167070119
59585 1664742434 1764167070144.662842 1764167070144 1764167070152
59586 1664775777 1764167070178.008057 1764167070178 1764167070185
59587 1664809121 1764167070211.354492 1764167070212 1764167070219
59588 1664842465 1764167070244.700928 1764167070244 1764167070252
59589 1664875809 1764167070278.047363 1764167070278 1764167070285
59590 1664909153 1764167070311.393799 1764167070312 1764167070319
59591 1664942497 1764167070344.740234 1764167070344 1764167070352
59592 1664975841 1764167070378.086670 1764167070378 1764167070385
59593 1665009185 1764167070411.433350 1764167070412 1764167070419
59594 1665042529 1764167070444.779785 1764167070444 1764167070452
59595 1665075873 1764167070478.126465 1764167070478 1764167070485
59596 1665109217 1764167070511.472900 1764167070512 1764167070519
59597 1665142561 1764167070544.819580 1764167070544 1764167070552
59598 1665175905 1764167070578.166260 1764167070578 1764167070585
59599 1665209248 1764167070611.511963 1764167070612 1764167070619
59600 1665242592 1764167070644.858643 1764167070645 1764167070652
59601 1665275936 1764167070678.205322 1764167070678 1764167070685
59602 1665309280 1764167070711.552002 1764167070712 1764167070719
59603 1665342624 1764167070744.898682 1764167070745 1764167070752
59604 1665375968 1764167070778.253906 1764167070778 1764167070785
59605 1665409312 1764167070811.609131 1764167070812 1764167070819
59606 1665442656 1764167070844.964355 1764167070845 1764167070853
59607 1665476000 1764167070878.319824 1764167070878 1764167070885
59608 1665509344 1764167070911.675293 1764167070912 1764167070919
59609 1665542688 1764167070945.030762 1764167070945 1764167070952
59610 1665576032 1764167070978.386475 1764167070979 1764167070986
59611 1665609376 1764167071011.742188 1764167071012 1764167071019
59612 1665642719 1764167071045.096924 1764167071045 1764167071052
59613 1665676063 1764167071078.452881 1764167071079 1764167071086
59614 1665709407 1764167071111.808838 1764167071111 1764167071119
59615 1665742751 1764167071145.164795 1764167071145 1764167071152
59616 1665776095 1764167071178.520996 1764167071179 1764167071186
59617 1665809439 1764167071211.877197 1764167071211 1764167071219
59618 1665842783 1764167071245.233398 1764167071245 1764167071252
59619 1665876127 1764167071278.589600 1764167071279 1764167071286
59620 1665909471 1764167071311.946045 1764167071311 1764167071319
59621 1665942815 1764167071345.302490 1764167071345 1764167071352
59622 1665976159 1764167071378.659180 1764167071379 1764167071386
59623 1666009503 1764167071412.015869 1764167071411 1764167071419
59624 1666042847 1764167071445.372559 1764167071445 1764167071452
59625 1666076191 1764167071478.729248 1764167071479 1764167071486
59626 1666109534 1764167071512.085205 1764167071511 1764167071519
59627 1666142878 1764167071545.442139 1764167071545 1764167071552
59628 1666176222 1764167071578.799072 1764167071579 1764167071586
59629 1666209566 1764167071612.156250 1764167071612 1764167071619
59630 1666242910 1764167071645.513428 1764167071645 1764167071652
59631 1666276254 1764167071678.870605 1764167071679 1764167071686
59632 1666309598 1764167071712.228027 1764167071712 1764167071719
59633 1666342942 1764167071745.585205 1764167071745 1764167071752
59634 1666376286 1764167071778.930664 1764167071779 1764167071786
59635 1666409630 1764167071812.276123 1764167071812 1764167071819
59636 1666442974 1764167071845.621338 1764167071845 1764167071852
59637 1666476318 1764167071878.966797 1764167071878 1764167071886
59638 1666509662 1764167071912.312256 1764167071912 1764167071919
59639 1666543005 1764167071945.656494 1764167071946 1764167071953
59640 1666576349 1764167071979.001953 1764167071979 1764167071986
59641 1666609693 1764167072012.347412 1764167072012 1764167072019
59642 1666643037 1764167072045.692871 1764167072046 1764167072053
59643 1666676381 1764167072079.038330 1764167072078 1764167072086
59644 1666709725 1764167072112.383545 1764167072112 1764167072119
59645 1666743069 1764167072145.729004 1764167072146 1764167072153
59646 1666776413 1764167072179.074463 1764167072178 1764167072186
59647 1666809757 1764167072212.419922 1764167072212 1764167072219
59648 1666843101 1764167072245.765625 1764167072246 1764167072253
59649 1666876445 1764167072279.111084 1764167072278 1764167072286
59650 1666909789 1764167072312.456543 1764167072312 1764167072319
59651 1666943133 1764167072345.802002 1764167072346 1764167072353
59652 1666976476 1764167072379.146484 1764167072378 1764167072386
59653 1667009820 1764167072412.491943 1764167072412 1764167072419
59654 1667043164 1764167072445.837646 1764167072446 1764167072453
59655 1667076508 1764167072479.183105 1764167072479 1764167072486
59656 1667109852 1764167072512.528564 1764167072512 1764167072519
59657 1667143196 1764167072545.874268 1764167072546 1764167072553
59658 1667176540 1764167072579.219727 1764167072579 1764167072586
59659 1667209884 1764167072612.565430 1764167072612 1764167072619
59660 1667243228 1764167072645.910889 1764167072646 1764167072653
59661 1667276572 1764167072679.256592 1764167072679 1764167072686
59662 1667309916 1764167072712.602051 1764167072712 1764167072719
59663 1667343260 1764167072745.947754 1764167072746 1764167072753
59664 1667376604 1764167072779.292725 1764167072779 1764167072786
59665 1667409948 1764167072812.637695 1764167072813 1764167072820
59666 1667443291 1764167072845.981689 1764167072846 1764167072853
59667 1667476635 1764167072879.326660 1764167072879 1764167072886
59668 1667509979 1764167072912.671631 1764167072913 1764167072920
59669 1667543323 1764167072946.016602 1764167072945 1764167072953
59670 1667576667 1764167072979.361572 1764167072979 1764167072987
59671 1667610011 1764167073012.706543 1764167073013 1764167073020
59672 1667643355 1764167073046.051758 1764167073045 1764167073053
59673 1667676699 1764167073079.396729 1764167073079 1764167073086
59674 1667710043 1764167073112.741699 1764167073113 1764167073120
59675 1667743387 1764167073146.086670 1764167073145 1764167073153
59676 1667776731 1764167073179.431885 1764167073179 1764167073186
59677 1667810075 1764167073212.776855 1764167073213 1764167073220
59678 1667843419 1764167073246.121826 1764167073245 1764167073253
59679 1667876762 1764167073279.465820 1764167073279 1764167073286
59680 1667910106 1764167073312.811035 1764167073313 1764167073320
59681 1667943450 1764167073346.156006 1764167073346 1764167073353
59682 1667976794 1764167073379.500977 1764167073379 1764167073386
59683 1668010138 1764167073412.846191 1764167073413 1764167073420
59684 1668043482 1764167073446.191162 1764167073446 1764167073453
59685 1668076826 1764167073479.536377 1764167073479 1764167073486
59686 1668110170 1764167073512.881348 1764167073513 1764167073520
59687 1668143514 1764167073546.226562 1764167073546 1764167073553
59688 1668176858 1764167073579.571533 1764167073579 1764167073586
59689 1668210202 1764167073612.916748 1764167073613 1764167073620
59690 1668243546 1764167073646.261719 1764167073646 1764167073653
59691 1668276890 1764167073679.606934 1764167073679 1764167073686
59692 1668310233 1764167073712.950928 1764167073713 1764167073720
59693 1668343577 1764167073746.296143 1764167073746 1764167073753
59694 1668376921 1764167073779.640625 1764167073780 1764167073787
59695 1668410265 1764167073812.985107 1764167073812 1764167073820
59696 1668443609 1764167073846.329590 1764167073846 1764167073853
59697 1668476953 1764167073879.674316 1764167073880 1764167073887
59698 1668510297 1764167073913.018799 1764167073912 1764167073920
59699 1668543641 1764167073946.363281 1764167073946 1764167073953
59700 1668576985 1764167073979.707764 1764167073980 1764167073987
59701 1668610329 1764167074013.052246 1764167074012 1764167074020
59702 1668643673 1764167074046.396729 1764167074046 1764167074053
59703 1668677017 1764167074079.741455 1764167074080 1764167074087
59704 1668710361 1764167074113.085938 1764167074112 1764167074120
59705 1668743705 1764167074146.430420 1764167074146 1764167074153
59706 1668777048 1764167074179.773926 1764167074180 1764167074187
59707 1668810392 1764167074213.118408 1764167074212 1764167074220
59708 1668843736 1764167074246.462891 1764167074246 1764167074253
59709 1668877080 1764167074279.807373 1764167074280 1764167074287
59710 1668910424 1764167074313.151855 1764167074312 1764167074320
59711 1668943768 1764167074346.496338 1764167074346 1764167074353
59712 1668977112 1764167074379.840820 1764167074380 1764167074387
59713 1669010456 1764167074413.185547 1764167074413 1764167074420
59714 1669043800 1764167074446.530029 1764167074446 1764167074453
59715 1669077144 1764167074479.874512 1764167074480 1764167074487
59716 1669110488 1764167074513.218994 1764167074513 1764167074520
59717 1669143832 1764167074546.563477 1764167074546 1764167074553
59718 1669177176 1764167074579.907959 1764167074580 1764167074587
59719 1669210519 1764167074613.251465 1764167074613 1764167074620
59720 1669243863 1764167074646.595947 1764167074646 1764167074653
59721 1669277207 1764167074679.940430 1764167074680 1764167074687
59722 1669310551 1764167074713.284912 1764167074713 1764167074720
59723 1669343895 1764167074746.629395 1764167074746 1764167074754
59724 1669377239 1764167074779.973389 1764167074780 1764167074787
59725 1669410583 1764167074813.317383 1764167074813 1764167074820
59726 1669443927 1764167074846.661377 1764167074847 1764167074854
59727 1669477271 1764167074880.005371 1764167074879 1764167074887
59728 1669510615 1764167074913.349365 1764167074913 1764167074920
59729 1669543959 1764167074946.693359 1764167074947 1764167074954
59730 1669577303 1764167074980.037354 1764167074979 1764167074987
59731 1669610647 1764167075013.381104 1764167075013 1764167075020
59732 1669643990 1764167075046.724121 1764167075047 1764167075054
59733 1669677334 1764167075080.068115 1764167075079 1764167075087
59734 1669710678 1764167075113.412109 1764167075113 1764167075120
59735 1669744022 1764167075146.755859 1764167075147 1764167075154
59736 1669777366 1764167075180.099854 1764167075179 1764167075187
59737 1669810710 1764167075213.443848 1764167075213 1764167075220
59738 1669844054 1764167075246.787598 1764167075247 1764167075254
59739 1669877398 1764167075280.131592 1764167075279 1764167075287
59740 1669910742 1764167075313.475342 1764167075313 1764167075320
59741 1669944086 1764167075346.819336 1764167075347 1764167075354
59742 1669977430 1764167075380.163086 1764167075379 1764167075387
59743 1670010774 1764167075413.506836 1764167075413 1764167075420
59744 1670044118 1764167075446.850830 1764167075447 1764167075454
59745 1670077462 1764167075480.194580 1764167075479 1764167075487
59746 1670110805 1764167075513.537354 1764167075513 1764167075520
59747 1670144149 1764167075546.881348 1764167075547 1764167075554
59748 1670177493 1764167075580.225098 1764167075580 1764167075587
59749 1670210837 1764167075613.568848 1764167075613 1764167075620
59750 1670244181 1764167075646.912598 1764167075647 1764167075654
59751 1670277525 1764167075680.256348 1764167075680 1764167075687
59752 1670310869 1764167075713.600098 1764167075713 1764167075720
59753 1670344213 1764167075746.943848 1764167075747 1764167075754
59754 1670377557 1764167075780.289307 1764167075780 1764167075787
59755 1670410901 1764167075813.633057 1764167075813 1764167075820
59756 1670444245 1764167075846.976562 1764167075846 1764167075855
59757 1670477589 1764167075880.320068 1764167075880 1764167075887
59758 1670510933 1764167075913.663574 1764167075913 1764167075920
59759 1670544276 1764167075947.006104 1764167075947 1764167075954
59760 1670577620 1764167075980.349609 1764167075980 1764167075987
59761 1670610964 1764167076013.693115 1764167076014 1764167076021
59762 1670644308 1764167076047.036621 1764167076046 1764167076054
59763 1670677652 1764167076080.380127 1764167076080 1764167076087
59764 1670710996 1764167076113.723633 1764167076114 1764167076121
59765 1670744340 1764167076147.066895 1764167076147 1764167076154
59767 1670811028 1764167076213.753906 1764167076214 1764167076221
59766 1670777684 1764167076180.410400 1764167076180 1764167076187
59768 1670844372 1764167076247.097168 1764167076247 1764167076254
59769 1670877716 1764167076280.440674 1764167076280 1764167076287
59770 1670911060 1764167076313.783936 1764167076314 1764167076321
59771 1670944404 1764167076347.127441 1764167076346 1764167076354
59772 1670977747 1764167076380.469727 1764167076380 1764167076387
59773 1671011091 1764167076413.813232 1764167076414 1764167076421
59774 1671044435 1764167076447.156494 1764167076446 1764167076454
59775 1671077779 1764167076480.499756 1764167076480 1764167076487
59776 1671111123 1764167076513.843018 1764167076514 1764167076521
59777 1671144467 1764167076547.186279 1764167076546 1764167076554
59778 1671177811 1764167076580.529785 1764167076580 1764167076587
59779 1671211155 1764167076613.873047 1764167076614 1764167076621
59780 1671244499 1764167076647.216309 1764167076646 1764167076654
59781 1671277843 1764167076680.559570 1764167076680 1764167076687
59782 1671311187 1764167076713.902832 1764167076714 1764167076721
59783 1671344531 1764167076747.246094 1764167076746 1764167076754
59784 1671377875 1764167076780.589111 1764167076780 1764167076787
59785 1671411219 1764167076813.931641 1764167076814 1764167076821
59786 1671444562 1764167076847.273193 1764167076846 1764167076854
59787 1671477906 1764167076880.615723 1764167076880 1764167076887
59788 1671511250 1764167076913.958252 1764167076914 1764167076921
59789 1671544594 1764167076947.300781 1764167076946 1764167076954
59790 1671577938 1764167076980.643311 1764167076980 1764167076987
59791 1671611282 1764167077013.985596 1764167077014 1764167077021
59792 1671644626 1764167077047.328125 1764167077046 1764167077054
59793 1671677970 1764167077080.670410 1764167077080 1764167077087
59794 1671711314 1764167077114.012939 1764167077114 1764167077121
59795 1671744658 1764167077147.355225 1764167077147 1764167077154
59796 1671778002 1764167077180.697510 1764167077180 1764167077187
59797 1671811346 1764167077214.039795 1764167077214 1764167077221
59798 1671844690 1764167077247.382080 1764167077247 1764167077254
59799 1671878033 1764167077280.723389 1764167077280 1764167077287
59800 1671911377 1764167077314.065674 1764167077314 1764167077321
59801 1671944721 1764167077347.407959 1764167077347 1764167077354
59802 1671978065 1764167077380.750244 1764167077380 1764167077387
59803 1672011409 1764167077414.092529 1764167077414 1764167077421
59804 1672044753 1764167077447.434570 1764167077447 1764167077454
59805 1672078097 1764167077480.776855 1764167077480 1764167077487
59806 1672111441 1764167077514.118896 1764167077514 1764167077521
59807 1672144785 1764167077547.461182 1764167077547 1764167077554
59808 1672178129 1764167077580.803223 1764167077580 1764167077587
59809 1672211473 1764167077614.145264 1764167077614 1764167077621
59810 1672244817 1764167077647.487305 1764167077647 1764167077654
59811 1672278161 1764167077680.829590 1764167077680 1764167077687
59812 1672311504 1764167077714.170654 1764167077714 1764167077721
59813 1672344848 1764167077747.512451 1764167077747 1764167077754
59814 1672378192 1764167077780.854492 1764167077781 1764167077788
59815 1672411536 1764167077814.195801 1764167077814 1764167077821
59816 1672444880 1764167077847.537109 1764167077847 1764167077854
59817 1672478224 1764167077880.878418 1764167077881 1764167077888
59818 1672511568 1764167077914.219727 1764167077913 1764167077921
59819 1672544912 1764167077947.560791 1764167077947 1764167077954
59820 1672578256 1764167077980.901855 1764167077981 1764167077988
59821 1672611600 1764167078014.243164 1764167078013 1764167078021
59822 1672644944 1764167078047.584229 1764167078047 1764167078054
59823 1672678288 1764167078080.925293 1764167078081 1764167078088
59824 1672711632 1764167078114.266357 1764167078113 1764167078121
59825 1672744976 1764167078147.607422 1764167078147 1764167078154
59826 1672778319 1764167078180.947266 1764167078181 1764167078188
59827 1672811663 1764167078214.288330 1764167078213 1764167078221
59828 1672845007 1764167078247.629395 1764167078247 1764167078254
59829 1672878351 1764167078280.970215 1764167078281 1764167078288
59830 1672911695 1764167078314.311035 1764167078313 1764167078321
59831 1672945039 1764167078347.651855 1764167078347 1764167078354
59832 1672978383 1764167078380.992676 1764167078381 1764167078388
59833 1673011727 1764167078414.333496 1764167078414 1764167078421
59834 1673045071 1764167078447.674316 1764167078447 1764167078454
59835 1673078415 1764167078481.015137 1764167078481 1764167078488
59836 1673111759 1764167078514.355957 1764167078514 1764167078521
59837 1673145103 1764167078547.696533 1764167078547 1764167078554
59838 1673178447 1764167078581.037354 1764167078581 1764167078588
59839 1673211790 1764167078614.376953 1764167078614 1764167078621
59840 1673245134 1764167078647.717529 1764167078647 1764167078654
59841 1673278478 1764167078681.058105 1764167078681 1764167078688
59842 1673311822 1764167078714.398682 1764167078714 1764167078721
59843 1673345166 1764167078747.739258 1764167078748 1764167078755
59844 1673378510 1764167078781.079834 1764167078781 1764167078788
59845 1673411854 1764167078814.421387 1764167078814 1764167078821
59846 1673445198 1764167078847.763184 1764167078848 1764167078855
59847 1673478542 1764167078881.104736 1764167078880 1764167078888
59848 1673511886 1764167078914.446289 1764167078914 1764167078921
59849 1673545230 1764167078947.787842 1764167078947 1764167078956
59850 1673578574 1764167078981.129395 1764167078980 1764167078988
59851 1673611918 1764167079014.470947 1764167079014 1764167079021
59852 1673645261 1764167079047.811523 1764167079048 1764167079055
59853 1673678605 1764167079081.152832 1764167079080 1764167079088
59854 1673711949 1764167079114.494385 1764167079114 1764167079121
59855 1673745293 1764167079147.835938 1764167079148 1764167079155
59856 1673778637 1764167079181.177246 1764167079180 1764167079188
59857 1673811981 1764167079214.518555 1764167079214 1764167079221
59858 1673845325 1764167079247.859863 1764167079248 1764167079255
59859 1673878669 1764167079281.201416 1764167079280 1764167079288
59860 1673912013 1764167079314.542725 1764167079314 1764167079321
59861 1673945357 1764167079347.884033 1764167079348 1764167079355
59862 1673978701 1764167079381.225098 1764167079381 1764167079388
59863 1674012045 1764167079414.566406 1764167079414 1764167079421
59864 1674045389 1764167079447.907715 1764167079447 1764167079455
59865 1674078733 1764167079481.248779 1764167079481 1764167079488
59866 1674112076 1764167079514.589111 1764167079514 1764167079521
59867 1674145420 1764167079547.930176 1764167079548 1764167079555
59868 1674178764 1764167079581.271484 1764167079581 1764167079588
59869 1674212108 1764167079614.612549 1764167079614 1764167079621
59870 1674245452 1764167079647.953613 1764167079648 1764167079655
59871 1674278796 1764167079681.294678 1764167079681 1764167079688
59872 1674312140 1764167079714.635742 1764167079715 1764167079722
59873 1674345484 1764167079747.976807 1764167079747 1764167079755
59874 1674378828 1764167079781.317627 1764167079781 1764167079788
59875 1674412172 1764167079814.659668 1764167079814 1764167079822
59876 1674445516 1764167079848.001709 1764167079847 1764167079855
59877 1674478860 1764167079881.343750 1764167079881 1764167079888
59878 1674512204 1764167079914.685791 1764167079915 1764167079922
59879 1674545547 1764167079948.026611 1764167079947 1764167079955
59880 1674578891 1764167079981.368408 1764167079981 1764167079988
59881 1674612235 1764167080014.710449 1764167080015 1764167080022
59882 1674645579 1764167080048.052246 1764167080047 1764167080055
59883 1674678923 1764167080081.394043 1764167080081 1764167080088
59884 1674712267 1764167080114.736084 1764167080115 1764167080122
59885 1674745611 1764167080148.077881 1764167080147 1764167080155
59886 1674778955 1764167080181.419678 1764167080181 1764167080188
59887 1674812299 1764167080214.761475 1764167080215 1764167080222
59888 1674845643 1764167080248.103027 1764167080248 1764167080255
59889 1674878987 1764167080281.444824 1764167080281 1764167080288
59890 1674912331 1764167080314.786621 1764167080315 1764167080322
59891 1674945675 1764167080348.128174 1764167080348 1764167080355
59892 1674979018 1764167080381.468994 1764167080381 1764167080388
59893 1675012362 1764167080414.810547 1764167080415 1764167080422
59894 1675045706 1764167080448.152344 1764167080448 1764167080455
59895 1675079050 1764167080481.493896 1764167080481 1764167080488
59896 1675112394 1764167080514.835449 1764167080515 1764167080522
59897 1675145738 1764167080548.177002 1764167080548 1764167080555
59898 1675179082 1764167080581.518555 1764167080582 1764167080590
59899 1675212426 1764167080614.860107 1764167080615 1764167080622
59900 1675245770 1764167080648.201660 1764167080648 1764167080655
59901 1675279114 1764167080681.543213 1764167080682 1764167080689
59902 1675312458 1764167080714.884766 1764167080714 1764167080722
59903 1675345802 1764167080748.226074 1764167080748 1764167080755
59904 1675379146 1764167080781.567627 1764167080782 1764167080789
59905 1675412490 1764167080814.909912 1764167080814 1764167080822
59906 1675445833 1764167080848.251465 1764167080848 1764167080855
59907 1675479177 1764167080881.593750 1764167080882 1764167080889
59908 1675512521 1764167080914.936035 1764167080914 1764167080922
59909 1675545865 1764167080948.278564 1764167080948 1764167080955
59910 1675579209 1764167080981.620850 1764167080982 1764167080989
59911 1675612553 1764167081014.963135 1764167081014 1764167081022
59912 1675645897 1764167081048.305420 1764167081048 1764167081055
59913 1675679241 1764167081081.647705 1764167081082 1764167081089
59914 1675712585 1764167081114.989990 1764167081114 1764167081122
59915 1675745929 1764167081148.332275 1764167081148 1764167081155
59916 1675779273 1764167081181.674561 1764167081182 1764167081189
59917 1675812617 1764167081215.016602 1764167081215 1764167081222
59918 1675845961 1764167081248.358887 1764167081248 1764167081255
59919 1675879304 1764167081281.700195 1764167081282 1764167081289
59920 1675912648 1764167081315.042236 1764167081315 1764167081322
59921 1675945992 1764167081348.384521 1764167081348 1764167081355
59922 1675979336 1764167081381.726562 1764167081381 1764167081389
59923 1676012680 1764167081415.068604 1764167081415 1764167081422
59924 1676046024 1764167081448.410645 1764167081448 1764167081455
59925 1676079368 1764167081481.752930 1764167081481 1764167081489
59926 1676112712 1764167081515.094971 1764167081515 1764167081522
59927 1676146056 1764167081548.437012 1764167081549 1764167081556
59928 1676179400 1764167081581.779053 1764167081581 1764167081589
59929 1676212744 1764167081615.121094 1764167081615 1764167081622
59930 1676246088 1764167081648.463135 1764167081649 1764167081656
59931 1676279432 1764167081681.804932 1764167081681 1764167081689
59932 1676312775 1764167081715.145996 1764167081715 1764167081722
59933 1676346119 1764167081748.488037 1764167081749 1764167081756
59934 1676379463 1764167081781.829834 1764167081781 1764167081789
59935 1676412807 1764167081815.172363 1764167081815 1764167081822
59936 1676446151 1764167081848.514893 1764167081849 1764167081856
59937 1676479495 1764167081881.857422 1764167081881 1764167081889
59938 1676512839 1764167081915.199951 1764167081915 1764167081922
59939 1676546183 1764167081948.542236 1764167081949 1764167081956
59940 1676579527 1764167081981.884766 1764167081981 1764167081989
59941 1676612871 1764167082015.227295 1764167082015 1764167082022
59942 1676646215 1764167082048.569580 1764167082049 1764167082056
59943 1676679559 1764167082081.912109 1764167082082 1764167082089
59944 1676712903 1764167082115.254395 1764167082115 1764167082122
59945 1676746247 1764167082148.596680 1764167082149 1764167082156
59946 1676779590 1764167082181.938232 1764167082182 1764167082189
59947 1676812934 1764167082215.280518 1764167082215 1764167082222
59948 1676846278 1764167082248.622803 1764167082249 1764167082256
59949 1676879622 1764167082281.965088 1764167082282 1764167082289
59950 1676912966 1764167082315.307373 1764167082316 1764167082323
59951 1676946310 1764167082348.649658 1764167082349 1764167082356
59952 1676979654 1764167082381.991943 1764167082382 1764167082389
59953 1677012998 1764167082415.334229 1764167082416 1764167082423
59954 1677046342 1764167082448.676270 1764167082448 1764167082456
59955 1677079686 1764167082482.018555 1764167082482 1764167082489
59956 1677113030 1764167082515.360840 1764167082516 1764167082523
59957 1677146374 1764167082548.702881 1764167082548 1764167082556
59958 1677179718 1764167082582.045166 1764167082582 1764167082589
59959 1677213061 1764167082615.386230 1764167082616 1764167082623
59960 1677246405 1764167082648.728271 1764167082648 1764167082656
59961 1677279749 1764167082682.070557 1764167082682 1764167082689
59962 1677313093 1764167082715.412598 1764167082716 1764167082723
59963 1677346437 1764167082748.754639 1764167082748 1764167082756
59964 1677379781 1764167082782.096680 1764167082782 1764167082789
59965 1677413125 1764167082815.440430 1764167082816 1764167082823
59966 1677446469 1764167082848.783936 1764167082848 1764167082856
59967 1677479813 1764167082882.127686 1764167082882 1764167082889
59968 1677513157 1764167082915.471191 1764167082916 1764167082923
59969 1677546501 1764167082948.814941 1764167082948 1764167082956
59970 1677579845 1764167082982.158447 1764167082982 1764167082989
59971 1677613189 1764167083015.502197 1764167083016 1764167083023
59972 1677646532 1764167083048.844727 1764167083049 1764167083056
59973 1677679876 1764167083082.188232 1764167083082 1764167083089
59974 1677713220 1764167083115.531982 1764167083116 1764167083123
59975 1677746564 1764167083148.875488 1764167083149 1764167083156
59976 1677779908 1764167083182.219238 1764167083183 1764167083190
59977 1677813252 1764167083215.562744 1764167083216 1764167083223
59978 1677846596 1764167083248.906250 1764167083249 1764167083256
59979 1677879940 1764167083282.250000 1764167083283 1764167083290
59980 1677913284 1764167083315.593506 1764167083316 1764167083323
59981 1677946628 1764167083348.937012 1764167083349 1764167083356
59982 1677979972 1764167083382.280518 1764167083383 1764167083390
59983 1678013316 1764167083415.624268 1764167083415 1764167083423
59984 1678046660 1764167083448.967773 1764167083449 1764167083456
59985 1678080004 1764167083482.311279 1764167083483 1764167083490
59986 1678113347 1764167083515.653809 1764167083515 1764167083523
59987 1678146691 1764167083548.997559 1764167083549 1764167083556
59988 1678180035 1764167083582.341064 1764167083583 1764167083590
59989 1678213379 1764167083615.684570 1764167083615 1764167083623
59990 1678246723 1764167083649.028076 1764167083649 1764167083656
59991 1678280067 1764167083682.371582 1764167083683 1764167083690
59992 1678313411 1764167083715.715088 1764167083715 1764167083723
59993 1678346755 1764167083749.058594 1764167083749 1764167083756
59994 1678380099 1764167083782.402344 1764167083783 1764167083790
59995 1678413443 1764167083815.746094 1764167083815 1764167083823
59996 1678446787 1764167083849.089844 1764167083849 1764167083856
59997 1678480131 1764167083882.433594 1764167083883 1764167083890
59998 1678513475 1764167083915.777344 1764167083916 1764167083923
59999 1678546818 1764167083949.120117 1764167083949 1764167083956
60000 1678580162 1764167083982.463867 1764167083983 1764167083990
60001 1678613506 1764167084015.807617 1764167084016 1764167084023
60002 1678646850 1764167084049.151367 1764167084049 1764167084056
60003 1678680194 1764167084082.495117 1764167084083 1764167084090
60004 1678713538 1764167084115.838867 1764167084116 1764167084123
60005 1678746882 1764167084149.182617 1764167084149 1764167084156
60006 1678780226 1764167084182.526367 1764167084183 1764167084190
60007 1678813570 1764167084215.870117 1764167084216 1764167084223
60008 1678846914 1764167084249.213867 1764167084250 1764167084257
60009 1678880258 1764167084282.557373 1764167084282 1764167084290
60010 1678913602 1764167084315.901123 1764167084316 1764167084323
60011 1678946946 1764167084349.244873 1764167084350 1764167084357
60012 1678980289 1764167084382.587646 1764167084382 1764167084390
60013 1679013633 1764167084415.931152 1764167084416 1764167084423
60014 1679046977 1764167084449.274902 1764167084450 1764167084457
60015 1679080321 1764167084482.618652 1764167084482 1764167084490
60016 1679113665 1764167084515.962158 1764167084516 1764167084523
60017 1679147009 1764167084549.305908 1764167084550 1764167084557
60018 1679180353 1764167084582.649658 1764167084582 1764167084590
60019 1679213697 1764167084615.993164 1764167084616 1764167084623
60020 1679247041 1764167084649.336914 1764167084650 1764167084657
60021 1679280385 1764167084682.680420 1764167084682 1764167084690
60022 1679313729 1764167084716.024170 1764167084716 1764167084723
60023 1679347073 1764167084749.367676 1764167084750 1764167084757
60024 1679380417 1764167084782.711426 1764167084782 1764167084790
60025 1679413761 1764167084816.055420 1764167084816 1764167084823
60026 1679447104 1764167084849.398682 1764167084850 1764167084857
60027 1679480448 1764167084882.742676 1764167084883 1764167084890
60028 1679513792 1764167084916.086914 1764167084916 1764167084923
60029 1679547136 1764167084949.430908 1764167084950 1764167084959
60030 1679580480 1764167084982.775146 1764167084983 1764167084990
60031 1679613824 1764167085016.119141 1764167085016 1764167085023
60032 1679647168 1764167085049.463379 1764167085050 1764167085057
60033 1679680512 1764167085082.807373 1764167085083 1764167085090
60034 1679713856 1764167085116.151611 1764167085117 1764167085124
60035 1679747200 1764167085149.495605 1764167085150 1764167085157
60036 1679780544 1764167085182.839844 1764167085183 1764167085190
60037 1679813888 1764167085216.183838 1764167085217 1764167085224
60038 1679847232 1764167085249.528076 1764167085249 1764167085257
60039 1679880575 1764167085282.871094 1764167085283 1764167085290
60040 1679913919 1764167085316.215332 1764167085317 1764167085324
60041 1679947263 1764167085349.559326 1764167085349 1764167085357
60042 1679980607 1764167085382.903320 1764167085383 1764167085390
60043 1680013951 1764167085416.247559 1764167085417 1764167085424
60044 1680047295 1764167085449.591553 1764167085449 1764167085457
60045 1680080639 1764167085482.935547 1764167085483 1764167085490
60046 1680113983 1764167085516.279785 1764167085517 1764167085524
60047 1680147327 1764167085549.623779 1764167085549 1764167085557
60048 1680180671 1764167085582.967773 1764167085583 1764167085590
60049 1680214015 1764167085616.312012 1764167085617 1764167085624
60050 1680247359 1764167085649.656006 1764167085649 1764167085657
60051 1680280703 1764167085683.000000 1764167085684 1764167085691
60052 1680314046 1764167085716.343018 1764167085717 1764167085724
60053 1680347390 1764167085749.687256 1764167085750 1764167085757
60054 1680380734 1764167085783.031250 1764167085783 1764167085790
60055 1680414078 1764167085816.375488 1764167085817 1764167085824
60056 1680447422 1764167085849.719482 1764167085850 1764167085857
60057 1680480766 1764167085883.063721 1764167085883 1764167085890
60058 1680514110 1764167085916.407959 1764167085916 1764167085924
60059 1680547454 1764167085949.751953 1764167085950 1764167085958
60060 1680580798 1764167085983.096191 1764167085983 1764167085990
60061 1680614142 1764167086016.440430 1764167086017 1764167086024
60062 1680647486 1764167086049.784424 1764167086050 1764167086057
60063 1680680830 1764167086083.128662 1764167086083 1764167086090
60064 1680714174 1764167086116.472900 1764167086117 1764167086124
60065 1680747518 1764167086149.816895 1764167086150 1764167086157
60066 1680780861 1764167086183.160156 1764167086184 1764167086191
60067 1680814205 1764167086216.504150 1764167086216 1764167086226
60068 1680847549 1764167086249.848389 1764167086250 1764167086257
60069 1680880893 1764167086283.192627 1764167086284 1764167086291
60070 1680914237 1764167086316.536621 1764167086316 1764167086326
60071 1680947581 1764167086349.880859 1764167086350 1764167086357
60072 1680980925 1764167086383.224854 1764167086384 1764167086391
60073 1681014269 1764167086416.569092 1764167086416 1764167086424
60074 1681047613 1764167086449.913086 1764167086450 1764167086457
60075 1681080957 1764167086483.257324 1764167086484 1764167086491
60076 1681114301 1764167086516.601318 1764167086516 1764167086524
60077 1681147645 1764167086549.945557 1764167086550 1764167086557
60078 1681180989 1764167086583.289551 1764167086584 1764167086591
60079 1681214332 1764167086616.632812 1764167086616 1764167086624
60080 1681247676 1764167086649.976807 1764167086650 1764167086657
60081 1681281020 1764167086683.321045 1764167086684 1764167086691
60082 1681314364 1764167086716.665039 1764167086716 1764167086724
60083 1681347708 1764167086750.009277 1764167086750 1764167086757
60084 1681381052 1764167086783.353271 1764167086784 1764167086791
60085 1681414396 1764167086816.702148 1764167086816 1764167086824
60086 1681447740 1764167086850.051025 1764167086850 1764167086857
60087 1681481084 1764167086883.399902 1764167086884 1764167086891
60088 1681514428 1764167086916.748779 1764167086917 1764167086924
60089 1681547772 1764167086950.097900 1764167086950 1764167086957
60090 1681581116 1764167086983.447021 1764167086984 1764167086991
60091 1681614460 1764167087016.796143 1764167087016 1764167087024
60092 1681647803 1764167087050.144531 1764167087050 1764167087060
60093 1681681147 1764167087083.493896 1764167087084 1764167087091
60094 1681714491 1764167087116.843262 1764167087117 1764167087124
60095 1681747835 1764167087150.192627 1764167087150 1764167087157
60096 1681781179 1764167087183.542236 1764167087184 1764167087191
60097 1681814523 1764167087216.891602 1764167087217 1764167087224
60098 1681847867 1764167087250.241211 1764167087250 1764167087257
60099 1681881211 1764167087283.591064 1764167087284 1764167087291
60100 1681914555 1764167087316.940674 1764167087317 1764167087324
60101 1681947899 1764167087350.290527 1764167087350 1764167087357
60102 1681981243 1764167087383.640381 1764167087384 1764167087391
60103 1682014587 1764167087416.990479 1764167087417 1764167087424
60104 1682047931 1764167087450.340332 1764167087450 1764167087457
60105 1682081275 1764167087483.690430 1764167087484 1764167087491
60106 1682114618 1764167087517.039551 1764167087517 1764167087524
60107 1682147962 1764167087550.389648 1764167087551 1764167087558
60108 1682181306 1764167087583.739990 1764167087583 1764167087591
60109 1682214650 1764167087617.090332 1764167087617 1764167087624
60110 1682247994 1764167087650.440674 1764167087651 1764167087658
60111 1682281338 1764167087683.791016 1764167087683 1764167087691
60112 1682314682 1764167087717.141602 1764167087717 1764167087724
60113 1682348026 1764167087750.492188 1764167087751 1764167087758
60114 1682381370 1764167087783.842773 1764167087783 1764167087791
60115 1682414714 1764167087817.187012 1764167087817 1764167087824
60116 1682448058 1764167087850.531494 1764167087851 1764167087858
60117 1682481402 1764167087883.875977 1764167087883 1764167087891
60118 1682514746 1764167087917.220215 1764167087917 1764167087924
60119 1682548089 1764167087950.563721 1764167087951 1764167087958
60120 1682581433 1764167087983.907959 1764167087983 1764167087991
60121 1682614777 1764167088017.252441 1764167088017 1764167088024
60122 1682648121 1764167088050.596924 1764167088051 1764167088058
60123 1682681465 1764167088083.941406 1764167088083 1764167088091
60124 1682714809 1764167088117.285645 1764167088117 1764167088124
60125 1682748153 1764167088150.630127 1764167088151 1764167088158
60126 1682781497 1764167088183.974609 1764167088183 1764167088191
60127 1682814841 1764167088217.318848 1764167088217 1764167088224
60128 1682848185 1764167088250.663330 1764167088251 1764167088258
60129 1682881529 1764167088284.007812 1764167088283 1764167088291
60130 1682914873 1764167088317.352295 1764167088317 1764167088324
60131 1682948217 1764167088350.696777 1764167088350 1764167088358
60132 1682981560 1764167088384.040039 1764167088383 1764167088391
60133 1683014904 1764167088417.384521 1764167088417 1764167088424
60134 1683048248 1764167088450.729004 1764167088450 1764167088458
60135 1683081592 1764167088484.073486 1764167088483 1764167088491
60136 1683114936 1764167088517.417969 1764167088517 1764167088524
60137 1683148280 1764167088550.762451 1764167088551 1764167088558
60138 1683181624 1764167088584.106934 1764167088584 1764167088591
60139 1683214968 1764167088617.451416 1764167088617 1764167088624
60140 1683248312 1764167088650.795898 1764167088651 1764167088658
60141 1683281656 1764167088684.140381 1764167088684 1764167088691
60142 1683315000 1764167088717.484619 1764167088717 1764167088724
60143 1683348344 1764167088750.829102 1764167088751 1764167088758
60144 1683381688 1764167088784.173584 1764167088784 1764167088791
60145 1683415032 1764167088817.517822 1764167088817 1764167088824
60146 1683448375 1764167088850.861084 1764167088851 1764167088858
60147 1683481719 1764167088884.205566 1764167088884 1764167088891
60148 1683515063 1764167088917.549805 1764167088918 1764167088925
60149 1683548407 1764167088950.894043 1764167088951 1764167088958
60150 1683581751 1764167088984.238281 1764167088984 1764167088991
60151 1683615095 1764167089017.582520 1764167089018 1764167089025
60152 1683648439 1764167089050.926758 1764167089050 1764167089058
60153 1683681783 1764167089084.270996 1764167089084 1764167089091
60154 1683715127 1764167089117.615234 1764167089118 1764167089125
60155 1683748471 1764167089150.959717 1764167089150 1764167089158
60156 1683781815 1764167089184.303955 1764167089184 1764167089191
60157 1683815159 1764167089217.648193 1764167089218 1764167089225
60158 1683848503 1764167089250.992432 1764167089251 1764167089258
60159 1683881846 1764167089284.335693 1764167089284 1764167089291
60160 1683915190 1764167089317.679932 1764167089318 1764167089325
60161 1683948534 1764167089351.024170 1764167089350 1764167089358
60162 1683981878 1764167089384.368652 1764167089384 1764167089391
60163 1684015222 1764167089417.712891 1764167089418 1764167089425
60164 1684048566 1764167089451.057129 1764167089451 1764167089459
60165 1684081910 1764167089484.401367 1764167089484 1764167089491
60166 1684115254 1764167089517.745850 1764167089518 1764167089525
60167 1684148598 1764167089551.090088 1764167089550 1764167089558
60168 1684181942 1764167089584.434326 1764167089584 1764167089591
60169 1684215286 1764167089617.778564 1764167089618 1764167089625
60170 1684248630 1764167089651.123047 1764167089650 1764167089658
60171 1684281974 1764167089684.467285 1764167089684 1764167089691
60172 1684315317 1764167089717.810547 1764167089718 1764167089725
60173 1684348661 1764167089751.155029 1764167089750 1764167089758
60174 1684382005 1764167089784.499268 1764167089784 1764167089791
60175 1684415349 1764167089817.841797 1764167089818 1764167089825
60176 1684448693 1764167089851.184570 1764167089851 1764167089858
60177 1684482037 1764167089884.527100 1764167089884 1764167089891
60178 1684515381 1764167089917.869629 1764167089918 1764167089925
60179 1684548725 1764167089951.212158 1764167089950 1764167089958
60180 1684582069 1764167089984.554688 1764167089984 1764167089991
60181 1684615413 1764167090017.897461 1764167090018 1764167090025
60182 1684648757 1764167090051.239990 1764167090051 1764167090058
60183 1684682101 1764167090084.582520 1764167090084 1764167090091
60184 1684715445 1764167090117.925049 1764167090117 1764167090125
60185 1684748789 1764167090151.267578 1764167090151 1764167090159
60186 1684782132 1764167090184.609131 1764167090184 1764167090191
60187 1684815476 1764167090217.951660 1764167090218 1764167090225
60188 1684848820 1764167090251.294189 1764167090251 1764167090258
60189 1684882164 1764167090284.636719 1764167090284 1764167090291
60190 1684915508 1764167090317.979248 1764167090318 1764167090325
60191 1684948852 1764167090351.321777 1764167090351 1764167090358
60192 1684982196 1764167090384.664062 1764167090384 1764167090391
60193 1685015540 1764167090418.006592 1764167090418 1764167090425
60194 1685048884 1764167090451.349121 1764167090451 1764167090458
60195 1685082228 1764167090484.691650 1764167090484 1764167090491
60196 1685115572 1764167090518.034180 1764167090518 1764167090525
60197 1685148916 1764167090551.376465 1764167090551 1764167090558
60198 1685182260 1764167090584.718994 1764167090585 1764167090592
60199 1685215603 1764167090618.060303 1764167090618 1764167090625
60200 1685248947 1764167090651.402832 1764167090651 1764167090658
60201 1685282291 1764167090684.745361 1764167090685 1764167090692
60202 1685315635 1764167090718.087646 1764167090718 1764167090725
60203 1685348979 1764167090751.430176 1764167090751 1764167090758
60204 1685382323 1764167090784.772461 1764167090785 1764167090792
60205 1685415667 1764167090818.114746 1764167090817 1764167090826
60206 1685449011 1764167090851.457275 1764167090851 1764167090858
60207 1685482355 1764167090884.799561 1764167090885 1764167090892
60208 1685515699 1764167090918.141846 1764167090917 1764167090925
60209 1685549043 1764167090951.484131 1764167090951 1764167090958
60210 1685582387 1764167090984.826416 1764167090985 1764167090992
60211 1685615731 1764167091018.168701 1764167091017 1764167091025
60212 1685649074 1764167091051.510010 1764167091051 1764167091058
60213 1685682418 1764167091084.852295 1764167091085 1764167091092
60214 1685715762 1764167091118.194580 1764167091117 1764167091125
60215 1685749106 1764167091151.536865 1764167091151 1764167091158
60216 1685782450 1764167091184.879150 1764167091185 1764167091192
60217 1685815794 1764167091218.221436 1764167091217 1764167091225
60218 1685849138 1764167091251.563477 1764167091251 1764167091258
60219 1685882482 1764167091284.905762 1764167091285 1764167091292
60220 1685915826 1764167091318.248047 1764167091317 1764167091325
60221 1685949170 1764167091351.590332 1764167091351 1764167091358
60222 1685982514 1764167091384.932373 1764167091385 1764167091392
60223 1686015858 1764167091418.274658 1764167091417 1764167091425
60224 1686049202 1764167091451.616943 1764167091451 1764167091458
60225 1686082546 1764167091484.958984 1764167091485 1764167091492
60226 1686115889 1764167091518.300293 1764167091517 1764167091525
60227 1686149233 1764167091551.642334 1764167091551 1764167091558
60228 1686182577 1764167091584.984619 1764167091584 1764167091592
60229 1686215921 1764167091618.326660 1764167091618 1764167091625
60230 1686249265 1764167091651.668945 1764167091651 1764167091658
60231 1686282609 1764167091685.010986 1764167091685 1764167091692
60232 1686315953 1764167091718.353027 1764167091718 1764167091725
60233 1686349297 1764167091751.695312 1764167091751 1764167091758
60234 1686382641 1764167091785.037354 1764167091785 1764167091792
60235 1686415985 1764167091818.380371 1764167091818 1764167091825
60236 1686449329 1764167091851.723389 1764167091851 1764167091858
60237 1686482673 1764167091885.066406 1764167091885 1764167091892
60238 1686516017 1764167091918.409424 1764167091918 1764167091925
