68077 1943314172 1764167353890.189453 1764167353890 1764167353897
68078 1943347516 1764167353923.536133 1764167353924 1764167353931
68079 1943380860 1764167353956.882568 1764167353957 1764167353965
68080 1943414204 1764167353990.229248 1764167353990 1764167353997
68081 1943447548 1764167354023.575928 1764167354024 1764167354031
68082 1943480892 1764167354056.922607 1764167354056 1764167354064
68083 1943514236 1764167354090.269043 1764167354090 1764167354097
68084 1943547580 1764167354123.615723 1764167354124 1764167354131
68085 1943580923 1764167354156.961426 1764167354157 1764167354164
68086 1943614267 1764167354190.307861 1764167354190 1764167354197
68087 1943647611 1764167354223.654541 1764167354224 1764167354231
68088 1943680955 1764167354257.001221 1764167354257 1764167354264
68089 1943714299 1764167354290.347656 1764167354290 1764167354297
68090 1943747643 1764167354323.694336 1764167354324 1764167354331
68091 1943780987 1764167354357.041016 1764167354357 1764167354364
68092 1943814331 1764167354390.387451 1764167354390 1764167354397
68093 1943847675 1764167354423.734131 1764167354424 1764167354431
68094 1943881019 1764167354457.080566 1764167354457 1764167354464
68095 1943914363 1764167354490.427246 1764167354491 1764167354498
68096 1943947707 1764167354523.773682 1764167354523 1764167354531
68097 1943981051 1764167354557.120361 1764167354557 1764167354564
68098 1944014394 1764167354590.466064 1764167354591 1764167354598
68099 1944047738 1764167354623.812500 1764167354623 1764167354631
68100 1944081082 1764167354657.159180 1764167354657 1764167354664
68101 1944114426 1764167354690.505859 1764167354691 1764167354698
68102 1944147770 1764167354723.852295 1764167354723 1764167354731
68103 1944181114 1764167354757.198975 1764167354757 1764167354764
68104 1944214458 1764167354790.545654 1764167354791 1764167354798
68105 1944247802 1764167354823.892090 1764167354823 1764167354831
68106 1944281146 1764167354857.238770 1764167354858 1764167354866
68107 1944314490 1764167354890.585449 1764167354891 1764167354898
68108 1944347834 1764167354923.931885 1764167354923 1764167354931
68109 1944381178 1764167354957.278564 1764167354957 1764167354964
68110 1944414522 1764167354990.625000 1764167354991 1764167354998
68111 1944447865 1764167355023.970703 1764167355024 1764167355031
68112 1944481209 1764167355057.317139 1764167355057 1764167355064
68113 1944514553 1764167355090.663818 1764167355091 1764167355098
68114 1944547897 1764167355124.010254 1764167355124 1764167355131
68115 1944581241 1764167355157.356934 1764167355157 1764167355164
68116 1944614585 1764167355190.703369 1764167355191 1764167355198
68117 1944647929 1764167355224.050049 1764167355224 1764167355231
68118 1944681273 1764167355257.396484 1764167355258 1764167355265
68119 1944714617 1764167355290.743164 1764167355291 1764167355298
68120 1944747961 1764167355324.089600 1764167355324 1764167355331
68121 1944781305 1764167355357.436279 1764167355358 1764167355365
68122 1944814649 1764167355390.782715 1764167355390 1764167355398
68123 1944847993 1764167355424.129150 1764167355424 1764167355431
68124 1944881337 1764167355457.475830 1764167355458 1764167355465
68125 1944914680 1764167355490.821289 1764167355490 1764167355498
68126 1944948024 1764167355524.167725 1764167355524 1764167355531
68127 1944981368 1764167355557.514404 1764167355558 1764167355565
68128 1945014712 1764167355590.862793 1764167355590 1764167355598
68129 1945048056 1764167355624.211426 1764167355624 1764167355631
68130 1945081400 1764167355657.560059 1764167355658 1764167355665
68131 1945114744 1764167355690.908447 1764167355690 1764167355698
68132 1945148088 1764167355724.257080 1764167355724 1764167355731
68133 1945181432 1764167355757.605713 1764167355758 1764167355765
68134 1945214776 1764167355790.954346 1764167355791 1764167355798
68135 1945248120 1764167355824.302979 1764167355824 1764167355831
68136 1945281464 1764167355857.651367 1764167355858 1764167355865
68137 1945314808 1764167355891.000000 1764167355891 1764167355898
68138 1945348151 1764167355924.347656 1764167355924 1764167355931
68139 1945381495 1764167355957.696289 1764167355958 1764167355965
68140 1945414839 1764167355991.044922 1764167355991 1764167355998
68141 1945448183 1764167356024.393555 1764167356024 1764167356031
68142 1945481527 1764167356057.742432 1764167356058 1764167356065
68143 1945514871 1764167356091.091064 1764167356091 1764167356098
68144 1945548215 1764167356124.439697 1764167356125 1764167356132
68145 1945581559 1764167356157.788330 1764167356157 1764167356165
68146 1945614903 1764167356191.137207 1764167356191 1764167356198
68147 1945648247 1764167356224.485840 1764167356225 1764167356232
68148 1945681591 1764167356257.834473 1764167356257 1764167356265
68149 1945714935 1764167356291.183350 1764167356291 1764167356298
68150 1945748279 1764167356324.531982 1764167356325 1764167356332
68151 1945781622 1764167356357.879639 1764167356357 1764167356365
68152 1945814966 1764167356391.228516 1764167356391 1764167356398
68153 1945848310 1764167356424.577393 1764167356424 1764167356432
68154 1945881654 1764167356457.926025 1764167356457 1764167356465
68155 1945914998 1764167356491.274902 1764167356491 1764167356498
68156 1945948342 1764167356524.623535 1764167356525 1764167356532
68157 1945981686 1764167356557.972412 1764167356557 1764167356565
68158 1946015030 1764167356591.319580 1764167356591 1764167356598
68159 1946048374 1764167356624.666748 1764167356625 1764167356632
68160 1946081718 1764167356658.013672 1764167356657 1764167356665
68161 1946115062 1764167356691.360840 1764167356691 1764167356698
68162 1946148406 1764167356724.708008 1764167356724 1764167356732
68163 1946181750 1764167356758.055176 1764167356757 1764167356765
68164 1946215094 1764167356791.402100 1764167356791 1764167356798
68165 1946248437 1764167356824.748291 1764167356825 1764167356832
68166 1946281781 1764167356858.095459 1764167356857 1764167356865
68167 1946315125 1764167356891.442627 1764167356891 1764167356898
68168 1946348469 1764167356924.789795 1764167356925 1764167356932
68169 1946381813 1764167356958.136963 1764167356958 1764167356965
68170 1946415157 1764167356991.483887 1764167356991 1764167356998
68171 1946448501 1764167357024.831055 1764167357024 1764167357033
68172 1946481845 1764167357058.178223 1764167357058 1764167357065
68173 1946515189 1764167357091.525391 1764167357092 1764167357099
68174 1946548533 1764167357124.872559 1764167357125 1764167357132
68175 1946581877 1764167357158.219727 1764167357158 1764167357165
68176 1946615221 1764167357191.566895 1764167357191 1764167357198
68177 1946648565 1764167357224.914062 1764167357225 1764167357232
68178 1946681908 1764167357258.260254 1764167357258 1764167357265
68179 1946715252 1764167357291.607422 1764167357291 1764167357298
68180 1946748596 1764167357324.954590 1764167357325 1764167357332
68181 1946781940 1764167357358.301758 1764167357358 1764167357365
68182 1946815284 1764167357391.648926 1764167357392 1764167357399
68183 1946848628 1764167357424.996094 1764167357425 1764167357432
68184 1946881972 1764167357458.343262 1764167357458 1764167357465
68185 1946915316 1764167357491.690430 1764167357492 1764167357499
68186 1946948660 1764167357525.037598 1764167357524 1764167357532
68187 1946982004 1764167357558.384766 1764167357558 1764167357565
68188 1947015348 1764167357591.729736 1764167357592 1764167357599
68189 1947048692 1764167357625.074707 1764167357624 1764167357632
68190 1947082036 1764167357658.419678 1764167357658 1764167357665
68191 1947115379 1764167357691.763428 1764167357692 1764167357699
68192 1947148723 1764167357725.108398 1764167357724 1764167357732
68193 1947182067 1764167357758.453369 1764167357758 1764167357765
68194 1947215411 1764167357791.798096 1764167357792 1764167357799
68195 1947248755 1764167357825.143066 1764167357824 1764167357832
68196 1947282099 1764167357858.487793 1764167357858 1764167357865
68197 1947315443 1764167357891.832520 1764167357892 1764167357899
68198 1947348787 1764167357925.177490 1764167357924 1764167357932
68199 1947382131 1764167357958.522217 1764167357958 1764167357965
68200 1947415475 1764167357991.866943 1764167357992 1764167357999
68201 1947448819 1764167358025.211670 1764167358024 1764167358032
68202 1947482163 1764167358058.556396 1764167358058 1764167358065
68203 1947515507 1764167358091.901123 1764167358092 1764167358099
68204 1947548851 1764167358125.245850 1764167358124 1764167358132
68205 1947582194 1764167358158.589600 1764167358158 1764167358165
68206 1947615538 1764167358191.934326 1764167358192 1764167358199
68207 1947648882 1764167358225.278809 1764167358225 1764167358232
68208 1947682226 1764167358258.623535 1764167358258 1764167358265
68209 1947715570 1764167358291.968262 1764167358292 1764167358299
68210 1947748914 1764167358325.312744 1764167358325 1764167358332
68211 1947782258 1764167358358.657471 1764167358359 1764167358366
68212 1947815602 1764167358392.001953 1764167358392 1764167358399
68213 1947848946 1764167358425.346680 1764167358425 1764167358432
68214 1947882290 1764167358458.691162 1764167358459 1764167358466
68215 1947915634 1764167358492.035645 1764167358492 1764167358499
68216 1947948978 1764167358525.380127 1764167358525 1764167358532
68217 1947982322 1764167358558.724854 1764167358558 1764167358565
68218 1948015665 1764167358592.068848 1764167358592 1764167358599
68219 1948049009 1764167358625.413818 1764167358625 1764167358634
68220 1948082353 1764167358658.758789 1764167358658 1764167358666
68221 1948115697 1764167358692.103760 1764167358692 1764167358699
68222 1948149041 1764167358725.448975 1764167358725 1764167358732
68223 1948182385 1764167358758.793945 1764167358759 1764167358766
68224 1948215729 1764167358792.138916 1764167358791 1764167358799
68225 1948249073 1764167358825.483887 1764167358825 1764167358832
68226 1948282417 1764167358858.828857 1764167358859 1764167358866
68227 1948315761 1764167358892.173828 1764167358891 1764167358899
68228 1948349105 1764167358925.518799 1764167358925 1764167358932
68229 1948382449 1764167358958.863770 1764167358959 1764167358966
68230 1948415793 1764167358992.208740 1764167358991 1764167358999
68231 1948449136 1764167359025.552734 1764167359026 1764167359033
68232 1948482480 1764167359058.897461 1764167359059 1764167359066
68233 1948515824 1764167359092.242432 1764167359091 1764167359099
68234 1948549168 1764167359125.587402 1764167359125 1764167359132
68235 1948582512 1764167359158.932373 1764167359159 1764167359166
68236 1948615856 1764167359192.277344 1764167359191 1764167359199
68237 1948649200 1764167359225.622070 1764167359225 1764167359232
68238 1948682544 1764167359258.967041 1764167359259 1764167359266
68239 1948715888 1764167359292.312012 1764167359291 1764167359299
68240 1948749232 1764167359325.656738 1764167359325 1764167359332
68241 1948782576 1764167359359.001709 1764167359359 1764167359366
68242 1948815920 1764167359392.346436 1764167359391 1764167359399
68243 1948849264 1764167359425.691406 1764167359425 1764167359432
68244 1948882608 1764167359459.036377 1764167359459 1764167359466
68245 1948915951 1764167359492.380127 1764167359492 1764167359499
68246 1948949295 1764167359525.724854 1764167359525 1764167359532
68247 1948982639 1764167359559.069824 1764167359559 1764167359566
68248 1949015983 1764167359592.413086 1764167359592 1764167359599
68249 1949049327 1764167359625.756104 1764167359625 1764167359632
68250 1949082671 1764167359659.099365 1764167359659 1764167359666
68251 1949116015 1764167359692.442383 1764167359692 1764167359699
68252 1949149359 1764167359725.785645 1764167359725 1764167359732
68253 1949182703 1764167359759.128662 1764167359759 1764167359766
68254 1949216047 1764167359792.471680 1764167359792 1764167359799
68255 1949249391 1764167359825.814697 1764167359826 1764167359833
68256 1949282735 1764167359859.157715 1764167359858 1764167359866
68257 1949316079 1764167359892.500732 1764167359892 1764167359899
68258 1949349422 1764167359925.842773 1764167359926 1764167359933
68259 1949382766 1764167359959.185547 1764167359958 1764167359966
68260 1949416110 1764167359992.528564 1764167359992 1764167359999
68261 1949449454 1764167360025.871338 1764167360026 1764167360033
68262 1949482798 1764167360059.214355 1764167360058 1764167360066
68263 1949516142 1764167360092.557129 1764167360092 1764167360099
68264 1949549486 1764167360125.899902 1764167360126 1764167360133
68265 1949582830 1764167360159.242676 1764167360158 1764167360166
68266 1949616174 1764167360192.585449 1764167360192 1764167360199
68267 1949649518 1764167360225.928223 1764167360226 1764167360233
68268 1949682862 1764167360259.270996 1764167360258 1764167360266
68269 1949716206 1764167360292.613525 1764167360292 1764167360299
68270 1949749550 1764167360325.956299 1764167360326 1764167360333
68271 1949782893 1764167360359.297852 1764167360358 1764167360366
68272 1949816237 1764167360392.640625 1764167360392 1764167360399
68273 1949849581 1764167360425.983154 1764167360426 1764167360433
68274 1949882925 1764167360459.325684 1764167360458 1764167360468
68275 1949916269 1764167360492.668213 1764167360492 1764167360499
68276 1949949613 1764167360526.010742 1764167360526 1764167360533
68277 1949982957 1764167360559.353271 1764167360558 1764167360566
68278 1950016301 1764167360592.697266 1764167360592 1764167360599
68279 1950049645 1764167360626.041260 1764167360626 1764167360633
68280 1950082989 1764167360659.385254 1764167360658 1764167360666
68281 1950116333 1764167360692.729248 1764167360692 1764167360699
68282 1950149677 1764167360726.073242 1764167360725 1764167360733
68283 1950183021 1764167360759.417236 1764167360759 1764167360766
68284 1950216365 1764167360792.760986 1764167360792 1764167360800
68285 1950249708 1764167360826.104004 1764167360826 1764167360833
68286 1950283052 1764167360859.447754 1764167360859 1764167360866
68287 1950316396 1764167360892.791748 1764167360892 1764167360899
68288 1950349740 1764167360926.135498 1764167360925 1764167360933
68289 1950383084 1764167360959.479248 1764167360959 1764167360966
68290 1950416428 1764167360992.823242 1764167360993 1764167361000
68291 1950449772 1764167361026.166992 1764167361026 1764167361033
68292 1950483116 1764167361059.510742 1764167361059 1764167361066
68293 1950516460 1764167361092.854492 1764167361093 1764167361100
68294 1950549804 1764167361126.198242 1764167361126 1764167361133
68295 1950583148 1764167361159.541992 1764167361159 1764167361166
68296 1950616492 1764167361192.885498 1764167361193 1764167361200
68297 1950649836 1764167361226.229248 1764167361226 1764167361233
68298 1950683179 1764167361259.572021 1764167361259 1764167361266
68299 1950716523 1764167361292.915527 1764167361293 1764167361300
68300 1950749867 1764167361326.259277 1764167361325 1764167361333
68301 1950783211 1764167361359.602783 1764167361359 1764167361366
68302 1950816555 1764167361392.946289 1764167361393 1764167361400
68303 1950849899 1764167361426.290039 1764167361425 1764167361433
68304 1950883243 1764167361459.633545 1764167361459 1764167361466
68305 1950916587 1764167361492.977051 1764167361493 1764167361500
68306 1950949931 1764167361526.320557 1764167361525 1764167361533
68307 1950983275 1764167361559.664062 1764167361559 1764167361566
68308 1951016619 1764167361593.006104 1764167361593 1764167361600
68309 1951049963 1764167361626.348145 1764167361625 1764167361633
68310 1951083307 1764167361659.689941 1764167361659 1764167361666
68311 1951116650 1764167361693.030762 1764167361693 1764167361700
68312 1951149994 1764167361726.372559 1764167361725 1764167361733
68313 1951183338 1764167361759.714355 1764167361759 1764167361766
68314 1951216682 1764167361793.056152 1764167361793 1764167361800
68315 1951250026 1764167361826.397949 1764167361825 1764167361833
68316 1951283370 1764167361859.739746 1764167361859 1764167361866
68317 1951316714 1764167361893.081543 1764167361893 1764167361900
68318 1951350058 1764167361926.423096 1764167361925 1764167361933
68319 1951383402 1764167361959.764648 1764167361959 1764167361966
68320 1951416746 1764167361993.106445 1764167361993 1764167362000
68321 1951450090 1764167362026.447998 1764167362026 1764167362033
68322 1951483434 1764167362059.789551 1764167362059 1764167362066
68323 1951516778 1764167362093.131104 1764167362093 1764167362100
68324 1951550122 1764167362126.472656 1764167362126 1764167362133
68325 1951583465 1764167362159.812988 1764167362159 1764167362166
68326 1951616809 1764167362193.154541 1764167362193 1764167362200
68327 1951650153 1764167362226.495850 1764167362226 1764167362233
68328 1951683497 1764167362259.837402 1764167362260 1764167362267
68329 1951716841 1764167362293.178711 1764167362293 1764167362300
68330 1951750185 1764167362326.520020 1764167362326 1764167362333
68331 1951783529 1764167362359.861328 1764167362359 1764167362366
68332 1951816873 1764167362393.202637 1764167362393 1764167362400
68333 1951850217 1764167362426.543945 1764167362426 1764167362433
68334 1951883561 1764167362459.885010 1764167362460 1764167362467
68335 1951916905 1764167362493.226318 1764167362492 1764167362500
68336 1951950249 1764167362526.567383 1764167362526 1764167362533
68337 1951983593 1764167362559.908691 1764167362560 1764167362567
68338 1952016936 1764167362593.248779 1764167362592 1764167362600
68339 1952050280 1764167362626.590088 1764167362626 1764167362633
68340 1952083624 1764167362659.931396 1764167362660 1764167362667
68341 1952116968 1764167362693.272705 1764167362692 1764167362700
68342 1952150312 1764167362726.613770 1764167362726 1764167362734
68343 1952183656 1764167362759.954834 1764167362760 1764167362767
68344 1952217000 1764167362793.295898 1764167362793 1764167362801
68345 1952250344 1764167362826.636963 1764167362826 1764167362833
68346 1952283688 1764167362859.978027 1764167362860 1764167362867
68347 1952317032 1764167362893.319092 1764167362893 1764167362900
68348 1952350376 1764167362926.660156 1764167362926 1764167362933
68349 1952383720 1764167362960.000977 1764167362960 1764167362967
68350 1952417064 1764167362993.341797 1764167362992 1764167363000
68351 1952450407 1764167363026.681885 1764167363026 1764167363033
68352 1952483751 1764167363060.022705 1764167363060 1764167363067
68353 1952517095 1764167363093.363525 1764167363093 1764167363100
68354 1952550439 1764167363126.704102 1764167363126 1764167363133
68355 1952583783 1764167363160.044922 1764167363160 1764167363167
68356 1952617127 1764167363193.385742 1764167363193 1764167363200
68357 1952650471 1764167363226.726318 1764167363226 1764167363233
68358 1952683815 1764167363260.066895 1764167363260 1764167363267
68359 1952717159 1764167363293.407471 1764167363293 1764167363300
68360 1952750503 1764167363326.748047 1764167363326 1764167363333
68361 1952783847 1764167363360.088623 1764167363360 1764167363367
68362 1952817191 1764167363393.429199 1764167363393 1764167363400
68363 1952850535 1764167363426.769775 1764167363427 1764167363434
68364 1952883879 1764167363460.110107 1764167363460 1764167363467
68365 1952917222 1764167363493.449463 1764167363493 1764167363500
68366 1952950566 1764167363526.789795 1764167363526 1764167363533
68367 1952983910 1764167363560.130371 1764167363559 1764167363567
68368 1953017254 1764167363593.471436 1764167363593 1764167363600
68369 1953050598 1764167363626.812500 1764167363627 1764167363634
68370 1953083942 1764167363660.153564 1764167363660 1764167363667
68371 1953117286 1764167363693.494385 1764167363693 1764167363700
68372 1953150630 1764167363726.835449 1764167363727 1764167363734
68373 1953183974 1764167363760.176514 1764167363760 1764167363767
68374 1953217318 1764167363793.517334 1764167363793 1764167363800
68375 1953250662 1764167363826.858154 1764167363827 1764167363834
68376 1953284006 1764167363860.198975 1764167363859 1764167363867
68377 1953317350 1764167363893.539795 1764167363893 1764167363900
68378 1953350693 1764167363926.879639 1764167363927 1764167363934
68379 1953384037 1764167363960.220459 1764167363959 1764167363967
68380 1953417381 1764167363993.561035 1764167363993 1764167364000
68381 1953450725 1764167364026.901855 1764167364027 1764167364034
68382 1953484069 1764167364060.242432 1764167364059 1764167364067
68383 1953517413 1764167364093.583008 1764167364093 1764167364100
68384 1953550757 1764167364126.923584 1764167364127 1764167364134
68385 1953584101 1764167364160.264160 1764167364159 1764167364167
68386 1953617445 1764167364193.604736 1764167364193 1764167364200
68387 1953650789 1764167364226.945068 1764167364227 1764167364234
68388 1953684133 1764167364260.285645 1764167364259 1764167364267
68389 1953717477 1764167364293.625977 1764167364293 1764167364300
68390 1953750821 1764167364326.966309 1764167364327 1764167364334
68391 1953784164 1764167364360.305664 1764167364359 1764167364367
68392 1953817508 1764167364393.645996 1764167364393 1764167364400
68393 1953850852 1764167364426.986328 1764167364426 1764167364434
68394 1953884196 1764167364460.326660 1764167364460 1764167364467
68395 1953917540 1764167364493.666748 1764167364493 1764167364500
68396 1953950884 1764167364527.007080 1764167364527 1764167364534
68397 1953984228 1764167364560.347168 1764167364560 1764167364567
68398 1954017572 1764167364593.687988 1764167364593 1764167364600
68399 1954050916 1764167364627.028809 1764167364627 1764167364634
68400 1954084260 1764167364660.369385 1764167364660 1764167364667
68401 1954117604 1764167364693.710205 1764167364693 1764167364700
68402 1954150948 1764167364727.050781 1764167364727 1764167364734
68403 1954184292 1764167364760.391602 1764167364760 1764167364767
68404 1954217636 1764167364793.732178 1764167364793 1764167364800
68405 1954250979 1764167364827.071533 1764167364827 1764167364834
68406 1954284323 1764167364860.412109 1764167364860 1764167364867
68407 1954317667 1764167364893.752686 1764167364894 1764167364901
68408 1954351011 1764167364927.093018 1764167364927 1764167364934
68409 1954384355 1764167364960.433594 1764167364960 1764167364967
68410 1954417699 1764167364993.773926 1764167364994 1764167365001
68411 1954451043 1764167365027.114258 1764167365027 1764167365034
68412 1954484387 1764167365060.454590 1764167365060 1764167365067
68413 1954517731 1764167365093.794922 1764167365094 1764167365101
68414 1954551075 1764167365127.135254 1764167365126 1764167365134
68415 1954584419 1764167365160.475342 1764167365160 1764167365167
68416 1954617763 1764167365193.815674 1764167365194 1764167365201
68417 1954651107 1764167365227.155762 1764167365226 1764167365234
68418 1954684450 1764167365260.494873 1764167365260 1764167365267
68419 1954717794 1764167365293.834961 1764167365294 1764167365301
68420 1954751138 1764167365327.175049 1764167365326 1764167365334
68421 1954784482 1764167365360.515137 1764167365360 1764167365367
68422 1954817826 1764167365393.855225 1764167365394 1764167365401
68423 1954851170 1764167365427.195068 1764167365427 1764167365434
68424 1954884514 1764167365460.534912 1764167365460 1764167365467
68425 1954917858 1764167365493.875000 1764167365494 1764167365501
68426 1954951202 1764167365527.214844 1764167365526 1764167365534
68427 1954984546 1764167365560.554688 1764167365560 1764167365567
68428 1955017890 1764167365593.895264 1764167365594 1764167365601
68429 1955051234 1764167365627.236084 1764167365626 1764167365634
68430 1955084578 1764167365660.576660 1764167365660 1764167365667
68431 1955117921 1764167365693.916260 1764167365694 1764167365701
68432 1955151265 1764167365727.256836 1764167365726 1764167365734
68433 1955184609 1764167365760.597412 1764167365760 1764167365767
68434 1955217953 1764167365793.937988 1764167365794 1764167365801
68435 1955251297 1764167365827.278564 1764167365827 1764167365834
68436 1955284641 1764167365860.618896 1764167365860 1764167365867
68437 1955317985 1764167365893.959473 1764167365894 1764167365901
68438 1955351329 1764167365927.299805 1764167365927 1764167365934
68439 1955384673 1764167365960.640137 1764167365960 1764167365967
68440 1955418017 1764167365993.980469 1764167365994 1764167366001
68441 1955451361 1764167366027.320801 1764167366027 1764167366034
68442 1955484705 1764167366060.661133 1764167366060 1764167366067
68443 1955518049 1764167366094.001465 1764167366094 1764167366101
68444 1955551393 1764167366127.341553 1764167366127 1764167366134
68445 1955584736 1764167366160.680908 1764167366160 1764167366167
68446 1955618080 1764167366194.020996 1764167366194 1764167366201
68447 1955651424 1764167366227.361084 1764167366227 1764167366234
68448 1955684768 1764167366260.701172 1764167366261 1764167366268
68449 1955718112 1764167366294.041260 1764167366294 1764167366301
68450 1955751456 1764167366327.381348 1764167366327 1764167366334
68451 1955784800 1764167366360.721191 1764167366361 1764167366368
68452 1955818144 1764167366394.061279 1764167366393 1764167366401
68453 1955851488 1764167366427.401123 1764167366427 1764167366434
68454 1955884832 1764167366460.741211 1764167366461 1764167366468
68455 1955918176 1764167366494.081055 1764167366493 1764167366501
68456 1955951520 1764167366527.420898 1764167366527 1764167366534
68457 1955984864 1764167366560.760742 1764167366561 1764167366568
68458 1956018207 1764167366594.099854 1764167366593 1764167366601
68459 1956051551 1764167366627.440186 1764167366627 1764167366634
68460 1956084895 1764167366660.780273 1764167366661 1764167366668
68461 1956118239 1764167366694.120605 1764167366693 1764167366701
68462 1956151583 1764167366727.460693 1764167366727 1764167366734
68463 1956184927 1764167366760.800781 1764167366760 1764167366768
68464 1956218271 1764167366794.140869 1764167366793 1764167366801
68465 1956251615 1764167366827.480957 1764167366827 1764167366834
68466 1956284959 1764167366860.820801 1764167366861 1764167366868
68467 1956318303 1764167366894.160889 1764167366894 1764167366901
68468 1956351647 1764167366927.500732 1764167366927 1764167366934
68469 1956384991 1764167366960.840820 1764167366961 1764167366968
68470 1956418335 1764167366994.180664 1764167366994 1764167367001
68471 1956451678 1764167367027.519531 1764167367028 1764167367035
68472 1956485022 1764167367060.859375 1764167367061 1764167367068
68473 1956518366 1764167367094.198975 1764167367094 1764167367101
68474 1956551710 1764167367127.538818 1764167367127 1764167367134
68475 1956585054 1764167367160.878662 1764167367160 1764167367168
68476 1956618398 1764167367194.218262 1764167367194 1764167367201
68477 1956651742 1764167367227.557861 1764167367227 1764167367234
68478 1956685086 1764167367260.897461 1764167367261 1764167367268
68479 1956718430 1764167367294.237061 1764167367294 1764167367301
68480 1956751774 1764167367327.576660 1764167367327 1764167367334
68481 1956785118 1764167367360.916260 1764167367361 1764167367368
68482 1956818462 1764167367394.255859 1764167367394 1764167367401
68483 1956851806 1764167367427.595215 1764167367428 1764167367435
68484 1956885150 1764167367460.934570 1764167367460 1764167367468
68485 1956918493 1764167367494.273193 1764167367494 1764167367501
68486 1956951837 1764167367527.612549 1764167367528 1764167367535
68487 1956985181 1764167367560.951904 1764167367561 1764167367568
68488 1957018525 1764167367594.293701 1764167367594 1764167367601
68489 1957051869 1764167367627.635742 1764167367628 1764167367635
68490 1957085213 1764167367660.977539 1764167367660 1764167367668
68491 1957118557 1764167367694.319580 1764167367694 1764167367701
68492 1957151901 1764167367727.661377 1764167367728 1764167367735
68493 1957185245 1764167367761.003174 1764167367760 1764167367768
68494 1957218589 1764167367794.345215 1764167367794 1764167367801
68495 1957251933 1764167367827.687012 1764167367828 1764167367835
68496 1957285277 1764167367861.028809 1764167367860 1764167367868
68497 1957318621 1764167367894.370605 1764167367894 1764167367901
68498 1957351964 1764167367927.711426 1764167367928 1764167367935
68499 1957385308 1764167367961.053223 1764167367960 1764167367968
68500 1957418652 1764167367994.394775 1764167367994 1764167368001
68501 1957451996 1764167368027.736572 1764167368028 1764167368035
68502 1957485340 1764167368061.078369 1764167368060 1764167368068
68503 1957518684 1764167368094.419922 1764167368094 1764167368101
68504 1957552028 1764167368127.761719 1764167368127 1764167368136
68505 1957585372 1764167368161.103271 1764167368160 1764167368168
68506 1957618716 1764167368194.445068 1764167368194 1764167368201
68507 1957652060 1764167368227.786621 1764167368228 1764167368235
68508 1957685404 1764167368261.128174 1764167368261 1764167368268
68509 1957718748 1764167368294.469727 1764167368294 1764167368301
68510 1957752092 1764167368327.811279 1764167368328 1764167368335
68511 1957785435 1764167368361.151855 1764167368361 1764167368368
68512 1957818779 1764167368394.493408 1764167368394 1764167368401
68513 1957852123 1764167368427.834961 1764167368428 1764167368435
68514 1957885467 1764167368461.176514 1764167368461 1764167368468
68515 1957918811 1764167368494.518066 1764167368494 1764167368501
68516 1957952155 1764167368527.859375 1764167368528 1764167368535
68517 1957985499 1764167368561.200928 1764167368561 1764167368568
68518 1958018843 1764167368594.541748 1764167368594 1764167368601
68519 1958052187 1764167368627.882324 1764167368628 1764167368635
68520 1958085531 1764167368661.223145 1764167368661 1764167368668
68521 1958118875 1764167368694.563965 1764167368695 1764167368702
68522 1958152219 1764167368727.904541 1764167368728 1764167368735
68523 1958185563 1764167368761.245117 1764167368761 1764167368770
68524 1958218907 1764167368794.585938 1764167368795 1764167368802
68525 1958252250 1764167368827.925537 1764167368827 1764167368835
68526 1958285594 1764167368861.266113 1764167368861 1764167368868
68527 1958318938 1764167368894.606689 1764167368895 1764167368902
68528 1958352282 1764167368927.947266 1764167368927 1764167368935
68529 1958385626 1764167368961.287842 1764167368961 1764167368968
68530 1958418970 1764167368994.628174 1764167368995 1764167369002
68531 1958452314 1764167369027.968750 1764167369027 1764167369035
68532 1958485658 1764167369061.309082 1764167369061 1764167369068
68533 1958519002 1764167369094.649658 1764167369095 1764167369102
68534 1958552346 1764167369127.989990 1764167369127 1764167369135
68535 1958585690 1764167369161.330322 1764167369161 1764167369168
68536 1958619034 1764167369194.670898 1764167369195 1764167369202
68537 1958652378 1764167369228.011230 1764167369227 1764167369235
68538 1958685721 1764167369261.350586 1764167369261 1764167369268
68539 1958719065 1764167369294.690674 1764167369295 1764167369302
68540 1958752409 1764167369328.031006 1764167369327 1764167369335
68541 1958785753 1764167369361.371338 1764167369361 1764167369368
68542 1958819097 1764167369394.711670 1764167369395 1764167369402
68543 1958852441 1764167369428.051758 1764167369427 1764167369435
68544 1958885785 1764167369461.392090 1764167369461 1764167369468
68545 1958919129 1764167369494.732178 1764167369495 1764167369502
68546 1958952473 1764167369528.072266 1764167369528 1764167369535
68547 1958985817 1764167369561.412354 1764167369561 1764167369568
68548 1959019161 1764167369594.753174 1764167369595 1764167369602
68549 1959052505 1764167369628.093994 1764167369628 1764167369635
68550 1959085849 1764167369661.434570 1764167369661 1764167369668
68551 1959119192 1764167369694.774414 1764167369695 1764167369702
68552 1959152536 1764167369728.114990 1764167369728 1764167369735
68553 1959185880 1764167369761.455566 1764167369761 1764167369768
68554 1959219224 1764167369794.796143 1764167369795 1764167369802
68555 1959252568 1764167369828.136719 1764167369828 1764167369835
68556 1959285912 1764167369861.477539 1764167369861 1764167369868
68557 1959319256 1764167369894.817871 1764167369895 1764167369902
68558 1959352600 1764167369928.158447 1764167369928 1764167369935
68559 1959385944 1764167369961.499023 1764167369962 1764167369969
68560 1959419288 1764167369994.839600 1764167369995 1764167370002
68561 1959452632 1764167370028.179932 1764167370028 1764167370035
68562 1959485976 1764167370061.520508 1764167370062 1764167370069
68563 1959519320 1764167370094.860840 1764167370094 1764167370102
68564 1959552664 1764167370128.201416 1764167370128 1764167370135
68565 1959586007 1764167370161.540771 1764167370162 1764167370169
68566 1959619351 1764167370194.881104 1764167370194 1764167370202
68567 1959652695 1764167370228.221436 1764167370228 1764167370235
68568 1959686039 1764167370261.561768 1764167370262 1764167370269
68569 1959719383 1764167370294.902100 1764167370294 1764167370302
68570 1959752727 1764167370328.242432 1764167370328 1764167370335
68571 1959786071 1764167370361.582764 1764167370362 1764167370369
68572 1959819415 1764167370394.923096 1764167370394 1764167370402
68573 1959852759 1764167370428.263428 1764167370428 1764167370435
68574 1959886103 1764167370461.603516 1764167370462 1764167370469
68575 1959919447 1764167370494.943848 1764167370494 1764167370502
68576 1959952791 1764167370528.283936 1764167370528 1764167370535
68577 1959986135 1764167370561.624023 1764167370562 1764167370569
68578 1960019478 1764167370594.963867 1764167370594 1764167370602
68579 1960052822 1764167370628.304932 1764167370628 1764167370635
68580 1960086166 1764167370661.645752 1764167370662 1764167370669
68581 1960119510 1764167370694.986572 1764167370694 1764167370702
68582 1960152854 1764167370728.327393 1764167370728 1764167370735
68583 1960186198 1764167370761.667969 1764167370762 1764167370769
68584 1960219542 1764167370795.008789 1764167370795 1764167370802
68585 1960252886 1764167370828.349609 1764167370828 1764167370835
68586 1960286230 1764167370861.690430 1764167370862 1764167370869
68587 1960319574 1764167370895.031006 1764167370895 1764167370902
68588 1960352918 1764167370928.371826 1764167370928 1764167370935
68589 1960386262 1764167370961.712402 1764167370962 1764167370969
68590 1960419606 1764167370995.053223 1764167370995 1764167371002
68591 1960452949 1764167371028.392822 1764167371028 1764167371035
68592 1960486293 1764167371061.733398 1764167371062 1764167371069
68593 1960519637 1764167371095.073975 1764167371095 1764167371102
68594 1960552981 1764167371128.414551 1764167371128 1764167371135
68595 1960586325 1764167371161.755371 1764167371161 1764167371169
68596 1960619669 1764167371195.095947 1764167371195 1764167371202
68597 1960653013 1764167371228.436279 1764167371229 1764167371236
68598 1960686357 1764167371261.776855 1764167371262 1764167371269
68599 1960719701 1764167371295.117432 1764167371295 1764167371302
68600 1960753045 1764167371328.458008 1764167371329 1764167371336
68601 1960786389 1764167371361.798584 1764167371362 1764167371369
68602 1960819733 1764167371395.138916 1764167371395 1764167371402
68603 1960853077 1764167371428.479492 1764167371429 1764167371436
68604 1960886421 1764167371461.819824 1764167371461 1764167371469
68605 1960919764 1764167371495.159424 1764167371495 1764167371502
68606 1960953108 1764167371528.499756 1764167371529 1764167371536
68607 1960986452 1764167371561.840088 1764167371561 1764167371569
68608 1961019796 1764167371595.182373 1764167371595 1764167371602
68609 1961053140 1764167371628.528076 1764167371629 1764167371636
68610 1961086484 1764167371661.873779 1764167371661 1764167371669
68611 1961119828 1764167371695.219482 1764167371695 1764167371702
68612 1961153172 1764167371728.565186 1764167371729 1764167371736
68613 1961186516 1764167371761.911133 1764167371761 1764167371769
68614 1961219860 1764167371795.256836 1764167371795 1764167371802
68615 1961253204 1764167371828.602783 1764167371829 1764167371836
68616 1961286548 1764167371861.948730 1764167371861 1764167371869
68617 1961319892 1764167371895.294678 1764167371895 1764167371902
68618 1961353235 1764167371928.639648 1764167371928 1764167371936
68619 1961386579 1764167371961.985596 1764167371961 1764167371969
68620 1961419923 1764167371995.331543 1764167371995 1764167372002
68621 1961453267 1764167372028.677490 1764167372029 1764167372036
68622 1961486611 1764167372062.023682 1764167372062 1764167372069
68623 1961519955 1764167372095.369629 1764167372095 1764167372102
68624 1961553299 1764167372128.715820 1764167372129 1764167372136
68625 1961586643 1764167372162.062012 1764167372162 1764167372169
68626 1961619987 1764167372195.407959 1764167372195 1764167372202
68627 1961653331 1764167372228.754150 1764167372228 1764167372236
68628 1961686675 1764167372262.100342 1764167372262 1764167372269
68629 1961720019 1764167372295.446777 1764167372295 1764167372302
68630 1961753363 1764167372328.792969 1764167372329 1764167372336
68631 1961786706 1764167372362.138184 1764167372362 1764167372369
68632 1961820050 1764167372395.484619 1764167372395 1764167372402
68633 1961853394 1764167372428.830811 1764167372429 1764167372436
68634 1961886738 1764167372462.177246 1764167372462 1764167372469
68635 1961920082 1764167372495.523682 1764167372496 1764167372503
68636 1961953426 1764167372528.870117 1764167372529 1764167372536
68637 1961986770 1764167372562.216553 1764167372562 1764167372569
68638 1962020114 1764167372595.562988 1764167372596 1764167372603
68639 1962053458 1764167372628.904785 1764167372628 1764167372636
68640 1962086802 1764167372662.246582 1764167372663 1764167372670
68641 1962120146 1764167372695.588379 1764167372696 1764167372703
68642 1962153490 1764167372728.930176 1764167372728 1764167372736
68643 1962186834 1764167372762.271973 1764167372762 1764167372769
68644 1962220178 1764167372795.613770 1764167372796 1764167372803
68645 1962253521 1764167372828.954346 1764167372828 1764167372836
68646 1962286865 1764167372862.296143 1764167372862 1764167372869
68647 1962320209 1764167372895.637939 1764167372896 1764167372903
68648 1962353553 1764167372928.979736 1764167372928 1764167372936
68649 1962386897 1764167372962.321533 1764167372962 1764167372969
68650 1962420241 1764167372995.663330 1764167372996 1764167373003
68651 1962453585 1764167373029.005127 1764167373028 1764167373036
68652 1962486929 1764167373062.346924 1764167373062 1764167373069
68653 1962520273 1764167373095.688721 1764167373096 1764167373103
68654 1962553617 1764167373129.030273 1764167373128 1764167373136
68655 1962586961 1764167373162.372070 1764167373162 1764167373169
68656 1962620305 1764167373195.713867 1764167373196 1764167373203
68657 1962653649 1764167373229.055664 1764167373228 1764167373236
68658 1962686992 1764167373262.396484 1764167373262 1764167373269
68659 1962720336 1764167373295.738281 1764167373296 1764167373303
68660 1962753680 1764167373329.079834 1764167373329 1764167373336
68661 1962787024 1764167373362.421631 1764167373362 1764167373369
68662 1962820368 1764167373395.763428 1764167373396 1764167373403
68663 1962853712 1764167373429.105225 1764167373429 1764167373436
68664 1962887056 1764167373462.447021 1764167373462 1764167373469
68665 1962920400 1764167373495.788574 1764167373495 1764167373503
68666 1962953744 1764167373529.130371 1764167373529 1764167373536
68667 1962987088 1764167373562.472168 1764167373562 1764167373570
68668 1963020432 1764167373595.813965 1764167373596 1764167373603
68669 1963053776 1764167373629.155518 1764167373629 1764167373636
68670 1963087120 1764167373662.497070 1764167373662 1764167373670
68671 1963120463 1764167373695.837891 1764167373696 1764167373703
68672 1963153807 1764167373729.179443 1764167373729 1764167373736
68673 1963187151 1764167373762.521240 1764167373763 1764167373770
68674 1963220495 1764167373795.862793 1764167373796 1764167373803
68675 1963253839 1764167373829.204346 1764167373829 1764167373836
68676 1963287183 1764167373862.546143 1764167373863 1764167373870
68677 1963320527 1764167373895.887695 1764167373895 1764167373903
68678 1963353871 1764167373929.229248 1764167373929 1764167373936
68679 1963387215 1764167373962.570801 1764167373963 1764167373970
68680 1963420559 1764167373995.912598 1764167373995 1764167374003
68681 1963453903 1764167374029.254150 1764167374029 1764167374036
68682 1963487247 1764167374062.595703 1764167374063 1764167374070
68683 1963520591 1764167374095.937256 1764167374095 1764167374103
68684 1963553935 1764167374129.278809 1764167374129 1764167374136
68685 1963587278 1764167374162.619385 1764167374163 1764167374170
68686 1963620622 1764167374195.960938 1764167374195 1764167374203
68687 1963653966 1764167374229.302490 1764167374229 1764167374236
68688 1963687310 1764167374262.644043 1764167374263 1764167374270
68689 1963720654 1764167374295.985596 1764167374295 1764167374303
68690 1963753998 1764167374329.327148 1764167374329 1764167374336
68691 1963787342 1764167374362.668701 1764167374363 1764167374370
68692 1963820686 1764167374396.010254 1764167374395 1764167374403
68693 1963854030 1764167374429.351807 1764167374429 1764167374436
68694 1963887374 1764167374462.693359 1764167374463 1764167374470
68695 1963920718 1764167374496.034912 1764167374495 1764167374503
68696 1963954062 1764167374529.376465 1764167374529 1764167374536
68697 1963987406 1764167374562.718018 1764167374563 1764167374570
68698 1964020749 1764167374596.058594 1764167374596 1764167374603
68699 1964054093 1764167374629.400146 1764167374629 1764167374636
68700 1964087437 1764167374662.741943 1764167374663 1764167374670
68701 1964120781 1764167374696.083496 1764167374696 1764167374703
68702 1964154125 1764167374729.425293 1764167374730 1764167374737
68703 1964187469 1764167374762.766846 1764167374763 1764167374770
68704 1964220813 1764167374796.108398 1764167374796 1764167374803
68705 1964254157 1764167374829.450195 1764167374829 1764167374836
68706 1964287501 1764167374862.791748 1764167374862 1764167374870
68707 1964320845 1764167374896.133301 1764167374896 1764167374903
68708 1964354189 1764167374929.475098 1764167374929 1764167374937
68709 1964387533 1764167374962.816650 1764167374963 1764167374970
68710 1964420877 1764167374996.158203 1764167374996 1764167375003
68711 1964454220 1764167375029.498779 1764167375030 1764167375037
68712 1964487564 1764167375062.840576 1764167375062 1764167375070
68713 1964520908 1764167375096.182129 1764167375096 1764167375103
68714 1964554252 1764167375129.523682 1764167375130 1764167375137
68715 1964587596 1764167375162.865234 1764167375162 1764167375170
68716 1964620940 1764167375196.206787 1764167375196 1764167375203
68717 1964654284 1764167375229.548340 1764167375230 1764167375237
68718 1964687628 1764167375262.889893 1764167375262 1764167375270
68719 1964720972 1764167375296.231689 1764167375296 1764167375303
68720 1964754316 1764167375329.573242 1764167375330 1764167375337
68721 1964787660 1764167375362.914795 1764167375362 1764167375370
68722 1964821004 1764167375396.256348 1764167375396 1764167375403
68723 1964854348 1764167375429.597900 1764167375430 1764167375437
68724 1964887692 1764167375462.939453 1764167375462 1764167375470
68725 1964921035 1764167375496.280029 1764167375496 1764167375503
68726 1964954379 1764167375529.621582 1764167375530 1764167375537
68727 1964987723 1764167375562.963135 1764167375562 1764167375570
68728 1965021067 1764167375596.304688 1764167375596 1764167375603
68729 1965054411 1764167375629.645996 1764167375630 1764167375637
68730 1965087755 1764167375662.987305 1764167375662 1764167375670
68731 1965121099 1764167375696.328613 1764167375696 1764167375703
68732 1965154443 1764167375729.670166 1764167375730 1764167375737
68733 1965187787 1764167375763.011475 1764167375762 1764167375770
68734 1965221131 1764167375796.352783 1764167375796 1764167375803
68735 1965254475 1764167375829.694092 1764167375830 1764167375837
68736 1965287819 1764167375863.035400 1764167375863 1764167375870
68737 1965321163 1764167375896.376709 1764167375896 1764167375903
68738 1965354506 1764167375929.717041 1764167375930 1764167375937
68739 1965387850 1764167375963.058350 1764167375963 1764167375970
68740 1965421194 1764167375996.399658 1764167375996 1764167376003
68741 1965454538 1764167376029.740967 1764167376030 1764167376037
68742 1965487882 1764167376063.082275 1764167376063 1764167376070
68743 1965521226 1764167376096.423584 1764167376096 1764167376103
68744 1965554570 1764167376129.764893 1764167376130 1764167376137
68745 1965587914 1764167376163.106201 1764167376163 1764167376170
68746 1965621258 1764167376196.447510 1764167376197 1764167376204
68747 1965654602 1764167376229.788574 1764167376230 1764167376237
68748 1965687946 1764167376263.129883 1764167376263 1764167376270
68749 1965721290 1764167376296.471191 1764167376296 1764167376305
68750 1965754634 1764167376329.812500 1764167376330 1764167376337
68751 1965787977 1764167376363.152588 1764167376363 1764167376370
68752 1965821321 1764167376396.493896 1764167376397 1764167376404
68753 1965854665 1764167376429.835205 1764167376430 1764167376437
68754 1965888009 1764167376463.176270 1764167376463 1764167376470
68755 1965921353 1764167376496.517578 1764167376497 1764167376504
68756 1965954697 1764167376529.858643 1764167376529 1764167376537
68757 1965988041 1764167376563.199951 1764167376563 1764167376570
68758 1966021385 1764167376596.541016 1764167376597 1764167376604
68759 1966054729 1764167376629.883301 1764167376629 1764167376637
68760 1966088073 1764167376663.225830 1764167376663 1764167376670
68761 1966121417 1764167376696.568115 1764167376697 1764167376704
68762 1966154761 1764167376729.910400 1764167376729 1764167376737
68763 1966188105 1764167376763.252686 1764167376763 1764167376770
68764 1966221449 1764167376796.595215 1764167376797 1764167376804
68765 1966254792 1764167376829.936523 1764167376829 1764167376837
68766 1966288136 1764167376863.278809 1764167376863 1764167376870
68767 1966321480 1764167376896.621094 1764167376897 1764167376904
68768 1966354824 1764167376929.963623 1764167376929 1764167376937
68769 1966388168 1764167376963.305908 1764167376963 1764167376970
68770 1966421512 1764167376996.648193 1764167376997 1764167377004
68771 1966454856 1764167377029.990723 1764167377029 1764167377037
68772 1966488200 1764167377063.333008 1764167377063 1764167377070
68773 1966521544 1764167377096.675537 1764167377097 1764167377104
68774 1966554888 1764167377130.017822 1764167377130 1764167377137
68775 1966588232 1764167377163.360107 1764167377163 1764167377170
68776 1966621576 1764167377196.702637 1764167377197 1764167377204
68777 1966654920 1764167377230.044922 1764167377230 1764167377237
68778 1966688263 1764167377263.386475 1764167377264 1764167377271
68779 1966721607 1764167377296.728760 1764167377297 1764167377304
68780 1966754951 1764167377330.071289 1764167377330 1764167377337
68781 1966788295 1764167377363.413574 1764167377363 1764167377370
68782 1966821639 1764167377396.756104 1764167377397 1764167377404
68783 1966854983 1764167377430.098633 1764167377430 1764167377437
68784 1966888327 1764167377463.440918 1764167377463 1764167377470
68785 1966921671 1764167377496.783447 1764167377497 1764167377504
68786 1966955015 1764167377530.125977 1764167377530 1764167377537
68787 1966988359 1764167377563.468262 1764167377564 1764167377571
68788 1967021703 1764167377596.810791 1764167377597 1764167377604
68789 1967055047 1764167377630.152344 1764167377630 1764167377637
68790 1967088391 1764167377663.493896 1764167377664 1764167377671
68791 1967121734 1764167377696.834229 1764167377696 1764167377704
68792 1967155078 1764167377730.175781 1764167377730 1764167377737
68793 1967188422 1764167377763.517334 1764167377764 1764167377771
68794 1967221766 1764167377796.858887 1764167377796 1764167377804
68795 1967255110 1764167377830.200195 1764167377830 1764167377837
68796 1967288454 1764167377863.541748 1764167377864 1764167377871
68797 1967321798 1764167377896.883301 1764167377896 1764167377904
68798 1967355142 1764167377930.224609 1764167377930 1764167377937
68799 1967388486 1764167377963.566162 1764167377964 1764167377971
68800 1967421830 1764167377996.907715 1764167377996 1764167378004
68801 1967455174 1764167378030.249023 1764167378030 1764167378037
68802 1967488518 1764167378063.590576 1764167378064 1764167378071
68803 1967521862 1764167378096.931885 1764167378096 1764167378104
68804 1967555206 1764167378130.273438 1764167378130 1764167378137
68805 1967588549 1764167378163.613770 1764167378164 1764167378171
68806 1967621893 1764167378196.955322 1764167378196 1764167378204
68807 1967655237 1764167378230.296631 1764167378230 1764167378237
68808 1967688581 1764167378263.637939 1764167378264 1764167378271
68809 1967721925 1764167378296.979492 1764167378296 1764167378304
68810 1967755269 1764167378330.320801 1764167378330 1764167378337
68811 1967788613 1764167378363.662109 1764167378364 1764167378371
68812 1967821957 1764167378397.003662 1764167378397 1764167378404
68813 1967855301 1764167378430.344971 1764167378430 1764167378437
68814 1967888645 1764167378463.686279 1764167378464 1764167378471
68815 1967921989 1764167378497.027588 1764167378497 1764167378504
68816 1967955333 1764167378530.369141 1764167378530 1764167378537
68817 1967988677 1764167378563.710449 1764167378564 1764167378571
68818 1968022020 1764167378597.050781 1764167378598 1764167378605
68819 1968055364 1764167378630.392334 1764167378630 1764167378637
68820 1968088708 1764167378663.734131 1764167378664 1764167378671
68821 1968122052 1764167378697.075928 1764167378697 1764167378704
68822 1968155396 1764167378730.417480 1764167378730 1764167378737
68823 1968188740 1764167378763.759277 1764167378764 1764167378771
68824 1968222084 1764167378797.100830 1764167378797 1764167378804
68825 1968255428 1764167378830.442627 1764167378831 1764167378838
68826 1968288772 1764167378863.784180 1764167378864 1764167378871
68827 1968322116 1764167378897.125732 1764167378897 1764167378904
68828 1968355460 1764167378930.467529 1764167378931 1764167378938
68829 1968388804 1764167378963.809082 1764167378963 1764167378971
68830 1968422148 1764167378997.150635 1764167378997 1764167379004
68831 1968455491 1764167379030.491455 1764167379031 1764167379038
68832 1968488835 1764167379063.833008 1764167379063 1764167379071
68833 1968522179 1764167379097.174561 1764167379097 1764167379104
68834 1968555523 1764167379130.516357 1764167379131 1764167379138
68835 1968588867 1764167379163.857910 1764167379163 1764167379171
68836 1968622211 1764167379197.199463 1764167379197 1764167379204
68837 1968655555 1764167379230.541016 1764167379231 1764167379238
68838 1968688899 1764167379263.882812 1764167379263 1764167379271
68839 1968722243 1764167379297.224365 1764167379297 1764167379305
68840 1968755587 1764167379330.565918 1764167379331 1764167379338
68841 1968788931 1764167379363.907471 1764167379363 1764167379371
68842 1968822275 1764167379397.249023 1764167379397 1764167379404
68843 1968855619 1764167379430.590576 1764167379431 1764167379438
68844 1968888963 1764167379463.932129 1764167379463 1764167379471
68845 1968922306 1764167379497.272705 1764167379497 1764167379504
68846 1968955650 1764167379530.614258 1764167379531 1764167379538
68847 1968988994 1764167379563.955811 1764167379563 1764167379571
68848 1969022338 1764167379597.297363 1764167379597 1764167379604
68849 1969055682 1764167379630.639160 1764167379631 1764167379638
68850 1969089026 1764167379663.980957 1764167379664 1764167379671
68851 1969122370 1764167379697.322754 1764167379697 1764167379704
68852 1969155714 1764167379730.664307 1764167379731 1764167379738
68853 1969189058 1764167379764.006104 1764167379764 1764167379771
68854 1969222402 1764167379797.347900 1764167379797 1764167379804
68855 1969255746 1764167379830.689697 1764167379831 1764167379838
68856 1969289090 1764167379864.031250 1764167379864 1764167379871
68857 1969322434 1764167379897.373047 1764167379898 1764167379905
68858 1969355777 1764167379930.713623 1764167379931 1764167379938
68859 1969389121 1764167379964.055420 1764167379964 1764167379971
68860 1969422465 1764167379997.397217 1764167379997 1764167380004
68861 1969455809 1764167380030.738770 1764167380031 1764167380038
68862 1969489153 1764167380064.080566 1764167380064 1764167380071
68863 1969522497 1764167380097.422363 1764167380098 1764167380105
68864 1969555841 1764167380130.763916 1764167380131 1764167380138
68865 1969589185 1764167380164.105713 1764167380164 1764167380171
68866 1969622529 1764167380197.447266 1764167380198 1764167380205
68867 1969655873 1764167380230.789062 1764167380231 1764167380238
68868 1969689217 1764167380264.130615 1764167380264 1764167380271
68869 1969722561 1764167380297.472412 1764167380298 1764167380305
68870 1969755905 1764167380330.813965 1764167380330 1764167380338
68871 1969789248 1764167380364.154785 1764167380364 1764167380371
68872 1969822592 1764167380397.496338 1764167380398 1764167380405
68873 1969855936 1764167380430.837891 1764167380430 1764167380438
68874 1969889280 1764167380464.179688 1764167380464 1764167380471
68875 1969922624 1764167380497.521240 1764167380498 1764167380505
68876 1969955968 1764167380530.863037 1764167380530 1764167380538
68877 1969989312 1764167380564.204590 1764167380564 1764167380571
68878 1970022656 1764167380597.546143 1764167380598 1764167380605
68879 1970056000 1764167380630.887451 1764167380630 1764167380638
68880 1970089344 1764167380664.228760 1764167380664 1764167380671
68881 1970122688 1764167380697.570068 1764167380698 1764167380705
68882 1970156032 1764167380730.911377 1764167380730 1764167380738
68883 1970189376 1764167380764.252686 1764167380764 1764167380772
68884 1970222720 1764167380797.593994 1764167380798 1764167380805
68885 1970256063 1764167380830.934082 1764167380830 1764167380838
68886 1970289407 1764167380864.275391 1764167380864 1764167380871
68887 1970322751 1764167380897.616699 1764167380898 1764167380905
68888 1970356095 1764167380930.958008 1764167380930 1764167380938
68889 1970389439 1764167380964.299072 1764167380964 1764167380971
68890 1970422783 1764167380997.640381 1764167380998 1764167381005
68891 1970456127 1764167381030.981689 1764167381030 1764167381038
68892 1970489471 1764167381064.322754 1764167381064 1764167381071
68893 1970522815 1764167381097.664062 1764167381098 1764167381105
68894 1970556159 1764167381131.005127 1764167381130 1764167381138
68895 1970589503 1764167381164.346436 1764167381164 1764167381171
68896 1970622847 1764167381197.687500 1764167381198 1764167381205
68897 1970656191 1764167381231.028809 1764167381231 1764167381239
68898 1970689534 1764167381264.368896 1764167381264 1764167381271
68899 1970722878 1764167381297.710205 1764167381298 1764167381305
68900 1970756222 1764167381331.051270 1764167381330 1764167381338
68901 1970789566 1764167381364.392578 1764167381364 1764167381371
68902 1970822910 1764167381397.733643 1764167381398 1764167381405
68903 1970856254 1764167381431.074707 1764167381430 1764167381438
68904 1970889598 1764167381464.415771 1764167381464 1764167381471
68905 1970922942 1764167381497.757080 1764167381498 1764167381505
68906 1970956286 1764167381531.098145 1764167381530 1764167381538
68907 1970989630 1764167381564.439209 1764167381564 1764167381571
68908 1971022974 1764167381597.780273 1764167381598 1764167381605
68909 1971056318 1764167381631.120850 1764167381630 1764167381638
68910 1971089662 1764167381664.461182 1764167381664 1764167381671
68911 1971123005 1764167381697.800537 1764167381698 1764167381705
68912 1971156349 1764167381731.140869 1764167381730 1764167381738
68913 1971189693 1764167381764.481201 1764167381764 1764167381771
68914 1971223037 1764167381797.821533 1764167381798 1764167381805
68915 1971256381 1764167381831.161865 1764167381830 1764167381838
68916 1971289725 1764167381864.502197 1764167381864 1764167381871
68917 1971323069 1764167381897.842529 1764167381898 1764167381905
68918 1971356413 1764167381931.182617 1764167381931 1764167381938
68919 1971389757 1764167381964.522949 1764167381964 1764167381971
68920 1971423101 1764167381997.863281 1764167381998 1764167382005
68921 1971456445 1764167382031.203369 1764167382031 1764167382038
68922 1971489789 1764167382064.543701 1764167382064 1764167382071
68923 1971523133 1764167382097.884033 1764167382098 1764167382105
68924 1971556477 1764167382131.224121 1764167382131 1764167382138
68925 1971589820 1764167382164.563232 1764167382164 1764167382171
68926 1971623164 1764167382197.903564 1764167382198 1764167382205
68927 1971656508 1764167382231.243652 1764167382231 1764167382239
68928 1971689852 1764167382264.583740 1764167382264 1764167382271
68929 1971723196 1764167382297.924072 1764167382298 1764167382305
68930 1971756540 1764167382331.264160 1764167382331 1764167382342
68931 1971789884 1764167382364.604248 1764167382364 1764167382371
68932 1971823228 1764167382397.944336 1764167382398 1764167382405
68933 1971856572 1764167382431.284424 1764167382431 1764167382438
68934 1971889916 1764167382464.624512 1764167382464 1764167382471
68935 1971923260 1764167382497.964600 1764167382498 1764167382505
68936 1971956604 1764167382531.304688 1764167382531 1764167382538
68937 1971989948 1764167382564.644775 1764167382564 1764167382571
68938 1972023291 1764167382597.983887 1764167382598 1764167382605
68939 1972056635 1764167382631.322754 1764167382631 1764167382638
68940 1972089979 1764167382664.661621 1764167382664 1764167382671
68941 1972123323 1764167382698.000732 1764167382697 1764167382705
68942 1972156667 1764167382731.339600 1764167382731 1764167382738
68943 1972190011 1764167382764.678467 1764167382765 1764167382772
68944 1972223355 1764167382798.017334 1764167382798 1764167382805
68945 1972256699 1764167382831.356201 1764167382831 1764167382838
68946 1972290043 1764167382864.695068 1764167382865 1764167382872
68947 1972323387 1764167382898.033691 1764167382898 1764167382905
68948 1972356731 1764167382931.372559 1764167382931 1764167382938
68949 1972390075 1764167382964.711182 1764167382965 1764167382972
68950 1972423419 1764167382998.050049 1764167382998 1764167383005
68951 1972456762 1764167383031.387695 1764167383031 1764167383038
68952 1972490106 1764167383064.726318 1764167383065 1764167383072
68953 1972523450 1764167383098.065186 1764167383098 1764167383105
68954 1972556794 1764167383131.403809 1764167383131 1764167383138
68955 1972590138 1764167383164.742432 1764167383165 1764167383172
68956 1972623482 1764167383198.081055 1764167383197 1764167383205
68957 1972656826 1764167383231.419434 1764167383231 1764167383238
68958 1972690170 1764167383264.758057 1764167383265 1764167383272
68959 1972723514 1764167383298.096680 1764167383297 1764167383305
68960 1972756858 1764167383331.435059 1764167383331 1764167383338
68961 1972790202 1764167383364.773682 1764167383365 1764167383372
68962 1972823546 1764167383398.112061 1764167383397 1764167383405
68963 1972856890 1764167383431.450439 1764167383431 1764167383438
68964 1972890234 1764167383464.789062 1764167383465 1764167383472
68965 1972923577 1764167383498.126465 1764167383497 1764167383505
68966 1972956921 1764167383531.464844 1764167383531 1764167383539
68967 1972990265 1764167383564.803223 1764167383565 1764167383572
68968 1973023609 1764167383598.141602 1764167383597 1764167383605
68969 1973056953 1764167383631.480713 1764167383631 1764167383638
68970 1973090297 1764167383664.819824 1764167383665 1764167383672
68971 1973123641 1764167383698.159180 1764167383697 1764167383705
68972 1973156985 1764167383731.498291 1764167383731 1764167383738
68973 1973190329 1764167383764.837402 1764167383765 1764167383772
68974 1973223673 1764167383798.176514 1764167383797 1764167383805
68975 1973257017 1764167383831.515625 1764167383831 1764167383838
68976 1973290361 1764167383864.854736 1764167383865 1764167383872
68977 1973323705 1764167383898.193848 1764167383897 1764167383905
68978 1973357048 1764167383931.531982 1764167383931 1764167383938
68979 1973390392 1764167383964.871094 1764167383965 1764167383972
68980 1973423736 1764167383998.210205 1764167383997 1764167384005
68981 1973457080 1764167384031.549072 1764167384031 1764167384038
68982 1973490424 1764167384064.888184 1764167384065 1764167384072
68983 1973523768 1764167384098.227295 1764167384097 1764167384105
68984 1973557112 1764167384131.566162 1764167384131 1764167384138
68985 1973590456 1764167384164.905273 1764167384165 1764167384172
68986 1973623800 1764167384198.244141 1764167384197 1764167384205
68987 1973657144 1764167384231.583252 1764167384231 1764167384238
68988 1973690488 1764167384264.922119 1764167384265 1764167384272
68989 1973723832 1764167384298.260986 1764167384297 1764167384305
68990 1973757176 1764167384331.599854 1764167384331 1764167384338
68991 1973790519 1764167384364.937988 1764167384365 1764167384372
68992 1973823863 1764167384398.276855 1764167384397 1764167384405
68993 1973857207 1764167384431.615723 1764167384431 1764167384438
68994 1973890551 1764167384464.954590 1764167384465 1764167384472
68995 1973923895 1764167384498.293457 1764167384497 1764167384505
68996 1973957239 1764167384531.632324 1764167384531 1764167384538
68997 1973990583 1764167384564.970947 1764167384565 1764167384572
68998 1974023927 1764167384598.309814 1764167384598 1764167384605
68999 1974057271 1764167384631.647949 1764167384632 1764167384639
69000 1974090615 1764167384664.986084 1764167384665 1764167384672
69001 1974123959 1764167384698.324219 1764167384698 1764167384705
69002 1974157303 1764167384731.662354 1764167384731 1764167384738
69003 1974190647 1764167384765.000244 1764167384765 1764167384772
69004 1974223991 1764167384798.338379 1764167384798 1764167384805
69005 1974257334 1764167384831.675293 1764167384831 1764167384838
69006 1974290678 1764167384865.013184 1764167384865 1764167384872
