562 3991251117 1764165101771.779541 1764165101772 1764165101779
563 3991284461 1764165101805.118652 1764165101804 1764165101812
564 3991317805 1764165101838.457520 1764165101838 1764165101845
565 3991351149 1764165101871.796387 1764165101872 1764165101879
566 3991384493 1764165101905.135254 1764165101905 1764165101912
567 3991417837 1764165101938.474365 1764165101938 1764165101945
568 3991451181 1764165101971.816895 1764165101972 1764165101979
569 3991484525 1764165102005.157227 1764165102005 1764165102012
570 3991517869 1764165102038.497314 1764165102038 1764165102045
571 3991551212 1764165102071.836426 1764165102072 1764165102079
572 3991584556 1764165102105.176514 1764165102105 1764165102112
573 3991617900 1764165102138.516602 1764165102138 1764165102145
574 3991651244 1764165102171.856689 1764165102172 1764165102179
575 3991684588 1764165102205.196533 1764165102205 1764165102212
576 3991717932 1764165102238.536621 1764165102238 1764165102245
577 3991751276 1764165102271.876709 1764165102272 1764165102279
578 3991784620 1764165102305.216553 1764165102305 1764165102312
579 3991817964 1764165102338.556396 1764165102338 1764165102346
580 3991851308 1764165102371.896240 1764165102372 1764165102379
581 3991884652 1764165102405.236084 1764165102405 1764165102412
582 3991917996 1764165102438.575928 1764165102439 1764165102446
583 3991951340 1764165102471.915771 1764165102471 1764165102479
584 3991984683 1764165102505.254639 1764165102505 1764165102512
585 3992018027 1764165102538.594482 1764165102539 1764165102546
586 3992051371 1764165102571.934082 1764165102571 1764165102579
587 3992084715 1764165102605.273926 1764165102605 1764165102612
588 3992118059 1764165102638.613525 1764165102639 1764165102646
589 3992151403 1764165102671.953125 1764165102671 1764165102679
590 3992184747 1764165102705.292725 1764165102705 1764165102712
591 3992218091 1764165102738.632324 1764165102739 1764165102746
592 3992251435 1764165102771.971924 1764165102771 1764165102779
593 3992284779 1764165102805.311523 1764165102805 1764165102812
594 3992318123 1764165102838.651123 1764165102838 1764165102846
595 3992351467 1764165102871.990479 1764165102871 1764165102879
596 3992384811 1764165102905.330078 1764165102905 1764165102912
597 3992418155 1764165102938.669434 1764165102939 1764165102946
598 3992451498 1764165102972.008057 1764165102971 1764165102979
599 3992484842 1764165103005.348145 1764165103006 1764165103013
600 3992518186 1764165103038.688477 1764165103039 1764165103046
601 3992551530 1764165103072.028809 1764165103071 1764165103079
602 3992584874 1764165103105.368896 1764165103105 1764165103112
603 3992618218 1764165103138.709229 1764165103139 1764165103146
604 3992651562 1764165103172.049316 1764165103171 1764165103179
605 3992684906 1764165103205.389404 1764165103205 1764165103212
606 3992718250 1764165103238.729492 1764165103239 1764165103246
607 3992751594 1764165103272.069580 1764165103272 1764165103279
608 3992784938 1764165103305.409668 1764165103305 1764165103312
609 3992818282 1764165103338.749756 1764165103339 1764165103346
610 3992851626 1764165103372.089844 1764165103372 1764165103379
611 3992884969 1764165103405.428955 1764165103405 1764165103412
612 3992918313 1764165103438.768799 1764165103439 1764165103446
613 3992951657 1764165103472.108887 1764165103472 1764165103479
614 3992985001 1764165103505.448730 1764165103506 1764165103513
615 3993018345 1764165103538.788818 1764165103539 1764165103546
616 3993051689 1764165103572.128662 1764165103572 1764165103579
617 3993085033 1764165103605.468506 1764165103605 1764165103612
618 3993118377 1764165103638.808350 1764165103639 1764165103646
619 3993151721 1764165103672.148193 1764165103672 1764165103679
620 3993185065 1764165103705.488037 1764165103705 1764165103712
621 3993218409 1764165103738.827881 1764165103739 1764165103746
622 3993251753 1764165103772.167725 1764165103772 1764165103779
623 3993285097 1764165103805.507324 1764165103806 1764165103813
624 3993318440 1764165103838.846191 1764165103838 1764165103846
625 3993351784 1764165103872.185791 1764165103872 1764165103879
626 3993385128 1764165103905.525635 1764165103906 1764165103913
627 3993418472 1764165103938.865234 1764165103939 1764165103946
628 3993451816 1764165103972.204834 1764165103972 1764165103979
629 3993485160 1764165104005.547852 1764165104006 1764165104013
630 3993518504 1764165104038.891113 1764165104038 1764165104046
631 3993551848 1764165104072.234131 1764165104072 1764165104079
632 3993585192 1764165104105.577148 1764165104106 1764165104113
633 3993618536 1764165104138.920166 1764165104138 1764165104146
634 3993651880 1764165104172.263184 1764165104172 1764165104179
635 3993685224 1764165104205.606201 1764165104206 1764165104213
636 3993718568 1764165104238.949219 1764165104238 1764165104246
637 3993751912 1764165104272.292236 1764165104272 1764165104279
638 3993785255 1764165104305.634277 1764165104306 1764165104313
639 3993818599 1764165104338.977295 1764165104338 1764165104346
640 3993851943 1764165104372.320312 1764165104372 1764165104379
641 3993885287 1764165104405.663330 1764165104406 1764165104413
642 3993918631 1764165104439.006348 1764165104438 1764165104446
643 3993951975 1764165104472.349365 1764165104472 1764165104479
644 3993985319 1764165104505.692383 1764165104506 1764165104513
645 3994018663 1764165104539.035400 1764165104538 1764165104546
646 3994052007 1764165104572.378418 1764165104572 1764165104579
647 3994085351 1764165104605.721436 1764165104606 1764165104613
648 3994118695 1764165104639.064209 1764165104639 1764165104646
649 3994152039 1764165104672.407227 1764165104672 1764165104679
650 3994185383 1764165104705.750244 1764165104706 1764165104713
651 3994218726 1764165104739.092285 1764165104739 1764165104746
652 3994252070 1764165104772.435303 1764165104772 1764165104779
653 3994285414 1764165104805.778320 1764165104806 1764165104813
654 3994318758 1764165104839.121338 1764165104839 1764165104846
655 3994352102 1764165104872.464355 1764165104872 1764165104879
656 3994385446 1764165104905.807373 1764165104906 1764165104913
657 3994418790 1764165104939.150391 1764165104939 1764165104946
658 3994452134 1764165104972.493408 1764165104972 1764165104979
659 3994485478 1764165105005.833496 1764165105006 1764165105013
660 3994518822 1764165105039.173340 1764165105039 1764165105046
661 3994552166 1764165105072.513428 1764165105073 1764165105080
662 3994585510 1764165105105.853516 1764165105106 1764165105113
663 3994618854 1764165105139.193604 1764165105139 1764165105146
664 3994652197 1764165105172.532471 1764165105173 1764165105180
665 3994685541 1764165105205.872559 1764165105206 1764165105213
666 3994718885 1764165105239.212402 1764165105239 1764165105246
667 3994752229 1764165105272.552246 1764165105273 1764165105280
668 3994785573 1764165105305.892334 1764165105305 1764165105313
669 3994818917 1764165105339.232178 1764165105339 1764165105346
670 3994852261 1764165105372.572021 1764165105373 1764165105380
671 3994885605 1764165105405.911865 1764165105405 1764165105413
672 3994918949 1764165105439.251709 1764165105439 1764165105446
673 3994952293 1764165105472.591553 1764165105473 1764165105480
674 3994985637 1764165105505.931396 1764165105505 1764165105513
675 3995018981 1764165105539.271240 1764165105539 1764165105546
676 3995052325 1764165105572.610840 1764165105573 1764165105580
677 3995085669 1764165105605.950684 1764165105605 1764165105613
678 3995119012 1764165105639.289551 1764165105639 1764165105646
679 3995152356 1764165105672.629150 1764165105673 1764165105680
680 3995185700 1764165105705.968750 1764165105705 1764165105713
681 3995219044 1764165105739.308594 1764165105739 1764165105746
682 3995252388 1764165105772.648193 1764165105773 1764165105780
683 3995285732 1764165105805.987793 1764165105805 1764165105813
684 3995319076 1764165105839.327393 1764165105839 1764165105846
685 3995352420 1764165105872.666992 1764165105873 1764165105880
686 3995385764 1764165105906.006592 1764165105906 1764165105913
687 3995419108 1764165105939.346191 1764165105939 1764165105946
688 3995452452 1764165105972.685791 1764165105973 1764165105980
689 3995485796 1764165106006.026367 1764165106005 1764165106013
690 3995519140 1764165106039.366943 1764165106039 1764165106046
691 3995552483 1764165106072.706543 1764165106073 1764165106080
692 3995585827 1764165106106.047363 1764165106106 1764165106113
693 3995619171 1764165106139.387939 1764165106139 1764165106146
694 3995652515 1764165106172.728516 1764165106173 1764165106180
695 3995685859 1764165106206.069092 1764165106206 1764165106213
696 3995719203 1764165106239.409668 1764165106239 1764165106246
697 3995752547 1764165106272.750000 1764165106273 1764165106280
698 3995785891 1764165106306.090576 1764165106306 1764165106313
699 3995819235 1764165106339.431152 1764165106339 1764165106346
700 3995852579 1764165106372.771729 1764165106372 1764165106380
701 3995885923 1764165106406.112305 1764165106406 1764165106413
702 3995919267 1764165106439.452881 1764165106439 1764165106446
703 3995952611 1764165106472.793213 1764165106473 1764165106480
704 3995985954 1764165106506.132812 1764165106506 1764165106513
705 3996019298 1764165106539.473145 1764165106539 1764165106547
706 3996052642 1764165106572.813721 1764165106573 1764165106580
707 3996085986 1764165106606.154297 1764165106606 1764165106613
708 3996119330 1764165106639.494629 1764165106640 1764165106647
709 3996152674 1764165106672.835205 1764165106673 1764165106680
710 3996186018 1764165106706.175537 1764165106706 1764165106713
711 3996219362 1764165106739.515869 1764165106740 1764165106747
712 3996252706 1764165106772.856445 1764165106772 1764165106780
713 3996286050 1764165106806.196777 1764165106806 1764165106813
714 3996319394 1764165106839.537109 1764165106840 1764165106847
715 3996352738 1764165106872.877686 1764165106872 1764165106880
716 3996386082 1764165106906.218018 1764165106906 1764165106913
717 3996419426 1764165106939.558350 1764165106940 1764165106947
718 3996452769 1764165106972.897705 1764165106972 1764165106980
719 3996486113 1764165107006.239014 1764165107006 1764165107013
720 3996519457 1764165107039.580566 1764165107040 1764165107047
721 3996552801 1764165107072.921875 1764165107072 1764165107080
722 3996586145 1764165107106.263184 1764165107106 1764165107113
723 3996619489 1764165107139.604736 1764165107140 1764165107147
724 3996652833 1764165107172.946045 1764165107172 1764165107180
725 3996686177 1764165107206.287354 1764165107206 1764165107213
726 3996719521 1764165107239.628906 1764165107240 1764165107247
727 3996752865 1764165107272.970215 1764165107272 1764165107280
728 3996786209 1764165107306.311523 1764165107306 1764165107313
729 3996819553 1764165107339.653076 1764165107340 1764165107347
730 3996852897 1764165107372.994385 1764165107372 1764165107380
731 3996886240 1764165107406.334717 1764165107406 1764165107413
732 3996919584 1764165107439.676270 1764165107440 1764165107447
733 3996952928 1764165107473.017578 1764165107473 1764165107480
734 3996986272 1764165107506.358887 1764165107506 1764165107513
735 3997019616 1764165107539.700439 1764165107540 1764165107547
736 3997052960 1764165107573.041748 1764165107573 1764165107580
737 3997086304 1764165107606.383057 1764165107606 1764165107613
738 3997119648 1764165107639.724365 1764165107640 1764165107647
739 3997152992 1764165107673.065918 1764165107673 1764165107680
740 3997186336 1764165107706.407227 1764165107706 1764165107713
741 3997219680 1764165107739.748535 1764165107740 1764165107747
742 3997253024 1764165107773.090088 1764165107773 1764165107780
743 3997286368 1764165107806.431396 1764165107806 1764165107813
744 3997319711 1764165107839.771729 1764165107840 1764165107847
745 3997353055 1764165107873.113037 1764165107873 1764165107880
746 3997386399 1764165107906.454590 1764165107907 1764165107914
747 3997419743 1764165107939.795898 1764165107940 1764165107947
748 3997453087 1764165107973.137207 1764165107973 1764165107980
749 3997486431 1764165108006.478271 1764165108007 1764165108014
750 3997519775 1764165108039.819336 1764165108040 1764165108047
751 3997553119 1764165108073.160400 1764165108073 1764165108080
752 3997586463 1764165108106.501709 1764165108107 1764165108114
753 3997619807 1764165108139.842773 1764165108139 1764165108148
754 3997653151 1764165108173.183838 1764165108173 1764165108180
755 3997686495 1764165108206.524902 1764165108207 1764165108214
756 3997719839 1764165108239.865967 1764165108239 1764165108247
757 3997753183 1764165108273.207031 1764165108273 1764165108280
758 3997786526 1764165108306.547119 1764165108306 1764165108314
759 3997819870 1764165108339.888184 1764165108339 1764165108347
760 3997853214 1764165108373.229004 1764165108373 1764165108380
761 3997886558 1764165108406.570068 1764165108407 1764165108414
762 3997919902 1764165108439.911133 1764165108439 1764165108447
763 3997953246 1764165108473.252197 1764165108473 1764165108480
764 3997986590 1764165108506.593262 1764165108507 1764165108514
765 3998019934 1764165108539.934326 1764165108539 1764165108547
766 3998053278 1764165108573.275391 1764165108573 1764165108580
767 3998086622 1764165108606.616455 1764165108607 1764165108614
768 3998119966 1764165108639.957520 1764165108639 1764165108647
769 3998153310 1764165108673.298584 1764165108673 1764165108680
770 3998186654 1764165108706.639404 1764165108707 1764165108714
771 3998219997 1764165108739.979492 1764165108739 1764165108747
772 3998253341 1764165108773.320557 1764165108773 1764165108780
773 3998286685 1764165108806.661621 1764165108807 1764165108814
774 3998320029 1764165108840.002686 1764165108840 1764165108847
775 3998353373 1764165108873.343506 1764165108873 1764165108880
776 3998386717 1764165108906.684570 1764165108907 1764165108914
777 3998420061 1764165108940.025635 1764165108940 1764165108947
778 3998453405 1764165108973.366699 1764165108973 1764165108980
779 3998486749 1764165109006.708252 1764165109007 1764165109014
780 3998520093 1764165109040.049561 1764165109040 1764165109047
781 3998553437 1764165109073.391113 1764165109073 1764165109080
782 3998586781 1764165109106.732666 1764165109106 1764165109114
783 3998620125 1764165109140.074219 1764165109140 1764165109147
784 3998653468 1764165109173.414795 1764165109173 1764165109180
785 3998686812 1764165109206.756348 1764165109207 1764165109214
786 3998720156 1764165109240.097656 1764165109240 1764165109247
787 3998753500 1764165109273.439209 1764165109274 1764165109281
788 3998786844 1764165109306.780762 1764165109307 1764165109314
789 3998820188 1764165109340.122314 1764165109340 1764165109347
790 3998853532 1764165109373.463867 1764165109374 1764165109381
791 3998886876 1764165109406.805420 1764165109406 1764165109414
792 3998920220 1764165109440.146729 1764165109440 1764165109447
793 3998953564 1764165109473.488281 1764165109474 1764165109481
794 3998986908 1764165109506.829834 1764165109506 1764165109514
795 3999020252 1764165109540.171387 1764165109540 1764165109547
796 3999053596 1764165109573.512939 1764165109574 1764165109581
797 3999086940 1764165109606.854492 1764165109606 1764165109614
798 3999120283 1764165109640.194824 1764165109640 1764165109647
799 3999153627 1764165109673.536377 1764165109674 1764165109681
800 3999186971 1764165109706.877930 1764165109706 1764165109714
801 3999220315 1764165109740.219482 1764165109740 1764165109747
802 3999253659 1764165109773.561035 1764165109774 1764165109781
803 3999287003 1764165109806.902344 1764165109806 1764165109814
804 3999320347 1764165109840.243896 1764165109840 1764165109847
805 3999353691 1764165109873.585449 1764165109874 1764165109881
806 3999387035 1764165109906.927002 1764165109906 1764165109914
807 3999420379 1764165109940.268555 1764165109940 1764165109947
808 3999453723 1764165109973.609863 1764165109974 1764165109981
809 3999487067 1764165110006.950684 1764165110006 1764165110014
810 3999520411 1764165110040.291504 1764165110040 1764165110047
811 3999553754 1764165110073.631348 1764165110074 1764165110081
812 3999587098 1764165110106.972168 1764165110106 1764165110114
813 3999620442 1764165110140.312988 1764165110140 1764165110147
814 3999653786 1764165110173.653809 1764165110174 1764165110181
815 3999687130 1764165110206.994385 1764165110207 1764165110214
816 3999720474 1764165110240.335205 1764165110240 1764165110247
817 3999753818 1764165110273.676025 1764165110274 1764165110281
818 3999787162 1764165110307.016846 1764165110307 1764165110314
819 3999820506 1764165110340.357666 1764165110340 1764165110347
820 3999853850 1764165110373.698486 1764165110374 1764165110381
821 3999887194 1764165110407.039307 1764165110407 1764165110414
822 3999920538 1764165110440.380127 1764165110440 1764165110447
823 3999953882 1764165110473.720947 1764165110474 1764165110481
824 3999987225 1764165110507.060547 1764165110507 1764165110514
825 4000020569 1764165110540.401367 1764165110540 1764165110547
826 4000053913 1764165110573.742188 1764165110574 1764165110581
827 4000087257 1764165110607.083008 1764165110607 1764165110614
828 4000120601 1764165110640.423828 1764165110641 1764165110648
829 4000153945 1764165110673.764648 1764165110674 1764165110681
830 4000187289 1764165110707.105469 1764165110707 1764165110714
831 4000220633 1764165110740.446289 1764165110741 1764165110748
832 4000253977 1764165110773.787109 1764165110773 1764165110781
833 4000287321 1764165110807.127930 1764165110807 1764165110814
834 4000320665 1764165110840.468750 1764165110841 1764165110848
835 4000354009 1764165110873.809570 1764165110873 1764165110881
836 4000387353 1764165110907.150146 1764165110907 1764165110914
837 4000420697 1764165110940.490967 1764165110941 1764165110948
838 4000454040 1764165110973.830811 1764165110973 1764165110981
839 4000487384 1764165111007.172119 1764165111007 1764165111014
840 4000520728 1764165111040.513428 1764165111041 1764165111048
841 4000554072 1764165111073.854736 1764165111073 1764165111081
842 4000587416 1764165111107.196045 1764165111107 1764165111114
843 4000620760 1764165111140.537354 1764165111141 1764165111148
844 4000654104 1764165111173.878662 1764165111173 1764165111181
845 4000687448 1764165111207.219971 1764165111207 1764165111214
846 4000720792 1764165111240.561279 1764165111241 1764165111248
847 4000754136 1764165111273.902588 1764165111273 1764165111281
848 4000787480 1764165111307.243652 1764165111307 1764165111314
849 4000820824 1764165111340.584961 1764165111341 1764165111348
850 4000854168 1764165111373.926270 1764165111373 1764165111381
851 4000887511 1764165111407.266602 1764165111407 1764165111414
852 4000920855 1764165111440.607910 1764165111441 1764165111448
853 4000954199 1764165111473.949219 1764165111473 1764165111481
854 4000987543 1764165111507.290527 1764165111507 1764165111514
855 4001020887 1764165111540.631836 1764165111541 1764165111548
856 4001054231 1764165111573.972900 1764165111573 1764165111581
857 4001087575 1764165111607.314209 1764165111607 1764165111614
858 4001120919 1764165111640.655518 1764165111641 1764165111648
859 4001154263 1764165111673.996826 1764165111674 1764165111681
860 4001187607 1764165111707.338135 1764165111707 1764165111714
861 4001220951 1764165111740.679443 1764165111741 1764165111748
862 4001254295 1764165111774.020508 1764165111774 1764165111781
863 4001287639 1764165111807.361816 1764165111807 1764165111814
864 4001320982 1764165111840.702148 1764165111840 1764165111848
865 4001354326 1764165111874.043457 1764165111874 1764165111881
866 4001387670 1764165111907.384766 1764165111908 1764165111915
867 4001421014 1764165111940.725830 1764165111941 1764165111948
868 4001454358 1764165111974.067139 1764165111974 1764165111981
869 4001487702 1764165112007.408203 1764165112007 1764165112014
870 4001521046 1764165112040.749268 1764165112041 1764165112048
871 4001554390 1764165112074.090332 1764165112074 1764165112081
872 4001587734 1764165112107.431396 1764165112108 1764165112115
873 4001621078 1764165112140.772217 1764165112141 1764165112148
874 4001654422 1764165112174.113281 1764165112174 1764165112181
875 4001687766 1764165112207.454346 1764165112208 1764165112215
876 4001721110 1764165112240.795410 1764165112241 1764165112248
877 4001754454 1764165112274.136475 1764165112274 1764165112281
878 4001787797 1764165112307.476318 1764165112308 1764165112315
879 4001821141 1764165112340.817383 1764165112340 1764165112348
880 4001854485 1764165112374.158447 1764165112374 1764165112381
881 4001887829 1764165112407.499268 1764165112408 1764165112415
882 4001921173 1764165112440.840332 1764165112440 1764165112448
883 4001954517 1764165112474.181396 1764165112474 1764165112481
884 4001987861 1764165112507.522217 1764165112508 1764165112515
885 4002021205 1764165112540.863281 1764165112540 1764165112548
886 4002054549 1764165112574.204346 1764165112574 1764165112581
887 4002087893 1764165112607.545166 1764165112608 1764165112615
888 4002121237 1764165112640.886230 1764165112641 1764165112648
889 4002154581 1764165112674.227051 1764165112674 1764165112681
890 4002187925 1764165112707.568115 1764165112708 1764165112715
891 4002221268 1764165112740.907959 1764165112740 1764165112748
892 4002254612 1764165112774.249023 1764165112774 1764165112781
893 4002287956 1764165112807.589844 1764165112808 1764165112815
894 4002321300 1764165112840.930908 1764165112841 1764165112848
895 4002354644 1764165112874.271729 1764165112874 1764165112881
896 4002387988 1764165112907.612793 1764165112908 1764165112915
897 4002421332 1764165112940.953613 1764165112940 1764165112948
898 4002454676 1764165112974.294678 1764165112974 1764165112981
899 4002488020 1764165113007.635498 1764165113008 1764165113015
900 4002521364 1764165113040.976562 1764165113041 1764165113048
901 4002554708 1764165113074.317627 1764165113074 1764165113081
902 4002588052 1764165113107.658447 1764165113108 1764165113115
903 4002621396 1764165113140.999512 1764165113141 1764165113148
904 4002654739 1764165113174.339355 1764165113174 1764165113181
905 4002688083 1764165113207.680420 1764165113208 1764165113215
906 4002721427 1764165113241.021240 1764165113241 1764165113248
907 4002754771 1764165113274.362305 1764165113274 1764165113281
908 4002788115 1764165113307.703125 1764165113308 1764165113315
909 4002821459 1764165113341.044189 1764165113341 1764165113348
910 4002854803 1764165113374.385010 1764165113374 1764165113381
911 4002888147 1764165113407.726074 1764165113408 1764165113415
912 4002921491 1764165113441.066895 1764165113441 1764165113448
913 4002954835 1764165113474.407959 1764165113475 1764165113482
914 4002988179 1764165113507.748779 1764165113508 1764165113515
915 4003021523 1764165113541.089844 1764165113542 1764165113549
916 4003054867 1764165113574.430664 1764165113575 1764165113582
917 4003088211 1764165113607.771729 1764165113608 1764165113615
918 4003121554 1764165113641.111572 1764165113641 1764165113648
919 4003154898 1764165113674.452393 1764165113675 1764165113682
920 4003188242 1764165113707.793457 1764165113707 1764165113715
921 4003221586 1764165113741.134277 1764165113741 1764165113748
922 4003254930 1764165113774.475098 1764165113775 1764165113782
923 4003288274 1764165113807.816162 1764165113807 1764165113815
924 4003321618 1764165113841.156982 1764165113841 1764165113848
925 4003354962 1764165113874.497803 1764165113875 1764165113882
926 4003388306 1764165113907.838867 1764165113907 1764165113915
927 4003421650 1764165113941.179688 1764165113941 1764165113948
928 4003454994 1764165113974.520508 1764165113975 1764165113982
929 4003488338 1764165114007.861816 1764165114007 1764165114015
930 4003521682 1764165114041.202881 1764165114041 1764165114048
931 4003555025 1764165114074.543213 1764165114075 1764165114082
932 4003588369 1764165114107.884277 1764165114107 1764165114115
933 4003621713 1764165114141.225342 1764165114142 1764165114149
934 4003655057 1764165114174.566650 1764165114175 1764165114182
935 4003688401 1764165114207.907715 1764165114207 1764165114215
936 4003721745 1764165114241.248779 1764165114241 1764165114248
937 4003755089 1764165114274.590088 1764165114275 1764165114282
938 4003788433 1764165114307.931152 1764165114307 1764165114315
939 4003821777 1764165114341.272217 1764165114341 1764165114348
940 4003855121 1764165114374.613281 1764165114375 1764165114382
941 4003888465 1764165114407.954590 1764165114408 1764165114415
942 4003921809 1764165114441.295654 1764165114441 1764165114448
943 4003955153 1764165114474.636719 1764165114475 1764165114482
944 4003988496 1764165114507.976807 1764165114508 1764165114515
945 4004021840 1764165114541.317871 1764165114541 1764165114548
946 4004055184 1764165114574.659180 1764165114575 1764165114582
947 4004088528 1764165114608.000244 1764165114608 1764165114615
948 4004121872 1764165114641.341309 1764165114641 1764165114648
949 4004155216 1764165114674.682373 1764165114675 1764165114682
950 4004188560 1764165114708.023438 1764165114708 1764165114715
951 4004221904 1764165114741.364502 1764165114741 1764165114748
952 4004255248 1764165114774.705811 1764165114775 1764165114782
953 4004288592 1764165114808.046875 1764165114808 1764165114815
954 4004321936 1764165114841.387939 1764165114842 1764165114849
955 4004355280 1764165114874.729004 1764165114874 1764165114882
956 4004388624 1764165114908.070068 1764165114908 1764165114915
957 4004421968 1764165114941.411133 1764165114942 1764165114949
958 4004455311 1764165114974.751221 1764165114975 1764165114982
959 4004488655 1764165115008.092529 1764165115008 1764165115015
960 4004521999 1764165115041.433594 1764165115042 1764165115049
961 4004555343 1764165115074.774658 1764165115074 1764165115082
962 4004588687 1764165115108.115967 1764165115108 1764165115115
963 4004622031 1764165115141.457031 1764165115142 1764165115149
964 4004655375 1764165115174.798340 1764165115174 1764165115182
965 4004688719 1764165115208.139404 1764165115208 1764165115215
966 4004722063 1764165115241.480469 1764165115242 1764165115249
967 4004755407 1764165115274.821777 1764165115274 1764165115282
968 4004788751 1764165115308.162842 1764165115308 1764165115315
969 4004822095 1764165115341.503906 1764165115342 1764165115349
970 4004855439 1764165115374.845215 1764165115374 1764165115382
971 4004888782 1764165115408.185303 1764165115408 1764165115415
972 4004922126 1764165115441.526367 1764165115442 1764165115449
973 4004955470 1764165115474.867432 1764165115474 1764165115482
974 4004988814 1764165115508.208740 1764165115508 1764165115515
975 4005022158 1764165115541.549805 1764165115542 1764165115549
976 4005055502 1764165115574.890869 1764165115574 1764165115583
977 4005088846 1764165115608.231934 1764165115608 1764165115615
978 4005122190 1764165115641.573242 1764165115642 1764165115649
979 4005155534 1764165115674.914307 1764165115674 1764165115682
980 4005188878 1764165115708.255371 1764165115708 1764165115715
981 4005222222 1764165115741.596436 1764165115742 1764165115749
982 4005255566 1764165115774.937500 1764165115775 1764165115783
983 4005288910 1764165115808.278809 1764165115808 1764165115815
984 4005322253 1764165115841.618896 1764165115842 1764165115849
985 4005355597 1764165115874.959961 1764165115875 1764165115882
986 4005388941 1764165115908.301025 1764165115908 1764165115915
987 4005422285 1764165115941.642090 1764165115942 1764165115949
988 4005455629 1764165115974.983154 1764165115975 1764165115982
989 4005488973 1764165116008.324219 1764165116008 1764165116015
990 4005522317 1764165116041.665527 1764165116042 1764165116049
991 4005555661 1764165116075.006592 1764165116075 1764165116082
992 4005589005 1764165116108.347900 1764165116108 1764165116115
993 4005622349 1764165116141.688965 1764165116142 1764165116149
994 4005655693 1764165116175.030029 1764165116175 1764165116182
995 4005689037 1764165116208.371338 1764165116208 1764165116215
996 4005722381 1764165116241.712402 1764165116241 1764165116249
997 4005755725 1764165116275.053467 1764165116275 1764165116282
998 4005789068 1764165116308.393555 1764165116309 1764165116316
999 4005822412 1764165116341.734863 1764165116342 1764165116349
1000 4005855756 1764165116375.075928 1764165116375 1764165116382
1001 4005889100 1764165116408.416992 1764165116409 1764165116416
1002 4005922444 1764165116441.758301 1764165116442 1764165116449
1003 4005955788 1764165116475.099365 1764165116475 1764165116482
1004 4005989132 1764165116508.440430 1764165116509 1764165116516
1005 4006022476 1764165116541.781494 1764165116541 1764165116549
1006 4006055820 1764165116575.122559 1764165116575 1764165116582
1007 4006089164 1764165116608.463867 1764165116609 1764165116616
1008 4006122508 1764165116641.804932 1764165116641 1764165116649
1009 4006155852 1764165116675.145996 1764165116675 1764165116682
1010 4006189196 1764165116708.487061 1764165116709 1764165116716
1011 4006222539 1764165116741.827148 1764165116741 1764165116749
1012 4006255883 1764165116775.168213 1764165116775 1764165116782
1013 4006289227 1764165116808.509277 1764165116809 1764165116816
1014 4006322571 1764165116841.850342 1764165116841 1764165116849
1015 4006355915 1764165116875.191406 1764165116875 1764165116882
1016 4006389259 1764165116908.532471 1764165116909 1764165116916
1017 4006422603 1764165116941.873535 1764165116942 1764165116949
1018 4006455947 1764165116975.214600 1764165116975 1764165116985
1019 4006489291 1764165117008.555664 1764165117009 1764165117016
1020 4006522635 1764165117041.896729 1764165117041 1764165117049
1021 4006555979 1764165117075.237793 1764165117075 1764165117082
1022 4006589323 1764165117108.578613 1764165117109 1764165117116
1023 4006622667 1764165117141.919678 1764165117142 1764165117149
1024 4006656010 1764165117175.259766 1764165117175 1764165117182
1025 4006689354 1764165117208.600586 1764165117209 1764165117216
1026 4006722698 1764165117241.941650 1764165117242 1764165117249
1027 4006756042 1764165117275.282715 1764165117275 1764165117282
1028 4006789386 1764165117308.623535 1764165117309 1764165117316
1029 4006822730 1764165117341.964600 1764165117342 1764165117349
1030 4006856074 1764165117375.305664 1764165117375 1764165117382
1031 4006889418 1764165117408.646484 1764165117409 1764165117416
1032 4006922762 1764165117441.987549 1764165117442 1764165117449
1033 4006956106 1764165117475.328369 1764165117475 1764165117482
1034 4006989450 1764165117508.669434 1764165117509 1764165117516
1035 4007022794 1764165117542.010254 1764165117542 1764165117549
1036 4007056138 1764165117575.351318 1764165117576 1764165117583
1037 4007089482 1764165117608.692139 1764165117609 1764165117616
1038 4007122825 1764165117642.032227 1764165117642 1764165117649
1039 4007156169 1764165117675.373047 1764165117675 1764165117682
1040 4007189513 1764165117708.713867 1764165117709 1764165117716
1041 4007222857 1764165117742.054932 1764165117742 1764165117749
1042 4007256201 1764165117775.395752 1764165117776 1764165117783
1043 4007289545 1764165117808.736816 1764165117809 1764165117816
1044 4007322889 1764165117842.077637 1764165117842 1764165117849
1045 4007356233 1764165117875.418457 1764165117876 1764165117883
1046 4007389577 1764165117908.759277 1764165117908 1764165117916
1047 4007422921 1764165117942.100342 1764165117942 1764165117949
1048 4007456265 1764165117975.441162 1764165117976 1764165117983
1049 4007489609 1764165118008.784180 1764165118008 1764165118016
1050 4007522953 1764165118042.126953 1764165118042 1764165118049
1051 4007556296 1764165118075.468994 1764165118076 1764165118083
1052 4007589640 1764165118108.812012 1764165118108 1764165118116
1053 4007622984 1764165118142.154785 1764165118142 1764165118149
1054 4007656328 1764165118175.497803 1764165118176 1764165118183
1055 4007689672 1764165118208.840820 1764165118208 1764165118216
1056 4007723016 1764165118242.183838 1764165118242 1764165118249
1057 4007756360 1764165118275.526855 1764165118276 1764165118283
1058 4007789704 1764165118308.869873 1764165118308 1764165118316
1059 4007823048 1764165118342.212891 1764165118342 1764165118349
1060 4007856392 1764165118375.555908 1764165118376 1764165118383
1061 4007889736 1764165118408.898926 1764165118408 1764165118416
1062 4007923080 1764165118442.241943 1764165118442 1764165118449
1063 4007956424 1764165118475.584961 1764165118476 1764165118483
1064 4007989767 1764165118508.927002 1764165118508 1764165118516
1065 4008023111 1764165118542.270020 1764165118542 1764165118549
1066 4008056455 1764165118575.613037 1764165118576 1764165118583
1067 4008089799 1764165118608.956299 1764165118609 1764165118616
1068 4008123143 1764165118642.299316 1764165118642 1764165118649
1069 4008156487 1764165118675.642334 1764165118675 1764165118683
1070 4008189831 1764165118708.985596 1764165118709 1764165118716
1071 4008223175 1764165118742.328613 1764165118743 1764165118750
1072 4008256519 1764165118775.671875 1764165118776 1764165118783
1073 4008289863 1764165118809.014893 1764165118809 1764165118816
1074 4008323207 1764165118842.358154 1764165118843 1764165118850
1075 4008356551 1764165118875.701172 1764165118876 1764165118883
1076 4008389895 1764165118909.044434 1764165118909 1764165118916
1077 4008423239 1764165118942.387451 1764165118942 1764165118949
1078 4008456582 1764165118975.729736 1764165118975 1764165118983
1079 4008489926 1764165119009.070801 1764165119009 1764165119016
1080 4008523270 1764165119042.412109 1764165119043 1764165119050
1081 4008556614 1764165119075.753174 1764165119076 1764165119083
1082 4008589958 1764165119109.094482 1764165119109 1764165119116
1083 4008623302 1764165119142.435547 1764165119143 1764165119150
1084 4008656646 1764165119175.776855 1764165119175 1764165119183
1085 4008689990 1764165119209.117920 1764165119209 1764165119216
1086 4008723334 1764165119242.459229 1764165119243 1764165119250
1087 4008756678 1764165119275.800293 1764165119275 1764165119283
1088 4008790022 1764165119309.141357 1764165119309 1764165119316
1089 4008823366 1764165119342.482666 1764165119343 1764165119350
1090 4008856710 1764165119375.823730 1764165119375 1764165119383
1091 4008890053 1764165119409.163818 1764165119409 1764165119416
1092 4008923397 1764165119442.505127 1764165119443 1764165119450
1093 4008956741 1764165119475.846191 1764165119475 1764165119483
1094 4008990085 1764165119509.187256 1764165119509 1764165119516
1095 4009023429 1764165119542.528564 1764165119543 1764165119550
1096 4009056773 1764165119575.869629 1764165119576 1764165119583
1097 4009090117 1764165119609.210693 1764165119609 1764165119616
1098 4009123461 1764165119642.552002 1764165119643 1764165119650
1099 4009156805 1764165119675.893066 1764165119676 1764165119683
1100 4009190149 1764165119709.234131 1764165119709 1764165119716
1101 4009223493 1764165119742.575439 1764165119743 1764165119750
1102 4009256837 1764165119775.916504 1764165119776 1764165119783
1103 4009290181 1764165119809.257568 1764165119809 1764165119816
1104 4009323524 1764165119842.597656 1764165119843 1764165119850
1105 4009356868 1764165119875.938721 1764165119876 1764165119883
1106 4009390212 1764165119909.280029 1764165119909 1764165119916
1107 4009423556 1764165119942.621094 1764165119943 1764165119950
1108 4009456900 1764165119975.962158 1764165119976 1764165119983
1109 4009490244 1764165120009.305664 1764165120010 1764165120017
1110 4009523588 1764165120042.649414 1764165120043 1764165120050
1111 4009556932 1764165120075.993164 1764165120076 1764165120083
1112 4009590276 1764165120109.336670 1764165120110 1764165120117
1113 4009623620 1764165120142.680420 1764165120142 1764165120150
1114 4009656964 1764165120176.024170 1764165120176 1764165120183
1115 4009690308 1764165120209.367920 1764165120210 1764165120217
1116 4009723652 1764165120242.711670 1764165120242 1764165120250
1117 4009756996 1764165120276.055420 1764165120276 1764165120283
1118 4009790339 1764165120309.398193 1764165120310 1764165120317
1119 4009823683 1764165120342.741943 1764165120342 1764165120350
1120 4009857027 1764165120376.085938 1764165120376 1764165120383
1121 4009890371 1764165120409.429688 1764165120410 1764165120417
1122 4009923715 1764165120442.773682 1764165120442 1764165120450
1123 4009957059 1764165120476.117676 1764165120476 1764165120483
1124 4009990403 1764165120509.461670 1764165120510 1764165120517
1125 4010023747 1764165120542.805664 1764165120543 1764165120550
1126 4010057091 1764165120576.149658 1764165120576 1764165120583
1127 4010090435 1764165120609.493652 1764165120610 1764165120617
1128 4010123779 1764165120642.837646 1764165120643 1764165120650
1129 4010157123 1764165120676.181641 1764165120676 1764165120683
1130 4010190467 1764165120709.525879 1764165120710 1764165120717
1131 4010223810 1764165120742.868896 1764165120743 1764165120750
1132 4010257154 1764165120776.213135 1764165120776 1764165120783
1133 4010290498 1764165120809.557129 1764165120810 1764165120817
1134 4010323842 1764165120842.901367 1764165120843 1764165120850
1135 4010357186 1764165120876.245605 1764165120877 1764165120884
1136 4010390530 1764165120909.589844 1764165120910 1764165120917
1137 4010423874 1764165120942.934082 1764165120943 1764165120950
1138 4010457218 1764165120976.278320 1764165120977 1764165120984
1139 4010490562 1764165121009.621338 1764165121009 1764165121017
1140 4010523906 1764165121042.964600 1764165121043 1764165121050
1141 4010557250 1764165121076.307617 1764165121077 1764165121084
1142 4010590594 1764165121109.650635 1764165121109 1764165121117
1143 4010623938 1764165121142.993896 1764165121143 1764165121150
1144 4010657281 1764165121176.335938 1764165121177 1764165121184
1145 4010690625 1764165121209.679199 1764165121209 1764165121217
1146 4010723969 1764165121243.022217 1764165121243 1764165121250
1147 4010757313 1764165121276.365479 1764165121277 1764165121284
1148 4010790657 1764165121309.708740 1764165121309 1764165121317
1149 4010824001 1764165121343.051758 1764165121343 1764165121350
1150 4010857345 1764165121376.395020 1764165121377 1764165121384
1151 4010890689 1764165121409.738281 1764165121410 1764165121417
1152 4010924033 1764165121443.081543 1764165121443 1764165121450
1153 4010957377 1764165121476.424805 1764165121477 1764165121484
1154 4010990721 1764165121509.767822 1764165121510 1764165121517
1155 4011024065 1764165121543.111084 1764165121543 1764165121550
1156 4011057409 1764165121576.454346 1764165121577 1764165121584
1157 4011090753 1764165121609.797607 1764165121610 1764165121617
1158 4011124096 1764165121643.139893 1764165121643 1764165121650
1159 4011157440 1764165121676.483154 1764165121677 1764165121684
1160 4011190784 1764165121709.826660 1764165121710 1764165121717
1161 4011224128 1764165121743.169922 1764165121744 1764165121751
1162 4011257472 1764165121776.513184 1764165121777 1764165121784
1163 4011290816 1764165121809.856445 1764165121810 1764165121817
1164 4011324160 1764165121843.199951 1764165121844 1764165121851
1165 4011357504 1764165121876.543213 1764165121876 1764165121884
1166 4011390848 1764165121909.886475 1764165121910 1764165121917
1167 4011424192 1764165121943.229980 1764165121944 1764165121951
1168 4011457536 1764165121976.573242 1764165121976 1764165121984
1169 4011490880 1764165122009.917725 1764165122010 1764165122017
1170 4011524224 1764165122043.261963 1764165122044 1764165122051
1171 4011557567 1764165122076.605469 1764165122076 1764165122084
1172 4011590911 1764165122109.949951 1764165122110 1764165122117
1173 4011624255 1764165122143.294434 1764165122144 1764165122151
1174 4011657599 1764165122176.638916 1764165122176 1764165122184
1175 4011690943 1764165122209.983398 1764165122210 1764165122217
1176 4011724287 1764165122243.327881 1764165122244 1764165122251
1177 4011757631 1764165122276.672363 1764165122277 1764165122284
1178 4011790975 1764165122310.016846 1764165122310 1764165122317
1179 4011824319 1764165122343.361328 1764165122344 1764165122351
1180 4011857663 1764165122376.706055 1764165122377 1764165122384
1181 4011891007 1764165122410.050537 1764165122411 1764165122418
1182 4011924351 1764165122443.395020 1764165122444 1764165122451
1183 4011957695 1764165122476.739746 1764165122477 1764165122484
1184 4011991038 1764165122510.083496 1764165122511 1764165122518
1185 4012024382 1764165122543.427979 1764165122544 1764165122551
1186 4012057726 1764165122576.772705 1764165122577 1764165122584
1187 4012091070 1764165122610.117432 1764165122611 1764165122618
1188 4012124414 1764165122643.462158 1764165122644 1764165122651
1189 4012157758 1764165122676.806885 1764165122677 1764165122684
1190 4012191102 1764165122710.151611 1764165122711 1764165122718
1191 4012224446 1764165122743.496338 1764165122743 1764165122751
1192 4012257790 1764165122776.841064 1764165122777 1764165122784
1193 4012291134 1764165122810.185791 1764165122811 1764165122818
1194 4012324478 1764165122843.530762 1764165122843 1764165122851
1195 4012357822 1764165122876.875488 1764165122877 1764165122884
1196 4012391166 1764165122910.220215 1764165122911 1764165122918
1197 4012424510 1764165122943.565186 1764165122943 1764165122951
1198 4012457853 1764165122976.908936 1764165122977 1764165122984
1199 4012491197 1764165123010.253906 1764165123011 1764165123018
1200 4012524541 1764165123043.598633 1764165123043 1764165123051
1201 4012557885 1764165123076.943359 1764165123077 1764165123084
1202 4012591229 1764165123110.288330 1764165123111 1764165123118
1203 4012624573 1764165123143.633301 1764165123144 1764165123151
1204 4012657917 1764165123176.978027 1764165123177 1764165123184
1205 4012691261 1764165123210.322998 1764165123211 1764165123218
1206 4012724605 1764165123243.667969 1764165123244 1764165123251
1207 4012757949 1764165123277.012939 1764165123277 1764165123284
1208 4012791293 1764165123310.357910 1764165123311 1764165123318
1209 4012824637 1764165123343.702881 1764165123344 1764165123351
1210 4012857981 1764165123377.047852 1764165123377 1764165123384
1211 4012891324 1764165123410.391846 1764165123411 1764165123418
1212 4012924668 1764165123443.737061 1764165123444 1764165123451
1213 4012958012 1764165123477.082031 1764165123478 1764165123485
1214 4012991356 1764165123510.427246 1764165123510 1764165123518
1215 4013024700 1764165123543.772217 1764165123544 1764165123551
1216 4013058044 1764165123577.117432 1764165123578 1764165123585
1217 4013091388 1764165123610.462646 1764165123610 1764165123618
1218 4013124732 1764165123643.807617 1764165123644 1764165123651
1219 4013158076 1764165123677.152832 1764165123678 1764165123685
1220 4013191420 1764165123710.498047 1764165123710 1764165123718
1221 4013224764 1764165123743.843262 1764165123744 1764165123751
1222 4013258108 1764165123777.188721 1764165123778 1764165123785
1223 4013291452 1764165123810.533936 1764165123810 1764165123818
1224 4013324795 1764165123843.878174 1764165123844 1764165123851
1225 4013358139 1764165123877.223389 1764165123878 1764165123885
1226 4013391483 1764165123910.568848 1764165123911 1764165123918
1227 4013424827 1764165123943.914307 1764165123944 1764165123951
1228 4013458171 1764165123977.259521 1764165123978 1764165123985
1229 4013491515 1764165124010.602051 1764165124011 1764165124018
1230 4013524859 1764165124043.948242 1764165124044 1764165124051
1231 4013558203 1764165124077.294678 1764165124078 1764165124085
1232 4013591547 1764165124110.641113 1764165124111 1764165124118
1233 4013624891 1764165124143.987549 1764165124144 1764165124151
1234 4013658235 1764165124177.333984 1764165124178 1764165124185
1235 4013691579 1764165124210.680664 1764165124211 1764165124218
1236 4013724923 1764165124244.027100 1764165124245 1764165124252
1237 4013758267 1764165124277.373779 1764165124278 1764165124285
1238 4013791610 1764165124310.719238 1764165124311 1764165124318
1239 4013824954 1764165124344.065918 1764165124345 1764165124352
1240 4013858298 1764165124377.412598 1764165124377 1764165124385
1241 4013891642 1764165124410.759277 1764165124411 1764165124418
1242 4013924986 1764165124444.105957 1764165124445 1764165124452
1243 4013958330 1764165124477.452637 1764165124477 1764165124485
1244 4013991674 1764165124510.799316 1764165124511 1764165124518
1245 4014025018 1764165124544.146240 1764165124545 1764165124552
1246 4014058362 1764165124577.492920 1764165124577 1764165124585
1247 4014091706 1764165124610.839844 1764165124612 1764165124620
1248 4014125050 1764165124644.186768 1764165124645 1764165124652
1249 4014158394 1764165124677.533691 1764165124677 1764165124685
1250 4014191738 1764165124710.880615 1764165124711 1764165124718
1251 4014225081 1764165124744.226562 1764165124745 1764165124752
1252 4014258425 1764165124777.573486 1764165124778 1764165124785
1253 4014291769 1764165124810.920654 1764165124811 1764165124818
1254 4014325113 1764165124844.267578 1764165124845 1764165124852
1255 4014358457 1764165124877.614746 1764165124878 1764165124885
1256 4014391801 1764165124910.961670 1764165124911 1764165124918
1257 4014425145 1764165124944.308838 1764165124945 1764165124952
1258 4014458489 1764165124977.656006 1764165124978 1764165124985
1259 4014491833 1764165125011.003174 1764165125012 1764165125019
1260 4014525177 1764165125044.350098 1764165125045 1764165125052
1261 4014558521 1764165125077.697021 1764165125078 1764165125085
1262 4014591865 1764165125111.043945 1764165125112 1764165125119
1263 4014625209 1764165125144.390869 1764165125144 1764165125152
1264 4014658552 1764165125177.736816 1764165125178 1764165125185
1265 4014691896 1764165125211.083740 1764165125212 1764165125219
1266 4014725240 1764165125244.430908 1764165125244 1764165125252
1267 4014758584 1764165125277.777832 1764165125278 1764165125285
1268 4014791928 1764165125311.125000 1764165125312 1764165125319
1269 4014825272 1764165125344.472168 1764165125344 1764165125352
1270 4014858616 1764165125377.819336 1764165125378 1764165125385
1271 4014891960 1764165125411.166504 1764165125412 1764165125419
1272 4014925304 1764165125444.513672 1764165125444 1764165125452
1273 4014958648 1764165125477.860840 1764165125478 1764165125485
1274 4014991992 1764165125511.208252 1764165125512 1764165125519
1275 4015025336 1764165125544.555420 1764165125544 1764165125552
1276 4015058680 1764165125577.902832 1764165125578 1764165125585
1277 4015092024 1764165125611.250244 1764165125612 1764165125619
1278 4015125367 1764165125644.596680 1764165125645 1764165125652
1279 4015158711 1764165125677.944092 1764165125678 1764165125685
1280 4015192055 1764165125711.291504 1764165125712 1764165125719
1281 4015225399 1764165125744.639160 1764165125745 1764165125752
1282 4015258743 1764165125777.986572 1764165125778 1764165125785
1283 4015292087 1764165125811.334229 1764165125812 1764165125819
1284 4015325431 1764165125844.681885 1764165125845 1764165125852
1285 4015358775 1764165125878.029541 1764165125879 1764165125886
1286 4015392119 1764165125911.377197 1764165125912 1764165125919
1287 4015425463 1764165125944.724854 1764165125945 1764165125952
1288 4015458807 1764165125978.072510 1764165125979 1764165125986
1289 4015492151 1764165126011.420166 1764165126011 1764165126019
1290 4015525495 1764165126044.767334 1764165126045 1764165126052
1291 4015558838 1764165126078.113525 1764165126079 1764165126086
1292 4015592182 1764165126111.460693 1764165126111 1764165126119
1293 4015625526 1764165126144.807861 1764165126145 1764165126152
1294 4015658870 1764165126178.155029 1764165126179 1764165126186
1295 4015692214 1764165126211.502197 1764165126211 1764165126219
1296 4015725558 1764165126244.849365 1764165126245 1764165126252
1297 4015758902 1764165126278.196777 1764165126279 1764165126286
1298 4015792246 1764165126311.543945 1764165126311 1764165126319
1299 4015825590 1764165126344.891357 1764165126345 1764165126352
1300 4015858934 1764165126378.238770 1764165126379 1764165126386
1301 4015892278 1764165126411.586182 1764165126412 1764165126419
1302 4015925622 1764165126444.933594 1764165126445 1764165126452
1303 4015958966 1764165126478.281250 1764165126479 1764165126486
1304 4015992309 1764165126511.627686 1764165126512 1764165126519
1305 4016025653 1764165126544.975098 1764165126545 1764165126552
1306 4016058997 1764165126578.322754 1764165126579 1764165126586
1307 4016092341 1764165126611.670410 1764165126612 1764165126619
1308 4016125685 1764165126645.018066 1764165126645 1764165126652
1309 4016159029 1764165126678.365723 1764165126679 1764165126686
1310 4016192373 1764165126711.713379 1764165126712 1764165126719
1311 4016225717 1764165126745.061035 1764165126746 1764165126753
1312 4016259061 1764165126778.408691 1764165126778 1764165126786
1313 4016292405 1764165126811.756592 1764165126812 1764165126819
1314 4016325749 1764165126845.104492 1764165126846 1764165126853
1315 4016359093 1764165126878.452148 1764165126878 1764165126886
1316 4016392437 1764165126911.800049 1764165126912 1764165126919
1317 4016425781 1764165126945.147949 1764165126946 1764165126953
1318 4016459124 1764165126978.494873 1764165126978 1764165126986
1319 4016492468 1764165127011.842773 1764165127012 1764165127019
1320 4016525812 1764165127045.190430 1764165127046 1764165127053
1321 4016559156 1764165127078.537842 1764165127078 1764165127086
1322 4016592500 1764165127111.885254 1764165127112 1764165127119
1323 4016625844 1764165127145.232910 1764165127146 1764165127153
1324 4016659188 1764165127178.580322 1764165127178 1764165127186
1325 4016692532 1764165127211.927979 1764165127212 1764165127219
1326 4016725876 1764165127245.275635 1764165127246 1764165127253
1327 4016759220 1764165127278.623291 1764165127279 1764165127286
1328 4016792564 1764165127311.970947 1764165127312 1764165127319
1329 4016825908 1764165127345.318604 1764165127346 1764165127353
1330 4016859252 1764165127378.666504 1764165127379 1764165127386
1331 4016892595 1764165127412.013184 1764165127412 1764165127419
1332 4016925939 1764165127445.361084 1764165127446 1764165127453
1333 4016959283 1764165127478.708740 1764165127479 1764165127486
1334 4016992627 1764165127512.056641 1764165127512 1764165127519
1335 4017025971 1764165127545.404541 1764165127546 1764165127553
1336 4017059315 1764165127578.752441 1764165127579 1764165127586
1337 4017092659 1764165127612.100586 1764165127613 1764165127620
1338 4017126003 1764165127645.448486 1764165127645 1764165127653
1339 4017159347 1764165127678.796387 1764165127679 1764165127686
1340 4017192691 1764165127712.144531 1764165127713 1764165127720
1341 4017226035 1764165127745.492676 1764165127745 1764165127753
1342 4017259379 1764165127778.840820 1764165127779 1764165127786
1343 4017292723 1764165127812.188965 1764165127813 1764165127820
1344 4017326066 1764165127845.536133 1764165127845 1764165127853
1345 4017359410 1764165127878.884277 1764165127880 1764165127887
1346 4017392754 1764165127912.232422 1764165127913 1764165127920
1347 4017426098 1764165127945.580811 1764165127945 1764165127953
1348 4017459442 1764165127978.929199 1764165127979 1764165127986
1349 4017492786 1764165128012.277344 1764165128013 1764165128020
1350 4017526130 1764165128045.625000 1764165128046 1764165128053
1351 4017559474 1764165128078.972412 1764165128079 1764165128086
1352 4017592818 1764165128112.320068 1764165128113 1764165128120
1353 4017626162 1764165128145.667725 1764165128146 1764165128153
1354 4017659506 1764165128179.015381 1764165128179 1764165128186
1355 4017692850 1764165128212.363037 1764165128213 1764165128220
1356 4017726194 1764165128245.710938 1764165128246 1764165128253
1357 4017759538 1764165128279.058594 1764165128279 1764165128286
1358 4017792881 1764165128312.405518 1764165128313 1764165128320
1359 4017826225 1764165128345.753174 1764165128346 1764165128353
1360 4017859569 1764165128379.101074 1764165128380 1764165128387
1361 4017892913 1764165128412.448975 1764165128412 1764165128420
1362 4017926257 1764165128445.796875 1764165128446 1764165128453
1363 4017959601 1764165128479.144775 1764165128480 1764165128487
1364 4017992945 1764165128512.492676 1764165128512 1764165128520
1365 4018026289 1764165128545.840820 1764165128546 1764165128553
1366 4018059633 1764165128579.188721 1764165128580 1764165128587
1367 4018092977 1764165128612.536865 1764165128612 1764165128620
1368 4018126321 1764165128645.885010 1764165128646 1764165128653
1369 4018159665 1764165128679.232910 1764165128680 1764165128687
1370 4018193009 1764165128712.581055 1764165128712 1764165128720
1371 4018226352 1764165128745.928223 1764165128746 1764165128753
1372 4018259696 1764165128779.276367 1764165128780 1764165128787
1373 4018293040 1764165128812.624756 1764165128812 1764165128820
1374 4018326384 1764165128845.972900 1764165128846 1764165128853
1375 4018359728 1764165128879.321289 1764165128880 1764165128887
1376 4018393072 1764165128912.669434 1764165128913 1764165128920
1377 4018426416 1764165128946.017822 1764165128946 1764165128953
1378 4018459760 1764165128979.366211 1764165128980 1764165128987
1379 4018493104 1764165129012.714600 1764165129013 1764165129020
1380 4018526448 1764165129046.062744 1764165129046 1764165129053
1381 4018559792 1764165129079.410889 1764165129080 1764165129087
1382 4018593136 1764165129112.759033 1764165129113 1764165129120
1383 4018626480 1764165129146.107422 1764165129147 1764165129154
1384 4018659823 1764165129179.454590 1764165129180 1764165129187
1385 4018693167 1764165129212.802979 1764165129213 1764165129220
1386 4018726511 1764165129246.151123 1764165129247 1764165129254
1387 4018759855 1764165129279.499512 1764165129279 1764165129287
1388 4018793199 1764165129312.847900 1764165129313 1764165129320
1389 4018826543 1764165129346.196289 1764165129347 1764165129354
1390 4018859887 1764165129379.544922 1764165129379 1764165129387
1391 4018893231 1764165129412.893311 1764165129413 1764165129420
1392 4018926575 1764165129446.241943 1764165129447 1764165129454
1393 4018959919 1764165129479.590332 1764165129479 1764165129487
1394 4018993263 1764165129512.938965 1764165129513 1764165129520
1395 4019026607 1764165129546.287598 1764165129547 1764165129554
1396 4019059951 1764165129579.636230 1764165129579 1764165129587
1397 4019093295 1764165129612.984863 1764165129613 1764165129620
1398 4019126638 1764165129646.332520 1764165129647 1764165129654
1399 4019159982 1764165129679.681152 1764165129680 1764165129687
1400 4019193326 1764165129713.030029 1764165129713 1764165129720
1401 4019226670 1764165129746.378906 1764165129747 1764165129754
1402 4019260014 1764165129779.727539 1764165129780 1764165129787
1403 4019293358 1764165129813.076416 1764165129813 1764165129820
1404 4019326702 1764165129846.425293 1764165129847 1764165129854
1405 4019360046 1764165129879.774170 1764165129880 1764165129887
1406 4019393390 1764165129913.123291 1764165129913 1764165129920
1407 4019426734 1764165129946.472168 1764165129947 1764165129954
1408 4019460078 1764165129979.821045 1764165129980 1764165129987
1409 4019493422 1764165130013.170166 1764165130014 1764165130021
1410 4019526766 1764165130046.518311 1764165130046 1764165130054
1411 4019560109 1764165130079.865479 1764165130080 1764165130087
1412 4019593453 1764165130113.213623 1764165130114 1764165130121
1413 4019626797 1764165130146.561768 1764165130146 1764165130154
1414 4019660141 1764165130179.910156 1764165130180 1764165130187
1415 4019693485 1764165130213.258301 1764165130214 1764165130221
1416 4019726829 1764165130246.606689 1764165130246 1764165130254
1417 4019760173 1764165130279.955078 1764165130280 1764165130287
1418 4019793517 1764165130313.303223 1764165130314 1764165130321
1419 4019826861 1764165130346.651611 1764165130346 1764165130354
1420 4019860205 1764165130380.000244 1764165130380 1764165130387
1421 4019893549 1764165130413.348633 1764165130414 1764165130421
1422 4019926893 1764165130446.697021 1764165130446 1764165130454
1423 4019960237 1764165130480.045410 1764165130480 1764165130487
1424 4019993580 1764165130513.393066 1764165130514 1764165130521
1425 4020026924 1764165130546.741699 1764165130547 1764165130554
1426 4020060268 1764165130580.090088 1764165130580 1764165130587
1427 4020093612 1764165130613.438721 1764165130614 1764165130621
1428 4020126956 1764165130646.787354 1764165130647 1764165130654
1429 4020160300 1764165130680.135986 1764165130680 1764165130687
1430 4020193644 1764165130713.484863 1764165130714 1764165130721
1431 4020226988 1764165130746.833496 1764165130747 1764165130754
1432 4020260332 1764165130780.182129 1764165130780 1764165130787
1433 4020293676 1764165130813.531006 1764165130814 1764165130821
1434 4020327020 1764165130846.879883 1764165130847 1764165130854
1435 4020360364 1764165130880.228516 1764165130881 1764165130888
1436 4020393708 1764165130913.577393 1764165130913 1764165130921
1437 4020427052 1764165130946.926270 1764165130947 1764165130954
1438 4020460395 1764165130980.274170 1764165130981 1764165130988
1439 4020493739 1764165131013.623047 1764165131013 1764165131021
1440 4020527083 1764165131046.974365 1764165131047 1764165131054
1441 4020560427 1764165131080.325684 1764165131081 1764165131088
1442 4020593771 1764165131113.677002 1764165131113 1764165131121
1443 4020627115 1764165131147.028564 1764165131147 1764165131154
1444 4020660459 1764165131180.379883 1764165131181 1764165131188
1445 4020693803 1764165131213.731445 1764165131213 1764165131221
1446 4020727147 1764165131247.083008 1764165131247 1764165131254
1447 4020760491 1764165131280.434570 1764165131281 1764165131288
1448 4020793835 1764165131313.786133 1764165131314 1764165131321
1449 4020827179 1764165131347.137939 1764165131347 1764165131354
1450 4020860523 1764165131380.489502 1764165131381 1764165131388
1451 4020893866 1764165131413.840332 1764165131414 1764165131421
1452 4020927210 1764165131447.192139 1764165131447 1764165131454
1453 4020960554 1764165131480.543945 1764165131481 1764165131488
1454 4020993898 1764165131513.895996 1764165131514 1764165131521
1455 4021027242 1764165131547.247803 1764165131547 1764165131554
1456 4021060586 1764165131580.599854 1764165131581 1764165131588
1457 4021093930 1764165131613.951904 1764165131614 1764165131621
1458 4021127274 1764165131647.303955 1764165131648 1764165131655
1459 4021160618 1764165131680.656006 1764165131681 1764165131688
1460 4021193962 1764165131714.008301 1764165131714 1764165131721
1461 4021227306 1764165131747.360596 1764165131748 1764165131755
1462 4021260650 1764165131780.712646 1764165131780 1764165131788
1463 4021293994 1764165131814.064941 1764165131814 1764165131821
1464 4021327337 1764165131847.416504 1764165131848 1764165131855
1465 4021360681 1764165131880.768799 1764165131880 1764165131888
1466 4021394025 1764165131914.121338 1764165131914 1764165131921
1467 4021427369 1764165131947.473633 1764165131948 1764165131955
1468 4021460713 1764165131980.826172 1764165131980 1764165131988
1469 4021494057 1764165132014.178711 1764165132014 1764165132021
1470 4021527401 1764165132047.526367 1764165132048 1764165132055
1471 4021560745 1764165132080.874023 1764165132081 1764165132088
1472 4021594089 1764165132114.221680 1764165132114 1764165132121
1473 4021627433 1764165132147.569336 1764165132148 1764165132155
1474 4021660777 1764165132180.916992 1764165132181 1764165132188
1475 4021694121 1764165132214.264648 1764165132214 1764165132221
1476 4021727465 1764165132247.612549 1764165132248 1764165132255
1477 4021760809 1764165132280.960205 1764165132281 1764165132288
1478 4021794152 1764165132314.306885 1764165132314 1764165132321
1479 4021827496 1764165132347.654785 1764165132348 1764165132355
1480 4021860840 1764165132381.002441 1764165132381 1764165132388
1481 4021894184 1764165132414.350342 1764165132414 1764165132421
1482 4021927528 1764165132447.698242 1764165132448 1764165132455
1483 4021960872 1764165132481.045898 1764165132481 1764165132488
1484 4021994216 1764165132514.393799 1764165132515 1764165132522
1485 4022027560 1764165132547.741699 1764165132548 1764165132555
1486 4022060904 1764165132581.089600 1764165132581 1764165132588
1487 4022094248 1764165132614.437500 1764165132615 1764165132622
1488 4022127592 1764165132647.785400 1764165132647 1764165132655
1489 4022160936 1764165132681.133301 1764165132681 1764165132688
