24913 508308427 1764165913789.420898 1764165913789 1764165913796
24914 508341771 1764165913822.756836 1764165913823 1764165913830
24915 508375115 1764165913856.092529 1764165913856 1764165913863
24916 508408458 1764165913889.427490 1764165913889 1764165913896
24917 508441802 1764165913922.763428 1764165913923 1764165913930
24918 508475146 1764165913956.099121 1764165913956 1764165913963
24919 508508490 1764165913989.435059 1764165913989 1764165913996
24920 508541834 1764165914022.770996 1764165914023 1764165914030
24921 508575178 1764165914056.106689 1764165914056 1764165914063
24922 508608522 1764165914089.442627 1764165914089 1764165914096
24923 508641866 1764165914122.778564 1764165914123 1764165914130
24924 508675210 1764165914156.114258 1764165914156 1764165914163
24925 508708554 1764165914189.450195 1764165914189 1764165914196
24926 508741898 1764165914222.785889 1764165914223 1764165914230
24927 508775242 1764165914256.121826 1764165914256 1764165914263
24928 508808586 1764165914289.457764 1764165914289 1764165914296
24929 508841929 1764165914322.792480 1764165914323 1764165914330
24930 508875273 1764165914356.128418 1764165914356 1764165914363
24931 508908617 1764165914389.464111 1764165914390 1764165914397
24932 508941961 1764165914422.800049 1764165914423 1764165914430
24933 508975305 1764165914456.135742 1764165914456 1764165914463
24934 509008649 1764165914489.471680 1764165914489 1764165914496
24935 509041993 1764165914522.807861 1764165914523 1764165914530
24936 509075337 1764165914556.144287 1764165914556 1764165914563
24937 509108681 1764165914589.480469 1764165914589 1764165914596
24938 509142025 1764165914622.816895 1764165914623 1764165914630
24939 509175369 1764165914656.153076 1764165914656 1764165914663
24940 509208713 1764165914689.489502 1764165914689 1764165914696
24941 509242057 1764165914722.825684 1764165914723 1764165914730
24942 509275400 1764165914756.161133 1764165914756 1764165914763
24943 509308744 1764165914789.497314 1764165914789 1764165914796
24944 509342088 1764165914822.833740 1764165914822 1764165914830
24945 509375432 1764165914856.169922 1764165914856 1764165914863
24946 509408776 1764165914889.506348 1764165914890 1764165914897
24947 509442120 1764165914922.842529 1764165914923 1764165914930
24948 509475464 1764165914956.178711 1764165914956 1764165914963
24949 509508808 1764165914989.515137 1764165914989 1764165914996
24950 509542152 1764165915022.851318 1764165915023 1764165915030
24951 509575496 1764165915056.187500 1764165915056 1764165915063
24952 509608840 1764165915089.523926 1764165915089 1764165915096
24953 509642184 1764165915122.860107 1764165915123 1764165915130
24954 509675528 1764165915156.196289 1764165915156 1764165915163
24955 509708872 1764165915189.532715 1764165915189 1764165915196
24956 509742215 1764165915222.867920 1764165915223 1764165915230
24957 509775559 1764165915256.204102 1764165915256 1764165915263
24958 509808903 1764165915289.540283 1764165915290 1764165915297
24959 509842247 1764165915322.876709 1764165915323 1764165915330
24960 509875591 1764165915356.212891 1764165915356 1764165915363
24961 509908935 1764165915389.549072 1764165915390 1764165915397
24962 509942279 1764165915422.885254 1764165915423 1764165915430
24963 509975623 1764165915456.221436 1764165915456 1764165915463
24964 510008967 1764165915489.557861 1764165915490 1764165915497
24965 510042311 1764165915522.892822 1764165915523 1764165915530
24966 510075655 1764165915556.228027 1764165915556 1764165915563
24967 510108999 1764165915589.562988 1764165915590 1764165915597
24968 510142343 1764165915622.898193 1764165915623 1764165915630
24969 510175686 1764165915656.232178 1764165915656 1764165915663
24970 510209030 1764165915689.567383 1764165915690 1764165915697
24971 510242374 1764165915722.902344 1764165915723 1764165915730
24972 510275718 1764165915756.237305 1764165915756 1764165915763
24973 510309062 1764165915789.572266 1764165915790 1764165915797
24974 510342406 1764165915822.907471 1764165915823 1764165915830
24975 510375750 1764165915856.242432 1764165915856 1764165915863
24976 510409094 1764165915889.577393 1764165915890 1764165915897
24977 510442438 1764165915922.912354 1764165915922 1764165915930
24978 510475782 1764165915956.247314 1764165915956 1764165915963
24979 510509126 1764165915989.582275 1764165915989 1764165915998
24980 510542470 1764165916022.917236 1764165916022 1764165916030
24981 510575814 1764165916056.252197 1764165916056 1764165916063
24982 510609157 1764165916089.586182 1764165916090 1764165916097
24983 510642501 1764165916122.921143 1764165916122 1764165916130
24984 510675845 1764165916156.255859 1764165916156 1764165916163
24985 510709189 1764165916189.590820 1764165916190 1764165916197
24986 510742533 1764165916222.925781 1764165916222 1764165916230
24987 510775877 1764165916256.260742 1764165916256 1764165916263
24988 510809221 1764165916289.595459 1764165916290 1764165916297
24989 510842565 1764165916322.930420 1764165916322 1764165916330
24990 510875909 1764165916356.265137 1764165916356 1764165916363
24991 510909253 1764165916389.600098 1764165916390 1764165916397
24992 510942597 1764165916422.934814 1764165916422 1764165916430
24993 510975941 1764165916456.269775 1764165916456 1764165916463
24994 511009285 1764165916489.604492 1764165916490 1764165916497
24995 511042629 1764165916522.940918 1764165916522 1764165916530
24996 511075972 1764165916556.276367 1764165916556 1764165916563
24997 511109316 1764165916589.612793 1764165916590 1764165916597
24998 511142660 1764165916622.949219 1764165916622 1764165916630
24999 511176004 1764165916656.285400 1764165916656 1764165916663
25000 511209348 1764165916689.621826 1764165916690 1764165916697
25001 511242692 1764165916722.958252 1764165916722 1764165916730
25002 511276036 1764165916756.294678 1764165916756 1764165916763
25003 511309380 1764165916789.631104 1764165916790 1764165916797
25004 511342724 1764165916822.967529 1764165916822 1764165916830
25005 511376068 1764165916856.303955 1764165916856 1764165916863
25006 511409412 1764165916889.640381 1764165916890 1764165916897
25007 511442756 1764165916922.976562 1764165916922 1764165916930
25008 511476100 1764165916956.312988 1764165916956 1764165916963
25009 511509443 1764165916989.648438 1764165916990 1764165916997
25010 511542787 1764165917022.984863 1764165917022 1764165917030
25011 511576131 1764165917056.321289 1764165917056 1764165917063
25012 511609475 1764165917089.657715 1764165917090 1764165917097
25013 511642819 1764165917122.993896 1764165917122 1764165917131
25014 511676163 1764165917156.330322 1764165917156 1764165917163
25015 511709507 1764165917189.666748 1764165917190 1764165917197
25016 511742851 1764165917223.003174 1764165917222 1764165917230
25017 511776195 1764165917256.339600 1764165917256 1764165917263
25018 511809539 1764165917289.675781 1764165917290 1764165917297
25019 511842883 1764165917323.012207 1764165917322 1764165917330
25020 511876227 1764165917356.348633 1764165917356 1764165917363
25021 511909571 1764165917389.685059 1764165917390 1764165917397
25022 511942914 1764165917423.020508 1764165917422 1764165917430
25023 511976258 1764165917456.356689 1764165917456 1764165917463
25024 512009602 1764165917489.693115 1764165917490 1764165917497
25025 512042946 1764165917523.028320 1764165917522 1764165917530
25026 512076290 1764165917556.363525 1764165917556 1764165917563
25027 512109634 1764165917589.698730 1764165917590 1764165917597
25028 512142978 1764165917623.033936 1764165917622 1764165917630
25029 512176322 1764165917656.369141 1764165917656 1764165917663
25030 512209666 1764165917689.704102 1764165917690 1764165917697
25031 512243010 1764165917723.039307 1764165917722 1764165917730
25032 512276354 1764165917756.374512 1764165917756 1764165917763
25033 512309698 1764165917789.709717 1764165917790 1764165917797
25034 512343042 1764165917823.044678 1764165917822 1764165917830
25035 512376386 1764165917856.379883 1764165917856 1764165917863
25036 512409729 1764165917889.713867 1764165917889 1764165917897
25037 512443073 1764165917923.049072 1764165917923 1764165917930
25038 512476417 1764165917956.384033 1764165917956 1764165917963
25039 512509761 1764165917989.719238 1764165917990 1764165917997
25040 512543105 1764165918023.054199 1764165918023 1764165918030
25041 512576449 1764165918056.389404 1764165918056 1764165918063
25042 512609793 1764165918089.724365 1764165918090 1764165918097
25043 512643137 1764165918123.059326 1764165918123 1764165918130
25044 512676481 1764165918156.394531 1764165918156 1764165918163
25045 512709825 1764165918189.729492 1764165918190 1764165918197
25046 512743169 1764165918223.064453 1764165918223 1764165918230
25047 512776513 1764165918256.399414 1764165918256 1764165918263
25048 512809857 1764165918289.734619 1764165918290 1764165918297
25049 512843200 1764165918323.068604 1764165918323 1764165918330
25050 512876544 1764165918356.403564 1764165918356 1764165918363
25051 512909888 1764165918389.738525 1764165918390 1764165918397
25052 512943232 1764165918423.073486 1764165918423 1764165918430
25053 512976576 1764165918456.408447 1764165918456 1764165918463
25054 513009920 1764165918489.743408 1764165918490 1764165918497
25055 513043264 1764165918523.079834 1764165918523 1764165918530
25056 513076608 1764165918556.416260 1764165918556 1764165918563
25057 513109952 1764165918589.752686 1764165918590 1764165918597
25058 513143296 1764165918623.088867 1764165918623 1764165918630
25059 513176640 1764165918656.425293 1764165918656 1764165918664
25060 513209984 1764165918689.761719 1764165918690 1764165918697
25061 513243328 1764165918723.098145 1764165918723 1764165918730
25062 513276671 1764165918756.433594 1764165918757 1764165918764
25063 513310015 1764165918789.770020 1764165918790 1764165918797
25064 513343359 1764165918823.106445 1764165918823 1764165918830
25065 513376703 1764165918856.442871 1764165918856 1764165918863
25066 513410047 1764165918889.779541 1764165918890 1764165918897
25067 513443391 1764165918923.115967 1764165918923 1764165918930
25068 513476735 1764165918956.452393 1764165918956 1764165918963
25069 513510079 1764165918989.788818 1764165918989 1764165918997
25070 513543423 1764165919023.125244 1764165919023 1764165919030
25071 513576767 1764165919056.461670 1764165919056 1764165919063
25072 513610111 1764165919089.798096 1764165919090 1764165919097
25073 513643455 1764165919123.134766 1764165919123 1764165919130
25074 513676799 1764165919156.471191 1764165919156 1764165919163
25075 513710143 1764165919189.807617 1764165919190 1764165919197
25076 513743486 1764165919223.143066 1764165919223 1764165919230
25077 513776830 1764165919256.479492 1764165919256 1764165919263
25078 513810174 1764165919289.816162 1764165919290 1764165919297
25079 513843518 1764165919323.152588 1764165919323 1764165919330
25080 513876862 1764165919356.489014 1764165919356 1764165919363
25081 513910206 1764165919389.825684 1764165919390 1764165919397
25082 513943550 1764165919423.162109 1764165919423 1764165919430
25083 513976894 1764165919456.498535 1764165919457 1764165919464
25084 514010238 1764165919489.835205 1764165919490 1764165919497
25085 514043582 1764165919523.170654 1764165919523 1764165919530
25086 514076926 1764165919556.506104 1764165919557 1764165919564
25087 514110270 1764165919589.841797 1764165919590 1764165919597
25088 514143614 1764165919623.177246 1764165919623 1764165919630
25089 514176957 1764165919656.511719 1764165919657 1764165919664
25090 514210301 1764165919689.847168 1764165919690 1764165919697
25091 514243645 1764165919723.182617 1764165919723 1764165919730
25092 514276989 1764165919756.518066 1764165919757 1764165919764
25093 514310333 1764165919789.853760 1764165919790 1764165919797
25094 514343677 1764165919823.189209 1764165919823 1764165919830
25095 514377021 1764165919856.524658 1764165919857 1764165919864
25096 514410365 1764165919889.860107 1764165919889 1764165919897
25097 514443709 1764165919923.195557 1764165919923 1764165919930
25098 514477053 1764165919956.531006 1764165919957 1764165919964
25099 514510397 1764165919989.866455 1764165919990 1764165919997
25100 514543741 1764165920023.201904 1764165920023 1764165920030
25101 514577085 1764165920056.537354 1764165920057 1764165920064
25102 514610428 1764165920089.871826 1764165920089 1764165920097
25103 514643772 1764165920123.207275 1764165920123 1764165920130
25104 514677116 1764165920156.542480 1764165920157 1764165920164
25105 514710460 1764165920189.877930 1764165920189 1764165920197
25106 514743804 1764165920223.213379 1764165920223 1764165920230
25107 514777148 1764165920256.548828 1764165920257 1764165920264
25108 514810492 1764165920289.884277 1764165920289 1764165920297
25109 514843836 1764165920323.219727 1764165920323 1764165920330
25110 514877180 1764165920356.555176 1764165920357 1764165920364
25111 514910524 1764165920389.890381 1764165920389 1764165920397
25112 514943868 1764165920423.225830 1764165920423 1764165920430
25113 514977212 1764165920456.561279 1764165920457 1764165920464
25114 515010556 1764165920489.896729 1764165920489 1764165920497
25115 515043900 1764165920523.231934 1764165920523 1764165920530
25116 515077243 1764165920556.566406 1764165920557 1764165920564
25117 515110587 1764165920589.901855 1764165920589 1764165920597
25118 515143931 1764165920623.237305 1764165920623 1764165920630
25119 515177275 1764165920656.572510 1764165920657 1764165920664
25120 515210619 1764165920689.907959 1764165920689 1764165920697
25121 515243963 1764165920723.243408 1764165920723 1764165920730
25122 515277307 1764165920756.578613 1764165920757 1764165920764
25123 515310651 1764165920789.914062 1764165920789 1764165920797
25124 515343995 1764165920823.249268 1764165920823 1764165920830
25125 515377339 1764165920856.584717 1764165920857 1764165920864
25126 515410683 1764165920889.919922 1764165920889 1764165920897
25127 515444027 1764165920923.255371 1764165920923 1764165920930
25128 515477371 1764165920956.590576 1764165920957 1764165920964
25129 515510714 1764165920989.925049 1764165920989 1764165920997
25130 515544058 1764165921023.260254 1764165921023 1764165921030
25131 515577402 1764165921056.595703 1764165921057 1764165921064
25132 515610746 1764165921089.930908 1764165921089 1764165921097
25133 515644090 1764165921123.266113 1764165921123 1764165921130
25134 515677434 1764165921156.601562 1764165921157 1764165921164
25135 515710778 1764165921189.936768 1764165921189 1764165921197
25136 515744122 1764165921223.271973 1764165921223 1764165921230
25137 515777466 1764165921256.607422 1764165921257 1764165921264
25138 515810810 1764165921289.942627 1764165921289 1764165921297
25139 515844154 1764165921323.277832 1764165921323 1764165921330
25140 515877498 1764165921356.613037 1764165921357 1764165921364
25141 515910842 1764165921389.948242 1764165921389 1764165921397
25142 515944185 1764165921423.282471 1764165921423 1764165921430
25143 515977529 1764165921456.617920 1764165921457 1764165921464
25144 516010873 1764165921489.953125 1764165921489 1764165921497
25145 516044217 1764165921523.289062 1764165921523 1764165921530
25146 516077561 1764165921556.624756 1764165921557 1764165921564
25147 516110905 1764165921589.960205 1764165921589 1764165921597
25148 516144249 1764165921623.295654 1764165921623 1764165921630
25149 516177593 1764165921656.631104 1764165921657 1764165921664
25150 516210937 1764165921689.966553 1764165921689 1764165921697
25151 516244281 1764165921723.302002 1764165921723 1764165921730
25152 516277625 1764165921756.637451 1764165921757 1764165921764
25153 516310969 1764165921789.972900 1764165921789 1764165921797
25154 516344313 1764165921823.308350 1764165921823 1764165921830
25155 516377657 1764165921856.643799 1764165921857 1764165921864
25156 516411000 1764165921889.978271 1764165921889 1764165921897
25157 516444344 1764165921923.313477 1764165921923 1764165921930
25158 516477688 1764165921956.648926 1764165921957 1764165921964
25159 516511032 1764165921989.984375 1764165921989 1764165921997
25160 516544376 1764165922023.319824 1764165922023 1764165922030
25161 516577720 1764165922056.655273 1764165922057 1764165922064
25162 516611064 1764165922089.990723 1764165922089 1764165922097
25163 516644408 1764165922123.325928 1764165922123 1764165922130
25164 516677752 1764165922156.661377 1764165922157 1764165922164
25165 516711096 1764165922189.996826 1764165922190 1764165922197
25166 516744440 1764165922223.332031 1764165922223 1764165922230
25167 516777784 1764165922256.667480 1764165922257 1764165922264
25168 516811128 1764165922290.002930 1764165922290 1764165922297
25169 516844471 1764165922323.337158 1764165922323 1764165922330
25170 516877815 1764165922356.672607 1764165922357 1764165922364
25171 516911159 1764165922390.007812 1764165922390 1764165922397
25172 516944503 1764165922423.343262 1764165922423 1764165922430
25173 516977847 1764165922456.678711 1764165922457 1764165922464
25174 517011191 1764165922490.013916 1764165922490 1764165922497
25175 517044535 1764165922523.349365 1764165922523 1764165922530
25176 517077879 1764165922556.684814 1764165922557 1764165922564
25177 517111223 1764165922590.020264 1764165922590 1764165922597
25178 517144567 1764165922623.355713 1764165922623 1764165922630
25179 517177911 1764165922656.691406 1764165922657 1764165922664
25180 517211255 1764165922690.026855 1764165922690 1764165922697
25181 517244599 1764165922723.362305 1764165922723 1764165922730
25182 517277942 1764165922756.696777 1764165922757 1764165922764
25183 517311286 1764165922790.032227 1764165922790 1764165922797
25184 517344630 1764165922823.367676 1764165922823 1764165922830
25185 517377974 1764165922856.703125 1764165922857 1764165922864
25186 517411318 1764165922890.038574 1764165922890 1764165922897
25187 517444662 1764165922923.374268 1764165922923 1764165922930
25188 517478006 1764165922956.709717 1764165922957 1764165922964
25189 517511350 1764165922990.045166 1764165922990 1764165922997
25190 517544694 1764165923023.380615 1764165923023 1764165923030
25191 517578038 1764165923056.716064 1764165923057 1764165923064
25192 517611382 1764165923090.051514 1764165923090 1764165923097
25193 517644726 1764165923123.386963 1764165923123 1764165923130
25194 517678070 1764165923156.722412 1764165923157 1764165923164
25195 517711414 1764165923190.057617 1764165923190 1764165923197
25196 517744757 1764165923223.392090 1764165923223 1764165923230
25197 517778101 1764165923256.727539 1764165923257 1764165923264
25198 517811445 1764165923290.062988 1764165923290 1764165923297
25199 517844789 1764165923323.398438 1764165923324 1764165923331
25200 517878133 1764165923356.733887 1764165923357 1764165923364
25201 517911477 1764165923390.069092 1764165923390 1764165923397
25202 517944821 1764165923423.404541 1764165923424 1764165923431
25203 517978165 1764165923456.739990 1764165923457 1764165923464
25204 518011509 1764165923490.075439 1764165923490 1764165923497
25205 518044853 1764165923523.410889 1764165923523 1764165923530
25206 518078197 1764165923556.749756 1764165923557 1764165923564
25207 518111541 1764165923590.088623 1764165923590 1764165923597
25208 518144885 1764165923623.427490 1764165923623 1764165923630
25209 518178228 1764165923656.765381 1764165923656 1764165923665
25210 518211572 1764165923690.104492 1764165923690 1764165923697
25211 518244916 1764165923723.443359 1764165923724 1764165923731
25212 518278260 1764165923756.782471 1764165923757 1764165923764
25213 518311604 1764165923790.121338 1764165923790 1764165923797
25214 518344948 1764165923823.460449 1764165923824 1764165923831
25215 518378292 1764165923856.799561 1764165923857 1764165923864
25216 518411636 1764165923890.138672 1764165923890 1764165923897
25217 518444980 1764165923923.477783 1764165923924 1764165923931
25218 518478324 1764165923956.816895 1764165923957 1764165923964
25219 518511668 1764165923990.156006 1764165923990 1764165923997
25220 518545012 1764165924023.495117 1764165924024 1764165924031
25221 518578356 1764165924056.834229 1764165924057 1764165924064
25222 518611699 1764165924090.172363 1764165924090 1764165924097
25223 518645043 1764165924123.511475 1764165924124 1764165924131
25224 518678387 1764165924156.850830 1764165924156 1764165924164
25225 518711731 1764165924190.189941 1764165924190 1764165924197
25226 518745075 1764165924223.529297 1764165924224 1764165924231
25227 518778419 1764165924256.868408 1764165924256 1764165924264
25228 518811763 1764165924290.207764 1764165924290 1764165924297
25229 518845107 1764165924323.546875 1764165924324 1764165924331
25230 518878451 1764165924356.886230 1764165924356 1764165924364
25231 518911795 1764165924390.225586 1764165924390 1764165924397
25232 518945139 1764165924423.564941 1764165924424 1764165924431
25233 518978483 1764165924456.904297 1764165924456 1764165924464
25234 519011827 1764165924490.243652 1764165924490 1764165924497
25235 519045171 1764165924523.583008 1764165924524 1764165924531
25236 519078514 1764165924556.917236 1764165924556 1764165924564
25237 519111858 1764165924590.252441 1764165924590 1764165924597
25238 519145202 1764165924623.587891 1764165924624 1764165924631
25239 519178546 1764165924656.923096 1764165924656 1764165924664
25240 519211890 1764165924690.258301 1764165924690 1764165924697
25241 519245234 1764165924723.593506 1764165924724 1764165924731
25242 519278578 1764165924756.928711 1764165924756 1764165924764
25243 519311922 1764165924790.263916 1764165924790 1764165924797
25244 519345266 1764165924823.599121 1764165924824 1764165924831
25245 519378610 1764165924856.934326 1764165924856 1764165924864
25246 519411954 1764165924890.269531 1764165924890 1764165924897
25247 519445298 1764165924923.604736 1764165924924 1764165924931
25248 519478642 1764165924956.939941 1764165924956 1764165924964
25249 519511985 1764165924990.273926 1764165924990 1764165924997
25250 519545329 1764165925023.609131 1764165925024 1764165925031
25251 519578673 1764165925056.944336 1764165925056 1764165925064
25252 519612017 1764165925090.279541 1764165925090 1764165925097
25253 519645361 1764165925123.614502 1764165925124 1764165925131
25254 519678705 1764165925156.949707 1764165925156 1764165925164
25255 519712049 1764165925190.284912 1764165925190 1764165925197
25256 519745393 1764165925223.619873 1764165925224 1764165925231
25257 519778737 1764165925256.955078 1764165925256 1764165925264
25258 519812081 1764165925290.290283 1764165925290 1764165925297
25259 519845425 1764165925323.625244 1764165925324 1764165925331
25260 519878769 1764165925356.960449 1764165925356 1764165925364
25261 519912113 1764165925390.295410 1764165925390 1764165925397
25262 519945456 1764165925423.629639 1764165925424 1764165925431
25263 519978800 1764165925456.964600 1764165925456 1764165925464
25264 520012144 1764165925490.299561 1764165925490 1764165925497
25265 520045488 1764165925523.634766 1764165925524 1764165925531
25266 520078832 1764165925556.969971 1764165925556 1764165925564
25267 520112176 1764165925590.305176 1764165925590 1764165925597
25268 520145520 1764165925623.640137 1764165925624 1764165925631
25269 520178864 1764165925656.975342 1764165925656 1764165925664
25270 520212208 1764165925690.310547 1764165925690 1764165925697
25271 520245552 1764165925723.645752 1764165925724 1764165925731
25272 520278896 1764165925756.980713 1764165925756 1764165925764
25273 520312240 1764165925790.315918 1764165925790 1764165925797
25274 520345584 1764165925823.651123 1764165925824 1764165925831
25275 520378928 1764165925856.986084 1764165925856 1764165925864
25276 520412271 1764165925890.320312 1764165925890 1764165925897
25277 520445615 1764165925923.655273 1764165925924 1764165925931
25278 520478959 1764165925956.990479 1764165925956 1764165925964
25279 520512303 1764165925990.325439 1764165925990 1764165925997
25280 520545647 1764165926023.660645 1764165926024 1764165926031
25281 520578991 1764165926056.995605 1764165926056 1764165926064
25282 520612335 1764165926090.330811 1764165926090 1764165926097
25283 520645679 1764165926123.665771 1764165926124 1764165926131
25284 520679023 1764165926157.000977 1764165926156 1764165926164
25285 520712367 1764165926190.335938 1764165926190 1764165926197
25286 520745711 1764165926223.670898 1764165926224 1764165926231
25287 520779055 1764165926257.005859 1764165926256 1764165926264
25288 520812399 1764165926290.341064 1764165926290 1764165926297
25289 520845742 1764165926323.675049 1764165926324 1764165926331
25290 520879086 1764165926357.010010 1764165926357 1764165926364
25291 520912430 1764165926390.344971 1764165926390 1764165926397
25292 520945774 1764165926423.679932 1764165926424 1764165926431
25293 520979118 1764165926457.014893 1764165926457 1764165926464
25294 521012462 1764165926490.349854 1764165926490 1764165926497
25295 521045806 1764165926523.684814 1764165926524 1764165926531
25296 521079150 1764165926557.020264 1764165926557 1764165926564
25297 521112494 1764165926590.355713 1764165926590 1764165926597
25298 521145838 1764165926623.691162 1764165926624 1764165926631
25299 521179182 1764165926657.026611 1764165926657 1764165926664
25300 521212526 1764165926690.361816 1764165926690 1764165926697
25301 521245870 1764165926723.697266 1764165926724 1764165926731
25302 521279213 1764165926757.031494 1764165926757 1764165926764
25303 521312557 1764165926790.366943 1764165926790 1764165926797
25304 521345901 1764165926823.702393 1764165926824 1764165926831
25305 521379245 1764165926857.037598 1764165926857 1764165926864
25306 521412589 1764165926890.373047 1764165926890 1764165926897
25307 521445933 1764165926923.708252 1764165926924 1764165926931
25308 521479277 1764165926957.043701 1764165926957 1764165926964
25309 521512621 1764165926990.378906 1764165926990 1764165926997
25310 521545965 1764165927023.714355 1764165927024 1764165927031
25311 521579309 1764165927057.049561 1764165927057 1764165927064
25312 521612653 1764165927090.385010 1764165927090 1764165927097
25313 521645997 1764165927123.720215 1764165927124 1764165927131
25314 521679341 1764165927157.055420 1764165927157 1764165927164
25315 521712685 1764165927190.390869 1764165927190 1764165927197
25316 521746028 1764165927223.725098 1764165927224 1764165927231
25317 521779372 1764165927257.060303 1764165927257 1764165927264
25318 521812716 1764165927290.395508 1764165927290 1764165927297
25319 521846060 1764165927323.730713 1764165927324 1764165927331
25320 521879404 1764165927357.066162 1764165927357 1764165927364
25321 521912748 1764165927390.401367 1764165927390 1764165927397
25322 521946092 1764165927423.736572 1764165927424 1764165927431
25323 521979436 1764165927457.071777 1764165927457 1764165927464
25324 522012780 1764165927490.406982 1764165927490 1764165927497
25325 522046124 1764165927523.742188 1764165927524 1764165927531
25326 522079468 1764165927557.079102 1764165927557 1764165927564
25327 522112812 1764165927590.416260 1764165927591 1764165927598
25328 522146156 1764165927623.753174 1764165927624 1764165927631
25329 522179499 1764165927657.089111 1764165927657 1764165927664
25330 522212843 1764165927690.426025 1764165927690 1764165927697
25331 522246187 1764165927723.763184 1764165927724 1764165927731
25332 522279531 1764165927757.100098 1764165927757 1764165927764
25333 522312875 1764165927790.437012 1764165927790 1764165927797
25334 522346219 1764165927823.774170 1764165927824 1764165927831
25335 522379563 1764165927857.111084 1764165927857 1764165927864
25336 522412907 1764165927890.448242 1764165927891 1764165927898
25337 522446251 1764165927923.785156 1764165927924 1764165927931
25338 522479595 1764165927957.122070 1764165927957 1764165927964
25339 522512939 1764165927990.459229 1764165927991 1764165927998
25340 522546283 1764165928023.796143 1764165928024 1764165928031
25341 522579627 1764165928057.133301 1764165928057 1764165928064
25342 522612970 1764165928090.469238 1764165928091 1764165928098
25343 522646314 1764165928123.806396 1764165928124 1764165928131
25344 522679658 1764165928157.143311 1764165928157 1764165928164
25345 522713002 1764165928190.480469 1764165928191 1764165928198
25346 522746346 1764165928223.817627 1764165928224 1764165928231
25347 522779690 1764165928257.154541 1764165928257 1764165928264
25348 522813034 1764165928290.491699 1764165928291 1764165928298
25349 522846378 1764165928323.828613 1764165928324 1764165928331
25350 522879722 1764165928357.165771 1764165928357 1764165928364
25351 522913066 1764165928390.502930 1764165928391 1764165928398
25352 522946410 1764165928423.839844 1764165928424 1764165928431
25353 522979754 1764165928457.177002 1764165928457 1764165928464
25354 523013098 1764165928490.514160 1764165928491 1764165928498
25355 523046442 1764165928523.851318 1764165928523 1764165928531
25356 523079785 1764165928557.187012 1764165928557 1764165928564
25357 523113129 1764165928590.523926 1764165928591 1764165928598
25358 523146473 1764165928623.860840 1764165928623 1764165928631
25359 523179817 1764165928657.197754 1764165928657 1764165928664
25360 523213161 1764165928690.534668 1764165928691 1764165928698
25361 523246505 1764165928723.871582 1764165928723 1764165928731
25362 523279849 1764165928757.208740 1764165928757 1764165928764
25363 523313193 1764165928790.545654 1764165928791 1764165928798
25364 523346537 1764165928823.882568 1764165928823 1764165928831
25365 523379881 1764165928857.219727 1764165928857 1764165928864
25366 523413225 1764165928890.556641 1764165928891 1764165928898
25367 523446569 1764165928923.893799 1764165928923 1764165928931
25368 523479913 1764165928957.230713 1764165928957 1764165928964
25369 523513256 1764165928990.566895 1764165928991 1764165928998
25370 523546600 1764165929023.903809 1764165929023 1764165929031
25371 523579944 1764165929057.240967 1764165929057 1764165929064
25372 523613288 1764165929090.578125 1764165929091 1764165929098
25373 523646632 1764165929123.915283 1764165929123 1764165929131
25374 523679976 1764165929157.252441 1764165929157 1764165929164
25375 523713320 1764165929190.589600 1764165929191 1764165929198
25376 523746664 1764165929223.926758 1764165929223 1764165929231
25377 523780008 1764165929257.263916 1764165929257 1764165929264
25378 523813352 1764165929290.601074 1764165929291 1764165929298
25379 523846696 1764165929323.938232 1764165929323 1764165929331
25380 523880040 1764165929357.275391 1764165929357 1764165929364
25381 523913384 1764165929390.612793 1764165929391 1764165929398
25382 523946727 1764165929423.948975 1764165929423 1764165929431
25383 523980071 1764165929457.286133 1764165929457 1764165929465
25384 524013415 1764165929490.623535 1764165929491 1764165929498
25385 524046759 1764165929523.960938 1764165929523 1764165929531
25386 524080103 1764165929557.296143 1764165929557 1764165929564
25387 524113447 1764165929590.631348 1764165929591 1764165929598
25388 524146791 1764165929623.966797 1764165929623 1764165929631
25389 524180135 1764165929657.302002 1764165929657 1764165929664
25390 524213479 1764165929690.637451 1764165929691 1764165929698
25391 524246823 1764165929723.972656 1764165929723 1764165929731
25392 524280167 1764165929757.307861 1764165929758 1764165929765
25393 524313511 1764165929790.643066 1764165929791 1764165929798
25394 524346855 1764165929823.978516 1764165929823 1764165929831
25395 524380199 1764165929857.313721 1764165929857 1764165929864
25396 524413542 1764165929890.647949 1764165929891 1764165929898
25397 524446886 1764165929923.983154 1764165929923 1764165929931
25398 524480230 1764165929957.318359 1764165929957 1764165929964
25399 524513574 1764165929990.653809 1764165929991 1764165929998
25400 524546918 1764165930023.989014 1764165930023 1764165930031
25401 524580262 1764165930057.324219 1764165930057 1764165930064
25402 524613606 1764165930090.659424 1764165930091 1764165930098
25403 524646950 1764165930123.994629 1764165930123 1764165930131
25404 524680294 1764165930157.329834 1764165930157 1764165930164
25405 524713638 1764165930190.665039 1764165930191 1764165930198
25406 524746982 1764165930224.000244 1764165930223 1764165930231
25407 524780326 1764165930257.335449 1764165930257 1764165930264
25408 524813670 1764165930290.670410 1764165930291 1764165930298
25409 524847013 1764165930324.004639 1764165930323 1764165930331
25410 524880357 1764165930357.339844 1764165930357 1764165930364
25411 524913701 1764165930390.675049 1764165930391 1764165930398
25412 524947045 1764165930424.010254 1764165930423 1764165930431
25413 524980389 1764165930457.345215 1764165930457 1764165930464
25414 525013733 1764165930490.680420 1764165930491 1764165930498
25415 525047077 1764165930524.015625 1764165930523 1764165930531
25416 525080421 1764165930557.351807 1764165930557 1764165930564
25417 525113765 1764165930590.687744 1764165930591 1764165930598
25418 525147109 1764165930624.023926 1764165930624 1764165930631
25419 525180453 1764165930657.360107 1764165930657 1764165930664
25420 525213797 1764165930690.696045 1764165930691 1764165930698
25421 525247141 1764165930724.032227 1764165930724 1764165930731
25422 525280484 1764165930757.367432 1764165930757 1764165930764
25423 525313828 1764165930790.703369 1764165930791 1764165930798
25424 525347172 1764165930824.039551 1764165930824 1764165930831
25425 525380516 1764165930857.375732 1764165930857 1764165930865
25426 525413860 1764165930890.711914 1764165930891 1764165930898
25427 525447204 1764165930924.047852 1764165930924 1764165930931
25428 525480548 1764165930957.384033 1764165930957 1764165930964
25429 525513892 1764165930990.720215 1764165930991 1764165930998
25430 525547236 1764165931024.056396 1764165931024 1764165931031
25431 525580580 1764165931057.392334 1764165931058 1764165931065
25432 525613924 1764165931090.728516 1764165931091 1764165931098
25433 525647268 1764165931124.064697 1764165931124 1764165931131
25434 525680612 1764165931157.400879 1764165931157 1764165931164
25435 525713956 1764165931190.737061 1764165931191 1764165931198
25436 525747299 1764165931224.072266 1764165931224 1764165931231
25437 525780643 1764165931257.408203 1764165931257 1764165931264
25438 525813987 1764165931290.744385 1764165931291 1764165931298
25439 525847331 1764165931324.080566 1764165931324 1764165931331
25440 525880675 1764165931357.416748 1764165931357 1764165931364
25441 525914019 1764165931390.752930 1764165931391 1764165931398
25442 525947363 1764165931424.089111 1764165931424 1764165931431
25443 525980707 1764165931457.425293 1764165931458 1764165931465
25444 526014051 1764165931490.761475 1764165931491 1764165931498
25445 526047395 1764165931524.097656 1764165931524 1764165931531
25446 526080739 1764165931557.433105 1764165931557 1764165931564
25447 526114083 1764165931590.768555 1764165931591 1764165931598
25448 526147427 1764165931624.104004 1764165931624 1764165931631
25449 526180770 1764165931657.438477 1764165931657 1764165931664
25450 526214114 1764165931690.773926 1764165931691 1764165931698
25451 526247458 1764165931724.109131 1764165931724 1764165931731
25452 526280802 1764165931757.444580 1764165931757 1764165931764
25453 526314146 1764165931790.780029 1764165931791 1764165931798
25454 526347490 1764165931824.115479 1764165931824 1764165931831
25455 526380834 1764165931857.450928 1764165931858 1764165931865
25456 526414178 1764165931890.786377 1764165931891 1764165931898
25457 526447522 1764165931924.121582 1764165931924 1764165931931
25458 526480866 1764165931957.457031 1764165931958 1764165931965
25459 526514210 1764165931990.792480 1764165931990 1764165931998
25460 526547554 1764165932024.127930 1764165932024 1764165932031
25461 526580898 1764165932057.463135 1764165932058 1764165932065
25462 526614241 1764165932090.797607 1764165932091 1764165932098
25463 526647585 1764165932124.132812 1764165932124 1764165932131
25464 526680929 1764165932157.468262 1764165932158 1764165932165
25465 526714273 1764165932190.803711 1764165932191 1764165932198
25466 526747617 1764165932224.138916 1764165932224 1764165932231
25467 526780961 1764165932257.474365 1764165932258 1764165932265
25468 526814305 1764165932290.809570 1764165932291 1764165932298
25469 526847649 1764165932324.145020 1764165932324 1764165932331
25470 526880993 1764165932357.480225 1764165932358 1764165932365
25471 526914337 1764165932390.815430 1764165932390 1764165932398
25472 526947681 1764165932424.150879 1764165932424 1764165932431
25473 526981025 1764165932457.486084 1764165932458 1764165932465
25474 527014369 1764165932490.821533 1764165932491 1764165932498
25475 527047713 1764165932524.156738 1764165932524 1764165932531
25476 527081056 1764165932557.492432 1764165932558 1764165932565
25477 527114400 1764165932590.829102 1764165932590 1764165932598
25478 527147744 1764165932624.166016 1764165932624 1764165932631
25479 527181088 1764165932657.502686 1764165932658 1764165932665
25480 527214432 1764165932690.839355 1764165932691 1764165932698
25481 527247776 1764165932724.176270 1764165932724 1764165932731
25482 527281120 1764165932757.512939 1764165932758 1764165932765
25483 527314464 1764165932790.849854 1764165932790 1764165932798
25484 527347808 1764165932824.186523 1764165932824 1764165932831
25485 527381152 1764165932857.523438 1764165932858 1764165932865
25486 527414496 1764165932890.860107 1764165932890 1764165932898
25487 527447840 1764165932924.197021 1764165932924 1764165932931
25488 527481184 1764165932957.533691 1764165932958 1764165932965
25489 527514527 1764165932990.869629 1764165932990 1764165932998
25490 527547871 1764165933024.206543 1764165933024 1764165933031
25491 527581215 1764165933057.543213 1764165933058 1764165933065
25492 527614559 1764165933090.880127 1764165933090 1764165933098
25493 527647903 1764165933124.217041 1764165933124 1764165933131
25494 527681247 1764165933157.553711 1764165933158 1764165933165
25495 527714591 1764165933190.890625 1764165933190 1764165933198
25496 527747935 1764165933224.227539 1764165933224 1764165933231
25497 527781279 1764165933257.564453 1764165933258 1764165933265
25498 527814623 1764165933290.901367 1764165933290 1764165933298
25499 527847967 1764165933324.238281 1764165933324 1764165933331
25500 527881311 1764165933357.574951 1764165933358 1764165933365
25501 527914655 1764165933390.911865 1764165933390 1764165933398
25502 527947998 1764165933424.247803 1764165933424 1764165933431
25503 527981342 1764165933457.584717 1764165933458 1764165933465
25504 528014686 1764165933490.921631 1764165933490 1764165933498
25505 528048030 1764165933524.258545 1764165933524 1764165933531
25506 528081374 1764165933557.593994 1764165933558 1764165933565
25507 528114718 1764165933590.929199 1764165933590 1764165933598
25508 528148062 1764165933624.264648 1764165933624 1764165933631
25509 528181406 1764165933657.599854 1764165933658 1764165933665
25510 528214750 1764165933690.935059 1764165933690 1764165933698
25511 528248094 1764165933724.270508 1764165933724 1764165933731
25512 528281438 1764165933757.605713 1764165933758 1764165933765
25513 528314782 1764165933790.940918 1764165933790 1764165933798
25514 528348126 1764165933824.276367 1764165933825 1764165933832
25515 528381470 1764165933857.611572 1764165933858 1764165933865
25516 528414813 1764165933890.945801 1764165933890 1764165933898
25517 528448157 1764165933924.281006 1764165933924 1764165933931
25518 528481501 1764165933957.616211 1764165933958 1764165933965
25519 528514845 1764165933990.951416 1764165933990 1764165933998
25520 528548189 1764165934024.286865 1764165934024 1764165934031
25521 528581533 1764165934057.622070 1764165934058 1764165934065
25522 528614877 1764165934090.957275 1764165934090 1764165934098
25523 528648221 1764165934124.292480 1764165934124 1764165934131
25524 528681565 1764165934157.627686 1764165934157 1764165934165
25525 528714909 1764165934190.962891 1764165934190 1764165934198
25526 528748253 1764165934224.297852 1764165934224 1764165934231
25527 528781597 1764165934257.633057 1764165934258 1764165934265
25528 528814941 1764165934290.968262 1764165934290 1764165934298
25529 528848284 1764165934324.302490 1764165934324 1764165934331
25530 528881628 1764165934357.637695 1764165934358 1764165934365
25531 528914972 1764165934390.972900 1764165934390 1764165934398
25532 528948316 1764165934424.307861 1764165934424 1764165934431
25533 528981660 1764165934457.643066 1764165934458 1764165934465
25534 529015004 1764165934490.978271 1764165934490 1764165934498
25535 529048348 1764165934524.313232 1764165934524 1764165934531
25536 529081692 1764165934557.648926 1764165934558 1764165934565
25537 529115036 1764165934590.984619 1764165934590 1764165934598
25538 529148380 1764165934624.320312 1764165934624 1764165934631
25539 529181724 1764165934657.656006 1764165934658 1764165934665
25540 529215068 1764165934690.991699 1764165934691 1764165934698
25541 529248412 1764165934724.327393 1764165934725 1764165934732
25542 529281755 1764165934757.661865 1764165934758 1764165934765
25543 529315099 1764165934790.997559 1764165934790 1764165934798
25544 529348443 1764165934824.333252 1764165934824 1764165934831
25545 529381787 1764165934857.668945 1764165934858 1764165934865
25546 529415131 1764165934891.004395 1764165934891 1764165934898
25547 529448475 1764165934924.340088 1764165934924 1764165934931
25548 529481819 1764165934957.675781 1764165934958 1764165934965
25549 529515163 1764165934991.011475 1764165934991 1764165934998
25550 529548507 1764165935024.346924 1764165935024 1764165935031
25551 529581851 1764165935057.682617 1764165935058 1764165935065
25552 529615195 1764165935091.018311 1764165935091 1764165935098
25553 529648539 1764165935124.353760 1764165935124 1764165935131
25554 529681883 1764165935157.689453 1764165935158 1764165935165
25555 529715227 1764165935191.025146 1764165935191 1764165935198
25556 529748570 1764165935224.359619 1764165935224 1764165935231
25557 529781914 1764165935257.695312 1764165935258 1764165935265
25558 529815258 1764165935291.031006 1764165935291 1764165935298
25559 529848602 1764165935324.366455 1764165935324 1764165935331
25560 529881946 1764165935357.702148 1764165935358 1764165935365
25561 529915290 1764165935391.037598 1764165935391 1764165935398
25562 529948634 1764165935424.373291 1764165935424 1764165935431
25563 529981978 1764165935457.708984 1764165935458 1764165935465
25564 530015322 1764165935491.044434 1764165935491 1764165935498
25565 530048666 1764165935524.380127 1764165935524 1764165935531
25566 530082010 1764165935557.715332 1764165935558 1764165935565
25567 530115354 1764165935591.050781 1764165935591 1764165935598
25568 530148698 1764165935624.385986 1764165935624 1764165935631
25569 530182041 1764165935657.720459 1764165935658 1764165935665
25570 530215385 1764165935691.055664 1764165935691 1764165935698
25571 530248729 1764165935724.391113 1764165935724 1764165935731
25572 530282073 1764165935757.726318 1764165935758 1764165935765
25573 530315417 1764165935791.061768 1764165935791 1764165935798
25574 530348761 1764165935824.396973 1764165935824 1764165935831
25575 530382105 1764165935857.732178 1764165935858 1764165935865
25576 530415449 1764165935891.067627 1764165935891 1764165935898
25577 530448793 1764165935924.402832 1764165935924 1764165935931
25578 530482137 1764165935957.738037 1764165935958 1764165935965
25579 530515481 1764165935991.073486 1764165935991 1764165935998
25580 530548825 1764165936024.408691 1764165936024 1764165936031
25581 530582169 1764165936057.743896 1764165936058 1764165936065
25582 530615512 1764165936091.078125 1764165936091 1764165936098
25583 530648856 1764165936124.413330 1764165936124 1764165936132
25584 530682200 1764165936157.748779 1764165936158 1764165936165
25585 530715544 1764165936191.083984 1764165936191 1764165936198
25586 530748888 1764165936224.419189 1764165936225 1764165936232
25587 530782232 1764165936257.754395 1764165936258 1764165936265
25588 530815576 1764165936291.089600 1764165936291 1764165936298
25589 530848920 1764165936324.424805 1764165936325 1764165936332
25590 530882264 1764165936357.760010 1764165936358 1764165936365
25591 530915608 1764165936391.095215 1764165936392 1764165936399
25592 530948952 1764165936424.430420 1764165936425 1764165936432
25593 530982296 1764165936457.765625 1764165936458 1764165936465
25594 531015640 1764165936491.100586 1764165936491 1764165936498
25595 531048984 1764165936524.435791 1764165936525 1764165936532
25596 531082327 1764165936557.770264 1764165936558 1764165936565
25597 531115671 1764165936591.105713 1764165936591 1764165936598
25598 531149015 1764165936624.440918 1764165936625 1764165936632
25599 531182359 1764165936657.776367 1764165936657 1764165936665
25600 531215703 1764165936691.111572 1764165936691 1764165936698
25601 531249047 1764165936724.447021 1764165936725 1764165936732
25602 531282391 1764165936757.782227 1764165936758 1764165936765
25603 531315735 1764165936791.117676 1764165936791 1764165936798
25604 531349079 1764165936824.452881 1764165936825 1764165936832
25605 531382423 1764165936857.788330 1764165936858 1764165936865
25606 531415767 1764165936891.123535 1764165936891 1764165936898
25607 531449111 1764165936924.458984 1764165936925 1764165936932
25608 531482455 1764165936957.794189 1764165936957 1764165936965
25609 531515798 1764165936991.128418 1764165936991 1764165936998
25610 531549142 1764165937024.463867 1764165937025 1764165937032
25611 531582486 1764165937057.799072 1764165937057 1764165937065
25612 531615830 1764165937091.134277 1764165937091 1764165937098
25613 531649174 1764165937124.469482 1764165937125 1764165937132
25614 531682518 1764165937157.804932 1764165937157 1764165937165
25615 531715862 1764165937191.140137 1764165937191 1764165937198
25616 531749206 1764165937224.475342 1764165937225 1764165937232
25617 531782550 1764165937257.810547 1764165937257 1764165937265
25618 531815894 1764165937291.145752 1764165937291 1764165937298
25619 531849238 1764165937324.480957 1764165937325 1764165937332
25620 531882582 1764165937357.816162 1764165937357 1764165937365
25621 531915926 1764165937391.151367 1764165937391 1764165937398
25622 531949269 1764165937424.485596 1764165937425 1764165937432
25623 531982613 1764165937457.820801 1764165937457 1764165937465
25624 532015957 1764165937491.156006 1764165937491 1764165937498
25625 532049301 1764165937524.491211 1764165937525 1764165937532
25626 532082645 1764165937557.826660 1764165937557 1764165937565
25627 532115989 1764165937591.162109 1764165937591 1764165937598
25628 532149333 1764165937624.497559 1764165937625 1764165937632
25629 532182677 1764165937657.833008 1764165937657 1764165937665
25630 532216021 1764165937691.168457 1764165937691 1764165937698
25631 532249365 1764165937724.503906 1764165937725 1764165937732
25632 532282709 1764165937757.839355 1764165937757 1764165937765
25633 532316053 1764165937791.174805 1764165937791 1764165937798
25634 532349397 1764165937824.510254 1764165937825 1764165937832
25635 532382741 1764165937857.845703 1764165937857 1764165937865
25636 532416084 1764165937891.180176 1764165937891 1764165937898
25637 532449428 1764165937924.515625 1764165937925 1764165937932
25638 532482772 1764165937957.851074 1764165937957 1764165937965
25639 532516116 1764165937991.186523 1764165937991 1764165937998
25640 532549460 1764165938024.521729 1764165938025 1764165938032
25641 532582804 1764165938057.857178 1764165938057 1764165938065
25642 532616148 1764165938091.192627 1764165938091 1764165938098
25643 532649492 1764165938124.528076 1764165938125 1764165938132
25644 532682836 1764165938157.863281 1764165938157 1764165938165
25645 532716180 1764165938191.198730 1764165938191 1764165938198
25646 532749524 1764165938224.534180 1764165938225 1764165938232
25647 532782868 1764165938257.869385 1764165938257 1764165938265
25648 532816212 1764165938291.204834 1764165938291 1764165938298
25649 532849555 1764165938324.539307 1764165938325 1764165938332
25650 532882899 1764165938357.874512 1764165938357 1764165938365
25651 532916243 1764165938391.209961 1764165938391 1764165938398
25652 532949587 1764165938424.545166 1764165938424 1764165938432
25653 532982931 1764165938457.880615 1764165938457 1764165938465
25654 533016275 1764165938491.215820 1764165938491 1764165938498
25655 533049619 1764165938524.551270 1764165938525 1764165938532
25656 533082963 1764165938557.886963 1764165938557 1764165938565
25657 533116307 1764165938591.222656 1764165938591 1764165938598
25658 533149651 1764165938624.558594 1764165938625 1764165938632
25659 533182995 1764165938657.894287 1764165938657 1764165938665
25660 533216339 1764165938691.229980 1764165938691 1764165938698
25661 533249683 1764165938724.565918 1764165938725 1764165938732
25662 533283026 1764165938757.900635 1764165938758 1764165938765
25663 533316370 1764165938791.236328 1764165938791 1764165938798
25664 533349714 1764165938824.572021 1764165938825 1764165938832
25665 533383058 1764165938857.907715 1764165938857 1764165938865
25666 533416402 1764165938891.243652 1764165938891 1764165938898
25667 533449746 1764165938924.579346 1764165938925 1764165938932
25668 533483090 1764165938957.915039 1764165938958 1764165938965
25669 533516434 1764165938991.250732 1764165938992 1764165938999
25670 533549778 1764165939024.586426 1764165939025 1764165939032
25671 533583122 1764165939057.922119 1764165939058 1764165939065
25672 533616466 1764165939091.257812 1764165939091 1764165939098
25673 533649810 1764165939124.593750 1764165939125 1764165939132
25674 533683154 1764165939157.929443 1764165939158 1764165939165
25675 533716498 1764165939191.265137 1764165939191 1764165939198
25676 533749841 1764165939224.599854 1764165939225 1764165939232
25677 533783185 1764165939257.935547 1764165939258 1764165939265
25678 533816529 1764165939291.271240 1764165939291 1764165939298
25679 533849873 1764165939324.606934 1764165939325 1764165939332
25680 533883217 1764165939357.942627 1764165939358 1764165939365
25681 533916561 1764165939391.278320 1764165939391 1764165939398
25682 533949905 1764165939424.614014 1764165939425 1764165939432
25683 533983249 1764165939457.949707 1764165939458 1764165939465
25684 534016593 1764165939491.285400 1764165939491 1764165939498
25685 534049937 1764165939524.620850 1764165939525 1764165939532
25686 534083281 1764165939557.956543 1764165939558 1764165939565
25687 534116625 1764165939591.294189 1764165939591 1764165939598
25688 534149969 1764165939624.631592 1764165939625 1764165939632
25689 534183312 1764165939657.968018 1764165939658 1764165939665
25690 534216656 1764165939691.305420 1764165939691 1764165939698
25691 534250000 1764165939724.643066 1764165939725 1764165939732
25692 534283344 1764165939757.980469 1764165939758 1764165939765
25693 534316688 1764165939791.318115 1764165939791 1764165939798
25694 534350032 1764165939824.655762 1764165939825 1764165939832
25695 534383376 1764165939857.993164 1764165939858 1764165939865
25696 534416720 1764165939891.330811 1764165939892 1764165939899
25697 534450064 1764165939924.668457 1764165939925 1764165939932
25698 534483408 1764165939958.006104 1764165939958 1764165939965
25699 534516752 1764165939991.343750 1764165939991 1764165939998
25700 534550096 1764165940024.681641 1764165940025 1764165940032
25701 534583440 1764165940058.019287 1764165940058 1764165940065
25702 534616783 1764165940091.355957 1764165940092 1764165940099
25703 534650127 1764165940124.693848 1764165940125 1764165940132
25704 534683471 1764165940158.031494 1764165940158 1764165940165
25705 534716815 1764165940191.369385 1764165940192 1764165940199
25706 534750159 1764165940224.707031 1764165940224 1764165940232
25707 534783503 1764165940258.044922 1764165940258 1764165940265
25708 534816847 1764165940291.382812 1764165940292 1764165940299
25709 534850191 1764165940324.720703 1764165940325 1764165940332
25710 534883535 1764165940358.058594 1764165940358 1764165940365
25711 534916879 1764165940391.396484 1764165940392 1764165940399
25712 534950223 1764165940424.734375 1764165940425 1764165940432
25713 534983567 1764165940458.072266 1764165940458 1764165940465
25714 535016911 1764165940491.410400 1764165940492 1764165940499
25715 535050255 1764165940524.748291 1764165940525 1764165940532
25716 535083598 1764165940558.085205 1764165940558 1764165940565
25717 535116942 1764165940591.420898 1764165940592 1764165940599
25718 535150286 1764165940624.756592 1764165940624 1764165940632
25719 535183630 1764165940658.092285 1764165940658 1764165940665
25720 535216974 1764165940691.427979 1764165940692 1764165940699
25721 535250318 1764165940724.763672 1764165940724 1764165940732
25722 535283662 1764165940758.099365 1764165940758 1764165940765
25723 535317006 1764165940791.435059 1764165940792 1764165940799
25724 535350350 1764165940824.770752 1764165940824 1764165940832
25725 535383694 1764165940858.106445 1764165940858 1764165940865
25726 535417038 1764165940891.441895 1764165940892 1764165940899
25727 535450382 1764165940924.777588 1764165940924 1764165940932
25728 535483726 1764165940958.113281 1764165940958 1764165940965
25729 535517069 1764165940991.447998 1764165940992 1764165940999
25730 535550413 1764165941024.783447 1764165941025 1764165941032
25731 535583757 1764165941058.119141 1764165941058 1764165941065
25732 535617101 1764165941091.454834 1764165941092 1764165941099
25733 535650445 1764165941124.790527 1764165941125 1764165941132
25734 535683789 1764165941158.125977 1764165941158 1764165941165
25735 535717133 1764165941191.461670 1764165941192 1764165941199
25736 535750477 1764165941224.797363 1764165941224 1764165941232
25737 535783821 1764165941258.133057 1764165941258 1764165941265
25738 535817165 1764165941291.468506 1764165941292 1764165941299
25739 535850509 1764165941324.804199 1764165941324 1764165941332
25740 535883853 1764165941358.139893 1764165941358 1764165941365
25741 535917197 1764165941391.475342 1764165941392 1764165941399
25742 535950540 1764165941424.810059 1764165941424 1764165941432
25743 535983884 1764165941458.145508 1764165941458 1764165941465
25744 536017228 1764165941491.481201 1764165941492 1764165941499
25745 536050572 1764165941524.816895 1764165941524 1764165941532
25746 536083916 1764165941558.152344 1764165941558 1764165941565
25747 536117260 1764165941591.489014 1764165941592 1764165941599
25748 536150604 1764165941624.825928 1764165941624 1764165941632
25749 536183948 1764165941658.162598 1764165941658 1764165941665
25750 536217292 1764165941691.499268 1764165941692 1764165941699
25751 536250636 1764165941724.835938 1764165941724 1764165941732
25752 536283980 1764165941758.172607 1764165941758 1764165941765
25753 536317324 1764165941791.509521 1764165941792 1764165941799
25754 536350668 1764165941824.846191 1764165941824 1764165941832
25755 536384012 1764165941858.182861 1764165941858 1764165941865
25756 536417355 1764165941891.518555 1764165941892 1764165941899
25757 536450699 1764165941924.855225 1764165941924 1764165941932
25758 536484043 1764165941958.192139 1764165941958 1764165941965
25759 536517387 1764165941991.528809 1764165941992 1764165941999
25760 536550731 1764165942024.865479 1764165942024 1764165942032
25761 536584075 1764165942058.202393 1764165942058 1764165942065
25762 536617419 1764165942091.539062 1764165942092 1764165942099
25763 536650763 1764165942124.875732 1764165942124 1764165942132
25764 536684107 1764165942158.212646 1764165942158 1764165942165
25765 536717451 1764165942191.549316 1764165942192 1764165942199
25766 536750795 1764165942224.885986 1764165942224 1764165942232
25767 536784139 1764165942258.222900 1764165942258 1764165942265
25768 536817483 1764165942291.559570 1764165942292 1764165942299
25769 536850826 1764165942324.895508 1764165942324 1764165942332
25770 536884170 1764165942358.232178 1764165942358 1764165942365
25771 536917514 1764165942391.568848 1764165942392 1764165942399
25772 536950858 1764165942424.905762 1764165942424 1764165942432
25773 536984202 1764165942458.242432 1764165942458 1764165942465
25774 537017546 1764165942491.579346 1764165942492 1764165942499
25775 537050890 1764165942524.916016 1764165942524 1764165942532
25776 537084234 1764165942558.252930 1764165942558 1764165942565
25777 537117578 1764165942591.588623 1764165942592 1764165942599
25778 537150922 1764165942624.924561 1764165942624 1764165942632
25779 537184266 1764165942658.260254 1764165942659 1764165942666
25780 537217610 1764165942691.595947 1764165942691 1764165942699
25781 537250954 1764165942724.931885 1764165942724 1764165942732
25782 537284297 1764165942758.266602 1764165942758 1764165942765
25783 537317641 1764165942791.602295 1764165942792 1764165942799
25784 537350985 1764165942824.938232 1764165942824 1764165942832
25785 537384329 1764165942858.273926 1764165942858 1764165942865
25786 537417673 1764165942891.609619 1764165942891 1764165942899
25787 537451017 1764165942924.945312 1764165942924 1764165942932
25788 537484361 1764165942958.281250 1764165942958 1764165942965
25789 537517705 1764165942991.616943 1764165942992 1764165942999
25790 537551049 1764165943024.952637 1764165943025 1764165943032
25791 537584393 1764165943058.288574 1764165943058 1764165943065
25792 537617737 1764165943091.624268 1764165943092 1764165943099
25793 537651081 1764165943124.959961 1764165943124 1764165943132
25794 537684425 1764165943158.295654 1764165943158 1764165943165
25795 537717769 1764165943191.631592 1764165943192 1764165943199
25796 537751112 1764165943224.966309 1764165943225 1764165943232
25797 537784456 1764165943258.302002 1764165943258 1764165943265
25798 537817800 1764165943291.637695 1764165943292 1764165943299
25799 537851144 1764165943324.973389 1764165943325 1764165943333
25800 537884488 1764165943358.309326 1764165943358 1764165943365
25801 537917832 1764165943391.645020 1764165943392 1764165943399
25802 537951176 1764165943424.980713 1764165943426 1764165943433
25803 537984520 1764165943458.316406 1764165943458 1764165943465
25804 538017864 1764165943491.652100 1764165943492 1764165943499
25805 538051208 1764165943524.987793 1764165943525 1764165943532
25806 538084552 1764165943558.323486 1764165943558 1764165943565
25807 538117896 1764165943591.663086 1764165943592 1764165943599
25808 538151240 1764165943625.002686 1764165943625 1764165943632
25809 538184583 1764165943658.341309 1764165943658 1764165943665
25810 538217927 1764165943691.680908 1764165943692 1764165943699
25811 538251271 1764165943725.020752 1764165943725 1764165943732
25812 538284615 1764165943758.360352 1764165943758 1764165943765
25813 538317959 1764165943791.700195 1764165943792 1764165943799
25814 538351303 1764165943825.039795 1764165943825 1764165943832
25815 538384647 1764165943858.379639 1764165943858 1764165943865
25816 538417991 1764165943891.719482 1764165943892 1764165943899
25817 538451335 1764165943925.059326 1764165943925 1764165943932
25818 538484679 1764165943958.399170 1764165943958 1764165943965
25819 538518023 1764165943991.739014 1764165943992 1764165943999
25820 538551367 1764165944025.078857 1764165944025 1764165944032
25821 538584711 1764165944058.418945 1764165944058 1764165944065
25822 538618054 1764165944091.757812 1764165944092 1764165944099
25823 538651398 1764165944125.097900 1764165944125 1764165944132
25824 538684742 1764165944158.437744 1764165944158 1764165944165
25825 538718086 1764165944191.777832 1764165944192 1764165944199
25826 538751430 1764165944225.117920 1764165944225 1764165944232
25827 538784774 1764165944258.458008 1764165944259 1764165944266
25828 538818118 1764165944291.798340 1764165944291 1764165944299
25829 538851462 1764165944325.138428 1764165944325 1764165944332
25830 538884806 1764165944358.478516 1764165944358 1764165944365
25831 538918150 1764165944391.818848 1764165944392 1764165944399
25832 538951494 1764165944425.159180 1764165944425 1764165944432
25833 538984838 1764165944458.499268 1764165944459 1764165944466
25834 539018182 1764165944491.839600 1764165944492 1764165944499
25835 539051526 1764165944525.179932 1764165944525 1764165944532
25836 539084869 1764165944558.519287 1764165944559 1764165944566
25837 539118213 1764165944591.854980 1764165944592 1764165944599
25838 539151557 1764165944625.190430 1764165944625 1764165944632
25839 539184901 1764165944658.525879 1764165944658 1764165944665
25840 539218245 1764165944691.861572 1764165944691 1764165944699
25841 539251589 1764165944725.197021 1764165944725 1764165944732
25842 539284933 1764165944758.532471 1764165944759 1764165944766
25843 539318277 1764165944791.867920 1764165944791 1764165944799
25844 539351621 1764165944825.203613 1764165944825 1764165944832
25845 539384965 1764165944858.539062 1764165944859 1764165944866
25846 539418309 1764165944891.874512 1764165944892 1764165944899
25847 539451653 1764165944925.209961 1764165944925 1764165944932
25848 539484997 1764165944958.545410 1764165944959 1764165944966
25849 539518340 1764165944991.879883 1764165944991 1764165944999
25850 539551684 1764165945025.215576 1764165945025 1764165945032
25851 539585028 1764165945058.551025 1764165945059 1764165945066
25852 539618372 1764165945091.886475 1764165945091 1764165945099
25853 539651716 1764165945125.221924 1764165945125 1764165945132
25854 539685060 1764165945158.557373 1764165945159 1764165945166
25855 539718404 1764165945191.892822 1764165945192 1764165945199
25856 539751748 1764165945225.228271 1764165945225 1764165945232
25857 539785092 1764165945258.563721 1764165945259 1764165945266
25858 539818436 1764165945291.899170 1764165945291 1764165945299
25859 539851780 1764165945325.234619 1764165945325 1764165945332
25860 539885124 1764165945358.570068 1764165945359 1764165945366
25861 539918468 1764165945391.905518 1764165945391 1764165945399
25862 539951811 1764165945425.239990 1764165945425 1764165945432
25863 539985155 1764165945458.575439 1764165945459 1764165945466
25864 540018499 1764165945491.910889 1764165945491 1764165945499
25865 540051843 1764165945525.246338 1764165945525 1764165945532
25866 540085187 1764165945558.581543 1764165945559 1764165945566
25867 540118531 1764165945591.917480 1764165945591 1764165945599
25868 540151875 1764165945625.253418 1764165945625 1764165945632
25869 540185219 1764165945658.589111 1764165945659 1764165945666
25870 540218563 1764165945691.925049 1764165945691 1764165945699
25871 540251907 1764165945725.260986 1764165945725 1764165945732
25872 540285251 1764165945758.596680 1764165945758 1764165945766
25873 540318595 1764165945791.932617 1764165945791 1764165945799
25874 540351939 1764165945825.268311 1764165945825 1764165945832
25875 540385283 1764165945858.604248 1764165945859 1764165945866
25876 540418626 1764165945891.938965 1764165945891 1764165945899
25877 540451970 1764165945925.274902 1764165945925 1764165945932
25878 540485314 1764165945958.610596 1764165945959 1764165945966
25879 540518658 1764165945991.946533 1764165945991 1764165945999
25880 540552002 1764165946025.282227 1764165946025 1764165946032
25881 540585346 1764165946058.618164 1764165946059 1764165946066
25882 540618690 1764165946091.953857 1764165946091 1764165946099
25883 540652034 1764165946125.289795 1764165946125 1764165946132
25884 540685378 1764165946158.625488 1764165946159 1764165946166
25885 540718722 1764165946191.961426 1764165946191 1764165946199
25886 540752066 1764165946225.297119 1764165946225 1764165946232
25887 540785410 1764165946258.633057 1764165946259 1764165946266
25888 540818754 1764165946291.968750 1764165946291 1764165946299
25889 540852097 1764165946325.303467 1764165946325 1764165946332
25890 540885441 1764165946358.639404 1764165946359 1764165946366
25891 540918785 1764165946391.975098 1764165946391 1764165946399
25892 540952129 1764165946425.311035 1764165946425 1764165946432
25893 540985473 1764165946458.646729 1764165946459 1764165946466
25894 541018817 1764165946491.982422 1764165946491 1764165946499
25895 541052161 1764165946525.318359 1764165946525 1764165946532
25896 541085505 1764165946558.654053 1764165946559 1764165946566
25897 541118849 1764165946591.989502 1764165946591 1764165946599
25898 541152193 1764165946625.325195 1764165946625 1764165946632
25899 541185537 1764165946658.660645 1764165946659 1764165946666
25900 541218881 1764165946691.996338 1764165946691 1764165946699
25901 541252225 1764165946725.331787 1764165946725 1764165946732
25902 541285568 1764165946758.666504 1764165946759 1764165946766
25903 541318912 1764165946792.001953 1764165946791 1764165946799
25904 541352256 1764165946825.337646 1764165946825 1764165946832
25905 541385600 1764165946858.673096 1764165946859 1764165946866
25906 541418944 1764165946892.008545 1764165946891 1764165946899
25907 541452288 1764165946925.344238 1764165946925 1764165946932
25908 541485632 1764165946958.679688 1764165946959 1764165946966
25909 541518976 1764165946992.015137 1764165946991 1764165946999
25910 541552320 1764165947025.350830 1764165947025 1764165947032
25911 541585664 1764165947058.686279 1764165947059 1764165947066
25912 541619008 1764165947092.021729 1764165947091 1764165947099
25913 541652352 1764165947125.357422 1764165947125 1764165947132
25914 541685696 1764165947158.692871 1764165947159 1764165947166
25915 541719040 1764165947192.028320 1764165947191 1764165947199
25916 541752383 1764165947225.362793 1764165947225 1764165947232
25917 541785727 1764165947258.698242 1764165947259 1764165947266
