1764164309990975232 95753
1764164310022306080 95754
1764164310057661696 95755
1764164310090244576 95756
1764164310124314656 95757
1764164310157880096 95758
1764164310186950016 95759
1764164310222688544 95760
1764164310256611424 95761
1764164310289703776 95762
1764164310318747648 95763
1764164310355863680 95764
1764164310389531136 95765
1764164310422897344 95766
1764164310456648096 95767
1764164310492602912 95768
1764164310526318400 95769
1764164310558560192 95770
1764164310595596704 95771
1764164310627979712 95772
1764164310655375744 95773
1764164310690718240 95774
1764164310724175264 95775
1764164310752035232 95776
1764164310786549632 95777
1764164310822813760 95778
1764164310857346016 95779
1764164310890471616 95780
1764164310919308128 95781
1764164310956264672 95782
1764164310989968832 95783
1764164311023081056 95784
1764164311056652576 95785
1764164311090745600 95786
1764164311128697120 95787
1764164311155904480 95788
1764164311191321312 95789
1764164311221242592 95790
1764164311256062784 95791
1764164311289673504 95792
1764164311323745248 95793
1764164311358611392 95794
1764164311391268864 95795
1764164311419653792 95796
1764164311455703680 95797
1764164311491767840 95798
1764164311520697536 95799
1764164311557363968 95800
1764164311603243328 95801
1764164311623962944 95802
1764164311653275424 95803
1764164311686958752 95804
1764164311721216096 95805
1764164311755872704 95806
1764164311793768000 95807
1764164311820005920 95808
1764164311858677088 95809
1764164311885178720 95810
1764164311925247040 95811
1764164311955576480 95812
1764164311994998208 95813
1764164312022790112 95814
1764164312057212672 95815
1764164312090588224 95816
1764164312117526400 95817
1764164312153472288 95818
1764164312195211264 95819
1764164312223015712 95820
1764164312251948416 95821
1764164312291893568 95822
1764164312325919552 95823
1764164312354969408 95824
1764164312388462848 95825
1764164312425581408 95826
1764164312458784576 95827
1764164312485653696 95828
1764164312521683840 95829
1764164312555409760 95830
1764164312588660608 95831
1764164312627744736 95832
1764164312664441344 95833
1764164312700310560 95834
1764164312722050464 95835
1764164312755691424 95836
1764164312789170720 95837
1764164312824827904 95838
1764164312857080864 95839
1764164312885108544 95840
1764164312920952864 95841
1764164312961856192 95842
1764164312989150496 95843
1764164313022715552 95844
1764164313055320928 95845
1764164313090176640 95846
1764164313117879168 95847
1764164313156016288 95848
1764164313192102656 95849
1764164313219912544 95850
1764164313256470048 95851
1764164313289732640 95852
1764164313319282240 95853
1764164313358592960 95854
1764164313387357856 95855
1764164313421165664 95856
1764164313457852448 95857
1764164313485110144 95858
1764164313522870944 95859
1764164313555764000 95860
1764164313584486752 95861
1764164313620296224 95862
1764164313655735744 95863
1764164313690477536 95864
1764164313727938656 95865
1764164313753855264 95866
1764164313789353536 95867
1764164313821569184 95868
1764164313855201344 95869
1764164313891070432 95870
1764164313943167072 95871
1764164313961053152 95872
1764164313990061120 95873
1764164314020878496 95874
1764164314057510560 95875
1764164314088973248 95876
1764164314118673280 95877
1764164314153298016 95878
1764164314187736896 95879
1764164314222411168 95880
1764164314255507904 95881
1764164314288566784 95882
1764164314322575264 95883
1764164314357082912 95884
1764164314383965536 95885
1764164314417482496 95886
1764164314455699712 95887
1764164314490166048 95888
1764164314526045760 95889
1764164314556815136 95890
1764164314591272096 95891
1764164314618885312 95892
1764164314654707520 95893
1764164314688577088 95894
1764164314722220736 95895
1764164314755150816 95896
1764164314788288768 95897
1764164314821657792 95898
1764164314855557952 95899
1764164314888783776 95900
1764164314921747136 95901
1764164314955505664 95902
1764164314988772704 95903
1764164315025023968 95904
1764164315062364160 95905
1764164315088395360 95906
1764164315122007136 95907
1764164315155257696 95908
1764164315190332800 95909
1764164315217118016 95910
1764164315251425760 95911
1764164315288840800 95912
1764164315319097568 95913
1764164315354513984 95914
1764164315388264864 95915
1764164315422234176 95916
1764164315455621888 95917
1764164315491374080 95918
1764164315517649024 95919
1764164315552196064 95920
1764164315587716608 95921
1764164315622473408 95922
1764164315655284096 95923
1764164315684316480 95924
1764164315718744736 95925
1764164315754965664 95926
1764164315791961408 95927
1764164315817209632 95928
1764164315851762336 95929
1764164315888957472 95930
1764164315922271136 95931
1764164315956321216 95932
1764164315984595616 95933
1764164316021092032 95934
1764164316054452704 95935
1764164316088563744 95936
1764164316121958048 95937
1764164316160455744 95938
1764164316187373792 95939
1764164316221351648 95940
1764164316256447552 95941
1764164316289660096 95942
1764164316326569440 95943
1764164316356789696 95944
1764164316384034624 95945
1764164316420123072 95946
1764164316457456736 95947
1764164316483739488 95948
1764164316519490016 95949
1764164316554560864 95950
1764164316588808224 95951
1764164316621737088 95952
1764164316654624160 95953
1764164316687932192 95954
1764164316724240064 95955
1764164316749771936 95956
1764164316790461088 95957
1764164316817646656 95958
1764164316853363264 95959
1764164316888265632 95960
1764164316922173984 95961
1764164316957436096 95962
1764164316983439488 95963
1764164317019229696 95964
1764164317057487072 95965
1764164317084572800 95966
1764164317128479552 95967
1764164317154632512 95968
1764164317188304640 95969
1764164317222450240 95970
1764164317260389792 95971
1764164317289577760 95972
1764164317322023392 95973
1764164317355181824 95974
1764164317390804224 95975
1764164317416785024 95976
1764164317450827904 95977
1764164317485509472 95978
1764164317520164192 95979
1764164317558285376 95980
1764164317583536608 95981
1764164317618125984 95982
1764164317654894560 95983
1764164317690441824 95984
1764164317716544736 95985
1764164317754769792 95986
1764164317788049376 95987
1764164317822447328 95988
1764164317860451232 95989
1764164317887497216 95990
1764164317922440416 95991
1764164317949676608 95992
1764164317984078080 95993
1764164318020505248 95994
1764164318055741856 95995
1764164318088579392 95996
1764164318121788416 95997
1764164318151897184 95998
1764164318186445056 95999
1764164318221540640 96000
1764164318255832096 96001
1764164318287518944 96002
1764164318323870400 96003
1764164318349975072 96004
1764164318385241568 96005
1764164318421234816 96006
1764164318458367872 96007
1764164318487884320 96008
1764164318521131712 96009
1764164318553838144 96010
1764164318591284736 96011
1764164318616454336 96012
1764164318652725952 96013
1764164318691223040 96014
1764164318717785600 96015
1764164318755638464 96016
1764164318791234528 96017
1764164318841319264 96018
1764164318858602496 96019
1764164318885072544 96020
1764164318923889120 96021
1764164318954965024 96022
1764164318985883264 96023
1764164319022789216 96024
1764164319049419616 96025
1764164319084560640 96026
1764164319125863232 96027
1764164319163977600 96028
1764164319186626944 96029
1764164319219939424 96030
1764164319255674944 96031
1764164319289260000 96032
1764164319316726432 96033
1764164319352338880 96034
1764164319387117216 96035
1764164319423351712 96036
1764164319459436640 96037
1764164319484342688 96038
1764164319517892896 96039
1764164319553967648 96040
1764164319587745248 96041
1764164319615854880 96042
1764164319652228000 96043
1764164319687390464 96044
1764164319730043712 96045
1764164319756319072 96046
1764164319784525248 96047
1764164319818731296 96048
1764164319853865056 96049
1764164319889408800 96050
1764164319920419616 96051
1764164319954618560 96052
1764164319987163872 96053
1764164320022751808 96054
1764164320052339840 96055
1764164320091929152 96056
1764164320122473920 96057
1764164320149889120 96058
1764164320187130688 96059
1764164320221499232 96060
1764164320253820768 96061
1764164320287296832 96062
1764164320323945888 96063
1764164320354967584 96064
1764164320387958848 96065
1764164320424678656 96066
1764164320452048704 96067
1764164320490255200 96068
1764164320518638816 96069
1764164320553620256 96070
1764164320587795776 96071
1764164320620293152 96072
1764164320655345568 96073
1764164320685235040 96074
1764164320719419232 96075
1764164320758451328 96076
1764164320783126368 96077
1764164320819644192 96078
1764164320858600384 96079
1764164320889826944 96080
1764164320916448928 96081
1764164320951800256 96082
1764164320987136256 96083
1764164321023505952 96084
1764164321051246144 96085
1764164321086370752 96086
1764164321122288352 96087
1764164321151351168 96088
1764164321186392896 96089
1764164321221509056 96090
1764164321258510976 96091
1764164321285422880 96092
1764164321323257568 96093
1764164321351290400 96094
1764164321387106336 96095
1764164321423541280 96096
1764164321454785056 96097
1764164321482622560 96098
1764164321519535264 96099
1764164321553320672 96100
1764164321591631904 96101
1764164321619058496 96102
1764164321653728544 96103
1764164321686947104 96104
1764164321722188416 96105
1764164321749226752 96106
1764164321790499840 96107
1764164321816081024 96108
1764164321850896768 96109
1764164321890696928 96110
1764164321916093760 96111
1764164321949736320 96112
1764164321984426240 96113
1764164322020123040 96114
1764164322053135008 96115
1764164322086831264 96116
1764164322124297248 96117
1764164322153075328 96118
1764164322188185408 96119
1764164322215137088 96120
1764164322254450560 96121
1764164322283028704 96122
1764164322318352832 96123
1764164322353651296 96124
1764164322387004800 96125
1764164322419109664 96126
1764164322454158368 96127
1764164322486505248 96128
1764164322523458560 96129
1764164322552667520 96130
1764164322586105248 96131
1764164322623352288 96132
1764164322651025344 96133
1764164322685234048 96134
1764164322722893888 96135
1764164322754637664 96136
1764164322782296256 96137
1764164322818882720 96138
1764164322862510016 96139
1764164322887502368 96140
1764164322914836224 96141
1764164322950695872 96142
1764164322991403168 96143
1764164323020341504 96144
1764164323055352960 96145
1764164323098194112 96146
1764164323119927968 96147
1764164323154729888 96148
1764164323182770784 96149
1764164323217162944 96150
1764164323257959424 96151
1764164323292792672 96152
1764164323319507424 96153
1764164323355424256 96154
1764164323394153056 96155
1764164323427125504 96156
1764164323452314016 96157
1764164323485443616 96158
1764164323523289568 96159
1764164323551095968 96160
1764164323587296320 96161
1764164323620146208 96162
1764164323652793216 96163
1764164323691211872 96164
1764164323717467936 96165
1764164323754474240 96166
1764164323781054656 96167
1764164323821828000 96168
1764164323849115968 96169
1764164323891775776 96170
1764164323918879296 96171
1764164323955458528 96172
1764164323981676000 96173
1764164324019925920 96174
1764164324055029536 96175
1764164324087662528 96176
1764164324114855264 96177
1764164324149973632 96178
1764164324187277184 96179
1764164324215443392 96180
1764164324251249728 96181
1764164324284615872 96182
1764164324322600384 96183
1764164324351523040 96184
1764164324385344672 96185
1764164324421966624 96186
1764164324448758176 96187
1764164324483427104 96188
1764164324520646208 96189
1764164324548646944 96190
1764164324587799648 96191
1764164324616322400 96192
1764164324655115104 96193
1764164324681901536 96194
1764164324727479776 96195
1764164324752786464 96196
1764164324786684672 96197
1764164324824366752 96198
1764164324861944032 96199
1764164324886888800 96200
1764164324915601056 96201
1764164324950946048 96202
1764164324985903168 96203
1764164325021606304 96204
1764164325048154944 96205
1764164325099535776 96206
1764164325118401248 96207
1764164325151690816 96208
1764164325186095040 96209
1764164325219528128 96210
1764164325254444992 96211
1764164325282918272 96212
1764164325317297152 96213
1764164325355524192 96214
1764164325382676352 96215
1764164325427102176 96216
1764164325452598240 96217
1764164325491288352 96218
1764164325518522976 96219
1764164325556248576 96220
1764164325583544992 96221
1764164325617844928 96222
1764164325658540832 96223
1764164325685094976 96224
1764164325719818368 96225
1764164325755323648 96226
1764164325780663616 96227
1764164325814425152 96228
1764164325854447072 96229
1764164325882126688 96230
1764164325919022368 96231
1764164325952561472 96232
1764164325981365824 96233
1764164326022458400 96234
1764164326048607680 96235
1764164326091622080 96236
1764164326118202208 96237
1764164326156354752 96238
1764164326181612832 96239
1764164326218065184 96240
1764164326254440640 96241
1764164326281943136 96242
1764164326319531456 96243
1764164326358777504 96244
1764164326385341760 96245
1764164326424988672 96246
1764164326452132384 96247
1764164326488265056 96248
1764164326513701856 96249
1764164326548964480 96250
1764164326584792288 96251
1764164326618699296 96252
1764164326655265120 96253
1764164326680873376 96254
1764164326722914976 96255
1764164326750453280 96256
1764164326791226528 96257
1764164326818100544 96258
1764164326855408320 96259
1764164326881281600 96260
1764164326915750656 96261
1764164326951047232 96262
1764164326987755136 96263
1764164327016428448 96264
1764164327051063392 96265
1764164327085717472 96266
1764164327120556096 96267
1764164327148366368 96268
1764164327184156416 96269
1764164327227609408 96270
1764164327255202752 96271
1764164327281893024 96272
1764164327322883616 96273
1764164327351543936 96274
1764164327385249344 96275
1764164327418936704 96276
1764164327452553760 96277
1764164327485355712 96278
1764164327519877504 96279
1764164327552563104 96280
1764164327591684000 96281
1764164327618781024 96282
1764164327655076480 96283
1764164327684776032 96284
1764164327724760448 96285
1764164327753150528 96286
1764164327781621152 96287
1764164327817148160 96288
1764164327855343648 96289
1764164327881717376 96290
1764164327916337760 96291
1764164327951405952 96292
1764164327985517824 96293
1764164328018971584 96294
1764164328052573152 96295
1764164328086718400 96296
1764164328115888032 96297
1764164328152012800 96298
1764164328187389920 96299
1764164328214197920 96300
1764164328248913600 96301
1764164328283938016 96302
1764164328319667552 96303
1764164328352504928 96304
1764164328381833376 96305
1764164328419497344 96306
1764164328447529024 96307
1764164328491329120 96308
1764164328518715264 96309
1764164328552304352 96310
1764164328580124992 96311
1764164328616893344 96312
1764164328658261888 96313
1764164328684579840 96314
1764164328719138496 96315
1764164328756108512 96316
1764164328785768480 96317
1764164328819147424 96318
1764164328851308704 96319
1764164328887212768 96320
1764164328914754592 96321
1764164328949873696 96322
1764164328983647200 96323
1764164329018239296 96324
1764164329054819616 96325
1764164329087525248 96326
1764164329115117952 96327
1764164329149476736 96328
1764164329184267968 96329
1764164329225112288 96330
1764164329257164256 96331
1764164329286630240 96332
1764164329314255360 96333
1764164329349262400 96334
1764164329384661088 96335
1764164329418595776 96336
1764164329451846912 96337
1764164329491745344 96338
1764164329518086464 96339
1764164329551913984 96340
1764164329579986304 96341
1764164329624757184 96342
1764164329652014944 96343
1764164329689268512 96344
1764164329715140704 96345
1764164329749585376 96346
1764164329784056736 96347
1764164329819438336 96348
1764164329846850592 96349
1764164329881493728 96350
1764164329916200352 96351
1764164329954965376 96352
1764164329980692576 96353
1764164330015393216 96354
1764164330051480352 96355
1764164330080555488 96356
1764164330116169632 96357
1764164330151374880 96358
1764164330186955456 96359
1764164330213472576 96360
1764164330255539456 96361
1764164330281893440 96362
1764164330318981600 96363
1764164330353616608 96364
1764164330383208800 96365
1764164330418950016 96366
1764164330447076928 96367
1764164330491253088 96368
1764164330525208224 96369
1764164330567918560 96370
1764164330583740640 96371
1764164330617523712 96372
1764164330653739616 96373
1764164330679789792 96374
1764164330723519616 96375
1764164330750302880 96376
1764164330786363520 96377
1764164330812713568 96378
1764164330846525728 96379
1764164330882292928 96380
1764164330917143008 96381
1764164330952161536 96382
1764164330985367200 96383
1764164331019143968 96384
1764164331052503744 96385
1764164331084628256 96386
1764164331118273952 96387
1764164331150837440 96388
1764164331192339552 96389
1764164331217282624 96390
1764164331254748768 96391
1764164331280144608 96392
1764164331318415328 96393
1764164331347833600 96394
1764164331382306784 96395
1764164331417017760 96396
1764164331450463904 96397
1764164331484361376 96398
1764164331518937728 96399
1764164331551264128 96400
1764164331586442784 96401
1764164331613274720 96402
1764164331651381664 96403
1764164331684132736 96404
1764164331723580224 96405
1764164331750514368 96406
1764164331780973248 96407
1764164331818527712 96408
1764164331846687584 96409
1764164331880838112 96410
1764164331920065312 96411
1764164331947536480 96412
1764164331982573920 96413
1764164332019403168 96414
1764164332046106080 96415
1764164332081871648 96416
1764164332118288736 96417
1764164332159995808 96418
1764164332189020576 96419
1764164332225520192 96420
1764164332249622752 96421
1764164332284420928 96422
1764164332319968576 96423
1764164332357706272 96424
1764164332385498496 96425
1764164332414173344 96426
1764164332451637312 96427
1764164332481316608 96428
1764164332522471840 96429
1764164332549837696 96430
1764164332587009984 96431
1764164332616261792 96432
1764164332651506592 96433
1764164332684146720 96434
1764164332722453664 96435
1764164332750254112 96436
1764164332784515168 96437
1764164332817802592 96438
1764164332849586144 96439
1764164332885108256 96440
1764164332912587584 96441
1764164332948863200 96442
1764164332985029920 96443
1764164333022936672 96444
1764164333050655520 96445
1764164333086461696 96446
1764164333115728800 96447
1764164333150595904 96448
1764164333184063968 96449
1764164333223701504 96450
1764164333251313184 96451
1764164333280696608 96452
1764164333318439616 96453
1764164333351593344 96454
1764164333384298752 96455
1764164333416884608 96456
1764164333450808800 96457
1764164333484952128 96458
1764164333517413920 96459
1764164333556411008 96460
1764164333584304864 96461
1764164333625043136 96462
1764164333674785088 96463
1764164333692327456 96464
1764164333728695872 96465
1764164333755120928 96466
1764164333780361440 96467
1764164333815211456 96468
1764164333850638912 96469
1764164333883352320 96470
1764164333925260320 96471
1764164333950580224 96472
1764164333983940384 96473
1764164334017054432 96474
1764164334054788256 96475
1764164334083010080 96476
1764164334116642880 96477
1764164334150444768 96478
1764164334251078944 96479
1764164334277456288 96480
1764164334296453024 96481
1764164334320826048 96482
1764164334354514144 96483
1764164334385401696 96484
1764164334417982720 96485
1764164334449141248 96486
1764164334472746048 96487
1764164334492704352 96488
1764164334515175392 96489
1764164334548951520 96490
1764164334583681312 96491
1764164334619495776 96492
1764164334659325664 96493
1764164334684436768 96494
1764164334712904224 96495
1764164334747588864 96496
1764164334783377376 96497
1764164334820295200 96498
1764164334860167008 96499
1764164334891859808 96500
1764164334926574432 96501
1764164334966287072 96502
1764164334983066144 96503
1764164335022740320 96504
1764164335050980032 96505
1764164335084100320 96506
1764164335125506656 96507
1764164335150352448 96508
1764164335200177600 96509
1764164335219318912 96510
1764164335244666656 96511
1764164335279200512 96512
1764164335316389600 96513
1764164335350007552 96514
1764164335383090976 96515
1764164335419120480 96516
1764164335446675552 96517
1764164335482918016 96518
1764164335516930368 96519
1764164335550138528 96520
1764164335583000800 96521
1764164335616371040 96522
1764164335649199648 96523
1764164335687008864 96524
1764164335712242496 96525
1764164335746640864 96526
1764164335782189888 96527
1764164335817205600 96528
1764164335855061376 96529
1764164335883426272 96530
1764164335918066592 96531
1764164335955083232 96532
1764164335982368704 96533
1764164336018967904 96534
1764164336045090592 96535
1764164336079655648 96536
1764164336115359584 96537
1764164336149871968 96538
1764164336183593280 96539
1764164336211537760 96540
1764164336244859552 96541
1764164336280631392 96542
1764164336312262336 96543
1764164336347780160 96544
1764164336378497824 96545
1764164336414181344 96546
1764164336450980352 96547
1764164336485272096 96548
1764164336512650976 96549
1764164336546996000 96550
1764164336582491104 96551
1764164336616817792 96552
1764164336652053664 96553
1764164336677926144 96554
1764164336713549248 96555
1764164336747570432 96556
1764164336783694208 96557
1764164336817576544 96558
1764164336845710208 96559
1764164336883223424 96560
1764164336922766048 96561
1764164336952320672 96562
1764164336980320832 96563
1764164337014439744 96564
1764164337051108032 96565
1764164337092173408 96566
1764164337117403776 96567
1764164337151461728 96568
1764164337178598880 96569
1764164337214990080 96570
1764164337250452544 96571
1764164337283424864 96572
1764164337318456704 96573
1764164337346004064 96574
1764164337379936416 96575
1764164337418466656 96576
1764164337444236128 96577
1764164337478208416 96578
1764164337515297952 96579
1764164337549936128 96580
1764164337582916096 96581
1764164337616426752 96582
1764164337661720608 96583
1764164337693442400 96584
1764164337716007456 96585
1764164337749114528 96586
1764164337788223840 96587
1764164337816247456 96588
1764164337850487552 96589
1764164337881601600 96590
1764164337916004000 96591
1764164337960179680 96592
1764164337982185632 96593
1764164338025403520 96594
1764164338049217088 96595
1764164338089624032 96596
1764164338126815168 96597
1764164338148807744 96598
1764164338183098048 96599
1764164338219218976 96600
1764164338246240960 96601
1764164338279814176 96602
1764164338314733728 96603
1764164338350218624 96604
1764164338386790560 96605
1764164338411177504 96606
1764164338446584768 96607
1764164338481969952 96608
1764164338519420032 96609
1764164338546441216 96610
1764164338582995200 96611
1764164338611516064 96612
1764164338647829600 96613
1764164338682276320 96614
1764164338715694752 96615
1764164338756021376 96616
1764164338781740128 96617
1764164338822484960 96618
1764164338849935904 96619
1764164338878691616 96620
1764164338913479296 96621
1764164338955006016 96622
1764164338981733408 96623
1764164339020993696 96624
1764164339052108064 96625
1764164339078770272 96626
1764164339113682720 96627
1764164339149057504 96628
1764164339182954048 96629
1764164339218468000 96630
1764164339245156384 96631
1764164339282730240 96632
1764164339315766496 96633
1764164339351469344 96634
1764164339377323808 96635
1764164339411918016 96636
1764164339448627264 96637
1764164339482960064 96638
1764164339516503584 96639
1764164339544224128 96640
1764164339578892480 96641
1764164339613498400 96642
1764164339654961088 96643
1764164339682065408 96644
1764164339716347200 96645
1764164339751747296 96646
1764164339777746784 96647
1764164339812571232 96648
1764164339847821728 96649
1764164339892815232 96650
1764164339915709280 96651
1764164339951579584 96652
1764164339978244928 96653
1764164340012657344 96654
1764164340053399648 96655
1764164340081815264 96656
1764164340128819296 96657
1764164340154781920 96658
1764164340188385088 96659
1764164340216386976 96660
1764164340243847648 96661
1764164340282561792 96662
1764164340315978240 96663
1764164340352413760 96664
1764164340396989248 96665
1764164340424686592 96666
1764164340459005056 96667
1764164340482909280 96668
1764164340512889408 96669
1764164340549095200 96670
1764164340581980480 96671
1764164340616956192 96672
1764164340664400512 96673
1764164340690353472 96674
1764164340742164928 96675
1764164340777559168 96676
1764164340800637184 96677
1764164340837286112 96678
1764164340876367648 96679
1764164340899621952 96680
1764164340935020256 96681
1764164340966475168 96682
1764164340982871200 96683
1764164341012251968 96684
1764164341050966272 96685
1764164341078357504 96686
1764164341112937440 96687
1764164341149390528 96688
1764164341177142720 96689
1764164341211533792 96690
1764164341247061504 96691
1764164341281901312 96692
1764164341316094176 96693
1764164341349553504 96694
1764164341384449664 96695
1764164341413155520 96696
1764164341447031552 96697
1764164341482651648 96698
1764164341522468224 96699
1764164341548109696 96700
1764164341583111456 96701
1764164341610877536 96702
1764164341645943552 96703
1764164341690487584 96704
1764164341715051776 96705
1764164341748941408 96706
1764164341789896768 96707
1764164341814776800 96708
1764164341849215648 96709
1764164341882660544 96710
1764164341915407264 96711
1764164341944366656 96712
1764164341978782464 96713
1764164342019298496 96714
1764164342044059456 96715
1764164342078315424 96716
1764164342123676736 96717
1764164342147781984 96718
1764164342181867616 96719
1764164342215862720 96720
1764164342248709728 96721
1764164342285320608 96722
1764164342321732896 96723
1764164342354085856 96724
1764164342381411136 96725
1764164342409568416 96726
1764164342443746176 96727
1764164342480943232 96728
1764164342515997824 96729
1764164342549299936 96730
1764164342582636032 96731
1764164342615706656 96732
1764164342648733536 96733
1764164342681723680 96734
1764164342716284832 96735
1764164342743688800 96736
1764164342779957760 96737
1764164342814053056 96738
1764164342855993312 96739
1764164342884993408 96740
1764164342914317184 96741
1764164342948386240 96742
1764164342977904192 96743
1764164343012569376 96744
1764164343049473536 96745
1764164343081971040 96746
1764164343125682304 96747
1764164343146729408 96748
1764164343181333088 96749
1764164343215226912 96750
1764164343248289120 96751
1764164343281879488 96752
1764164343310800480 96753
1764164343344578656 96754
1764164343379412000 96755
1764164343422533376 96756
1764164343447542080 96757
1764164343481969760 96758
1764164343515080512 96759
1764164343559276704 96760
1764164343580535232 96761
1764164343615320032 96762
1764164343648670272 96763
1764164343681301888 96764
1764164343714907392 96765
1764164343748415840 96766
1764164343781928128 96767
1764164343815060544 96768
1764164343848489120 96769
1764164343886861024 96770
1764164343913938848 96771
1764164343949986080 96772
1764164343976348608 96773
1764164344025790144 96774
1764164344049231072 96775
1764164344076632416 96776
1764164344113604736 96777
1764164344148382592 96778
1764164344190360096 96779
1764164344215308800 96780
1764164344248061888 96781
1764164344287139360 96782
1764164344315043520 96783
1764164344349432256 96784
1764164344376444384 96785
1764164344411087840 96786
1764164344447362816 96787
1764164344481728864 96788
1764164344521569056 96789
1764164344548670784 96790
1764164344575893376 96791
1764164344609119872 96792
1764164344644512160 96793
1764164344681716288 96794
1764164344721672768 96795
1764164344749275488 96796
1764164344786999456 96797
1764164344819282080 96798
1764164344853884576 96799
1764164344881547680 96800
1764164344914493472 96801
1764164344948256544 96802
1764164344975670752 96803
1764164345010718336 96804
1764164345047940160 96805
1764164345083831200 96806
1764164345113176160 96807
1764164345148033824 96808
1764164345181280576 96809
1764164345214192608 96810
1764164345247759072 96811
1764164345281839680 96812
1764164345314354720 96813
1764164345347913440 96814
1764164345381764352 96815
1764164345416120736 96816
1764164345442957696 96817
1764164345487414624 96818
1764164345513988928 96819
1764164345542625376 96820
1764164345578697120 96821
1764164345614189056 96822
1764164345648333952 96823
1764164345686756000 96824
1764164345713243616 96825
1764164345748945472 96826
1764164345775908864 96827
1764164345810436672 96828
1764164345846302208 96829
1764164345880835968 96830
1764164345913383360 96831
1764164345947509632 96832
1764164345981831840 96833
1764164346015789088 96834
1764164346043452000 96835
1764164346079369248 96836
1764164346120083584 96837
1764164346146319104 96838
1764164346181682720 96839
1764164346214779616 96840
1764164346242670560 96841
1764164346280705024 96842
1764164346314049024 96843
1764164346342042208 96844
1764164346379378688 96845
1764164346409556288 96846
1764164346446436480 96847
1764164346476946144 96848
1764164346511183296 96849
1764164346546321824 96850
1764164346579266784 96851
1764164346610928512 96852
1764164346646923808 96853
1764164346675251424 96854
1764164346726046048 96855
1764164346749498016 96856
1764164346783203776 96857
1764164346809058496 96858
1764164346843804736 96859
1764164346881445312 96860
1764164346916727104 96861
1764164346948275968 96862
1764164346976761280 96863
1764164347011999584 96864
1764164347054987456 96865
1764164347082649280 96866
1764164347108611264 96867
1764164347146505824 96868
1764164347176187904 96869
1764164347210663072 96870
1764164347246259968 96871
1764164347285708160 96872
1764164347326636480 96873
1764164347354849792 96874
1764164347378934208 96875
1764164347413445472 96876
1764164347447885472 96877
1764164347480759360 96878
1764164347513683808 96879
1764164347541460864 96880
1764164347575812864 96881
1764164347610977216 96882
1764164347646112960 96883
1764164347680119488 96884
1764164347714249120 96885
1764164347747790944 96886
1764164347786460288 96887
1764164347813250208 96888
1764164347847921056 96889
1764164347880158816 96890
1764164347908176032 96891
1764164347946054080 96892
1764164347975795520 96893
1764164348011080928 96894
1764164348046912896 96895
1764164348079859264 96896
1764164348113094400 96897
1764164348146692416 96898
1764164348175221888 96899
1764164348210908384 96900
1764164348245975552 96901
