1764166401782275648 39503
1764166401819251168 39504
1764166401850491488 39505
1764166401877106048 39506
1764166401918721120 39507
1764166401945394752 39508
1764166401989841408 39509
1764166402015061696 39510
1764166402052185408 39511
1764166402079272576 39512
1764166402114330752 39513
1764166402148538592 39514
1764166402182445824 39515
1764166402215121664 39516
1764166402254966080 39517
1764166402282080000 39518
1764166402315689120 39519
1764166402350956992 39520
1764166402377104992 39521
1764166402411202304 39522
1764166402458475264 39523
1764166402482583840 39524
1764166402516204576 39525
1764166402552946624 39526
1764166402580365600 39527
1764166402614082304 39528
1764166402648908416 39529
1764166402683497600 39530
1764166402711640896 39531
1764166402750020704 39532
1764166402783761152 39533
1764166402826686464 39534
1764166402851741216 39535
1764166402880142336 39536
1764166402921288736 39537
1764166402948100352 39538
1764166402987832512 39539
1764166403014657152 39540
1764166403064830720 39541
1764166403081619776 39542
1764166403115552992 39543
1764166403151709728 39544
1764166403189870208 39545
1764166403214829952 39546
1764166403248359936 39547
1764166403277355584 39548
1764166403312669312 39549
1764166403351242752 39550
1764166403378228544 39551
1764166403414863904 39552
1764166403450271968 39553
1764166403477233088 39554
1764166403519451776 39555
1764166403560004608 39556
1764166403581353120 39557
1764166403611165184 39558
1764166403655757024 39559
1764166403682244224 39560
1764166403711462368 39561
1764166403748209600 39562
1764166403783467520 39563
1764166403817643712 39564
1764166403847458176 39565
1764166403881619648 39566
1764166403919191200 39567
1764166403946149216 39568
1764166403980661056 39569
1764166404014923712 39570
1764166404048686080 39571
1764166404083901408 39572
1764166404112682496 39573
1764166404150843072 39574
1764166404177757664 39575
1764166404215718080 39576
1764166404255313312 39577
1764166404282048128 39578
1764166404319070752 39579
1764166404347957760 39580
1764166404392249760 39581
1764166404414773088 39582
1764166404449024736 39583
1764166404481327360 39584
1764166404522758464 39585
1764166404548826944 39586
1764166404581865792 39587
1764166404618436128 39588
1764166404647828256 39589
1764166404686820736 39590
1764166404712619712 39591
1764166404748208384 39592
1764166404783041216 39593
1764166404819186624 39594
1764166404848748960 39595
1764166404898445280 39596
1764166404915297536 39597
1764166404962448704 39598
1764166404982035040 39599
1764166405015198880 39600
1764166405057041472 39601
1764166405084244032 39602
1764166405111284192 39603
1764166405145678688 39604
1764166405181412064 39605
1764166405219371328 39606
1764166405246317920 39607
1764166405285429984 39608
1764166405311206240 39609
1764166405344719200 39610
1764166405379803712 39611
1764166405414445440 39612
1764166405449255712 39613
1764166405477997408 39614
1764166405513713632 39615
1764166405550409792 39616
1764166405579533632 39617
1764166405618447776 39618
1764166405653187360 39619
1764166405686374848 39620
1764166405711659040 39621
1764166405746339904 39622
1764166405787065760 39623
1764166405812988160 39624
1764166405850958624 39625
1764166405877953024 39626
1764166405913642304 39627
1764166405951890688 39628
1764166405980435712 39629
1764166406018441248 39630
1764166406045803168 39631
1764166406081870976 39632
1764166406115137472 39633
1764166406149292640 39634
1764166406182475328 39635
1764166406223520384 39636
1764166406252368960 39637
1764166406280242112 39638
1764166406314888288 39639
1764166406351010048 39640
1764166406377936896 39641
1764166406419092960 39642
1764166406444850272 39643
1764166406486794720 39644
1764166406511788288 39645
1764166406547271488 39646
1764166406592612192 39647
1764166406631299168 39648
1764166406649608608 39649
1764166406678055040 39650
1764166406715428928 39651
1764166406751071936 39652
1764166406778633376 39653
1764166406814159424 39654
1764166406849677600 39655
1764166406883573664 39656
1764166406916727808 39657
1764166406949656192 39658
1764166406986628768 39659
1764166407014669248 39660
1764166407048987552 39661
1764166407082903424 39662
1764166407116568416 39663
1764166407149156736 39664
1764166407184114560 39665
1764166407211345920 39666
1764166407248183296 39667
1764166407291055264 39668
1764166407318753088 39669
1764166407347629664 39670
1764166407381227808 39671
1764166407416040128 39672
1764166407452909024 39673
1764166407478631008 39674
1764166407514288288 39675
1764166407547672480 39676
1764166407582988416 39677
1764166407626287936 39678
1764166407648346912 39679
1764166407683151200 39680
1764166407723381344 39681
1764166407748028992 39682
1764166407783708128 39683
1764166407816546720 39684
1764166407850446528 39685
1764166407878145984 39686
1764166407915802944 39687
1764166407949972384 39688
1764166407982208832 39689
1764166408016294752 39690
1764166408054947744 39691
1764166408082765504 39692
1764166408116388352 39693
1764166408150442304 39694
1764166408192426752 39695
1764166408215075968 39696
1764166408245171584 39697
1764166408280685312 39698
1764166408316411712 39699
1764166408358486144 39700
1764166408381914816 39701
1764166408425511072 39702
1764166408448977344 39703
1764166408484066304 39704
1764166408511734016 39705
1764166408559379136 39706
1764166408583083744 39707
1764166408619493632 39708
1764166408646217632 39709
1764166408681745792 39710
1764166408715879296 39711
1764166408749638336 39712
1764166408801921824 39713
1764166408821977024 39714
1764166408849986816 39715
1764166408882897792 39716
1764166408915682112 39717
1764166408949876288 39718
1764166408983739424 39719
1764166409018152928 39720
1764166409045149824 39721
1764166409081626112 39722
1764166409122768352 39723
1764166409149261728 39724
1764166409182731392 39725
1764166409227947552 39726
1764166409259213696 39727
1764166409282775360 39728
1764166409316704448 39729
1764166409348376384 39730
1764166409383447008 39731
1764166409423983680 39732
1764166409449914176 39733
1764166409483428864 39734
1764166409519497024 39735
1764166409547992352 39736
1764166409583198304 39737
1764166409618454368 39738
1764166409644481312 39739
1764166409682013888 39740
1764166409716258464 39741
1764166409744869024 39742
1764166409783080384 39743
1764166409816169056 39744
1764166409850765248 39745
1764166409878898112 39746
1764166409916326176 39747
1764166409949759552 39748
1764166409987438304 39749
1764166410015269184 39750
1764166410049251776 39751
1764166410095457184 39752
1764166410115385920 39753
1764166410149085792 39754
1764166410182712768 39755
1764166410216048864 39756
1764166410259377088 39757
1764166410294157664 39758
1764166410316641376 39759
1764166410351253408 39760
1764166410377545696 39761
1764166410416236704 39762
1764166410449371328 39763
1764166410484298912 39764
1764166410511464384 39765
1764166410546528704 39766
1764166410582230080 39767
1764166410615835392 39768
1764166410649073152 39769
1764166410683504864 39770
1764166410715662976 39771
1764166410749615808 39772
1764166410783660288 39773
1764166410811559104 39774
1764166410847003776 39775
1764166410885340064 39776
1764166410913311456 39777
1764166410949071200 39778
1764166410983429632 39779
1764166411012715904 39780
1764166411048311584 39781
1764166411083776480 39782
1764166411116536032 39783
1764166411147090976 39784
1764166411186446240 39785
1764166411212516256 39786
1764166411248496160 39787
1764166411298453088 39788
1764166411316373376 39789
1764166411351325792 39790
1764166411383488704 39791
1764166411415838368 39792
1764166411449190944 39793
1764166411487523968 39794
1764166411514424128 39795
1764166411548937216 39796
1764166411586888576 39797
1764166411613348064 39798
1764166411647926080 39799
1764166411694478496 39800
1764166411715889344 39801
1764166411772297504 39802
1764166411805881056 39803
1764166411821525856 39804
1764166411861108704 39805
1764166411881734912 39806
1764166411916453312 39807
1764166411959358688 39808
1764166411982750016 39809
1764166412018657056 39810
1764166412045931680 39811
1764166412081049600 39812
1764166412111211584 39813
1764166412153543232 39814
1764166412181260992 39815
1764166412216103904 39816
1764166412249012960 39817
1764166412280397440 39818
1764166412322916128 39819
1764166412357162400 39820
1764166412394049376 39821
1764166412418603712 39822
1764166412446342592 39823
1764166412481739200 39824
1764166412519754144 39825
1764166412547408448 39826
1764166412581606912 39827
1764166412617317760 39828
1764166412650448512 39829
1764166412679414336 39830
1764166412721793120 39831
1764166412758173088 39832
1764166412784078400 39833
1764166412814456224 39834
1764166412847487840 39835
1764166412884622112 39836
1764166412914987392 39837
1764166412950561120 39838
1764166412978321056 39839
1764166413014022560 39840
1764166413050155232 39841
1764166413084075072 39842
1764166413117382432 39843
1764166413154873088 39844
1764166413182548544 39845
1764166413216830784 39846
1764166413260445344 39847
1764166413282453376 39848
1764166413315896032 39849
1764166413351251488 39850
1764166413384321120 39851
1764166413411893376 39852
1764166413445855776 39853
1764166413480972416 39854
1764166413515849984 39855
1764166413553484032 39856
1764166413581357984 39857
1764166413615138464 39858
1764166413650510688 39859
1764166413683577088 39860
1764166413716374432 39861
1764166413751612000 39862
1764166413779843936 39863
1764166413814448320 39864
1764166413848332608 39865
1764166413879373088 39866
1764166413915496736 39867
1764166413950489312 39868
1764166413983730496 39869
1764166414011340032 39870
1764166414045903904 39871
1764166414082593792 39872
1764166414116136256 39873
1764166414160623712 39874
1764166414182574432 39875
1764166414218460224 39876
1764166414245154016 39877
1764166414280654880 39878
1764166414319206944 39879
1764166414351149952 39880
1764166414379021056 39881
1764166414414828096 39882
1764166414449018816 39883
1764166414483835200 39884
1764166414522450400 39885
1764166414555053344 39886
1764166414587569408 39887
1764166414613748416 39888
1764166414648041472 39889
1764166414678033184 39890
1764166414713266464 39891
1764166414750431904 39892
1764166414794705056 39893
1764166414815925120 39894
1764166414849872512 39895
1764166414903726944 39896
1764166414920716608 39897
1764166414951767616 39898
1764166414978332000 39899
1764166415012814720 39900
1764166415048151008 39901
1764166415083005792 39902
1764166415113618848 39903
1764166415149182816 39904
1764166415184230144 39905
1764166415211896672 39906
1764166415248012832 39907
1764166415284917696 39908
1764166415313010464 39909
1764166415351102208 39910
1764166415378103040 39911
1764166415414967776 39912
1764166415454633472 39913
1764166415483159520 39914
1764166415518312960 39915
1764166415545329216 39916
1764166415582535040 39917
1764166415617218432 39918
1764166415651016160 39919
1764166415683195360 39920
1764166415716205952 39921
1764166415750205408 39922
1764166415783987872 39923
1764166415822488832 39924
1764166415871159680 39925
1764166415888477376 39926
1764166415916652992 39927
1764166415960237792 39928
1764166415999283456 39929
1764166416019786560 39930
1764166416046582720 39931
1764166416080999872 39932
1764166416115807712 39933
1764166416149182464 39934
1764166416184478944 39935
1764166416214824448 39936
1764166416248525376 39937
1764166416282885664 39938
1764166416317452608 39939
1764166416350127328 39940
1764166416379409984 39941
1764166416415539680 39942
1764166416450025536 39943
1764166416483913664 39944
1764166416517520992 39945
1764166416545295616 39946
1764166416581238336 39947
1764166416618947264 39948
1764166416650759936 39949
1764166416679906912 39950
1764166416716736160 39951
1764166416753596384 39952
1764166416779331936 39953
1764166416818240000 39954
1764166416847257376 39955
1764166416879109344 39956
1764166416916197088 39957
1764166416950429504 39958
1764166416984097568 39959
1764166417011533248 39960
1764166417046471008 39961
1764166417091387456 39962
1764166417117659232 39963
1764166417170532448 39964
1764166417197702400 39965
1764166417240867936 39966
1764166417257612960 39967
1764166417282962656 39968
1764166417315887008 39969
1764166417362200064 39970
1764166417382620768 39971
1764166417418138368 39972
1764166417446105248 39973
1764166417482054368 39974
1764166417517321760 39975
1764166417550696672 39976
1764166417585606752 39977
1764166417611430080 39978
1764166417645424160 39979
1764166417682043904 39980
1764166417718501408 39981
1764166417744911712 39982
1764166417780691712 39983
1764166417816572480 39984
1764166417851148864 39985
1764166417892576000 39986
1764166417918413952 39987
1764166417951754432 39988
1764166417989345088 39989
1764166418016215392 39990
1764166418046452960 39991
1764166418081417600 39992
1764166418117371744 39993
1764166418149611136 39994
1764166418183921984 39995
1764166418218049632 39996
1764166418258014432 39997
1764166418283438144 39998
1764166418316957280 39999
1764166418362511296 40000
1764166418382800320 40001
1764166418423698816 40002
1764166418449980672 40003
1764166418484361216 40004
1764166418531703296 40005
1764166418549332672 40006
1764166418581763136 40007
1764166418616973696 40008
1764166418651986944 40009
1764166418679107360 40010
1764166418716989440 40011
1764166418750319360 40012
1764166418782960256 40013
1764166418822893664 40014
1764166418850530272 40015
1764166418885138304 40016
1764166418917455168 40017
1764166418949856256 40018
1764166418982528832 40019
1764166419017585056 40020
1764166419045167776 40021
1764166419084402496 40022
1764166419116771488 40023
1764166419146645984 40024
1764166419184060672 40025
1764166419216164448 40026
1764166419250695040 40027
1764166419279091968 40028
1764166419315290176 40029
1764166419352013248 40030
1764166419380464096 40031
1764166419429853568 40032
1764166419450135456 40033
1764166419491202208 40034
1764166419516796224 40035
1764166419552403968 40036
1764166419579315936 40037
1764166419613784864 40038
1764166419651475840 40039
1764166419684861728 40040
1764166419712405376 40041
1764166419747367520 40042
1764166419782784736 40043
1764166419819015840 40044
1764166419845205792 40045
1764166419879675008 40046
1764166419917409120 40047
1764166419946568160 40048
1764166419984301504 40049
1764166420012286400 40050
1764166420046219072 40051
1764166420102495264 40052
1764166420138685696 40053
1764166420157479232 40054
1764166420182169376 40055
1764166420217685152 40056
1764166420247013696 40057
1764166420280813216 40058
1764166420317756032 40059
1764166420346726560 40060
1764166420381871360 40061
1764166420419641440 40062
1764166420446409760 40063
1764166420480902784 40064
1764166420516053184 40065
1764166420554108256 40066
1764166420581264640 40067
1764166420622521824 40068
1764166420649372640 40069
1764166420683148992 40070
1764166420711975520 40071
1764166420748012864 40072
1764166420785305824 40073
1764166420830617984 40074
1764166420851014560 40075
1764166420884651360 40076
1764166420923684736 40077
1764166420951880992 40078
1764166420980901216 40079
1764166421016632224 40080
1764166421059149184 40081
1764166421082462656 40082
1764166421116380608 40083
1764166421163631968 40084
1764166421186632928 40085
1764166421233672928 40086
1764166421252498816 40087
1764166421284282656 40088
1764166421321763488 40089
1764166421353787520 40090
1764166421382187552 40091
1764166421419728576 40092
1764166421465110656 40093
1764166421485735872 40094
1764166421520599264 40095
1764166421553946496 40096
1764166421673476448 40097
1764166421695102048 40098
1764166421724653408 40099
1764166421756787776 40100
1764166421784551008 40101
1764166421814342496 40102
1764166421834152480 40103
1764166421869257632 40104
1764166421886705824 40105
1764166421915384736 40106
1764166421933758720 40107
1764166421959845920 40108
1764166421983408480 40109
1764166422012358400 40110
1764166422050774496 40111
1764166422084228928 40112
1764166422116484288 40113
1764166422145822784 40114
1764166422181257984 40115
1764166422215998144 40116
1764166422252531008 40117
1764166422279761600 40118
1764166422318027840 40119
1764166422351328480 40120
1764166422378743968 40121
1764166422413301312 40122
1764166422449851936 40123
1764166422484168256 40124
1764166422512474944 40125
1764166422550420576 40126
1764166422583347776 40127
1764166422617578720 40128
1764166422649979808 40129
1764166422688173152 40130
1764166422714012992 40131
1764166422750749152 40132
1764166422778900416 40133
1764166422817590816 40134
1764166422848315008 40135
1764166422883886176 40136
1764166422924733248 40137
1764166422952387392 40138
1764166422983472288 40139
1764166423019619584 40140
1764166423049170848 40141
1764166423087013760 40142
1764166423112201600 40143
1764166423145776704 40144
1764166423182076832 40145
1764166423219668544 40146
1764166423247827584 40147
1764166423282887072 40148
1764166423318077600 40149
1764166423347639520 40150
1764166423382060416 40151
1764166423416286528 40152
1764166423450105792 40153
1764166423478847008 40154
1764166423513014784 40155
1764166423549189888 40156
1764166423585078464 40157
1764166423613318944 40158
1764166423648198176 40159
1764166423688784928 40160
1764166423720859872 40161
1764166423747839488 40162
1764166423782029952 40163
1764166423818024352 40164
1764166423846094688 40165
1764166423881311648 40166
1764166423917615584 40167
1764166423945793568 40168
1764166423980204544 40169
1764166424019846240 40170
1764166424048558016 40171
1764166424091511936 40172
1764166424116440160 40173
1764166424150969504 40174
1764166424179471904 40175
1764166424213962400 40176
1764166424248952480 40177
1764166424290234720 40178
1764166424322022944 40179
1764166424349546880 40180
1764166424384921952 40181
1764166424414600928 40182
1764166424451839264 40183
1764166424485062368 40184
1764166424515818976 40185
1764166424545386560 40186
1764166424581084992 40187
1764166424616660480 40188
1764166424650617536 40189
1764166424688677152 40190
1764166424716350368 40191
1764166424750442304 40192
1764166424785553536 40193
1764166424812360160 40194
1764166424847818016 40195
1764166424883229440 40196
1764166424918238304 40197
1764166424949169664 40198
1764166424984816064 40199
1764166425012883680 40200
1764166425047127264 40201
1764166425082101120 40202
1764166425117528608 40203
1764166425146235968 40204
1764166425181964832 40205
1764166425217098208 40206
1764166425251161408 40207
1764166425279220352 40208
1764166425314391616 40209
1764166425355281344 40210
1764166425381728640 40211
1764166425416231008 40212
1764166425449845408 40213
1764166425479580480 40214
1764166425515024032 40215
1764166425550199872 40216
1764166425580104064 40217
1764166425618569088 40218
1764166425651453120 40219
1764166425679566464 40220
1764166425715407872 40221
1764166425749964576 40222
1764166425784393280 40223
1764166425815529888 40224
1764166425851962528 40225
1764166425884452608 40226
1764166425918955552 40227
1764166425952592704 40228
1764166425979929056 40229
1764166426017360832 40230
1764166426051262720 40231
1764166426084816672 40232
1764166426113967968 40233
1764166426149610208 40234
1764166426185142656 40235
1764166426218170688 40236
1764166426254612384 40237
1764166426286464864 40238
1764166426313223520 40239
1764166426349565120 40240
1764166426385110560 40241
1764166426412892160 40242
1764166426448347296 40243
1764166426482297088 40244
1764166426518273856 40245
1764166426555526400 40246
1764166426581341216 40247
1764166426616735392 40248
1764166426650132576 40249
1764166426689078272 40250
1764166426717793568 40251
1764166426753276768 40252
1764166426779952032 40253
1764166426815772800 40254
1764166426855576672 40255
1764166426888490272 40256
1764166426915497376 40257
1764166426949644544 40258
1764166426989940768 40259
1764166427018588000 40260
1764166427053198848 40261
1764166427079051424 40262
1764166427112378368 40263
1764166427151265664 40264
1764166427187812640 40265
1764166427213555264 40266
1764166427251858720 40267
1764166427285931424 40268
1764166427314100192 40269
1764166427356732448 40270
1764166427386662560 40271
1764166427416589344 40272
1764166427451072352 40273
1764166427484354624 40274
1764166427518032288 40275
1764166427554332320 40276
1764166427585919136 40277
1764166427613251680 40278
1764166427648816352 40279
1764166427684380096 40280
1764166427715855680 40281
1764166427751251840 40282
1764166427784703776 40283
1764166427818566048 40284
1764166427846889344 40285
1764166427881496960 40286
1764166427917265056 40287
1764166427952103328 40288
1764166427982992992 40289
1764166428018119232 40290
1764166428051364096 40291
1764166428084877152 40292
1764166428117776960 40293
1764166428150205472 40294
1764166428186841920 40295
1764166428213057568 40296
1764166428248587840 40297
1764166428284100832 40298
1764166428342139552 40299
1764166428360422336 40300
1764166428392629408 40301
1764166428440416032 40302
1764166428457451232 40303
1764166428486148224 40304
1764166428519241632 40305
1764166428554548704 40306
1764166428584457888 40307
1764166428618484832 40308
1764166428646241280 40309
1764166428689103200 40310
1764166428715624160 40311
1764166428754829152 40312
1764166428786896832 40313
1764166428814667264 40314
1764166428852673344 40315
1764166428879497920 40316
1764166428914556192 40317
1764166428950294464 40318
1764166428985681568 40319
1764166429013036384 40320
1764166429049103936 40321
1764166429084176448 40322
1764166429114620128 40323
1764166429153883552 40324
1764166429180975744 40325
1764166429217140928 40326
1764166429260041024 40327
1764166429284631200 40328
1764166429317981152 40329
1764166429351526624 40330
1764166429385717248 40331
1764166429417853248 40332
1764166429460601952 40333
1764166429483876704 40334
1764166429517344608 40335
1764166429551173760 40336
1764166429584637536 40337
1764166429619050112 40338
1764166429650887040 40339
1764166429681778752 40340
1764166429715992288 40341
1764166429752088448 40342
1764166429782447744 40343
1764166429817921504 40344
1764166429853045856 40345
1764166429886334880 40346
1764166429920652736 40347
1764166429955775584 40348
1764166429981472576 40349
1764166430017623104 40350
1764166430051401760 40351
1764166430088529664 40352
1764166430118172000 40353
1764166430151137856 40354
1764166430188144000 40355
1764166430214792384 40356
1764166430248819584 40357
1764166430283061120 40358
1764166430318711232 40359
1764166430352544768 40360
1764166430389986624 40361
1764166430418114048 40362
1764166430450955616 40363
1764166430491968032 40364
1764166430516889184 40365
1764166430551944992 40366
1764166430584951552 40367
1764166430618057376 40368
1764166430650697312 40369
1764166430684389312 40370
1764166430722026560 40371
1764166430747271008 40372
1764166430788631808 40373
1764166430819940320 40374
1764166430846997088 40375
1764166430894487328 40376
1764166430917869920 40377
1764166430954312288 40378
1764166430982728032 40379
1764166431018366080 40380
1764166431053170464 40381
1764166431079859360 40382
1764166431117539136 40383
1764166431160390720 40384
1764166431184871072 40385
1764166431214456896 40386
1764166431248138336 40387
1764166431286299392 40388
1764166431322312832 40389
1764166431351819744 40390
1764166431383290368 40391
1764166431417432320 40392
1764166431452129696 40393
1764166431480079200 40394
1764166431514976480 40395
1764166431550547488 40396
1764166431584127168 40397
1764166431618429408 40398
1764166431651956224 40399
1764166431685366528 40400
1764166431722067744 40401
1764166431747347872 40402
1764166431784920704 40403
1764166431820290464 40404
1764166431847209152 40405
1764166431887577472 40406
1764166431914286368 40407
1764166431949599904 40408
1764166431985080576 40409
1764166432022067872 40410
1764166432048050208 40411
1764166432083430368 40412
1764166432117348960 40413
1764166432152835008 40414
1764166432179406336 40415
1764166432214367072 40416
1764166432249306368 40417
1764166432283472576 40418
1764166432318517664 40419
1764166432351636352 40420
1764166432385992800 40421
1764166432418452224 40422
1764166432447067072 40423
1764166432481446624 40424
1764166432517232832 40425
1764166432554444320 40426
1764166432581421120 40427
1764166432615580992 40428
1764166432650871968 40429
1764166432684886208 40430
1764166432718353728 40431
1764166432752587296 40432
1764166432780626560 40433
1764166432819140224 40434
1764166432853969984 40435
1764166432890846304 40436
1764166432921056672 40437
1764166432947041120 40438
1764166432981646272 40439
1764166433017107136 40440
1764166433052226816 40441
1764166433080359232 40442
1764166433117030656 40443
1764166433157152672 40444
1764166433185219296 40445
1764166433218754432 40446
1764166433247526656 40447
1764166433283564608 40448
1764166433318678464 40449
1764166433352103904 40450
1764166433384800736 40451
1764166433412938464 40452
1764166433447833344 40453
1764166433489938592 40454
1764166433518815264 40455
1764166433546033568 40456
1764166433584972160 40457
1764166433620888160 40458
1764166433648396960 40459
1764166433685572864 40460
1764166433713169024 40461
1764166433751965792 40462
1764166433794449632 40463
1764166433818810080 40464
1764166433847315936 40465
1764166433886519264 40466
1764166433919184640 40467
1764166433948335168 40468
1764166433987219872 40469
1764166434015644896 40470
1764166434049395648 40471
1764166434084753440 40472
1764166434120002720 40473
1764166434148360640 40474
1764166434183452672 40475
1764166434219080672 40476
1764166434246586208 40477
1764166434288334752 40478
1764166434315409920 40479
1764166434351410112 40480
1764166434384597888 40481
1764166434417585696 40482
1764166434452139200 40483
1764166434485413600 40484
1764166434518968096 40485
1764166434553396800 40486
1764166434581302016 40487
1764166434618694048 40488
1764166434649841344 40489
1764166434683553760 40490
1764166434718689216 40491
1764166434751579328 40492
1764166434784432864 40493
1764166434817738688 40494
1764166434853328736 40495
1764166434883401888 40496
1764166434921726752 40497
1764166434947873632 40498
1764166434983011328 40499
1764166435018198912 40500
1764166435056136736 40501
1764166435085990720 40502
1764166435114072800 40503
1764166435149328160 40504
1764166435191121760 40505
1764166435228122528 40506
1764166435256052800 40507
1764166435288132864 40508
1764166435318742848 40509
1764166435355247296 40510
1764166435388118048 40511
1764166435418138144 40512
1764166435452387584 40513
1764166435503564704 40514
1764166435521302016 40515
1764166435549906528 40516
1764166435587380992 40517
1764166435613967520 40518
1764166435649146784 40519
1764166435683732064 40520
1764166435718147872 40521
1764166435751335744 40522
1764166435788055648 40523
1764166435813576224 40524
1764166435848178944 40525
1764166435882957920 40526
1764166435917145888 40527
1764166435953490016 40528
1764166435986501664 40529
1764166436016683968 40530
1764166436055829376 40531
1764166436081128448 40532
1764166436117572032 40533
1764166436151500992 40534
1764166436187684672 40535
1764166436221268000 40536
1764166436248382336 40537
1764166436282336544 40538
1764166436316829440 40539
1764166436352260032 40540
1764166436383793888 40541
1764166436418366848 40542
1764166436450986240 40543
1764166436488397344 40544
1764166436514588864 40545
1764166436553002272 40546
1764166436581273984 40547
1764166436619438144 40548
1764166436656698496 40549
1764166436686941984 40550
1764166436713391680 40551
1764166436747333664 40552
1764166436785526688 40553
1764166436819624256 40554
1764166436850752896 40555
1764166436888453984 40556
1764166436916123872 40557
1764166436954646560 40558
1764166436982160416 40559
1764166437016622464 40560
1764166437059321696 40561
1764166437084619584 40562
1764166437118916128 40563
1764166437153792736 40564
1764166437180374560 40565
1764166437216277120 40566
1764166437251292832 40567
1764166437289170400 40568
1764166437317633920 40569
1764166437351238816 40570
1764166437384004800 40571
1764166437417531136 40572
1764166437457876160 40573
1764166437484178176 40574
1764166437521591776 40575
1764166437547851680 40576
1764166437583654624 40577
1764166437618272352 40578
1764166437651281376 40579
1764166437684008192 40580
1764166437718190464 40581
1764166437751812896 40582
1764166437784834176 40583
1764166437819287104 40584
1764166437854927488 40585
1764166437882124416 40586
1764166437921378592 40587
1764166437948795136 40588
1764166437984118560 40589
1764166438018133248 40590
1764166438051117568 40591
1764166438085262048 40592
1764166438128844384 40593
1764166438151335200 40594
1764166438185016928 40595
1764166438217681088 40596
1764166438251611840 40597
1764166438284790112 40598
1764166438318136576 40599
1764166438352179680 40600
1764166438387328160 40601
1764166438417413664 40602
1764166438453600096 40603
1764166438480799616 40604
1764166438515798144 40605
1764166438551835296 40606
1764166438587991040 40607
1764166438620308736 40608
1764166438648957472 40609
1764166438682635328 40610
1764166438717441024 40611
1764166438752186560 40612
1764166438785906336 40613
1764166438821461344 40614
1764166438853474272 40615
1764166438880932736 40616
1764166438916262080 40617
1764166438955574080 40618
1764166438981434688 40619
1764166439016573184 40620
1764166439052027200 40621
1764166439086046592 40622
1764166439119834976 40623
1764166439148601664 40624
1764166439184984864 40625
1764166439214042976 40626
1764166439248908384 40627
1764166439283136256 40628
1764166439319142688 40629
1764166439352336896 40630
1764166439380094112 40631
1764166439415131360 40632
1764166439451364384 40633
1764166439487842752 40634
1764166439516910560 40635
1764166439555406048 40636
1764166439582820032 40637
1764166439619040256 40638
1764166439652494336 40639
1764166439688034784 40640
1764166439715141376 40641
1764166439750081376 40642
1764166439793051360 40643
1764166439820207744 40644
1764166439848548640 40645
1764166439883313984 40646
1764166439921822400 40647
1764166439947881888 40648
1764166439989404352 40649
1764166440016943840 40650
1764166440051797472 40651
1764166440084808096 40652
1764166440120838880 40653
1764166440148166240 40654
1764166440182418528 40655
1764166440219035200 40656
1764166440254115552 40657
1764166440280623648 40658
1764166440314452576 40659
1764166440352339360 40660
1764166440387106176 40661
1764166440422077664 40662
1764166440452486944 40663
1764166440481858848 40664
1764166440518743424 40665
1764166440552548448 40666
1764166440587166208 40667
1764166440613300448 40668
1764166440648392128 40669
1764166440683905440 40670
1764166440719188576 40671
