1764167671731550688 77604
1764167671763570784 77605
1764167671798806752 77606
1764167671835322016 77607
1764167671862127040 77608
1764167671912320672 77609
1764167671937812992 77610
1764167671964338240 77611
1764167672000778560 77612
1764167672035729760 77613
1764167672062943488 77614
1764167672112966208 77615
1764167672147997120 77616
1764167672167918176 77617
1764167672208751808 77618
1764167672234785152 77619
1764167672265998880 77620
1764167672299953536 77621
1764167672333455520 77622
1764167672367813120 77623
1764167672401875616 77624
1764167672429001568 77625
1764167672462439488 77626
1764167672496160864 77627
1764167672532039872 77628
1764167672567568320 77629
1764167672600831776 77630
1764167672634189408 77631
1764167672667888576 77632
1764167672696122304 77633
1764167672731668064 77634
1764167672766808224 77635
1764167672800473600 77636
1764167672834333408 77637
1764167672868238400 77638
1764167672901864032 77639
1764167672934374336 77640
1764167672963134304 77641
1764167672999490112 77642
1764167673035200192 77643
1764167673063016352 77644
1764167673099046752 77645
1764167673134247776 77646
1764167673167951264 77647
1764167673200916704 77648
1764167673234227872 77649
1764167673267579584 77650
1764167673299670400 77651
1764167673328722272 77652
1764167673363676128 77653
1764167673400030592 77654
1764167673434780608 77655
1764167673466925696 77656
1764167673499827680 77657
1764167673533492896 77658
1764167673567086336 77659
1764167673600145248 77660
1764167673642349760 77661
1764167673665433696 77662
1764167673698652736 77663
1764167673738873856 77664
1764167673766596352 77665
1764167673800692096 77666
1764167673835308768 77667
1764167673863559776 77668
1764167673899094816 77669
1764167673934469088 77670
1764167673961983296 77671
1764167673998752640 77672
1764167674033632032 77673
1764167674076776672 77674
1764167674101722976 77675
1764167674128557440 77676
1764167674167678368 77677
1764167674201396768 77678
1764167674229185664 77679
1764167674264294912 77680
1764167674298692256 77681
1764167674333294848 77682
1764167674372550720 77683
1764167674403329952 77684
1764167674432988352 77685
1764167674468043552 77686
1764167674494712096 77687
1764167674531752640 77688
1764167674569813024 77689
1764167674595505536 77690
1764167674634084288 77691
1764167674668740864 77692
1764167674699019808 77693
1764167674727799552 77694
1764167674764461472 77695
1764167674801367552 77696
1764167674839245760 77697
1764167674866444704 77698
1764167674899499936 77699
1764167674931404352 77700
1764167674971174496 77701
1764167674999099584 77702
1764167675034414912 77703
1764167675077193696 77704
1764167675104318112 77705
1764167675133923584 77706
1764167675172954240 77707
1764167675199461120 77708
1764167675232787136 77709
1764167675261362208 77710
1764167675296623936 77711
1764167675331798272 77712
1764167675367736960 77713
1764167675407520000 77714
1764167675439503104 77715
1764167675473381792 77716
1764167675501012352 77717
1764167675528253856 77718
1764167675563048704 77719
1764167675597738144 77720
1764167675632952256 77721
1764167675661339680 77722
1764167675695524128 77723
1764167675731674176 77724
1764167675762277440 77725
1764167675807537056 77726
1764167675833743712 77727
1764167675861414336 77728
1764167675896514688 77729
1764167675932425408 77730
1764167675967800768 77731
1764167675996047904 77732
1764167676034880448 77733
1764167676061957280 77734
1764167676097750432 77735
1764167676137243040 77736
1764167676162921792 77737
1764167676197609408 77738
1764167676233523360 77739
1764167676262071232 77740
1764167676298060576 77741
1764167676332839040 77742
1764167676366068416 77743
1764167676398833824 77744
1764167676432889856 77745
1764167676469412128 77746
1764167676498408448 77747
1764167676532836608 77748
1764167676561663744 77749
1764167676596554048 77750
1764167676635398464 77751
1764167676661280640 77752
1764167676695504320 77753
1764167676734459168 77754
1764167676763712672 77755
1764167676799918656 77756
1764167676833187264 77757
1764167676863015936 77758
1764167676898062592 77759
1764167676932570016 77760
1764167676965764928 77761
1764167676999930048 77762
1764167677028272352 77763
1764167677068525632 77764
1764167677095582016 77765
1764167677129568544 77766
1764167677164592160 77767
1764167677199848864 77768
1764167677232923840 77769
1764167677265685856 77770
1764167677299678720 77771
1764167677334452480 77772
1764167677361264832 77773
1764167677395502208 77774
1764167677431048032 77775
1764167677465925536 77776
1764167677499989024 77777
1764167677528211072 77778
1764167677568017920 77779
1764167677595118080 77780
1764167677644189472 77781
1764167677663719968 77782
1764167677697623136 77783
1764167677733857568 77784
1764167677761000768 77785
1764167677796018912 77786
1764167677834814336 77787
1764167677872782240 77788
1764167677908876352 77789
1764167677934492512 77790
1764167677979084448 77791
1764167677998518240 77792
1764167678032278272 77793
1764167678067384352 77794
1764167678094187360 77795
1764167678135875136 77796
1764167678167304608 77797
1764167678193789952 77798
1764167678227809600 77799
1764167678263014208 77800
1764167678301911712 77801
1764167678335974976 77802
1764167678364091360 77803
1764167678400400672 77804
1764167678431404128 77805
1764167678467462336 77806
1764167678494521888 77807
1764167678530730784 77808
1764167678567242528 77809
1764167678599286368 77810
1764167678631458144 77811
1764167678666961056 77812
1764167678693674112 77813
1764167678730241024 77814
1764167678765644128 77815
1764167678799621632 77816
1764167678827323808 77817
1764167678864934368 77818
1764167678895286368 77819
1764167678931432736 77820
1764167678966284768 77821
1764167679005495360 77822
1764167679039971328 77823
1764167679079456192 77824
1764167679103951040 77825
1764167679130648480 77826
1764167679165797440 77827
1764167679202498464 77828
1764167679229302592 77829
1764167679264837088 77830
1764167679299781632 77831
1764167679332844928 77832
1764167679370449376 77833
1764167679397322912 77834
1764167679431509856 77835
1764167679465901056 77836
1764167679497623552 77837
1764167679542887712 77838
1764167679565751808 77839
1764167679594252768 77840
1764167679635112448 77841
1764167679682996192 77842
1764167679715702624 77843
1764167679733245536 77844
1764167679760131648 77845
1764167679799371392 77846
1764167679832822176 77847
1764167679860149472 77848
1764167679896532896 77849
1764167679935012512 77850
1764167679963556640 77851
1764167679997127968 77852
1764167680033766208 77853
1764167680063136320 77854
1764167680098710688 77855
1764167680132290048 77856
1764167680163455328 77857
1764167680201832160 77858
1764167680228487616 77859
1764167680263495392 77860
1764167680299794912 77861
1764167680329987328 77862
1764167680368244896 77863
1764167680395289344 77864
1764167680435352864 77865
1764167680461312576 77866
1764167680499743776 77867
1764167680527466400 77868
1764167680561363456 77869
1764167680596536480 77870
1764167680632201568 77871
1764167680670702720 77872
1764167680698510720 77873
1764167680732509344 77874
1764167680760975296 77875
1764167680799726400 77876
1764167680827027776 77877
1764167680866757504 77878
1764167680893778912 77879
1764167680935281280 77880
1764167680960413024 77881
1764167680995524800 77882
1764167681032531360 77883
1764167681066997568 77884
1764167681094377504 77885
1764167681146182080 77886
1764167681164228416 77887
1764167681194179712 77888
1764167681235167872 77889
1764167681273473024 77890
1764167681297934208 77891
1764167681331782336 77892
1764167681374784096 77893
1764167681430482208 77894
1764167681447948800 77895
1764167681473863616 77896
1764167681505592384 77897
1764167681536005664 77898
1764167681563892032 77899
1764167681604562656 77900
1764167681631237824 77901
1764167681669545984 77902
1764167681697681824 77903
1764167681732906528 77904
1764167681760467456 77905
1764167681794707200 77906
1764167681830763776 77907
1764167681864931392 77908
1764167681898024448 77909
1764167681931594976 77910
1764167681972872224 77911
1764167682007765376 77912
1764167682030788256 77913
1764167682067521664 77914
1764167682093684352 77915
1764167682131017696 77916
1764167682167585792 77917
1764167682193530752 77918
1764167682228509920 77919
1764167682264469632 77920
1764167682299006368 77921
1764167682327802912 77922
1764167682365329088 77923
1764167682398162496 77924
1764167682430697344 77925
1764167682468186752 77926
1764167682504020608 77927
1764167682549575232 77928
1764167682565903584 77929
1764167682593540544 77930
1764167682627364256 77931
1764167682667196640 77932
1764167682703403680 77933
1764167682732637120 77934
1764167682763082560 77935
1764167682802784384 77936
1764167682830173952 77937
1764167682879311584 77938
1764167682897069760 77939
1764167682936555392 77940
1764167682965734112 77941
1764167682992641952 77942
1764167683026311456 77943
1764167683063499232 77944
1764167683099886400 77945
1764167683126583456 77946
1764167683162444928 77947
1764167683198970464 77948
1764167683226690016 77949
1764167683262679488 77950
1764167683296779168 77951
1764167683332450880 77952
1764167683362653696 77953
1764167683421899648 77954
1764167683461030528 77955
1764167683476990816 77956
1764167683502492128 77957
1764167683538576192 77958
1764167683567097920 77959
1764167683603680544 77960
1764167683629803872 77961
1764167683666464384 77962
1764167683694909504 77963
1764167683731128224 77964
1764167683759825440 77965
1764167683795657344 77966
1764167683831560960 77967
1764167683865561568 77968
1764167683903140832 77969
1764167683930450432 77970
1764167683966975136 77971
1764167683993772512 77972
1764167684031548544 77973
1764167684064147360 77974
1764167684099365888 77975
1764167684126996032 77976
1764167684169049184 77977
1764167684196740768 77978
1764167684244084192 77979
1764167684262811584 77980
1764167684302429824 77981
1764167684329745696 77982
1764167684364434400 77983
1764167684397034848 77984
1764167684431530688 77985
1764167684469766560 77986
1764167684497134752 77987
1764167684531173088 77988
1764167684565085408 77989
1764167684598507328 77990
1764167684626001664 77991
1764167684663027904 77992
1764167684698449184 77993
1764167684735877664 77994
1764167684774246208 77995
1764167684798528704 77996
1764167684825264864 77997
1764167684863840960 77998
1764167684898690048 77999
1764167684930860096 78000
1764167684969797920 78001
1764167684996302112 78002
1764167685048967040 78003
1764167685075118496 78004
1764167685096448064 78005
1764167685139843840 78006
1764167685162895168 78007
1764167685196570880 78008
1764167685241653792 78009
1764167685263541056 78010
1764167685302660544 78011
1764167685327619712 78012
1764167685363098208 78013
1764167685406460416 78014
1764167685432614496 78015
1764167685458737920 78016
1764167685501982400 78017
1764167685527729536 78018
1764167685564932320 78019
1764167685591942208 78020
1764167685627413856 78021
1764167685663090752 78022
1764167685691557312 78023
1764167685734781120 78024
1764167685759673760 78025
1764167685795002784 78026
1764167685831904224 78027
1764167685859493632 78028
1764167685896809728 78029
1764167685930693600 78030
1764167685965238272 78031
1764167685993503232 78032
1764167686036853504 78033
1764167686063309344 78034
1764167686092332032 78035
1764167686130789568 78036
1764167686166632544 78037
1764167686193173920 78038
1764167686229010272 78039
1764167686264572416 78040
1764167686292351200 78041
1764167686327648000 78042
1764167686362629920 78043
1764167686393244992 78044
1764167686429705344 78045
1764167686463433408 78046
1764167686496896992 78047
1764167686539509632 78048
1764167686562966016 78049
1764167686595978816 78050
1764167686631792448 78051
1764167686676409792 78052
1764167686696441952 78053
1764167686731771680 78054
1764167686760396384 78055
1764167686799735584 78056
1764167686837416960 78057
1764167686866773472 78058
1764167686894252800 78059
1764167686931435552 78060
1764167686963606016 78061
1764167686996326336 78062
1764167687026456672 78063
1764167687063271424 78064
1764167687099620288 78065
1764167687127560928 78066
1764167687163397280 78067
1764167687196058464 78068
1764167687231586240 78069
1764167687275188896 78070
1764167687297151360 78071
1764167687339055968 78072
1764167687365986784 78073
1764167687395363040 78074
1764167687430150976 78075
1764167687459208352 78076
1764167687492893280 78077
1764167687530118912 78078
1764167687558566880 78079
1764167687595039392 78080
1764167687630061664 78081
1764167687663900800 78082
1764167687702753792 78083
1764167687734689920 78084
1764167687763514368 78085
1764167687796191776 78086
1764167687828965536 78087
1764167687863466304 78088
1764167687896043520 78089
1764167687931730400 78090
1764167687959261120 78091
1764167687997623552 78092
1764167688031102528 78093
1764167688063039616 78094
1764167688099051616 78095
1764167688124787360 78096
1764167688163035264 78097
1764167688196271648 78098
1764167688231520192 78099
1764167688258455264 78100
1764167688293678080 78101
1764167688331657888 78102
1764167688360479776 78103
1764167688395406720 78104
1764167688435369632 78105
1764167688461948864 78106
1764167688495328800 78107
1764167688531103456 78108
1764167688560224992 78109
1764167688598447584 78110
1764167688624351936 78111
1764167688662455936 78112
1764167688700689120 78113
1764167688725423008 78114
1764167688769733088 78115
1764167688812107584 78116
1764167688829455424 78117
1764167688862843584 78118
1764167688891177408 78119
1764167688930562208 78120
1764167688963194528 78121
1764167688998437184 78122
1764167689028097344 78123
1764167689062443232 78124
1764167689098928576 78125
1764167689125918624 78126
1764167689167539968 78127
1764167689195505152 78128
1764167689229628000 78129
1764167689265169216 78130
1764167689290646752 78131
1764167689333593632 78132
1764167689360411200 78133
1764167689394611200 78134
1764167689429226784 78135
1764167689463041536 78136
1764167689499324128 78137
1764167689525217216 78138
1764167689564949472 78139
1764167689605119296 78140
1764167689642960608 78141
1764167689661981120 78142
1764167689699788800 78143
1764167689736493088 78144
1764167689769614656 78145
1764167689795114880 78146
1764167689835583776 78147
1764167689862486880 78148
1764167689899662208 78149
1764167689926547264 78150
1764167689962855936 78151
1764167689996123008 78152
1764167690028272640 78153
1764167690066488352 78154
1764167690093560224 78155
1764167690130458688 78156
1764167690170105088 78157
1764167690195598368 78158
1764167690228561568 78159
1764167690257852832 78160
1764167690295031008 78161
1764167690328516800 78162
1764167690367140640 78163
1764167690402513728 78164
1764167690428792576 78165
1764167690469587744 78166
1764167690494802976 78167
1764167690528711616 78168
1764167690563352832 78169
1764167690603264704 78170
1764167690628330176 78171
1764167690666448064 78172
1764167690691854912 78173
1764167690726747616 78174
1764167690762446432 78175
1764167690798932448 78176
1764167690824546784 78177
1764167690859982976 78178
1764167690896186144 78179
1764167690928623424 78180
1764167690969113152 78181
1764167691015821024 78182
1764167691032249632 78183
1764167691061522368 78184
1764167691098970848 78185
1764167691124514784 78186
1764167691165400896 78187
1764167691191606304 78188
1764167691224387520 78189
1764167691265562912 78190
1764167691293868928 78191
1764167691328560128 78192
1764167691364035840 78193
1764167691392054816 78194
1764167691436323008 78195
1764167691461421152 78196
1764167691502594560 78197
1764167691527895680 78198
1764167691563257504 78199
1764167691591190528 78200
1764167691623861056 78201
1764167691670477056 78202
1764167691694643328 78203
1764167691730027904 78204
1764167691758835776 78205
1764167691792801952 78206
1764167691830995872 78207
1764167691859177024 78208
1764167691894316928 78209
1764167691929709824 78210
1764167691957776704 78211
1764167691999129472 78212
1764167692024009280 78213
1764167692063651744 78214
1764167692091866944 78215
1764167692130835424 78216
1764167692159337504 78217
1764167692194717952 78218
1764167692230342016 78219
1764167692258112192 78220
1764167692293622176 78221
1764167692328509344 78222
1764167692363516960 78223
1764167692390968256 78224
1764167692433041536 78225
1764167692459069280 78226
1764167692494157248 78227
1764167692528915744 78228
1764167692563606272 78229
1764167692590555680 78230
1764167692625747872 78231
1764167692660985856 78232
1764167692702678816 78233
1764167692727888384 78234
1764167692761794048 78235
1764167692791062144 78236
1764167692827020704 78237
1764167692861396512 78238
1764167692902463232 78239
1764167692927606272 78240
1764167692963068128 78241
1764167692993895328 78242
1764167693028879008 78243
1764167693068683968 78244
1764167693105340800 78245
1764167693127862624 78246
1764167693161109568 78247
1764167693199448544 78248
1764167693228251872 78249
1764167693257673984 78250
1764167693293737984 78251
1764167693323840768 78252
1764167693359166656 78253
1764167693399655232 78254
1764167693439258144 78255
1764167693461634304 78256
1764167693493502848 78257
1764167693523431936 78258
1764167693560298880 78259
1764167693590868000 78260
1764167693628745376 78261
1764167693662878016 78262
1764167693699008512 78263
1764167693728303296 78264
1764167693756920384 78265
1764167693800034016 78266
1764167693835802048 78267
1764167693861145056 78268
1764167693895440000 78269
1764167693922911872 78270
1764167693957627744 78271
1764167693994082272 78272
1764167694030449504 78273
1764167694057109600 78274
1764167694094501856 78275
1764167694128924832 78276
1764167694162227808 78277
1764167694194637920 78278
1764167694227782624 78279
1764167694264320896 78280
1764167694290700864 78281
1764167694331440224 78282
1764167694356477952 78283
1764167694393006784 78284
1764167694426509216 78285
1764167694463516288 78286
1764167694489845568 78287
1764167694530492256 78288
1764167694556984704 78289
1764167694594015840 78290
1764167694628268960 78291
1764167694661410944 78292
1764167694702947936 78293
1764167694727643200 78294
1764167694767520224 78295
1764167694794700480 78296
1764167694834829632 78297
1764167694861297536 78298
1764167694895510496 78299
1764167694928709088 78300
1764167694961891136 78301
1764167694994528416 78302
1764167695027679968 78303
1764167695063651616 78304
1764167695090131040 78305
1764167695127497696 78306
1764167695162692928 78307
1764167695189913216 78308
1764167695225810880 78309
1764167695263310176 78310
1764167695290474912 78311
1764167695325552032 78312
1764167695360684704 78313
1764167695394421600 78314
1764167695426356576 78315
1764167695460467264 78316
1764167695499070176 78317
1764167695533559904 78318
1764167695577002272 78319
1764167695597548288 78320
1764167695638850656 78321
1764167695659981088 78322
1764167695692520160 78323
1764167695731078496 78324
1764167695759798144 78325
1764167695794008064 78326
1764167695834452736 78327
1764167695859912928 78328
1764167695894451872 78329
1764167695928353152 78330
1764167695959762240 78331
1764167696002932608 78332
1764167696029596288 78333
1764167696057133536 78334
1764167696092465248 78335
1764167696126874624 78336
1764167696160642208 78337
1764167696198042176 78338
1764167696223586912 78339
