41731 1069186589 1764166474662.395508 1764166474662 1764166474669
41732 1069219933 1764166474695.736328 1764166474696 1764166474703
41733 1069253277 1764166474729.077393 1764166474729 1764166474736
41734 1069286621 1764166474762.418457 1764166474762 1764166474769
41735 1069319965 1764166474795.759521 1764166474796 1764166474803
41736 1069353309 1764166474829.100342 1764166474829 1764166474836
41737 1069386653 1764166474862.441406 1764166474862 1764166474869
41738 1069419997 1764166474895.782471 1764166474896 1764166474903
41739 1069453340 1764166474929.122314 1764166474929 1764166474936
41740 1069486684 1764166474962.463379 1764166474962 1764166474969
41741 1069520028 1764166474995.804199 1764166474996 1764166475003
41742 1069553372 1764166475029.145020 1764166475029 1764166475036
41743 1069586716 1764166475062.486084 1764166475063 1764166475070
41744 1069620060 1764166475095.826904 1764166475096 1764166475103
41745 1069653404 1764166475129.167969 1764166475129 1764166475136
41746 1069686748 1764166475162.508789 1764166475163 1764166475170
41747 1069720092 1764166475195.849609 1764166475196 1764166475203
41748 1069753436 1764166475229.190430 1764166475229 1764166475236
41749 1069786780 1764166475262.531250 1764166475263 1764166475270
41750 1069820124 1764166475295.872314 1764166475295 1764166475303
41751 1069853468 1764166475329.213135 1764166475329 1764166475336
41752 1069886812 1764166475362.553955 1764166475363 1764166475370
41753 1069920155 1764166475395.893799 1764166475395 1764166475403
41754 1069953499 1764166475429.234619 1764166475430 1764166475437
41755 1069986843 1764166475462.575439 1764166475463 1764166475470
41756 1070020187 1764166475495.916260 1764166475495 1764166475503
41757 1070053531 1764166475529.256836 1764166475529 1764166475536
41758 1070086875 1764166475562.597656 1764166475563 1764166475570
41759 1070120219 1764166475595.938721 1764166475595 1764166475603
41760 1070153563 1764166475629.279785 1764166475629 1764166475636
41761 1070186907 1764166475662.620850 1764166475663 1764166475670
41762 1070220251 1764166475695.961670 1764166475695 1764166475703
41763 1070253595 1764166475729.302734 1764166475729 1764166475736
41764 1070286939 1764166475762.643799 1764166475763 1764166475770
41765 1070320283 1764166475795.984619 1764166475795 1764166475803
41766 1070353626 1764166475829.324707 1764166475830 1764166475839
41767 1070386970 1764166475862.665527 1764166475863 1764166475870
41768 1070420314 1764166475896.006592 1764166475896 1764166475903
41769 1070453658 1764166475929.347412 1764166475929 1764166475936
41770 1070487002 1764166475962.688477 1764166475963 1764166475970
41771 1070520346 1764166475996.029297 1764166475996 1764166476003
41772 1070553690 1764166476029.370117 1764166476029 1764166476036
41773 1070587034 1764166476062.711182 1764166476062 1764166476070
41774 1070620378 1764166476096.052002 1764166476096 1764166476103
41775 1070653722 1764166476129.392822 1764166476129 1764166476136
41776 1070687066 1764166476162.733643 1764166476163 1764166476170
41777 1070720410 1764166476196.074463 1764166476196 1764166476203
41778 1070753754 1764166476229.415527 1764166476229 1764166476236
41779 1070787097 1764166476262.755371 1764166476263 1764166476270
41780 1070820441 1764166476296.096191 1764166476296 1764166476303
41781 1070853785 1764166476329.437012 1764166476330 1764166476337
41782 1070887129 1764166476362.777832 1764166476363 1764166476370
41783 1070920473 1764166476396.118408 1764166476396 1764166476403
41784 1070953817 1764166476429.459229 1764166476430 1764166476437
41785 1070987161 1764166476462.800049 1764166476462 1764166476470
41786 1071020505 1764166476496.140869 1764166476496 1764166476503
41787 1071053849 1764166476529.481689 1764166476530 1764166476537
41788 1071087193 1764166476562.822510 1764166476562 1764166476570
41789 1071120537 1764166476596.163818 1764166476596 1764166476603
41790 1071153881 1764166476629.505127 1764166476630 1764166476637
41791 1071187225 1764166476662.846436 1764166476662 1764166476670
41792 1071220569 1764166476696.187744 1764166476696 1764166476703
41793 1071253912 1764166476729.528076 1764166476730 1764166476737
41794 1071287256 1764166476762.869141 1764166476762 1764166476770
41795 1071320600 1764166476796.210449 1764166476796 1764166476803
41796 1071353944 1764166476829.551758 1764166476830 1764166476837
41797 1071387288 1764166476862.893066 1764166476862 1764166476870
41798 1071420632 1764166476896.234375 1764166476896 1764166476903
41799 1071453976 1764166476929.575684 1764166476930 1764166476937
41800 1071487320 1764166476962.916748 1764166476962 1764166476970
41801 1071520664 1764166476996.258057 1764166476996 1764166477003
41802 1071554008 1764166477029.599365 1764166477030 1764166477037
41803 1071587352 1764166477062.940430 1764166477063 1764166477070
41804 1071620696 1764166477096.281738 1764166477096 1764166477103
41805 1071654040 1764166477129.623047 1764166477130 1764166477137
41806 1071687383 1764166477162.963135 1764166477163 1764166477170
41807 1071720727 1764166477196.304443 1764166477196 1764166477203
41808 1071754071 1764166477229.645508 1764166477230 1764166477237
41809 1071787415 1764166477262.986572 1764166477263 1764166477270
41810 1071820759 1764166477296.327881 1764166477296 1764166477303
41811 1071854103 1764166477329.668945 1764166477330 1764166477337
41812 1071887447 1764166477363.010254 1764166477363 1764166477370
41813 1071920791 1764166477396.351318 1764166477396 1764166477403
41814 1071954135 1764166477429.692383 1764166477430 1764166477438
41815 1071987479 1764166477463.033447 1764166477463 1764166477470
41816 1072020823 1764166477496.374756 1764166477497 1764166477504
41817 1072054167 1764166477529.715820 1764166477530 1764166477537
41818 1072087511 1764166477563.056885 1764166477563 1764166477570
41819 1072120854 1764166477596.397217 1764166477597 1764166477604
41820 1072154198 1764166477629.738281 1764166477630 1764166477637
41821 1072187542 1764166477663.079590 1764166477663 1764166477670
41822 1072220886 1764166477696.420898 1764166477697 1764166477704
41823 1072254230 1764166477729.761963 1764166477730 1764166477737
41824 1072287574 1764166477763.103271 1764166477763 1764166477770
41825 1072320918 1764166477796.444336 1764166477797 1764166477804
41826 1072354262 1764166477829.785645 1764166477829 1764166477837
41827 1072387606 1764166477863.126709 1764166477863 1764166477870
41828 1072420950 1764166477896.468018 1764166477897 1764166477904
41829 1072454294 1764166477929.809082 1764166477929 1764166477937
41830 1072487638 1764166477963.150146 1764166477963 1764166477970
41831 1072520982 1764166477996.491455 1764166477997 1764166478004
41832 1072554326 1764166478029.832520 1764166478029 1764166478037
41833 1072587669 1764166478063.172607 1764166478063 1764166478070
41834 1072621013 1764166478096.513672 1764166478097 1764166478104
41835 1072654357 1764166478129.854980 1764166478129 1764166478137
41836 1072687701 1764166478163.196045 1764166478163 1764166478170
41837 1072721045 1764166478196.537109 1764166478197 1764166478204
41838 1072754389 1764166478229.878174 1764166478229 1764166478237
41839 1072787733 1764166478263.219238 1764166478263 1764166478270
41840 1072821077 1764166478296.560303 1764166478297 1764166478304
41841 1072854421 1764166478329.901367 1764166478329 1764166478337
41842 1072887765 1764166478363.242432 1764166478363 1764166478370
41843 1072921109 1764166478396.583496 1764166478397 1764166478404
41844 1072954453 1764166478429.924561 1764166478430 1764166478437
41845 1072987797 1764166478463.265625 1764166478463 1764166478470
41846 1073021140 1764166478496.605713 1764166478497 1764166478504
41847 1073054484 1764166478529.946777 1764166478530 1764166478537
41848 1073087828 1764166478563.287598 1764166478563 1764166478570
41849 1073121172 1764166478596.629395 1764166478597 1764166478604
41850 1073154516 1764166478629.973145 1764166478630 1764166478637
41851 1073187860 1764166478663.316895 1764166478663 1764166478670
41852 1073221204 1764166478696.660889 1764166478697 1764166478704
41853 1073254548 1764166478730.004883 1764166478730 1764166478737
41854 1073287892 1764166478763.348877 1764166478763 1764166478770
41855 1073321236 1764166478796.692627 1764166478797 1764166478804
41856 1073354580 1764166478830.036621 1764166478830 1764166478837
41857 1073387924 1764166478863.380859 1764166478864 1764166478871
41858 1073421268 1764166478896.724854 1764166478897 1764166478904
41859 1073454611 1764166478930.067871 1764166478930 1764166478937
41860 1073487955 1764166478963.411865 1764166478964 1764166478971
41861 1073521299 1764166478996.756104 1764166478996 1764166479004
41862 1073554643 1764166479030.100342 1764166479030 1764166479037
41863 1073587987 1764166479063.444336 1764166479064 1764166479071
41864 1073621331 1764166479096.788574 1764166479096 1764166479104
41865 1073654675 1764166479130.132812 1764166479130 1764166479137
41866 1073688019 1764166479163.477051 1764166479164 1764166479171
41867 1073721363 1764166479196.821533 1764166479196 1764166479204
41868 1073754707 1764166479230.165771 1764166479230 1764166479237
41869 1073788051 1764166479263.510010 1764166479264 1764166479271
41870 1073821395 1764166479296.854492 1764166479296 1764166479304
41871 1073854739 1764166479330.198730 1764166479330 1764166479337
41872 1073888083 1764166479363.543213 1764166479364 1764166479371
41873 1073921426 1764166479396.886719 1764166479396 1764166479404
41874 1073954770 1764166479430.231201 1764166479430 1764166479437
41875 1073988114 1764166479463.575684 1764166479464 1764166479471
41876 1074021458 1764166479496.920166 1764166479496 1764166479504
41877 1074054802 1764166479530.264648 1764166479530 1764166479537
41878 1074088146 1764166479563.609375 1764166479564 1764166479571
41879 1074121490 1764166479596.953857 1764166479597 1764166479604
41880 1074154834 1764166479630.297119 1764166479631 1764166479638
41881 1074188178 1764166479663.640625 1764166479664 1764166479671
41882 1074221522 1764166479696.983887 1764166479697 1764166479704
41883 1074254866 1764166479730.327393 1764166479730 1764166479737
41884 1074288210 1764166479763.670898 1764166479764 1764166479771
41885 1074321554 1764166479797.014160 1764166479797 1764166479804
41886 1074354897 1764166479830.356689 1764166479830 1764166479837
41887 1074388241 1764166479863.700195 1764166479864 1764166479871
41888 1074421585 1764166479897.043457 1764166479897 1764166479904
41889 1074454929 1764166479930.386963 1764166479930 1764166479937
41890 1074488273 1764166479963.730469 1764166479964 1764166479971
41891 1074521617 1764166479997.073730 1764166479997 1764166480004
41892 1074554961 1764166480030.417236 1764166480030 1764166480037
41893 1074588305 1764166480063.760742 1764166480064 1764166480071
41894 1074621649 1764166480097.104248 1764166480097 1764166480104
41895 1074654993 1764166480130.447754 1764166480131 1764166480138
41896 1074688337 1764166480163.791260 1764166480164 1764166480171
41897 1074721681 1764166480197.134766 1764166480197 1764166480204
41898 1074755025 1764166480230.478027 1764166480231 1764166480238
41899 1074788368 1764166480263.820557 1764166480264 1764166480271
41900 1074821712 1764166480297.164062 1764166480297 1764166480304
41901 1074855056 1764166480330.507568 1764166480331 1764166480338
41902 1074888400 1764166480363.851074 1764166480363 1764166480371
41903 1074921744 1764166480397.194580 1764166480397 1764166480404
41904 1074955088 1764166480430.538086 1764166480431 1764166480438
41905 1074988432 1764166480463.881836 1764166480463 1764166480471
41906 1075021776 1764166480497.225342 1764166480497 1764166480504
41907 1075055120 1764166480530.568848 1764166480531 1764166480538
41908 1075088464 1764166480563.912354 1764166480563 1764166480571
41909 1075121808 1764166480597.255859 1764166480597 1764166480606
41910 1075155152 1764166480630.598145 1764166480631 1764166480638
41911 1075188496 1764166480663.940674 1764166480663 1764166480671
41912 1075221840 1764166480697.282959 1764166480697 1764166480704
41913 1075255183 1764166480730.624268 1764166480731 1764166480738
41914 1075288527 1764166480763.966553 1764166480763 1764166480771
41915 1075321871 1764166480797.308838 1764166480797 1764166480804
41916 1075355215 1764166480830.651123 1764166480831 1764166480838
41917 1075388559 1764166480863.993652 1764166480864 1764166480871
41918 1075421903 1764166480897.335938 1764166480897 1764166480904
41919 1075455247 1764166480930.678223 1764166480931 1764166480938
41920 1075488591 1764166480964.020508 1764166480964 1764166480971
41921 1075521935 1764166480997.362793 1764166480997 1764166481004
41922 1075555279 1764166481030.705078 1764166481031 1764166481038
41923 1075588623 1764166481064.047607 1764166481064 1764166481071
41924 1075621967 1764166481097.389893 1764166481097 1764166481104
41925 1075655311 1764166481130.732178 1764166481131 1764166481138
41926 1075688654 1764166481164.073486 1764166481164 1764166481171
41927 1075721998 1764166481197.415771 1764166481198 1764166481205
41928 1075755342 1764166481230.758057 1764166481231 1764166481238
41929 1075788686 1764166481264.100342 1764166481264 1764166481271
41930 1075822030 1764166481297.442627 1764166481298 1764166481305
41931 1075855374 1764166481330.784912 1764166481331 1764166481338
41932 1075888718 1764166481364.127197 1764166481364 1764166481371
41933 1075922062 1764166481397.469727 1764166481398 1764166481405
41934 1075955406 1764166481430.812012 1764166481431 1764166481438
41935 1075988750 1764166481464.154297 1764166481464 1764166481471
41936 1076022094 1764166481497.496582 1764166481498 1764166481505
41937 1076055438 1764166481530.838867 1764166481531 1764166481538
41938 1076088782 1764166481564.181152 1764166481564 1764166481571
41939 1076122125 1764166481597.522461 1764166481598 1764166481605
41940 1076155469 1764166481630.863770 1764166481630 1764166481638
41941 1076188813 1764166481664.205322 1764166481664 1764166481671
41942 1076222157 1764166481697.546875 1764166481698 1764166481705
41943 1076255501 1764166481730.888184 1764166481730 1764166481738
41944 1076288845 1764166481764.229736 1764166481764 1764166481771
41945 1076322189 1764166481797.571045 1764166481798 1764166481805
41946 1076355533 1764166481830.912598 1764166481830 1764166481838
41947 1076388877 1764166481864.253906 1764166481864 1764166481871
41948 1076422221 1764166481897.595459 1764166481898 1764166481905
41949 1076455565 1764166481930.936768 1764166481930 1764166481938
41950 1076488909 1764166481964.278320 1764166481964 1764166481971
41951 1076522253 1764166481997.619629 1764166481998 1764166482005
41952 1076555597 1764166482030.960938 1764166482030 1764166482038
41953 1076588940 1764166482064.301514 1764166482064 1764166482072
41954 1076622284 1764166482097.642822 1764166482098 1764166482105
41955 1076655628 1764166482130.984131 1764166482130 1764166482138
41956 1076688972 1764166482164.325439 1764166482164 1764166482171
41957 1076722316 1764166482197.666992 1764166482198 1764166482205
41958 1076755660 1764166482231.008301 1764166482231 1764166482238
41959 1076789004 1764166482264.349609 1764166482264 1764166482271
41960 1076822348 1764166482297.690918 1764166482298 1764166482305
41961 1076855692 1764166482331.032471 1764166482331 1764166482338
41962 1076889036 1764166482364.373779 1764166482364 1764166482371
41963 1076922380 1764166482397.715088 1764166482398 1764166482405
41964 1076955724 1764166482431.056396 1764166482431 1764166482438
41965 1076989068 1764166482464.397705 1764166482464 1764166482471
41966 1077022411 1764166482497.738037 1764166482498 1764166482505
41967 1077055755 1764166482531.079346 1764166482531 1764166482538
41968 1077089099 1764166482564.420654 1764166482564 1764166482571
41969 1077122443 1764166482597.761963 1764166482598 1764166482605
41970 1077155787 1764166482631.103271 1764166482631 1764166482638
41971 1077189131 1764166482664.444336 1764166482665 1764166482672
41972 1077222475 1764166482697.785400 1764166482698 1764166482705
41973 1077255819 1764166482731.126709 1764166482731 1764166482738
41974 1077289163 1764166482764.467773 1764166482765 1764166482772
41975 1077322507 1764166482797.808838 1764166482798 1764166482805
41976 1077355851 1764166482831.149902 1764166482831 1764166482838
41977 1077389195 1764166482864.491211 1764166482865 1764166482872
41978 1077422539 1764166482897.832275 1764166482897 1764166482905
41979 1077455882 1764166482931.172363 1764166482931 1764166482938
41980 1077489226 1764166482964.513428 1764166482965 1764166482972
41981 1077522570 1764166482997.854492 1764166482997 1764166483005
41982 1077555914 1764166483031.195557 1764166483031 1764166483038
41983 1077589258 1764166483064.536621 1764166483064 1764166483072
41984 1077622602 1764166483097.877686 1764166483097 1764166483105
41985 1077655946 1764166483131.218506 1764166483131 1764166483138
41986 1077689290 1764166483164.559570 1764166483165 1764166483172
41987 1077722634 1764166483197.900635 1764166483197 1764166483205
41988 1077755978 1764166483231.241699 1764166483231 1764166483238
41989 1077789322 1764166483264.582764 1764166483265 1764166483272
41990 1077822666 1764166483297.923584 1764166483297 1764166483305
41991 1077856010 1764166483331.264648 1764166483331 1764166483339
41992 1077889354 1764166483364.605469 1764166483365 1764166483372
41993 1077922697 1764166483397.945557 1764166483397 1764166483405
41994 1077956041 1764166483431.286621 1764166483431 1764166483438
41995 1077989385 1764166483464.627441 1764166483465 1764166483472
41996 1078022729 1764166483497.968262 1764166483498 1764166483505
41997 1078056073 1764166483531.309326 1764166483531 1764166483538
41998 1078089417 1764166483564.650146 1764166483565 1764166483572
41999 1078122761 1764166483597.991211 1764166483598 1764166483605
42000 1078156105 1764166483631.332520 1764166483631 1764166483638
42001 1078189449 1764166483664.673584 1764166483665 1764166483672
42002 1078222793 1764166483698.014893 1764166483698 1764166483705
42003 1078256137 1764166483731.356201 1764166483731 1764166483738
42004 1078289481 1764166483764.697266 1764166483765 1764166483772
42005 1078322825 1764166483798.038574 1764166483798 1764166483805
42006 1078356168 1764166483831.378906 1764166483831 1764166483838
42007 1078389512 1764166483864.719971 1764166483865 1764166483872
42008 1078422856 1764166483898.061279 1764166483898 1764166483905
42009 1078456200 1764166483931.402344 1764166483931 1764166483938
42010 1078489544 1764166483964.743652 1764166483964 1764166483972
42011 1078522888 1764166483998.084717 1764166483998 1764166484005
42012 1078556232 1764166484031.425781 1764166484032 1764166484039
42013 1078589576 1764166484064.767090 1764166484064 1764166484072
42014 1078622920 1764166484098.108154 1764166484098 1764166484105
42015 1078656264 1764166484131.449219 1764166484132 1764166484139
42016 1078689608 1764166484164.790527 1764166484164 1764166484172
42017 1078722952 1764166484198.131592 1764166484198 1764166484205
42018 1078756296 1764166484231.472656 1764166484232 1764166484239
42019 1078789639 1764166484264.812744 1764166484264 1764166484272
42020 1078822983 1764166484298.153809 1764166484298 1764166484305
42021 1078856327 1764166484331.494873 1764166484331 1764166484339
42022 1078889671 1764166484364.835938 1764166484364 1764166484372
42023 1078923015 1764166484398.177002 1764166484398 1764166484405
42024 1078956359 1764166484431.518066 1764166484432 1764166484439
42025 1078989703 1764166484464.859131 1764166484464 1764166484474
42026 1079023047 1764166484498.200195 1764166484498 1764166484505
42027 1079056391 1764166484531.541260 1764166484532 1764166484539
42028 1079089735 1764166484564.882324 1764166484564 1764166484572
42029 1079123079 1764166484598.223389 1764166484598 1764166484605
42030 1079156423 1764166484631.567383 1764166484632 1764166484639
42031 1079189767 1764166484664.911621 1764166484664 1764166484672
42032 1079223111 1764166484698.255859 1764166484698 1764166484705
42033 1079256454 1764166484731.598877 1764166484732 1764166484739
42034 1079289798 1764166484764.943115 1764166484765 1764166484772
42035 1079323142 1764166484798.287598 1764166484798 1764166484805
42036 1079356486 1764166484831.631836 1764166484832 1764166484839
42037 1079389830 1764166484864.976074 1764166484865 1764166484872
42038 1079423174 1764166484898.320557 1764166484898 1764166484905
42039 1079456518 1764166484931.664795 1764166484932 1764166484939
42040 1079489862 1764166484965.009277 1764166484965 1764166484972
42041 1079523206 1764166484998.353760 1764166484998 1764166485005
42042 1079556550 1764166485031.698242 1764166485032 1764166485039
42043 1079589894 1764166485065.042725 1764166485065 1764166485072
42044 1079623238 1764166485098.387207 1764166485098 1764166485105
42045 1079656582 1764166485131.731934 1764166485132 1764166485139
42046 1079689925 1764166485165.075439 1764166485165 1764166485172
42047 1079723269 1764166485198.420166 1764166485198 1764166485206
42048 1079756613 1764166485231.764893 1764166485232 1764166485239
42049 1079789957 1764166485265.109375 1764166485265 1764166485272
42050 1079823301 1764166485298.454102 1764166485299 1764166485306
42051 1079856645 1764166485331.798828 1764166485332 1764166485339
42052 1079889989 1764166485365.143799 1764166485365 1764166485372
42053 1079923333 1764166485398.488525 1764166485399 1764166485406
42054 1079956677 1764166485431.833252 1764166485431 1764166485439
42055 1079990021 1764166485465.178223 1764166485465 1764166485472
42056 1080023365 1764166485498.523193 1764166485499 1764166485506
42057 1080056709 1764166485531.867920 1764166485531 1764166485539
42058 1080090053 1764166485565.212891 1764166485565 1764166485572
42059 1080123396 1764166485598.556885 1764166485598 1764166485606
42060 1080156740 1764166485631.899170 1764166485631 1764166485639
42061 1080190084 1764166485665.241211 1764166485665 1764166485672
42062 1080223428 1764166485698.583252 1764166485699 1764166485706
42063 1080256772 1764166485731.925537 1764166485731 1764166485739
42064 1080290116 1764166485765.267578 1764166485765 1764166485772
42065 1080323460 1764166485798.609863 1764166485799 1764166485806
42066 1080356804 1764166485831.951904 1764166485831 1764166485839
42067 1080390148 1764166485865.293945 1764166485865 1764166485872
42068 1080423492 1764166485898.636230 1764166485899 1764166485906
42069 1080456836 1764166485931.978271 1764166485931 1764166485939
42070 1080490180 1764166485965.320557 1764166485965 1764166485972
42071 1080523524 1764166485998.662598 1764166485999 1764166486006
42072 1080556868 1764166486032.004639 1764166486032 1764166486039
42073 1080590211 1764166486065.345947 1764166486065 1764166486072
42074 1080623555 1764166486098.687988 1764166486099 1764166486106
42075 1080656899 1764166486132.030029 1764166486132 1764166486139
42076 1080690243 1764166486165.372314 1764166486165 1764166486172
42077 1080723587 1764166486198.714355 1764166486199 1764166486206
42078 1080756931 1764166486232.056641 1764166486232 1764166486239
42079 1080790275 1764166486265.398682 1764166486265 1764166486272
42080 1080823619 1764166486298.740723 1764166486299 1764166486306
42081 1080856963 1764166486332.083008 1764166486332 1764166486339
42082 1080890307 1764166486365.425049 1764166486366 1764166486373
42083 1080923651 1764166486398.767090 1764166486399 1764166486406
42084 1080956995 1764166486432.109375 1764166486432 1764166486439
42085 1080990339 1764166486465.451416 1764166486465 1764166486472
42086 1081023682 1764166486498.792480 1764166486499 1764166486506
42087 1081057026 1764166486532.134766 1764166486532 1764166486539
42088 1081090370 1764166486565.476807 1764166486566 1764166486573
42089 1081123714 1764166486598.818848 1764166486599 1764166486606
42090 1081157058 1764166486632.161377 1764166486632 1764166486639
42091 1081190402 1764166486665.503906 1764166486666 1764166486673
42092 1081223746 1764166486698.846436 1764166486698 1764166486706
42093 1081257090 1764166486732.188965 1764166486732 1764166486739
42094 1081290434 1764166486765.531494 1764166486766 1764166486773
42095 1081323778 1764166486798.874023 1764166486798 1764166486806
42096 1081357122 1764166486832.216553 1764166486832 1764166486839
42097 1081390466 1764166486865.559082 1764166486866 1764166486873
42098 1081423810 1764166486898.901611 1764166486898 1764166486906
42099 1081457153 1764166486932.242920 1764166486932 1764166486939
42100 1081490497 1764166486965.585693 1764166486966 1764166486973
42101 1081523841 1764166486998.928223 1764166486998 1764166487006
42102 1081557185 1764166487032.270752 1764166487033 1764166487042
42103 1081590529 1764166487065.613281 1764166487066 1764166487073
42104 1081623873 1764166487098.955811 1764166487098 1764166487106
42105 1081657217 1764166487132.298340 1764166487132 1764166487139
42106 1081690561 1764166487165.640869 1764166487166 1764166487173
42107 1081723905 1764166487198.983398 1764166487198 1764166487206
42108 1081757249 1764166487232.326172 1764166487232 1764166487239
42109 1081790593 1764166487265.668701 1764166487266 1764166487273
42110 1081823937 1764166487299.011230 1764166487299 1764166487306
42111 1081857281 1764166487332.354004 1764166487332 1764166487339
42112 1081890625 1764166487365.696533 1764166487366 1764166487373
42113 1081923968 1764166487399.038086 1764166487399 1764166487406
42114 1081957312 1764166487432.380859 1764166487432 1764166487439
42115 1081990656 1764166487465.723389 1764166487466 1764166487473
42116 1082024000 1764166487499.065918 1764166487499 1764166487506
42117 1082057344 1764166487532.408691 1764166487532 1764166487539
42118 1082090688 1764166487565.751221 1764166487566 1764166487573
42119 1082124032 1764166487599.093994 1764166487599 1764166487606
42120 1082157376 1764166487632.435791 1764166487632 1764166487639
42121 1082190720 1764166487665.777588 1764166487666 1764166487673
42122 1082224064 1764166487699.119385 1764166487699 1764166487706
42123 1082257408 1764166487732.461182 1764166487732 1764166487740
42124 1082290752 1764166487765.802979 1764166487766 1764166487773
42125 1082324096 1764166487799.144775 1764166487799 1764166487806
42126 1082357439 1764166487832.485352 1764166487833 1764166487840
42127 1082390783 1764166487865.827148 1764166487866 1764166487873
42128 1082424127 1764166487899.168945 1764166487899 1764166487906
42129 1082457471 1764166487932.510742 1764166487933 1764166487940
42130 1082490815 1764166487965.852539 1764166487965 1764166487973
42131 1082524159 1764166487999.194336 1764166487999 1764166488006
42132 1082557503 1764166488032.536133 1764166488033 1764166488040
42133 1082590847 1764166488065.877930 1764166488065 1764166488073
42134 1082624191 1764166488099.219482 1764166488099 1764166488106
42135 1082657535 1764166488132.561279 1764166488133 1764166488140
42136 1082690879 1764166488165.903076 1764166488165 1764166488173
42137 1082724223 1764166488199.244873 1764166488199 1764166488206
42138 1082757567 1764166488232.586670 1764166488233 1764166488240
42139 1082790910 1764166488265.927246 1764166488265 1764166488273
42140 1082824254 1764166488299.269043 1764166488299 1764166488306
42141 1082857598 1764166488332.610840 1764166488333 1764166488340
42142 1082890942 1764166488365.952393 1764166488365 1764166488373
42143 1082924286 1764166488399.294189 1764166488399 1764166488406
42144 1082957630 1764166488432.635986 1764166488433 1764166488440
42145 1082990974 1764166488465.977539 1764166488465 1764166488473
42146 1083024318 1764166488499.319336 1764166488499 1764166488506
42147 1083057662 1764166488532.661133 1764166488533 1764166488540
42148 1083091006 1764166488566.002686 1764166488566 1764166488573
42149 1083124350 1764166488599.344482 1764166488599 1764166488606
42150 1083157694 1764166488632.686279 1764166488633 1764166488640
42151 1083191038 1764166488666.028076 1764166488666 1764166488673
42152 1083224382 1764166488699.369873 1764166488699 1764166488706
42153 1083257725 1764166488732.710693 1764166488733 1764166488740
42154 1083291069 1764166488766.052734 1764166488766 1764166488774
42155 1083324413 1764166488799.394531 1764166488799 1764166488806
42156 1083357757 1764166488832.736328 1764166488833 1764166488840
42157 1083391101 1764166488866.078125 1764166488866 1764166488873
42158 1083424445 1764166488899.419922 1764166488899 1764166488906
42159 1083457789 1764166488932.761719 1764166488933 1764166488940
42160 1083491133 1764166488966.103516 1764166488966 1764166488973
42161 1083524477 1764166488999.445312 1764166489000 1764166489007
42162 1083557821 1764166489032.787109 1764166489033 1764166489040
42163 1083591165 1764166489066.128906 1764166489066 1764166489073
42164 1083624509 1764166489099.470703 1764166489100 1764166489107
42165 1083657853 1764166489132.812500 1764166489132 1764166489140
42166 1083691196 1764166489166.153320 1764166489166 1764166489173
42167 1083724540 1764166489199.495117 1764166489200 1764166489207
42168 1083757884 1764166489232.836914 1764166489232 1764166489240
42169 1083791228 1764166489266.178711 1764166489266 1764166489273
42170 1083824572 1764166489299.520508 1764166489300 1764166489307
42171 1083857916 1764166489332.862305 1764166489332 1764166489340
42172 1083891260 1764166489366.204102 1764166489366 1764166489373
42173 1083924604 1764166489399.545898 1764166489400 1764166489407
42174 1083957948 1764166489432.887695 1764166489432 1764166489440
42175 1083991292 1764166489466.229492 1764166489466 1764166489473
42176 1084024636 1764166489499.571289 1764166489500 1764166489507
42177 1084057980 1764166489532.913086 1764166489532 1764166489540
42178 1084091324 1764166489566.254639 1764166489566 1764166489573
42179 1084124667 1764166489599.595459 1764166489600 1764166489607
42180 1084158011 1764166489632.937256 1764166489632 1764166489640
42181 1084191355 1764166489666.279053 1764166489666 1764166489673
42182 1084224699 1764166489699.620850 1764166489700 1764166489707
42183 1084258043 1764166489732.962646 1764166489733 1764166489740
42184 1084291387 1764166489766.304199 1764166489766 1764166489773
42185 1084324731 1764166489799.645996 1764166489800 1764166489807
42186 1084358075 1764166489832.987793 1764166489833 1764166489840
42187 1084391419 1764166489866.329590 1764166489866 1764166489873
42188 1084424763 1764166489899.671143 1764166489900 1764166489907
42189 1084458107 1764166489933.012939 1764166489933 1764166489940
42190 1084491451 1764166489966.354736 1764166489966 1764166489973
42191 1084524795 1764166489999.696289 1764166490000 1764166490007
42192 1084558139 1764166490033.038086 1764166490033 1764166490040
42193 1084591482 1764166490066.378906 1764166490066 1764166490073
42194 1084624826 1764166490099.720459 1764166490100 1764166490107
42195 1084658170 1764166490133.062256 1764166490133 1764166490140
42196 1084691514 1764166490166.404053 1764166490166 1764166490173
42197 1084724858 1764166490199.745605 1764166490200 1764166490207
42198 1084758202 1764166490233.087402 1764166490233 1764166490240
42199 1084791546 1764166490266.428955 1764166490267 1764166490274
42200 1084824890 1764166490299.770752 1764166490300 1764166490307
42201 1084858234 1764166490333.112305 1764166490333 1764166490340
42202 1084891578 1764166490366.454102 1764166490367 1764166490374
42203 1084924922 1764166490399.795654 1764166490400 1764166490407
42204 1084958266 1764166490433.137451 1764166490433 1764166490440
42205 1084991610 1764166490466.479004 1764166490467 1764166490474
42206 1085024953 1764166490499.819824 1764166490499 1764166490507
42207 1085058297 1764166490533.161377 1764166490533 1764166490540
42208 1085091641 1764166490566.502930 1764166490567 1764166490574
42209 1085124985 1764166490599.844727 1764166490599 1764166490607
42210 1085158329 1764166490633.186523 1764166490633 1764166490640
42211 1085191673 1764166490666.528320 1764166490667 1764166490674
42212 1085225017 1764166490699.870117 1764166490699 1764166490707
42213 1085258361 1764166490733.211914 1764166490733 1764166490740
42214 1085291705 1764166490766.553711 1764166490767 1764166490774
42215 1085325049 1764166490799.895508 1764166490799 1764166490807
42216 1085358393 1764166490833.237061 1764166490833 1764166490840
42217 1085391737 1764166490866.578857 1764166490867 1764166490874
42218 1085425081 1764166490899.920654 1764166490899 1764166490907
42219 1085458424 1764166490933.261475 1764166490933 1764166490940
42220 1085491768 1764166490966.603271 1764166490967 1764166490974
42221 1085525112 1764166490999.945068 1764166490999 1764166491007
42222 1085558456 1764166491033.286865 1764166491033 1764166491040
42223 1085591800 1764166491066.628418 1764166491067 1764166491074
42224 1085625144 1764166491099.970215 1764166491100 1764166491107
42225 1085658488 1764166491133.312012 1764166491133 1764166491140
42226 1085691832 1764166491166.653809 1764166491167 1764166491174
42227 1085725176 1764166491199.995361 1764166491200 1764166491207
42228 1085758520 1764166491233.337158 1764166491233 1764166491240
42229 1085791864 1764166491266.678955 1764166491267 1764166491274
42230 1085825208 1764166491300.020752 1764166491300 1764166491307
42231 1085858552 1764166491333.362305 1764166491333 1764166491340
42232 1085891896 1764166491366.704102 1764166491367 1764166491374
42233 1085925239 1764166491400.044922 1764166491400 1764166491407
42234 1085958583 1764166491433.386475 1764166491433 1764166491440
42235 1085991927 1764166491466.728271 1764166491467 1764166491474
42236 1086025271 1764166491500.069824 1764166491500 1764166491507
42237 1086058615 1764166491533.411621 1764166491534 1764166491541
42238 1086091959 1764166491566.753418 1764166491567 1764166491574
42239 1086125303 1764166491600.094971 1764166491600 1764166491607
42240 1086158647 1764166491633.436768 1764166491634 1764166491641
42241 1086191991 1764166491666.778320 1764166491666 1764166491674
42242 1086225335 1764166491700.120117 1764166491700 1764166491707
42243 1086258679 1764166491733.461670 1764166491734 1764166491741
42244 1086292023 1764166491766.803467 1764166491766 1764166491774
42245 1086325367 1764166491800.145020 1764166491800 1764166491807
42246 1086358710 1764166491833.485840 1764166491834 1764166491841
42247 1086392054 1764166491866.827393 1764166491866 1764166491874
42248 1086425398 1764166491900.168945 1764166491901 1764166491908
42249 1086458742 1764166491933.510742 1764166491934 1764166491941
42250 1086492086 1764166491966.852295 1764166491966 1764166491974
42251 1086525430 1764166492000.193848 1764166492000 1764166492007
42252 1086558774 1764166492033.535645 1764166492034 1764166492041
42253 1086592118 1764166492066.877197 1764166492067 1764166492074
42254 1086625462 1764166492100.218750 1764166492100 1764166492107
42255 1086658806 1764166492133.560547 1764166492134 1764166492141
42256 1086692150 1764166492166.902100 1764166492167 1764166492174
42257 1086725494 1764166492200.243652 1764166492200 1764166492207
42258 1086758838 1764166492233.585205 1764166492234 1764166492241
42259 1086792181 1764166492266.925781 1764166492267 1764166492274
42260 1086825525 1764166492300.267334 1764166492300 1764166492307
42261 1086858869 1764166492333.609131 1764166492334 1764166492341
42262 1086892213 1764166492366.950684 1764166492367 1764166492374
42263 1086925557 1764166492400.292236 1764166492400 1764166492407
42264 1086958901 1764166492433.633789 1764166492434 1764166492441
42265 1086992245 1764166492466.975342 1764166492467 1764166492474
42266 1087025589 1764166492500.316895 1764166492500 1764166492507
42267 1087058933 1764166492533.658447 1764166492534 1764166492541
42268 1087092277 1764166492567.000000 1764166492567 1764166492574
42269 1087125621 1764166492600.341553 1764166492600 1764166492607
42270 1087158965 1764166492633.683594 1764166492634 1764166492641
42271 1087192309 1764166492667.025391 1764166492667 1764166492674
42272 1087225653 1764166492700.367188 1764166492700 1764166492707
42273 1087258996 1764166492733.708252 1764166492734 1764166492741
42274 1087292340 1764166492767.050049 1764166492767 1764166492774
42275 1087325684 1764166492800.392090 1764166492801 1764166492808
42276 1087359028 1764166492833.733887 1764166492834 1764166492841
42277 1087392372 1764166492867.075684 1764166492867 1764166492874
42278 1087425716 1764166492900.417725 1764166492901 1764166492908
42279 1087459060 1764166492933.759521 1764166492934 1764166492941
42280 1087492404 1764166492967.101318 1764166492967 1764166492974
42281 1087525748 1764166493000.443359 1764166493000 1764166493008
42282 1087559092 1764166493033.785156 1764166493033 1764166493041
42283 1087592436 1764166493067.127197 1764166493067 1764166493074
42284 1087625780 1764166493100.468994 1764166493101 1764166493108
42285 1087659124 1764166493133.810791 1764166493133 1764166493141
42286 1087692467 1764166493167.151611 1764166493167 1764166493174
42287 1087725811 1764166493200.493652 1764166493201 1764166493208
42288 1087759155 1764166493233.835449 1764166493233 1764166493241
42289 1087792499 1764166493267.177246 1764166493267 1764166493274
42290 1087825843 1764166493300.519287 1764166493301 1764166493308
42291 1087859187 1764166493333.861084 1764166493333 1764166493341
42292 1087892531 1764166493367.202881 1764166493367 1764166493374
42293 1087925875 1764166493400.544678 1764166493401 1764166493408
42294 1087959219 1764166493433.886719 1764166493433 1764166493441
42295 1087992563 1764166493467.228516 1764166493467 1764166493474
42296 1088025907 1764166493500.570312 1764166493501 1764166493508
42297 1088059251 1764166493533.912354 1764166493533 1764166493541
42298 1088092595 1764166493567.254150 1764166493567 1764166493574
42299 1088125938 1764166493600.594971 1764166493601 1764166493608
42300 1088159282 1764166493633.937256 1764166493634 1764166493641
42301 1088192626 1764166493667.279541 1764166493667 1764166493674
42302 1088225970 1764166493700.621826 1764166493701 1764166493708
42303 1088259314 1764166493733.964111 1764166493734 1764166493741
42304 1088292658 1764166493767.306396 1764166493767 1764166493774
42305 1088326002 1764166493800.648682 1764166493801 1764166493808
42306 1088359346 1764166493833.990967 1764166493834 1764166493841
42307 1088392690 1764166493867.333252 1764166493867 1764166493874
42308 1088426034 1764166493900.675537 1764166493901 1764166493908
42309 1088459378 1764166493934.017822 1764166493934 1764166493941
42310 1088492722 1764166493967.360107 1764166493967 1764166493974
42311 1088526066 1764166494000.702393 1764166494001 1764166494008
42312 1088559410 1764166494034.044678 1764166494034 1764166494041
42313 1088592753 1764166494067.385986 1764166494068 1764166494075
42314 1088626097 1764166494100.728271 1764166494101 1764166494108
42315 1088659441 1764166494134.070557 1764166494134 1764166494141
42316 1088692785 1764166494167.412842 1764166494168 1764166494175
42317 1088726129 1764166494200.755127 1764166494201 1764166494208
42318 1088759473 1764166494234.097412 1764166494234 1764166494241
42319 1088792817 1764166494267.439697 1764166494268 1764166494275
42320 1088826161 1764166494300.781982 1764166494300 1764166494308
42321 1088859505 1764166494334.124268 1764166494334 1764166494341
42322 1088892849 1764166494367.466553 1764166494368 1764166494375
42323 1088926193 1764166494400.808838 1764166494400 1764166494408
42324 1088959537 1764166494434.151123 1764166494434 1764166494441
42325 1088992881 1764166494467.493408 1764166494468 1764166494475
42326 1089026224 1764166494500.834717 1764166494500 1764166494508
42327 1089059568 1764166494534.177002 1764166494534 1764166494541
42328 1089092912 1764166494567.519287 1764166494568 1764166494575
42329 1089126256 1764166494600.861572 1764166494600 1764166494608
42330 1089159600 1764166494634.203369 1764166494634 1764166494641
42331 1089192944 1764166494667.544922 1764166494668 1764166494675
42332 1089226288 1764166494700.886719 1764166494700 1764166494708
42333 1089259632 1764166494734.228516 1764166494734 1764166494741
42334 1089292976 1764166494767.570312 1764166494768 1764166494775
42335 1089326320 1764166494800.912109 1764166494800 1764166494808
42336 1089359664 1764166494834.253662 1764166494834 1764166494841
42337 1089393008 1764166494867.595459 1764166494868 1764166494875
42338 1089426352 1764166494900.937256 1764166494901 1764166494908
42339 1089459695 1764166494934.277832 1764166494934 1764166494941
42340 1089493039 1764166494967.619629 1764166494968 1764166494975
42341 1089526383 1764166495000.961426 1764166495001 1764166495008
42342 1089559727 1764166495034.303223 1764166495034 1764166495041
42343 1089593071 1764166495067.644775 1764166495068 1764166495075
42344 1089626415 1764166495100.986572 1764166495101 1764166495108
42345 1089659759 1764166495134.328125 1764166495134 1764166495141
42346 1089693103 1764166495167.669922 1764166495168 1764166495175
42347 1089726447 1764166495201.011719 1764166495201 1764166495208
42348 1089759791 1764166495234.353271 1764166495234 1764166495241
42349 1089793135 1764166495267.695068 1764166495268 1764166495275
42350 1089826479 1764166495301.036621 1764166495301 1764166495308
42351 1089859823 1764166495334.378418 1764166495334 1764166495341
42352 1089893167 1764166495367.720215 1764166495368 1764166495376
42353 1089926510 1764166495401.060791 1764166495401 1764166495408
42354 1089959854 1764166495434.402344 1764166495434 1764166495441
42355 1089993198 1764166495467.744141 1764166495468 1764166495475
42356 1090026542 1764166495501.085693 1764166495501 1764166495508
42357 1090059886 1764166495534.427490 1764166495534 1764166495541
42358 1090093230 1764166495567.769043 1764166495568 1764166495575
42359 1090126574 1764166495601.110840 1764166495601 1764166495608
42360 1090159918 1764166495634.453125 1764166495634 1764166495641
42361 1090193262 1764166495667.795410 1764166495668 1764166495675
42362 1090226606 1764166495701.137695 1764166495701 1764166495708
42363 1090259950 1764166495734.479980 1764166495734 1764166495741
42364 1090293294 1764166495767.822266 1764166495768 1764166495775
42365 1090326638 1764166495801.164551 1764166495801 1764166495808
42366 1090359981 1764166495834.505615 1764166495835 1764166495842
42367 1090393325 1764166495867.848145 1764166495868 1764166495875
42368 1090426669 1764166495901.190430 1764166495901 1764166495908
42369 1090460013 1764166495934.532715 1764166495935 1764166495942
42370 1090493357 1764166495967.875000 1764166495968 1764166495975
42371 1090526701 1764166496001.217285 1764166496001 1764166496008
42372 1090560045 1764166496034.559570 1764166496035 1764166496042
42373 1090593389 1764166496067.902100 1764166496067 1764166496075
42374 1090626733 1764166496101.244385 1764166496101 1764166496108
42375 1090660077 1764166496134.586670 1764166496135 1764166496142
42376 1090693421 1764166496167.928955 1764166496167 1764166496175
42377 1090726765 1764166496201.271484 1764166496201 1764166496208
42378 1090760109 1764166496234.613770 1764166496235 1764166496242
42379 1090793452 1764166496267.955078 1764166496267 1764166496275
42380 1090826796 1764166496301.297607 1764166496301 1764166496308
42381 1090860140 1764166496334.639893 1764166496335 1764166496342
42382 1090893484 1764166496367.982422 1764166496367 1764166496375
42383 1090926828 1764166496401.324707 1764166496401 1764166496408
42384 1090960172 1764166496434.667236 1764166496435 1764166496442
42385 1090993516 1764166496468.009521 1764166496467 1764166496477
42386 1091026860 1764166496501.352051 1764166496501 1764166496508
42387 1091060204 1764166496534.694580 1764166496535 1764166496542
42388 1091093548 1764166496568.036865 1764166496567 1764166496575
42389 1091126892 1764166496601.379395 1764166496601 1764166496608
42390 1091160236 1764166496634.721436 1764166496635 1764166496642
42391 1091193580 1764166496668.062256 1764166496667 1764166496675
42392 1091226924 1764166496701.403076 1764166496701 1764166496708
42393 1091260267 1764166496734.743164 1764166496734 1764166496742
42394 1091293611 1764166496768.083984 1764166496767 1764166496775
42395 1091326955 1764166496801.424805 1764166496801 1764166496808
42396 1091360299 1764166496834.765625 1764166496835 1764166496842
42397 1091393643 1764166496868.106445 1764166496867 1764166496875
42398 1091426987 1764166496901.447266 1764166496901 1764166496908
42399 1091460331 1764166496934.788086 1764166496935 1764166496942
42400 1091493675 1764166496968.128906 1764166496967 1764166496975
42401 1091527019 1764166497001.469727 1764166497001 1764166497008
42402 1091560363 1764166497034.810791 1764166497035 1764166497042
42403 1091593707 1764166497068.151611 1764166497067 1764166497075
42404 1091627051 1764166497101.492432 1764166497101 1764166497108
42405 1091660395 1764166497134.833252 1764166497135 1764166497142
42406 1091693738 1764166497168.172852 1764166497167 1764166497175
42407 1091727082 1764166497201.513672 1764166497202 1764166497210
42408 1091760426 1764166497234.854492 1764166497235 1764166497242
42409 1091793770 1764166497268.195312 1764166497267 1764166497275
42410 1091827114 1764166497301.536133 1764166497301 1764166497308
42411 1091860458 1764166497334.876953 1764166497335 1764166497342
42412 1091893802 1764166497368.217773 1764166497368 1764166497375
42413 1091927146 1764166497401.558594 1764166497401 1764166497408
42414 1091960490 1764166497434.899170 1764166497435 1764166497442
42415 1091993834 1764166497468.239990 1764166497467 1764166497475
42416 1092027178 1764166497501.580811 1764166497501 1764166497508
42417 1092060522 1764166497534.921631 1764166497535 1764166497542
42418 1092093866 1764166497568.262451 1764166497568 1764166497575
42419 1092127209 1764166497601.602051 1764166497601 1764166497608
42420 1092160553 1764166497634.942871 1764166497635 1764166497642
42421 1092193897 1764166497668.283691 1764166497668 1764166497675
42422 1092227241 1764166497701.624756 1764166497701 1764166497708
42423 1092260585 1764166497734.965576 1764166497735 1764166497742
42424 1092293929 1764166497768.306641 1764166497768 1764166497775
42425 1092327273 1764166497801.647461 1764166497801 1764166497808
42426 1092360617 1764166497834.988281 1764166497835 1764166497842
42427 1092393961 1764166497868.329346 1764166497868 1764166497875
42428 1092427305 1764166497901.670166 1764166497901 1764166497908
42429 1092460649 1764166497935.010986 1764166497935 1764166497942
42430 1092493993 1764166497968.351807 1764166497968 1764166497975
42431 1092527337 1764166498001.692627 1764166498001 1764166498008
42432 1092560681 1764166498035.033447 1764166498035 1764166498042
42433 1092594024 1764166498068.373291 1764166498068 1764166498075
42434 1092627368 1764166498101.714355 1764166498101 1764166498108
42435 1092660712 1764166498135.055176 1764166498135 1764166498142
42436 1092694056 1764166498168.395996 1764166498168 1764166498175
42437 1092727400 1764166498201.736816 1764166498201 1764166498208
42438 1092760744 1764166498235.077393 1764166498235 1764166498242
42439 1092794088 1764166498268.418213 1764166498268 1764166498275
42440 1092827432 1764166498301.759033 1764166498301 1764166498308
42441 1092860776 1764166498335.099854 1764166498335 1764166498342
42442 1092894120 1764166498368.440674 1764166498368 1764166498375
42443 1092927464 1764166498401.781494 1764166498401 1764166498408
42444 1092960808 1764166498435.122070 1764166498435 1764166498442
42445 1092994152 1764166498468.462891 1764166498468 1764166498475
42446 1093027495 1764166498501.802734 1764166498502 1764166498509
42447 1093060839 1764166498535.143311 1764166498534 1764166498542
42448 1093094183 1764166498568.484131 1764166498568 1764166498575
42449 1093127527 1764166498601.824951 1764166498602 1764166498609
42450 1093160871 1764166498635.165527 1764166498635 1764166498642
42451 1093194215 1764166498668.504150 1764166498668 1764166498675
42452 1093227559 1764166498701.842773 1764166498702 1764166498709
42453 1093260903 1764166498735.181396 1764166498735 1764166498742
42454 1093294247 1764166498768.519775 1764166498768 1764166498775
42455 1093327591 1764166498801.858398 1764166498802 1764166498809
42456 1093360935 1764166498835.197021 1764166498834 1764166498842
42457 1093394279 1764166498868.535400 1764166498868 1764166498875
42458 1093427623 1764166498901.873779 1764166498902 1764166498909
42459 1093460966 1764166498935.211182 1764166498934 1764166498942
42460 1093494310 1764166498968.549561 1764166498968 1764166498975
42461 1093527654 1764166499001.887939 1764166499002 1764166499009
42462 1093560998 1764166499035.226318 1764166499034 1764166499042
42463 1093594342 1764166499068.564697 1764166499068 1764166499075
42464 1093627686 1764166499101.903076 1764166499102 1764166499109
42465 1093661030 1764166499135.241455 1764166499134 1764166499142
42466 1093694374 1764166499168.579590 1764166499168 1764166499175
42467 1093727718 1764166499201.917969 1764166499202 1764166499209
42468 1093761062 1764166499235.256104 1764166499234 1764166499242
42469 1093794406 1764166499268.594238 1764166499268 1764166499275
42470 1093827750 1764166499301.932617 1764166499302 1764166499311
42471 1093861094 1764166499335.270752 1764166499334 1764166499342
42472 1093894438 1764166499368.608887 1764166499368 1764166499375
42473 1093927781 1764166499401.946045 1764166499402 1764166499409
42474 1093961125 1764166499435.283936 1764166499434 1764166499442
42475 1093994469 1764166499468.622070 1764166499468 1764166499475
42476 1094027813 1764166499501.960205 1764166499502 1764166499509
42477 1094061157 1764166499535.298096 1764166499534 1764166499542
42478 1094094501 1764166499568.636230 1764166499568 1764166499575
42479 1094127845 1764166499601.974121 1764166499602 1764166499609
42480 1094161189 1764166499635.312256 1764166499634 1764166499642
42481 1094194533 1764166499668.650146 1764166499668 1764166499675
42482 1094227877 1764166499701.987793 1764166499702 1764166499709
42483 1094261221 1764166499735.325684 1764166499734 1764166499742
42484 1094294565 1764166499768.663574 1764166499768 1764166499775
42485 1094327909 1764166499802.001221 1764166499802 1764166499809
42486 1094361252 1764166499835.338135 1764166499834 1764166499842
42487 1094394596 1764166499868.675781 1764166499868 1764166499875
42488 1094427940 1764166499902.013428 1764166499902 1764166499909
42489 1094461284 1764166499935.351074 1764166499934 1764166499942
42490 1094494628 1764166499968.688721 1764166499968 1764166499975
42491 1094527972 1764166500002.026367 1764166500002 1764166500009
42492 1094561316 1764166500035.364014 1764166500034 1764166500042
42493 1094594660 1764166500068.701660 1764166500068 1764166500075
42494 1094628004 1764166500102.039307 1764166500102 1764166500109
42495 1094661348 1764166500135.376709 1764166500134 1764166500142
42496 1094694692 1764166500168.714111 1764166500168 1764166500175
42497 1094728036 1764166500202.051758 1764166500202 1764166500209
42498 1094761380 1764166500235.389160 1764166500234 1764166500242
42499 1094794723 1764166500268.725586 1764166500269 1764166500277
42500 1094828067 1764166500302.062988 1764166500302 1764166500309
42501 1094861411 1764166500335.400391 1764166500335 1764166500342
42502 1094894755 1764166500368.737793 1764166500368 1764166500375
42503 1094928099 1764166500402.074951 1764166500402 1764166500409
42504 1094961443 1764166500435.412354 1764166500435 1764166500442
42505 1094994787 1764166500468.749512 1764166500468 1764166500475
42506 1095028131 1764166500502.086670 1764166500501 1764166500509
42507 1095061475 1764166500535.424072 1764166500535 1764166500542
42508 1095094819 1764166500568.761230 1764166500568 1764166500575
42509 1095128163 1764166500602.098389 1764166500602 1764166500609
42510 1095161507 1764166500635.435547 1764166500635 1764166500642
42511 1095194851 1764166500668.772705 1764166500668 1764166500675
42512 1095228195 1764166500702.109619 1764166500702 1764166500709
42513 1095261538 1764166500735.445801 1764166500735 1764166500742
42514 1095294882 1764166500768.782715 1764166500769 1764166500776
42515 1095328226 1764166500802.119629 1764166500802 1764166500809
42516 1095361570 1764166500835.456787 1764166500835 1764166500842
42517 1095394914 1764166500868.793701 1764166500868 1764166500875
42518 1095428258 1764166500902.130371 1764166500902 1764166500909
42519 1095461602 1764166500935.467285 1764166500935 1764166500942
42520 1095494946 1764166500968.804199 1764166500969 1764166500976
42521 1095528290 1764166501002.140869 1764166501002 1764166501009
42522 1095561634 1764166501035.477783 1764166501035 1764166501042
42523 1095594978 1764166501068.814453 1764166501068 1764166501075
42524 1095628322 1764166501102.151123 1764166501102 1764166501109
42525 1095661666 1764166501135.487793 1764166501135 1764166501142
42526 1095695009 1764166501168.823486 1764166501168 1764166501175
42527 1095728353 1764166501202.160156 1764166501202 1764166501209
42528 1095761697 1764166501235.496826 1764166501235 1764166501242
42529 1095795041 1764166501268.833252 1764166501268 1764166501275
42530 1095828385 1764166501302.169922 1764166501302 1764166501309
42531 1095861729 1764166501335.506348 1764166501335 1764166501342
42532 1095895073 1764166501368.842773 1764166501368 1764166501376
42533 1095928417 1764166501402.179199 1764166501401 1764166501409
42534 1095961761 1764166501435.515625 1764166501435 1764166501442
42535 1095995105 1764166501468.852051 1764166501469 1764166501476
42536 1096028449 1764166501502.188477 1764166501501 1764166501509
42537 1096061793 1764166501535.524902 1764166501535 1764166501542
42538 1096095137 1764166501568.861084 1764166501569 1764166501576
42539 1096128480 1764166501602.196289 1764166501602 1764166501609
42540 1096161824 1764166501635.532715 1764166501635 1764166501642
42541 1096195168 1764166501668.876465 1764166501669 1764166501676
42542 1096228512 1764166501702.220215 1764166501701 1764166501709
42543 1096261856 1764166501735.563965 1764166501735 1764166501742
42544 1096295200 1764166501768.907715 1764166501769 1764166501776
42545 1096328544 1764166501802.251465 1764166501801 1764166501809
42546 1096361888 1764166501835.595459 1764166501835 1764166501842
42547 1096395232 1764166501868.939209 1764166501869 1764166501876
42548 1096428576 1764166501902.282959 1764166501901 1764166501909
42549 1096461920 1764166501935.626953 1764166501935 1764166501942
42550 1096495264 1764166501968.970703 1764166501969 1764166501976
42551 1096528608 1764166502002.314697 1764166502001 1764166502009
42552 1096561952 1764166502035.658691 1764166502035 1764166502042
42553 1096595295 1764166502069.001465 1764166502069 1764166502076
42554 1096628639 1764166502102.345459 1764166502101 1764166502109
42555 1096661983 1764166502135.689453 1764166502135 1764166502142
42556 1096695327 1764166502169.033447 1764166502169 1764166502176
42557 1096728671 1764166502202.377441 1764166502201 1764166502209
42558 1096762015 1764166502235.721436 1764166502235 1764166502242
42559 1096795359 1764166502269.065430 1764166502269 1764166502276
42560 1096828703 1764166502302.409424 1764166502301 1764166502309
42561 1096862047 1764166502335.753662 1764166502335 1764166502342
42562 1096895391 1764166502369.097656 1764166502369 1764166502376
42563 1096928735 1764166502402.441650 1764166502401 1764166502409
42564 1096962079 1764166502435.785889 1764166502436 1764166502443
42565 1096995423 1764166502469.129883 1764166502469 1764166502476
42566 1097028766 1764166502502.473145 1764166502501 1764166502509
42567 1097062110 1764166502535.817139 1764166502535 1764166502542
42568 1097095454 1764166502569.161377 1764166502569 1764166502576
42569 1097128798 1764166502602.505615 1764166502601 1764166502609
42570 1097162142 1764166502635.849609 1764166502635 1764166502642
42571 1097195486 1764166502669.185547 1764166502669 1764166502676
42572 1097228830 1764166502702.521240 1764166502701 1764166502709
42573 1097262174 1764166502735.857178 1764166502736 1764166502747
42574 1097295518 1764166502769.192871 1764166502769 1764166502776
42575 1097328862 1764166502802.528564 1764166502801 1764166502809
42576 1097362206 1764166502835.864014 1764166502835 1764166502842
42577 1097395550 1764166502869.199707 1764166502869 1764166502876
42578 1097428894 1764166502902.535400 1764166502901 1764166502909
42579 1097462237 1764166502935.869873 1764166502935 1764166502942
42580 1097495581 1764166502969.205322 1764166502969 1764166502976
42581 1097528925 1764166503002.540771 1764166503001 1764166503009
42582 1097562269 1764166503035.876221 1764166503035 1764166503042
42583 1097595613 1764166503069.211670 1764166503069 1764166503076
42584 1097628957 1764166503102.547119 1764166503101 1764166503109
42585 1097662301 1764166503135.882324 1764166503135 1764166503142
42586 1097695645 1764166503169.217529 1764166503169 1764166503176
42587 1097728989 1764166503202.552979 1764166503201 1764166503209
42588 1097762333 1764166503235.888184 1764166503235 1764166503242
42589 1097795677 1764166503269.223389 1764166503269 1764166503276
42590 1097829021 1764166503302.558350 1764166503301 1764166503309
42591 1097862365 1764166503335.893555 1764166503335 1764166503342
42592 1097895709 1764166503369.228516 1764166503369 1764166503376
42593 1097929052 1764166503402.562744 1764166503401 1764166503409
42594 1097962396 1764166503435.897705 1764166503435 1764166503442
42595 1097995740 1764166503469.232666 1764166503469 1764166503476
42596 1098029084 1764166503502.567627 1764166503502 1764166503509
42597 1098062428 1764166503535.902344 1764166503535 1764166503542
42598 1098095772 1764166503569.237305 1764166503569 1764166503576
42599 1098129116 1764166503602.572021 1764166503602 1764166503609
42600 1098162460 1764166503635.906982 1764166503635 1764166503642
