48064 1280387010 1764166685846.320557 1764166685846 1764166685854
48065 1280420354 1764166685879.668457 1764166685880 1764166685887
48066 1280453698 1764166685913.016357 1764166685914 1764166685921
48067 1280487042 1764166685946.364502 1764166685946 1764166685954
48068 1280520386 1764166685979.712402 1764166685980 1764166685987
48069 1280553730 1764166686013.060547 1764166686014 1764166686021
48070 1280587074 1764166686046.407471 1764166686046 1764166686054
48071 1280620418 1764166686079.754395 1764166686080 1764166686087
48072 1280653761 1764166686113.100586 1764166686114 1764166686121
48073 1280687105 1764166686146.447754 1764166686146 1764166686154
48074 1280720449 1764166686179.794922 1764166686180 1764166686187
48075 1280753793 1764166686213.142090 1764166686214 1764166686221
48076 1280787137 1764166686246.489258 1764166686247 1764166686254
48077 1280820481 1764166686279.836670 1764166686280 1764166686287
48078 1280853825 1764166686313.184082 1764166686314 1764166686321
48079 1280887169 1764166686346.531494 1764166686348 1764166686355
48080 1280920513 1764166686379.878906 1764166686380 1764166686387
48081 1280953857 1764166686413.226562 1764166686414 1764166686421
48082 1280987201 1764166686446.573975 1764166686447 1764166686454
48083 1281020545 1764166686479.921631 1764166686480 1764166686487
48084 1281053889 1764166686513.269287 1764166686514 1764166686521
48085 1281087232 1764166686546.615967 1764166686548 1764166686556
48086 1281120576 1764166686579.963867 1764166686581 1764166686588
48087 1281153920 1764166686613.311523 1764166686613 1764166686621
48088 1281187264 1764166686646.659424 1764166686647 1764166686654
48089 1281220608 1764166686680.007324 1764166686681 1764166686688
48090 1281253952 1764166686713.355469 1764166686713 1764166686721
48091 1281287296 1764166686746.703369 1764166686747 1764166686755
48092 1281320640 1764166686780.051514 1764166686781 1764166686788
48093 1281353984 1764166686813.399658 1764166686813 1764166686821
48094 1281387328 1764166686846.747803 1764166686847 1764166686854
48095 1281420672 1764166686880.095947 1764166686881 1764166686888
48096 1281454016 1764166686913.444092 1764166686913 1764166686921
48097 1281487360 1764166686946.792480 1764166686947 1764166686954
48098 1281520703 1764166686980.139893 1764166686981 1764166686988
48099 1281554047 1764166687013.488281 1764166687013 1764166687021
48100 1281587391 1764166687046.854492 1764166687047 1764166687054
48101 1281620735 1764166687080.220947 1764166687081 1764166687088
48102 1281654079 1764166687113.587646 1764166687114 1764166687121
48103 1281687423 1764166687146.954590 1764166687147 1764166687154
48104 1281720767 1764166687180.321533 1764166687181 1764166687188
48105 1281754111 1764166687213.688721 1764166687214 1764166687221
48106 1281787455 1764166687247.055908 1764166687247 1764166687254
48107 1281820799 1764166687280.423584 1764166687281 1764166687288
48108 1281854143 1764166687313.791260 1764166687314 1764166687321
48109 1281887487 1764166687347.158936 1764166687348 1764166687355
48110 1281920831 1764166687380.527100 1764166687381 1764166687388
48111 1281954175 1764166687413.895264 1764166687414 1764166687421
48112 1281987518 1764166687447.262451 1764166687448 1764166687455
48113 1282020862 1764166687480.631104 1764166687481 1764166687488
48114 1282054206 1764166687513.999756 1764166687514 1764166687521
48115 1282087550 1764166687547.368652 1764166687548 1764166687555
48116 1282120894 1764166687580.737549 1764166687580 1764166687588
48117 1282154238 1764166687614.106934 1764166687614 1764166687621
48118 1282187582 1764166687647.476074 1764166687648 1764166687655
48119 1282220926 1764166687680.845703 1764166687680 1764166687688
48120 1282254270 1764166687714.215332 1764166687714 1764166687721
48121 1282287614 1764166687747.585205 1764166687748 1764166687755
48122 1282320958 1764166687780.955322 1764166687780 1764166687788
48123 1282354302 1764166687814.325439 1764166687814 1764166687821
48124 1282387646 1764166687847.696045 1764166687848 1764166687855
48125 1282420989 1764166687881.065430 1764166687880 1764166687888
48126 1282454333 1764166687914.436279 1764166687914 1764166687921
48127 1282487677 1764166687947.807129 1764166687948 1764166687955
48128 1282521021 1764166687981.178223 1764166687980 1764166687988
48129 1282554365 1764166688014.549072 1764166688014 1764166688021
48130 1282587709 1764166688047.895996 1764166688048 1764166688055
48131 1282621053 1764166688081.243164 1764166688081 1764166688088
48132 1282654397 1764166688114.590088 1764166688114 1764166688122
48133 1282687741 1764166688147.937256 1764166688148 1764166688155
48134 1282721085 1764166688181.284424 1764166688181 1764166688188
48135 1282754429 1764166688214.631592 1764166688214 1764166688221
48136 1282787773 1764166688247.978760 1764166688248 1764166688255
48137 1282821117 1764166688281.325928 1764166688281 1764166688288
48138 1282854460 1764166688314.672363 1764166688315 1764166688322
48139 1282887804 1764166688348.019531 1764166688348 1764166688355
48140 1282921148 1764166688381.366943 1764166688381 1764166688388
48141 1282954492 1764166688414.714355 1764166688415 1764166688422
48142 1282987836 1764166688448.061768 1764166688447 1764166688455
48143 1283021180 1764166688481.409180 1764166688481 1764166688488
48144 1283054524 1764166688514.756836 1764166688515 1764166688522
48145 1283087868 1764166688548.104248 1764166688547 1764166688555
48146 1283121212 1764166688581.451904 1764166688581 1764166688588
48147 1283154556 1764166688614.799561 1764166688615 1764166688622
48148 1283187900 1764166688648.147217 1764166688647 1764166688655
48149 1283221244 1764166688681.494873 1764166688681 1764166688688
48150 1283254588 1764166688714.842529 1764166688715 1764166688722
48151 1283287932 1764166688748.190186 1764166688747 1764166688755
48152 1283321275 1764166688781.537109 1764166688781 1764166688788
48153 1283354619 1764166688814.884766 1764166688815 1764166688822
48154 1283387963 1764166688848.232666 1764166688847 1764166688855
48155 1283421307 1764166688881.580566 1764166688881 1764166688888
48156 1283454651 1764166688914.928467 1764166688915 1764166688922
48157 1283487995 1764166688948.276367 1764166688948 1764166688955
48158 1283521339 1764166688981.624512 1764166688981 1764166688988
48159 1283554683 1764166689014.972412 1764166689015 1764166689022
48160 1283588027 1764166689048.317627 1764166689048 1764166689055
48161 1283621371 1764166689081.662842 1764166689081 1764166689088
48162 1283654715 1764166689115.007812 1764166689115 1764166689122
48163 1283688059 1764166689148.353027 1764166689148 1764166689155
48164 1283721403 1764166689181.698242 1764166689181 1764166689188
48165 1283754746 1764166689215.042480 1764166689215 1764166689222
48166 1283788090 1764166689248.387695 1764166689248 1764166689255
48167 1283821434 1764166689281.732910 1764166689282 1764166689289
48168 1283854778 1764166689315.078369 1764166689315 1764166689322
48169 1283888122 1764166689348.423584 1764166689348 1764166689355
48170 1283921466 1764166689381.768799 1764166689382 1764166689389
48171 1283954810 1764166689415.114258 1764166689414 1764166689422
48172 1283988154 1764166689448.459473 1764166689448 1764166689455
48173 1284021498 1764166689481.804932 1764166689482 1764166689489
48174 1284054842 1764166689515.150391 1764166689514 1764166689522
48175 1284088186 1764166689548.495605 1764166689548 1764166689555
48176 1284121530 1764166689581.841064 1764166689582 1764166689589
48177 1284154874 1764166689615.186523 1764166689614 1764166689622
48178 1284188217 1764166689648.531006 1764166689648 1764166689655
48179 1284221561 1764166689681.876465 1764166689682 1764166689689
48180 1284254905 1764166689715.221924 1764166689714 1764166689722
48181 1284288249 1764166689748.567383 1764166689748 1764166689755
48182 1284321593 1764166689781.913086 1764166689782 1764166689789
48183 1284354937 1764166689815.258545 1764166689815 1764166689822
48184 1284388281 1764166689848.604004 1764166689848 1764166689855
48185 1284421625 1764166689881.949707 1764166689882 1764166689889
48186 1284454969 1764166689915.295166 1764166689915 1764166689922
48187 1284488313 1764166689948.640869 1764166689948 1764166689955
48188 1284521657 1764166689981.986572 1764166689982 1764166689989
48189 1284555001 1764166690015.332031 1764166690015 1764166690022
48190 1284588345 1764166690048.677002 1764166690048 1764166690055
48191 1284621689 1764166690082.021729 1764166690082 1764166690089
48192 1284655032 1764166690115.365479 1764166690115 1764166690122
48193 1284688376 1764166690148.710205 1764166690148 1764166690155
48194 1284721720 1764166690182.055176 1764166690182 1764166690189
48195 1284755064 1764166690215.399902 1764166690215 1764166690222
48196 1284788408 1764166690248.744873 1764166690249 1764166690256
48197 1284821752 1764166690282.089600 1764166690281 1764166690289
48198 1284855096 1764166690315.434570 1764166690315 1764166690322
48200 1284921784 1764166690382.124268 1764166690381 1764166690389
48199 1284888440 1764166690348.779297 1764166690349 1764166690356
48201 1284955128 1764166690415.468994 1764166690415 1764166690422
48202 1284988472 1764166690448.813965 1764166690449 1764166690456
48203 1285021816 1764166690482.158936 1764166690481 1764166690489
48204 1285055160 1764166690515.503662 1764166690515 1764166690522
48205 1285088503 1764166690548.847656 1764166690549 1764166690556
48206 1285121847 1764166690582.192627 1764166690581 1764166690589
48207 1285155191 1764166690615.537598 1764166690615 1764166690622
48208 1285188535 1764166690648.882568 1764166690649 1764166690656
48209 1285221879 1764166690682.227539 1764166690681 1764166690689
48210 1285255223 1764166690715.572266 1764166690715 1764166690722
48211 1285288567 1764166690748.917236 1764166690749 1764166690756
48212 1285321911 1764166690782.262451 1764166690782 1764166690789
48213 1285355255 1764166690815.607422 1764166690815 1764166690822
48214 1285388599 1764166690848.952393 1764166690849 1764166690856
48215 1285421943 1764166690882.297363 1764166690882 1764166690889
48216 1285455287 1764166690915.642334 1764166690915 1764166690922
48217 1285488631 1764166690948.987305 1764166690949 1764166690956
48218 1285521974 1764166690982.331299 1764166690982 1764166690989
48219 1285555318 1764166691015.676514 1764166691015 1764166691022
48220 1285588662 1764166691049.021973 1764166691049 1764166691056
48221 1285622006 1764166691082.367432 1764166691082 1764166691089
48222 1285655350 1764166691115.713135 1764166691115 1764166691123
48223 1285688694 1764166691149.058594 1764166691148 1764166691156
48224 1285722038 1764166691182.404053 1764166691182 1764166691189
48225 1285755382 1764166691215.749756 1764166691216 1764166691223
48226 1285788726 1764166691249.095215 1764166691248 1764166691256
48227 1285822070 1764166691282.440918 1764166691282 1764166691289
48228 1285855414 1764166691315.786621 1764166691316 1764166691323
48229 1285888758 1764166691349.132324 1764166691348 1764166691356
48230 1285922102 1764166691382.477783 1764166691382 1764166691389
48231 1285955446 1764166691415.823486 1764166691416 1764166691423
48232 1285988789 1764166691449.168213 1764166691448 1764166691456
48233 1286022133 1764166691482.513916 1764166691482 1764166691489
48234 1286055477 1764166691515.859619 1764166691516 1764166691523
48235 1286088821 1764166691549.205322 1764166691548 1764166691556
48236 1286122165 1764166691582.551025 1764166691582 1764166691589
48237 1286155509 1764166691615.896973 1764166691616 1764166691623
48238 1286188853 1764166691649.242676 1764166691649 1764166691656
48239 1286222197 1764166691682.588379 1764166691682 1764166691689
48240 1286255541 1764166691715.934326 1764166691716 1764166691723
48241 1286288885 1764166691749.280029 1764166691749 1764166691756
48242 1286322229 1764166691782.625977 1764166691782 1764166691789
48243 1286355573 1764166691815.971680 1764166691815 1764166691823
48244 1286388917 1764166691849.317627 1764166691849 1764166691856
48245 1286422260 1764166691882.662354 1764166691882 1764166691889
48246 1286455604 1764166691916.008301 1764166691916 1764166691923
48247 1286488948 1764166691949.354248 1764166691949 1764166691956
48248 1286522292 1764166691982.700195 1764166691983 1764166691990
48249 1286555636 1764166692016.046143 1764166692015 1764166692023
48250 1286588980 1764166692049.390869 1764166692049 1764166692056
48251 1286622324 1764166692082.735596 1764166692083 1764166692090
48252 1286655668 1764166692116.080322 1764166692115 1764166692123
48253 1286689012 1764166692149.425049 1764166692149 1764166692156
48254 1286722356 1764166692182.769775 1764166692183 1764166692190
48255 1286755700 1764166692216.114502 1764166692215 1764166692223
48256 1286789044 1764166692249.459229 1764166692249 1764166692256
48257 1286822388 1764166692282.803955 1764166692283 1764166692290
48258 1286855731 1764166692316.147705 1764166692315 1764166692323
48259 1286889075 1764166692349.492432 1764166692349 1764166692356
48260 1286922419 1764166692382.837158 1764166692383 1764166692390
48261 1286955763 1764166692416.181885 1764166692415 1764166692423
48262 1286989107 1764166692449.526611 1764166692449 1764166692456
48263 1287022451 1764166692482.871582 1764166692483 1764166692490
48264 1287055795 1764166692516.216309 1764166692515 1764166692523
48265 1287089139 1764166692549.561035 1764166692549 1764166692556
48266 1287122483 1764166692582.905762 1764166692583 1764166692590
48267 1287155827 1764166692616.250488 1764166692616 1764166692623
48268 1287189171 1764166692649.595215 1764166692649 1764166692656
48269 1287222515 1764166692682.940186 1764166692683 1764166692690
48270 1287255859 1764166692716.284912 1764166692716 1764166692723
48271 1287289203 1764166692749.629639 1764166692749 1764166692756
48272 1287322546 1764166692782.973389 1764166692783 1764166692790
48273 1287355890 1764166692816.318359 1764166692816 1764166692823
48274 1287389234 1764166692849.663086 1764166692849 1764166692856
48275 1287422578 1764166692883.007812 1764166692883 1764166692890
48276 1287455922 1764166692916.352539 1764166692916 1764166692923
48277 1287489266 1764166692949.697510 1764166692950 1764166692957
48278 1287522610 1764166692983.042236 1764166692982 1764166692990
48279 1287555954 1764166693016.386963 1764166693016 1764166693023
48280 1287589298 1764166693049.731445 1764166693050 1764166693057
48281 1287622642 1764166693083.075928 1764166693082 1764166693090
48282 1287655986 1764166693116.420166 1764166693116 1764166693123
48283 1287689330 1764166693149.764648 1764166693150 1764166693157
48284 1287722674 1764166693183.109131 1764166693182 1764166693190
48285 1287756017 1764166693216.452393 1764166693216 1764166693223
48286 1287789361 1764166693249.796875 1764166693250 1764166693257
48287 1287822705 1764166693283.141357 1764166693282 1764166693290
48288 1287856049 1764166693316.485596 1764166693316 1764166693323
48289 1287889393 1764166693349.830078 1764166693350 1764166693357
48290 1287922737 1764166693383.174316 1764166693382 1764166693390
48291 1287956081 1764166693416.518799 1764166693416 1764166693423
48292 1287989425 1764166693449.863281 1764166693450 1764166693457
48293 1288022769 1764166693483.207520 1764166693483 1764166693490
48294 1288056113 1764166693516.552002 1764166693516 1764166693523
48295 1288089457 1764166693549.896240 1764166693550 1764166693557
48296 1288122801 1764166693583.240723 1764166693583 1764166693590
48297 1288156145 1764166693616.584961 1764166693616 1764166693623
48298 1288189488 1764166693649.928467 1764166693650 1764166693657
48299 1288222832 1764166693683.272705 1764166693683 1764166693690
48300 1288256176 1764166693716.617188 1764166693716 1764166693723
48301 1288289520 1764166693749.961426 1764166693750 1764166693757
48302 1288322864 1764166693783.305908 1764166693783 1764166693790
48303 1288356208 1764166693816.650146 1764166693816 1764166693824
48304 1288389552 1764166693849.994629 1764166693850 1764166693857
48305 1288422896 1764166693883.338867 1764166693883 1764166693890
48306 1288456240 1764166693916.683105 1764166693917 1764166693924
48307 1288489584 1764166693950.027588 1764166693949 1764166693957
48308 1288522928 1764166693983.371826 1764166693983 1764166693990
48309 1288556272 1764166694016.716309 1764166694017 1764166694024
48310 1288589616 1764166694050.062012 1764166694049 1764166694057
48311 1288622960 1764166694083.407715 1764166694083 1764166694090
48312 1288656303 1764166694116.752686 1764166694117 1764166694124
48313 1288689647 1764166694150.098389 1764166694149 1764166694157
48314 1288722991 1764166694183.444092 1764166694183 1764166694190
48315 1288756335 1764166694216.790039 1764166694217 1764166694224
48316 1288789679 1764166694250.135742 1764166694250 1764166694257
48317 1288823023 1764166694283.481445 1764166694283 1764166694290
48318 1288856367 1764166694316.827393 1764166694317 1764166694324
48319 1288889711 1764166694350.173096 1764166694349 1764166694357
48320 1288923055 1764166694383.518799 1764166694383 1764166694390
48321 1288956399 1764166694416.864746 1764166694417 1764166694424
48322 1288989743 1764166694450.210449 1764166694450 1764166694457
48323 1289023087 1764166694483.556396 1764166694483 1764166694490
48324 1289056431 1764166694516.902100 1764166694517 1764166694524
48325 1289089774 1764166694550.247070 1764166694550 1764166694557
48326 1289123118 1764166694583.592773 1764166694583 1764166694590
48327 1289156462 1764166694616.938721 1764166694617 1764166694624
48328 1289189806 1764166694650.284424 1764166694650 1764166694657
48329 1289223150 1764166694683.630371 1764166694683 1764166694690
48330 1289256494 1764166694716.976074 1764166694716 1764166694724
48331 1289289838 1764166694750.322021 1764166694750 1764166694757
48332 1289323182 1764166694783.667725 1764166694784 1764166694791
48333 1289356526 1764166694817.013672 1764166694817 1764166694824
48334 1289389870 1764166694850.359375 1764166694850 1764166694857
48335 1289423214 1764166694883.705322 1764166694884 1764166694891
48336 1289456558 1764166694917.051025 1764166694916 1764166694924
48337 1289489902 1764166694950.396973 1764166694950 1764166694957
48338 1289523245 1764166694983.741943 1764166694984 1764166694991
48339 1289556589 1764166695017.087646 1764166695016 1764166695024
48340 1289589933 1764166695050.431396 1764166695050 1764166695057
48341 1289623277 1764166695083.775146 1764166695084 1764166695091
48342 1289656621 1764166695117.118896 1764166695116 1764166695124
48343 1289689965 1764166695150.462646 1764166695150 1764166695157
48344 1289723309 1764166695183.806396 1764166695184 1764166695191
48345 1289756653 1764166695217.149902 1764166695218 1764166695225
48346 1289789997 1764166695250.493652 1764166695250 1764166695257
48347 1289823341 1764166695283.837402 1764166695284 1764166695291
48348 1289856685 1764166695317.180908 1764166695317 1764166695324
48349 1289890029 1764166695350.524658 1764166695350 1764166695357
48350 1289923373 1764166695383.868164 1764166695384 1764166695391
48351 1289956717 1764166695417.211914 1764166695417 1764166695424
48352 1289990060 1764166695450.554443 1764166695450 1764166695457
48353 1290023404 1764166695483.897949 1764166695484 1764166695491
48354 1290056748 1764166695517.241455 1764166695517 1764166695524
48355 1290090092 1764166695550.585205 1764166695551 1764166695558
48356 1290123436 1764166695583.928711 1764166695584 1764166695591
48357 1290156780 1764166695617.272217 1764166695617 1764166695624
48358 1290190124 1764166695650.615723 1764166695651 1764166695658
48359 1290223468 1764166695683.959229 1764166695684 1764166695691
48360 1290256812 1764166695717.302734 1764166695717 1764166695724
48361 1290290156 1764166695750.646240 1764166695751 1764166695758
48362 1290323500 1764166695783.989502 1764166695783 1764166695791
48363 1290356844 1764166695817.333008 1764166695817 1764166695824
48364 1290390188 1764166695850.676514 1764166695851 1764166695858
48365 1290423531 1764166695884.018799 1764166695883 1764166695891
48366 1290456875 1764166695917.362305 1764166695917 1764166695924
48367 1290490219 1764166695950.705566 1764166695951 1764166695958
48368 1290523563 1764166695984.049072 1764166695983 1764166695991
48369 1290556907 1764166696017.392334 1764166696017 1764166696024
48370 1290590251 1764166696050.735352 1764166696051 1764166696058
48371 1290623595 1764166696084.078369 1764166696083 1764166696091
48372 1290656939 1764166696117.421387 1764166696117 1764166696124
48373 1290690283 1764166696150.764404 1764166696151 1764166696158
48374 1290723627 1764166696184.107422 1764166696183 1764166696191
48375 1290756971 1764166696217.450195 1764166696217 1764166696224
48376 1290790315 1764166696250.793213 1764166696251 1764166696258
48377 1290823659 1764166696284.135986 1764166696283 1764166696291
48378 1290857002 1764166696317.477783 1764166696317 1764166696324
48379 1290890346 1764166696350.820801 1764166696351 1764166696358
48380 1290923690 1764166696384.163574 1764166696384 1764166696391
48381 1290957034 1764166696417.506348 1764166696417 1764166696424
48382 1290990378 1764166696450.849121 1764166696451 1764166696458
48383 1291023722 1764166696484.191895 1764166696484 1764166696491
48384 1291057066 1764166696517.534424 1764166696517 1764166696524
48385 1291090410 1764166696550.877197 1764166696551 1764166696558
48386 1291123754 1764166696584.219971 1764166696584 1764166696591
48387 1291157098 1764166696617.562500 1764166696618 1764166696625
48388 1291190442 1764166696650.905273 1764166696651 1764166696658
48389 1291223786 1764166696684.247803 1764166696684 1764166696691
48390 1291257130 1764166696717.590332 1764166696717 1764166696724
48391 1291290474 1764166696750.932861 1764166696751 1764166696758
48392 1291323817 1764166696784.274414 1764166696784 1764166696791
48393 1291357161 1764166696817.616943 1764166696817 1764166696825
48394 1291390505 1764166696850.959473 1764166696850 1764166696858
48395 1291423849 1764166696884.302002 1764166696884 1764166696891
48396 1291457193 1764166696917.644287 1764166696918 1764166696925
48397 1291490537 1764166696950.986816 1764166696950 1764166696958
48398 1291523881 1764166696984.329346 1764166696984 1764166696991
48399 1291557225 1764166697017.671631 1764166697018 1764166697025
48400 1291590569 1764166697051.013916 1764166697051 1764166697058
48401 1291623913 1764166697084.355957 1764166697084 1764166697091
48402 1291657257 1764166697117.697998 1764166697118 1764166697125
48403 1291690601 1764166697151.040283 1764166697150 1764166697158
48404 1291723945 1764166697184.382324 1764166697184 1764166697191
48405 1291757288 1764166697217.723389 1764166697218 1764166697225
48406 1291790632 1764166697251.065430 1764166697250 1764166697258
48407 1291823976 1764166697284.407227 1764166697284 1764166697291
48408 1291857320 1764166697317.749268 1764166697318 1764166697325
48409 1291890664 1764166697351.091309 1764166697350 1764166697358
48410 1291924008 1764166697384.433105 1764166697385 1764166697392
48411 1291957352 1764166697417.774902 1764166697418 1764166697425
48412 1291990696 1764166697451.116943 1764166697450 1764166697458
48413 1292024040 1764166697484.458740 1764166697484 1764166697491
48414 1292057384 1764166697517.800537 1764166697518 1764166697525
48415 1292090728 1764166697551.142334 1764166697550 1764166697558
48416 1292124072 1764166697584.484131 1764166697584 1764166697591
48417 1292157416 1764166697617.825684 1764166697618 1764166697625
48418 1292190759 1764166697651.166504 1764166697650 1764166697659
48419 1292224103 1764166697684.508057 1764166697684 1764166697691
48420 1292257447 1764166697717.849854 1764166697718 1764166697725
48421 1292290791 1764166697751.191406 1764166697750 1764166697758
48422 1292324135 1764166697784.532959 1764166697784 1764166697791
48423 1292357479 1764166697817.874512 1764166697818 1764166697825
48424 1292390823 1764166697851.216064 1764166697850 1764166697858
48425 1292424167 1764166697884.557617 1764166697884 1764166697891
48426 1292457511 1764166697917.898926 1764166697918 1764166697925
48427 1292490855 1764166697951.240479 1764166697951 1764166697958
48428 1292524199 1764166697984.581787 1764166697984 1764166697991
48429 1292557543 1764166698017.923340 1764166698018 1764166698025
48430 1292590887 1764166698051.264404 1764166698051 1764166698058
48431 1292624231 1764166698084.605469 1764166698084 1764166698091
48432 1292657574 1764166698117.945557 1764166698118 1764166698125
48433 1292690918 1764166698151.286621 1764166698151 1764166698158
48434 1292724262 1764166698184.627686 1764166698185 1764166698192
48435 1292757606 1764166698217.968506 1764166698218 1764166698225
48436 1292790950 1764166698251.309570 1764166698251 1764166698258
48437 1292824294 1764166698284.650391 1764166698284 1764166698291
48438 1292857638 1764166698317.991211 1764166698318 1764166698325
48439 1292890982 1764166698351.332031 1764166698351 1764166698358
48440 1292924326 1764166698384.672852 1764166698385 1764166698392
48441 1292957670 1764166698418.013672 1764166698418 1764166698425
48442 1292991014 1764166698451.354492 1764166698451 1764166698458
48443 1293024358 1764166698484.695068 1764166698485 1764166698492
48444 1293057702 1764166698518.035645 1764166698518 1764166698525
48445 1293091045 1764166698551.375488 1764166698551 1764166698558
48446 1293124389 1764166698584.716064 1764166698585 1764166698592
48447 1293157733 1764166698618.056641 1764166698617 1764166698625
48448 1293191077 1764166698651.396973 1764166698651 1764166698658
48449 1293224421 1764166698684.737549 1764166698685 1764166698692
48450 1293257765 1764166698718.078125 1764166698717 1764166698725
48451 1293291109 1764166698751.418457 1764166698751 1764166698758
48452 1293324453 1764166698784.758789 1764166698785 1764166698792
48453 1293357797 1764166698818.099121 1764166698817 1764166698825
48454 1293391141 1764166698851.439453 1764166698851 1764166698858
48455 1293424485 1764166698884.779785 1764166698885 1764166698892
48456 1293457829 1764166698918.120117 1764166698917 1764166698925
48457 1293491173 1764166698951.460205 1764166698951 1764166698958
48458 1293524516 1764166698984.799561 1764166698985 1764166698992
48459 1293557860 1764166699018.139648 1764166699017 1764166699025
48460 1293591204 1764166699051.480713 1764166699051 1764166699058
48461 1293624548 1764166699084.821777 1764166699085 1764166699092
48462 1293657892 1764166699118.162842 1764166699117 1764166699125
48463 1293691236 1764166699151.503662 1764166699151 1764166699158
48464 1293724580 1764166699184.844727 1764166699185 1764166699192
48465 1293757924 1764166699218.185547 1764166699217 1764166699225
48466 1293791268 1764166699251.526611 1764166699251 1764166699258
48467 1293824612 1764166699284.867432 1764166699285 1764166699292
48468 1293857956 1764166699318.208252 1764166699318 1764166699325
48469 1293891300 1764166699351.549072 1764166699351 1764166699358
48470 1293924644 1764166699384.889893 1764166699385 1764166699392
48471 1293957988 1764166699418.230713 1764166699418 1764166699425
48472 1293991331 1764166699451.570312 1764166699451 1764166699458
48473 1294024675 1764166699484.911133 1764166699485 1764166699492
48474 1294058019 1764166699518.251709 1764166699518 1764166699525
48475 1294091363 1764166699551.592285 1764166699551 1764166699558
48476 1294124707 1764166699584.933105 1764166699585 1764166699592
48477 1294158051 1764166699618.273682 1764166699618 1764166699625
48478 1294191395 1764166699651.614258 1764166699651 1764166699658
48479 1294224739 1764166699684.954590 1764166699685 1764166699692
48480 1294258083 1764166699718.295166 1764166699718 1764166699725
48481 1294291427 1764166699751.635742 1764166699751 1764166699758
48482 1294324771 1764166699784.976074 1764166699785 1764166699792
48483 1294358115 1764166699818.316650 1764166699818 1764166699825
48484 1294391459 1764166699851.656982 1764166699851 1764166699858
48485 1294424802 1764166699884.996338 1764166699884 1764166699892
48486 1294458146 1764166699918.336670 1764166699918 1764166699925
48487 1294491490 1764166699951.677002 1764166699952 1764166699959
48488 1294524834 1764166699985.017334 1764166699984 1764166699992
48489 1294558178 1764166700018.357666 1764166700018 1764166700025
48490 1294591522 1764166700051.701416 1764166700052 1764166700059
48491 1294624866 1764166700085.041016 1764166700084 1764166700092
48492 1294658210 1764166700118.380615 1764166700118 1764166700125
48493 1294691554 1764166700151.720215 1764166700152 1764166700159
48494 1294724898 1764166700185.059570 1764166700184 1764166700192
48495 1294758242 1764166700218.399170 1764166700218 1764166700225
48496 1294791586 1764166700251.738525 1764166700252 1764166700259
48497 1294824930 1764166700285.077881 1764166700284 1764166700292
48498 1294858273 1764166700318.416016 1764166700318 1764166700325
48499 1294891617 1764166700351.755371 1764166700352 1764166700359
48500 1294924961 1764166700385.094727 1764166700384 1764166700392
48501 1294958305 1764166700418.433838 1764166700418 1764166700425
48502 1294991649 1764166700451.772949 1764166700452 1764166700459
48503 1295024993 1764166700485.112061 1764166700484 1764166700492
48504 1295058337 1764166700518.451172 1764166700518 1764166700525
48505 1295091681 1764166700551.790039 1764166700552 1764166700559
48506 1295125025 1764166700585.129150 1764166700584 1764166700592
48507 1295158369 1764166700618.468018 1764166700618 1764166700625
48508 1295191713 1764166700651.806885 1764166700652 1764166700659
48509 1295225057 1764166700685.145752 1764166700684 1764166700692
48510 1295258401 1764166700718.484619 1764166700718 1764166700725
48511 1295291745 1764166700751.823486 1764166700752 1764166700759
48512 1295325088 1764166700785.161133 1764166700784 1764166700792
48513 1295358432 1764166700818.499756 1764166700818 1764166700825
48514 1295391776 1764166700851.838379 1764166700851 1764166700859
48515 1295425120 1764166700885.177002 1764166700885 1764166700892
48516 1295458464 1764166700918.515625 1764166700918 1764166700925
48517 1295491808 1764166700951.854004 1764166700951 1764166700959
48518 1295525152 1764166700985.192627 1764166700985 1764166700992
48519 1295558496 1764166701018.531006 1764166701018 1764166701025
48520 1295591840 1764166701051.869385 1764166701052 1764166701059
48521 1295625184 1764166701085.221680 1764166701085 1764166701092
48522 1295658528 1764166701118.573730 1764166701118 1764166701125
48523 1295691872 1764166701151.926025 1764166701152 1764166701159
48524 1295725216 1764166701185.278320 1764166701185 1764166701192
48525 1295758559 1764166701218.629639 1764166701218 1764166701225
48526 1295791903 1764166701251.981934 1764166701252 1764166701259
48527 1295825247 1764166701285.334229 1764166701285 1764166701292
48528 1295858591 1764166701318.686768 1764166701319 1764166701326
48529 1295891935 1764166701352.039307 1764166701352 1764166701359
48530 1295925279 1764166701385.391602 1764166701385 1764166701392
48531 1295958623 1764166701418.744141 1764166701418 1764166701426
48532 1295991967 1764166701452.096924 1764166701452 1764166701459
48533 1296025311 1764166701485.449463 1764166701485 1764166701492
48534 1296058655 1764166701518.802002 1764166701519 1764166701526
48535 1296091999 1764166701552.154785 1764166701551 1764166701559
48536 1296125343 1764166701585.507568 1764166701585 1764166701592
48537 1296158687 1764166701618.860352 1764166701619 1764166701626
48538 1296192030 1764166701652.212158 1764166701651 1764166701659
48539 1296225374 1764166701685.564941 1764166701685 1764166701692
48540 1296258718 1764166701718.917969 1764166701719 1764166701726
48541 1296292062 1764166701752.270752 1764166701751 1764166701759
48542 1296325406 1764166701785.623779 1764166701785 1764166701792
48543 1296358750 1764166701818.976807 1764166701819 1764166701826
48544 1296392094 1764166701852.329834 1764166701851 1764166701859
48545 1296425438 1764166701885.682861 1764166701885 1764166701892
48546 1296458782 1764166701919.036133 1764166701919 1764166701926
48547 1296492126 1764166701952.389160 1764166701951 1764166701959
48548 1296525470 1764166701985.742432 1764166701985 1764166701992
48549 1296558814 1764166702019.095703 1764166702019 1764166702026
48550 1296592158 1764166702052.448975 1764166702051 1764166702059
48551 1296625502 1764166702085.786377 1764166702085 1764166702092
48552 1296658845 1764166702119.123047 1764166702119 1764166702126
48553 1296692189 1764166702152.460449 1764166702151 1764166702159
48554 1296725533 1764166702185.797852 1764166702185 1764166702192
48555 1296758877 1764166702219.135254 1764166702219 1764166702226
48556 1296792221 1764166702252.472412 1764166702251 1764166702259
48557 1296825565 1764166702285.809570 1764166702285 1764166702292
48558 1296858909 1764166702319.146729 1764166702319 1764166702326
48559 1296892253 1764166702352.483887 1764166702351 1764166702359
48560 1296925597 1764166702385.821045 1764166702385 1764166702392
48561 1296958941 1764166702419.157959 1764166702419 1764166702426
48562 1296992285 1764166702452.494873 1764166702452 1764166702459
48563 1297025629 1764166702485.831787 1764166702485 1764166702492
48564 1297058973 1764166702519.168701 1764166702519 1764166702526
48565 1297092316 1764166702552.504395 1764166702552 1764166702559
48566 1297125660 1764166702585.841309 1764166702585 1764166702592
48567 1297159004 1764166702619.177979 1764166702619 1764166702626
48568 1297192348 1764166702652.514404 1764166702652 1764166702659
48569 1297225692 1764166702685.851074 1764166702685 1764166702692
48570 1297259036 1764166702719.187500 1764166702719 1764166702726
48571 1297292380 1764166702752.523926 1764166702752 1764166702759
48572 1297325724 1764166702785.860352 1764166702785 1764166702792
48573 1297359068 1764166702819.196777 1764166702818 1764166702826
48574 1297392412 1764166702852.532959 1764166702852 1764166702859
48575 1297425756 1764166702885.869385 1764166702886 1764166702893
48576 1297459100 1764166702919.205566 1764166702919 1764166702926
48577 1297492444 1764166702952.541504 1764166702952 1764166702959
48578 1297525787 1764166702985.876709 1764166702986 1764166702993
48579 1297559131 1764166703019.212646 1764166703019 1764166703026
48580 1297592475 1764166703052.548584 1764166703052 1764166703059
48581 1297625819 1764166703085.895996 1764166703086 1764166703093
48582 1297659163 1764166703119.243408 1764166703118 1764166703126
48583 1297692507 1764166703152.591064 1764166703152 1764166703159
48584 1297725851 1764166703185.938721 1764166703186 1764166703193
48585 1297759195 1764166703219.286377 1764166703218 1764166703226
48586 1297792539 1764166703252.634033 1764166703252 1764166703259
48587 1297825883 1764166703285.981934 1764166703286 1764166703293
48588 1297859227 1764166703319.329834 1764166703318 1764166703326
48589 1297892571 1764166703352.677979 1764166703352 1764166703359
48590 1297925915 1764166703386.025879 1764166703386 1764166703393
48591 1297959259 1764166703419.374268 1764166703418 1764166703426
48592 1297992602 1764166703452.721436 1764166703452 1764166703459
48593 1298025946 1764166703486.069824 1764166703486 1764166703493
48594 1298059290 1764166703519.418213 1764166703518 1764166703526
48595 1298092634 1764166703552.766602 1764166703552 1764166703559
48596 1298125978 1764166703586.115234 1764166703586 1764166703593
48597 1298159322 1764166703619.463867 1764166703618 1764166703626
48598 1298192666 1764166703652.812744 1764166703652 1764166703659
48599 1298226010 1764166703686.161377 1764166703686 1764166703693
48600 1298259354 1764166703719.510254 1764166703718 1764166703726
48601 1298292698 1764166703752.859375 1764166703752 1764166703759
48602 1298326042 1764166703786.208496 1764166703786 1764166703793
48603 1298359386 1764166703819.557617 1764166703819 1764166703826
48604 1298392730 1764166703852.906738 1764166703852 1764166703859
48605 1298426073 1764166703886.255127 1764166703886 1764166703893
48606 1298459417 1764166703919.604492 1764166703919 1764166703926
48607 1298492761 1764166703952.953857 1764166703952 1764166703959
48608 1298526105 1764166703986.303467 1764166703986 1764166703993
48609 1298559449 1764166704019.653076 1764166704019 1764166704026
48610 1298592793 1764166704053.002686 1764166704052 1764166704059
48611 1298626137 1764166704086.347900 1764166704086 1764166704093
48612 1298659481 1764166704119.692871 1764166704119 1764166704126
48613 1298692825 1764166704153.037842 1764166704152 1764166704159
48614 1298726169 1764166704186.382812 1764166704186 1764166704193
48615 1298759513 1764166704219.727783 1764166704219 1764166704226
48616 1298792857 1764166704253.072998 1764166704252 1764166704259
48617 1298826201 1764166704286.417969 1764166704286 1764166704293
48618 1298859544 1764166704319.761963 1764166704319 1764166704326
48619 1298892888 1764166704353.106934 1764166704353 1764166704360
48620 1298926232 1764166704386.452148 1764166704386 1764166704393
48621 1298959576 1764166704419.797119 1764166704419 1764166704426
48622 1298992920 1764166704453.142334 1764166704453 1764166704460
48623 1299026264 1764166704486.487305 1764166704486 1764166704493
48624 1299059608 1764166704519.832520 1764166704519 1764166704526
48625 1299092952 1764166704553.177490 1764166704553 1764166704560
48626 1299126296 1764166704586.522461 1764166704585 1764166704593
48627 1299159640 1764166704619.867676 1764166704619 1764166704626
48628 1299192984 1764166704653.212891 1764166704653 1764166704660
48629 1299226328 1764166704686.557861 1764166704685 1764166704693
48630 1299259672 1764166704719.903076 1764166704719 1764166704726
48631 1299293016 1764166704753.248047 1764166704753 1764166704760
48632 1299326359 1764166704786.592285 1764166704785 1764166704793
48633 1299359703 1764166704819.937500 1764166704819 1764166704826
48634 1299393047 1764166704853.282471 1764166704853 1764166704860
48635 1299426391 1764166704886.627686 1764166704885 1764166704893
48636 1299459735 1764166704919.972900 1764166704919 1764166704926
48637 1299493079 1764166704953.317871 1764166704953 1764166704960
48638 1299526423 1764166704986.663086 1764166704985 1764166704993
48639 1299559767 1764166705020.008301 1764166705019 1764166705026
48640 1299593111 1764166705053.353516 1764166705053 1764166705060
48641 1299626455 1764166705086.694092 1764166705085 1764166705093
48642 1299659799 1764166705120.034912 1764166705119 1764166705126
48643 1299693143 1764166705153.375732 1764166705153 1764166705160
48644 1299726487 1764166705186.716309 1764166705186 1764166705193
48645 1299759830 1764166705220.055908 1764166705219 1764166705226
48646 1299793174 1764166705253.396484 1764166705253 1764166705260
48647 1299826518 1764166705286.737061 1764166705285 1764166705293
48648 1299859862 1764166705320.077637 1764166705319 1764166705326
48649 1299893206 1764166705353.418213 1764166705353 1764166705360
48650 1299926550 1764166705386.758789 1764166705386 1764166705393
48651 1299959894 1764166705420.099365 1764166705419 1764166705426
48652 1299993238 1764166705453.439697 1764166705453 1764166705460
48653 1300026582 1764166705486.780029 1764166705486 1764166705493
48654 1300059926 1764166705520.120605 1764166705519 1764166705526
48655 1300093270 1764166705553.460938 1764166705553 1764166705560
48656 1300126614 1764166705586.801270 1764166705586 1764166705593
48657 1300159958 1764166705620.141602 1764166705619 1764166705626
48658 1300193301 1764166705653.480957 1764166705653 1764166705660
48659 1300226645 1764166705686.821289 1764166705686 1764166705693
48660 1300259989 1764166705720.161377 1764166705719 1764166705726
48661 1300293333 1764166705753.501709 1764166705753 1764166705760
48662 1300326677 1764166705786.841797 1764166705786 1764166705793
48663 1300360021 1764166705820.181885 1764166705819 1764166705826
48664 1300393365 1764166705853.522217 1764166705853 1764166705860
48665 1300426709 1764166705886.862305 1764166705886 1764166705893
48666 1300460053 1764166705920.202393 1764166705919 1764166705926
48667 1300493397 1764166705953.542480 1764166705953 1764166705960
48668 1300526741 1764166705986.882324 1764166705986 1764166705993
48669 1300560085 1764166706020.222412 1764166706020 1764166706027
48670 1300593429 1764166706053.562500 1764166706053 1764166706060
48671 1300626773 1764166706086.903809 1764166706086 1764166706093
48672 1300660116 1764166706120.244141 1764166706120 1764166706127
48673 1300693460 1764166706153.585449 1764166706153 1764166706160
48674 1300726804 1764166706186.926758 1764166706186 1764166706193
48675 1300760148 1764166706220.268066 1764166706220 1764166706227
48676 1300793492 1764166706253.609131 1764166706252 1764166706260
48677 1300826836 1764166706286.950439 1764166706286 1764166706293
48678 1300860180 1764166706320.291504 1764166706320 1764166706327
48679 1300893524 1764166706353.632812 1764166706352 1764166706360
48680 1300926868 1764166706386.973877 1764166706386 1764166706393
48681 1300960212 1764166706420.315186 1764166706420 1764166706427
48682 1300993556 1764166706453.656250 1764166706452 1764166706460
48683 1301026900 1764166706486.997314 1764166706486 1764166706493
48684 1301060244 1764166706520.338379 1764166706520 1764166706527
48685 1301093587 1764166706553.678467 1764166706552 1764166706560
48686 1301126931 1764166706587.019531 1764166706586 1764166706593
48687 1301160275 1764166706620.360352 1764166706620 1764166706627
48688 1301193619 1764166706653.701416 1764166706652 1764166706660
48689 1301226963 1764166706687.042480 1764166706686 1764166706693
48690 1301260307 1764166706720.383301 1764166706720 1764166706727
48691 1301293651 1764166706753.724121 1764166706752 1764166706760
48692 1301326995 1764166706787.065186 1764166706786 1764166706793
48693 1301360339 1764166706820.406006 1764166706820 1764166706827
48694 1301393683 1764166706853.746826 1764166706852 1764166706860
48695 1301427027 1764166706887.087646 1764166706886 1764166706893
48696 1301460371 1764166706920.428467 1764166706920 1764166706927
48697 1301493715 1764166706953.769287 1764166706952 1764166706960
48698 1301527058 1764166706987.109131 1764166706986 1764166706993
48699 1301560402 1764166707020.449707 1764166707020 1764166707027
48700 1301593746 1764166707053.790527 1764166707052 1764166707060
48701 1301627090 1764166707087.125977 1764166707086 1764166707093
48702 1301660434 1764166707120.461426 1764166707120 1764166707127
48703 1301693778 1764166707153.796875 1764166707152 1764166707160
48704 1301727122 1764166707187.132080 1764166707186 1764166707193
48705 1301760466 1764166707220.467529 1764166707220 1764166707227
48706 1301793810 1764166707253.802734 1764166707252 1764166707260
48707 1301827154 1764166707287.137695 1764166707286 1764166707293
48708 1301860498 1764166707320.472900 1764166707320 1764166707327
48709 1301893842 1764166707353.807861 1764166707352 1764166707360
48710 1301927186 1764166707387.142822 1764166707386 1764166707393
48711 1301960530 1764166707420.477783 1764166707420 1764166707427
48712 1301993873 1764166707453.811523 1764166707452 1764166707460
48713 1302027217 1764166707487.146484 1764166707486 1764166707493
48714 1302060561 1764166707520.481201 1764166707520 1764166707527
48715 1302093905 1764166707553.815918 1764166707552 1764166707560
48716 1302127249 1764166707587.150635 1764166707586 1764166707593
48717 1302160593 1764166707620.485107 1764166707620 1764166707627
48718 1302193937 1764166707653.819580 1764166707652 1764166707660
48719 1302227281 1764166707687.154053 1764166707686 1764166707693
48720 1302260625 1764166707720.488525 1764166707720 1764166707727
48721 1302293969 1764166707753.822754 1764166707752 1764166707760
48722 1302327313 1764166707787.157227 1764166707786 1764166707793
48723 1302360657 1764166707820.491455 1764166707820 1764166707827
48724 1302394001 1764166707853.825439 1764166707852 1764166707860
48725 1302427344 1764166707887.158691 1764166707886 1764166707893
48726 1302460688 1764166707920.492676 1764166707920 1764166707927
48727 1302494032 1764166707953.826660 1764166707952 1764166707960
48728 1302527376 1764166707987.160645 1764166707986 1764166707993
48729 1302560720 1764166708020.494629 1764166708020 1764166708027
48730 1302594064 1764166708053.828613 1764166708052 1764166708060
48731 1302627408 1764166708087.163086 1764166708086 1764166708093
48732 1302660752 1764166708120.497803 1764166708120 1764166708127
48733 1302694096 1764166708153.832275 1764166708152 1764166708160
48734 1302727440 1764166708187.166748 1764166708186 1764166708193
48735 1302760784 1764166708220.501221 1764166708220 1764166708227
48736 1302794128 1764166708253.835449 1764166708252 1764166708260
48737 1302827472 1764166708287.169922 1764166708286 1764166708293
48738 1302860815 1764166708320.503174 1764166708320 1764166708327
48739 1302894159 1764166708353.837158 1764166708352 1764166708360
48740 1302927503 1764166708387.171387 1764166708386 1764166708393
48741 1302960847 1764166708420.505371 1764166708420 1764166708427
48742 1302994191 1764166708453.839355 1764166708453 1764166708460
48743 1303027535 1764166708487.173340 1764166708486 1764166708493
48744 1303060879 1764166708520.507324 1764166708520 1764166708527
48745 1303094223 1764166708553.841064 1764166708553 1764166708560
48746 1303127567 1764166708587.174805 1764166708586 1764166708593
48747 1303160911 1764166708620.508545 1764166708620 1764166708627
48748 1303194255 1764166708653.842285 1764166708653 1764166708660
48749 1303227599 1764166708687.175781 1764166708686 1764166708693
48750 1303260943 1764166708720.509277 1764166708719 1764166708727
48751 1303294287 1764166708753.842773 1764166708753 1764166708760
48752 1303327630 1764166708787.175049 1764166708786 1764166708793
48753 1303360974 1764166708820.508545 1764166708820 1764166708827
48754 1303394318 1764166708853.841797 1764166708853 1764166708860
48755 1303427662 1764166708887.175049 1764166708886 1764166708893
48756 1303461006 1764166708920.508057 1764166708920 1764166708927
48757 1303494350 1764166708953.841309 1764166708953 1764166708960
48758 1303527694 1764166708987.174316 1764166708986 1764166708993
48759 1303561038 1764166709020.507324 1764166709020 1764166709027
48760 1303594382 1764166709053.840332 1764166709053 1764166709060
48761 1303627726 1764166709087.174316 1764166709086 1764166709093
48762 1303661070 1764166709120.508545 1764166709120 1764166709127
48763 1303694414 1764166709153.842529 1764166709153 1764166709160
48764 1303727758 1764166709187.176514 1764166709186 1764166709193
48765 1303761101 1764166709220.509277 1764166709220 1764166709227
48766 1303794445 1764166709253.843018 1764166709253 1764166709260
48767 1303827789 1764166709287.176758 1764166709286 1764166709293
48768 1303861133 1764166709320.510498 1764166709320 1764166709327
48769 1303894477 1764166709353.844238 1764166709353 1764166709360
48770 1303927821 1764166709387.177734 1764166709386 1764166709393
48771 1303961165 1764166709420.511230 1764166709419 1764166709427
48772 1303994509 1764166709453.844727 1764166709453 1764166709460
48773 1304027853 1764166709487.177979 1764166709486 1764166709493
48774 1304061197 1764166709520.511475 1764166709520 1764166709527
48775 1304094541 1764166709553.844727 1764166709553 1764166709560
48776 1304127885 1764166709587.177979 1764166709587 1764166709594
48777 1304161229 1764166709620.510986 1764166709620 1764166709627
48778 1304194572 1764166709653.843262 1764166709653 1764166709660
48779 1304227916 1764166709687.176270 1764166709686 1764166709693
48780 1304261260 1764166709720.509277 1764166709720 1764166709727
48781 1304294604 1764166709753.842041 1764166709753 1764166709760
48782 1304327948 1764166709787.175049 1764166709786 1764166709793
48783 1304361292 1764166709820.507812 1764166709820 1764166709827
48784 1304394636 1764166709853.840576 1764166709853 1764166709860
48785 1304427980 1764166709887.173096 1764166709886 1764166709894
48786 1304461324 1764166709920.505859 1764166709920 1764166709927
48787 1304494668 1764166709953.838379 1764166709953 1764166709960
48788 1304528012 1764166709987.170898 1764166709987 1764166709994
48789 1304561356 1764166710020.503174 1764166710020 1764166710027
48790 1304594700 1764166710053.835693 1764166710053 1764166710060
48791 1304628044 1764166710087.170166 1764166710087 1764166710094
48792 1304661387 1764166710120.503662 1764166710120 1764166710127
48793 1304694731 1764166710153.837891 1764166710153 1764166710160
48794 1304728075 1764166710187.172363 1764166710187 1764166710194
48795 1304761419 1764166710220.506592 1764166710219 1764166710227
48796 1304794763 1764166710253.840820 1764166710253 1764166710260
48797 1304828107 1764166710287.175049 1764166710287 1764166710294
48798 1304861451 1764166710320.509277 1764166710320 1764166710327
48799 1304894795 1764166710353.843262 1764166710353 1764166710360
48800 1304928139 1764166710387.177490 1764166710387 1764166710394
48801 1304961483 1764166710420.511475 1764166710420 1764166710427
48802 1304994827 1764166710453.845459 1764166710453 1764166710460
48803 1305028171 1764166710487.179199 1764166710487 1764166710494
48804 1305061515 1764166710520.513184 1764166710519 1764166710527
48805 1305094858 1764166710553.845947 1764166710553 1764166710560
48806 1305128202 1764166710587.179688 1764166710587 1764166710594
48807 1305161546 1764166710620.513428 1764166710619 1764166710627
48808 1305194890 1764166710653.847168 1764166710653 1764166710660
48809 1305228234 1764166710687.180664 1764166710687 1764166710694
48810 1305261578 1764166710720.514404 1764166710719 1764166710727
48811 1305294922 1764166710753.847900 1764166710753 1764166710760
48812 1305328266 1764166710787.181396 1764166710786 1764166710794
48813 1305361610 1764166710820.514893 1764166710819 1764166710827
48814 1305394954 1764166710853.848145 1764166710853 1764166710860
48815 1305428298 1764166710887.181641 1764166710887 1764166710894
48816 1305461642 1764166710920.514893 1764166710919 1764166710927
48817 1305494986 1764166710953.848145 1764166710953 1764166710960
48818 1305528329 1764166710987.180420 1764166710987 1764166710994
48819 1305561673 1764166711020.513428 1764166711019 1764166711027
48820 1305595017 1764166711053.846680 1764166711053 1764166711060
48821 1305628361 1764166711087.180420 1764166711087 1764166711094
48822 1305661705 1764166711120.513916 1764166711119 1764166711127
48823 1305695049 1764166711153.847656 1764166711153 1764166711160
48824 1305728393 1764166711187.181152 1764166711187 1764166711194
48825 1305761737 1764166711220.514404 1764166711219 1764166711227
48826 1305795081 1764166711253.847900 1764166711253 1764166711260
48827 1305828425 1764166711287.181152 1764166711287 1764166711294
48828 1305861769 1764166711320.514648 1764166711319 1764166711327
48829 1305895113 1764166711353.847900 1764166711353 1764166711360
48830 1305928457 1764166711387.180908 1764166711387 1764166711394
48831 1305961801 1764166711420.514160 1764166711419 1764166711427
48832 1305995144 1764166711453.846191 1764166711453 1764166711460
48833 1306028488 1764166711487.179199 1764166711487 1764166711494
48834 1306061832 1764166711520.512207 1764166711519 1764166711527
48835 1306095176 1764166711553.845215 1764166711553 1764166711560
48836 1306128520 1764166711587.177979 1764166711587 1764166711594
48837 1306161864 1764166711620.510742 1764166711620 1764166711627
48838 1306195208 1764166711653.843506 1764166711653 1764166711660
48839 1306228552 1764166711687.176270 1764166711687 1764166711694
48840 1306261896 1764166711720.509033 1764166711720 1764166711727
48841 1306295240 1764166711753.841553 1764166711753 1764166711760
48842 1306328584 1764166711787.174072 1764166711787 1764166711794
48843 1306361928 1764166711820.506592 1764166711820 1764166711827
48844 1306395272 1764166711853.839111 1764166711853 1764166711860
48845 1306428615 1764166711887.170410 1764166711887 1764166711894
48846 1306461959 1764166711920.502686 1764166711920 1764166711927
48847 1306495303 1764166711953.834961 1764166711953 1764166711960
48848 1306528647 1764166711987.167236 1764166711987 1764166711994
48849 1306561991 1764166712020.499512 1764166712020 1764166712027
48850 1306595335 1764166712053.831543 1764166712053 1764166712060
48851 1306628679 1764166712087.165771 1764166712087 1764166712094
48852 1306662023 1764166712120.500000 1764166712120 1764166712127
48853 1306695367 1764166712153.833984 1764166712153 1764166712160
48854 1306728711 1764166712187.167969 1764166712187 1764166712194
48855 1306762055 1764166712220.501953 1764166712220 1764166712227
48856 1306795399 1764166712253.835938 1764166712254 1764166712261
48857 1306828743 1764166712287.169922 1764166712287 1764166712294
48858 1306862086 1764166712320.502686 1764166712320 1764166712327
48859 1306895430 1764166712353.836670 1764166712354 1764166712361
48860 1306928774 1764166712387.170410 1764166712386 1764166712394
48861 1306962118 1764166712420.504150 1764166712420 1764166712427
48862 1306995462 1764166712453.837646 1764166712454 1764166712461
48863 1307028806 1764166712487.171387 1764166712486 1764166712494
48864 1307062150 1764166712520.504883 1764166712520 1764166712527
48865 1307095494 1764166712553.838379 1764166712554 1764166712561
48866 1307128838 1764166712587.171875 1764166712586 1764166712594
48867 1307162182 1764166712620.505371 1764166712620 1764166712627
48868 1307195526 1764166712653.838867 1764166712654 1764166712661
48869 1307228870 1764166712687.172119 1764166712686 1764166712694
48870 1307262214 1764166712720.505371 1764166712720 1764166712727
48871 1307295558 1764166712753.838623 1764166712754 1764166712761
48872 1307328901 1764166712787.170898 1764166712786 1764166712794
48873 1307362245 1764166712820.504150 1764166712820 1764166712827
48874 1307395589 1764166712853.837158 1764166712854 1764166712861
48875 1307428933 1764166712887.170410 1764166712886 1764166712894
48876 1307462277 1764166712920.503418 1764166712920 1764166712927
48877 1307495621 1764166712953.836182 1764166712954 1764166712961
48878 1307528965 1764166712987.169189 1764166712986 1764166712994
48879 1307562309 1764166713020.502197 1764166713020 1764166713027
48880 1307595653 1764166713053.834961 1764166713054 1764166713061
48881 1307628997 1764166713087.169922 1764166713087 1764166713094
48882 1307662341 1764166713120.504639 1764166713120 1764166713127
48883 1307695685 1764166713153.839355 1764166713154 1764166713161
48884 1307729029 1764166713187.174072 1764166713187 1764166713194
48885 1307762372 1764166713220.507568 1764166713220 1764166713227
48886 1307795716 1764166713253.842285 1764166713254 1764166713261
48887 1307829060 1764166713287.176758 1764166713287 1764166713294
48888 1307862404 1764166713320.511230 1764166713320 1764166713327
48889 1307895748 1764166713353.845703 1764166713354 1764166713361
48890 1307929092 1764166713387.180176 1764166713387 1764166713394
48891 1307962436 1764166713420.514648 1764166713420 1764166713427
48892 1307995780 1764166713453.848877 1764166713454 1764166713461
