76307 2222452923 1764167627877.296387 1764167627878 1764167627885
76308 2222486267 1764167627910.637451 1764167627911 1764167627918
76309 2222519611 1764167627943.978271 1764167627944 1764167627951
76310 2222552955 1764167627977.319336 1764167627977 1764167627984
76311 2222586299 1764167628010.660156 1764167628011 1764167628018
76312 2222619643 1764167628044.001221 1764167628044 1764167628051
76313 2222652987 1764167628077.342041 1764167628077 1764167628084
76315 2222719674 1764167628144.022949 1764167628144 1764167628151
76314 2222686331 1764167628110.682861 1764167628111 1764167628118
76316 2222753018 1764167628177.363770 1764167628177 1764167628184
76317 2222786362 1764167628210.704590 1764167628211 1764167628218
76318 2222819706 1764167628244.045410 1764167628243 1764167628251
76319 2222853050 1764167628277.386475 1764167628277 1764167628284
76320 2222886394 1764167628310.727295 1764167628311 1764167628318
76321 2222919738 1764167628344.068115 1764167628343 1764167628351
76322 2222953082 1764167628377.408936 1764167628377 1764167628384
76323 2222986426 1764167628410.749756 1764167628411 1764167628418
76324 2223019770 1764167628444.090576 1764167628443 1764167628451
76325 2223053114 1764167628477.431396 1764167628477 1764167628484
76326 2223086458 1764167628510.772217 1764167628511 1764167628518
76327 2223119802 1764167628544.113037 1764167628543 1764167628551
76328 2223153145 1764167628577.452881 1764167628577 1764167628584
76329 2223186489 1764167628610.793701 1764167628611 1764167628618
76330 2223219833 1764167628644.134521 1764167628643 1764167628651
76331 2223253177 1764167628677.475098 1764167628677 1764167628684
76332 2223286521 1764167628710.815918 1764167628711 1764167628718
76333 2223319865 1764167628744.156738 1764167628743 1764167628751
76334 2223353209 1764167628777.497559 1764167628777 1764167628784
76335 2223386553 1764167628810.838135 1764167628811 1764167628818
76336 2223419897 1764167628844.178955 1764167628843 1764167628851
76337 2223453241 1764167628877.519775 1764167628877 1764167628884
76338 2223486585 1764167628910.858887 1764167628911 1764167628918
76339 2223519929 1764167628944.197998 1764167628943 1764167628951
76340 2223553273 1764167628977.536865 1764167628977 1764167628984
76341 2223586617 1764167629010.875977 1764167629011 1764167629018
76342 2223619960 1764167629044.214111 1764167629043 1764167629051
76343 2223653304 1764167629077.552979 1764167629077 1764167629084
76344 2223686648 1764167629110.892090 1764167629111 1764167629118
76345 2223719992 1764167629144.230957 1764167629143 1764167629151
76346 2223753336 1764167629177.569824 1764167629177 1764167629184
76347 2223786680 1764167629210.908936 1764167629211 1764167629218
76348 2223820024 1764167629244.247803 1764167629243 1764167629251
76349 2223853368 1764167629277.586670 1764167629277 1764167629284
76350 2223886712 1764167629310.925537 1764167629311 1764167629318
76351 2223920056 1764167629344.264404 1764167629343 1764167629351
76352 2223953400 1764167629377.603027 1764167629377 1764167629384
76353 2223986744 1764167629410.941895 1764167629411 1764167629418
76354 2224020088 1764167629444.280762 1764167629443 1764167629452
76355 2224053431 1764167629477.618408 1764167629477 1764167629484
76356 2224086775 1764167629510.957275 1764167629511 1764167629518
76357 2224120119 1764167629544.295898 1764167629544 1764167629551
76358 2224153463 1764167629577.634766 1764167629577 1764167629584
76359 2224186807 1764167629610.973389 1764167629611 1764167629618
76360 2224220151 1764167629644.312012 1764167629644 1764167629651
76361 2224253495 1764167629677.650635 1764167629677 1764167629684
76362 2224286839 1764167629710.989258 1764167629711 1764167629718
76363 2224320183 1764167629744.327881 1764167629744 1764167629751
76364 2224353527 1764167629777.666504 1764167629777 1764167629784
76365 2224386871 1764167629811.005127 1764167629811 1764167629818
76366 2224420215 1764167629844.343506 1764167629844 1764167629851
76367 2224453559 1764167629877.682129 1764167629878 1764167629885
76368 2224486902 1764167629911.021240 1764167629911 1764167629918
76369 2224520246 1764167629944.361328 1764167629944 1764167629951
76370 2224553590 1764167629977.701416 1764167629977 1764167629984
76371 2224586934 1764167630011.041504 1764167630011 1764167630018
76372 2224620278 1764167630044.381592 1764167630044 1764167630051
76373 2224653622 1764167630077.721436 1764167630077 1764167630084
76374 2224686966 1764167630111.061523 1764167630111 1764167630118
76375 2224720310 1764167630144.401611 1764167630144 1764167630151
76376 2224753654 1764167630177.741699 1764167630177 1764167630184
76377 2224786998 1764167630211.081787 1764167630211 1764167630218
76378 2224820342 1764167630244.421875 1764167630244 1764167630251
76379 2224853686 1764167630277.761719 1764167630277 1764167630284
76380 2224887030 1764167630311.101807 1764167630311 1764167630318
76381 2224920374 1764167630344.441895 1764167630344 1764167630351
76382 2224953717 1764167630377.780762 1764167630377 1764167630384
76383 2224987061 1764167630411.120850 1764167630411 1764167630418
76384 2225020405 1764167630444.460938 1764167630444 1764167630451
76385 2225053749 1764167630477.800781 1764167630478 1764167630485
76386 2225087093 1764167630511.140869 1764167630511 1764167630518
76387 2225120437 1764167630544.480713 1764167630544 1764167630551
76388 2225153781 1764167630577.820801 1764167630578 1764167630585
76389 2225187125 1764167630611.160645 1764167630611 1764167630618
76390 2225220469 1764167630644.500732 1764167630644 1764167630651
76391 2225253813 1764167630677.840576 1764167630678 1764167630685
76392 2225287157 1764167630711.180664 1764167630711 1764167630718
76393 2225320501 1764167630744.520508 1764167630744 1764167630751
76394 2225353845 1764167630777.860596 1764167630778 1764167630785
76395 2225387188 1764167630811.199463 1764167630811 1764167630818
76396 2225420532 1764167630844.539307 1764167630844 1764167630851
76397 2225453876 1764167630877.879150 1764167630878 1764167630885
76398 2225487220 1764167630911.217773 1764167630911 1764167630918
76399 2225520564 1764167630944.556152 1764167630944 1764167630951
76400 2225553908 1764167630977.894531 1764167630978 1764167630985
76401 2225587252 1764167631011.232910 1764167631010 1764167631018
76402 2225620596 1764167631044.571289 1764167631044 1764167631051
76403 2225653940 1764167631077.909668 1764167631078 1764167631085
76404 2225687284 1764167631111.247803 1764167631110 1764167631118
76405 2225720628 1764167631144.586182 1764167631144 1764167631151
76406 2225753972 1764167631177.924561 1764167631178 1764167631185
76407 2225787316 1764167631211.262695 1764167631210 1764167631218
76408 2225820659 1764167631244.599854 1764167631244 1764167631251
76409 2225854003 1764167631277.938232 1764167631278 1764167631285
76410 2225887347 1764167631311.276367 1764167631310 1764167631318
76411 2225920691 1764167631344.614502 1764167631344 1764167631351
76412 2225954035 1764167631377.952637 1764167631378 1764167631385
76413 2225987379 1764167631411.290771 1764167631410 1764167631418
76414 2226020723 1764167631444.628906 1764167631444 1764167631451
76415 2226054067 1764167631477.966797 1764167631478 1764167631485
76416 2226087411 1764167631511.304932 1764167631510 1764167631518
76417 2226120755 1764167631544.643066 1764167631544 1764167631551
76418 2226154099 1764167631577.980957 1764167631578 1764167631585
76419 2226187443 1764167631611.319092 1764167631610 1764167631618
76420 2226220787 1764167631644.656982 1764167631644 1764167631651
76421 2226254131 1764167631677.994873 1764167631678 1764167631685
76422 2226287474 1764167631711.331787 1764167631710 1764167631718
76423 2226320818 1764167631744.669678 1764167631744 1764167631751
76424 2226354162 1764167631778.007568 1764167631778 1764167631785
76425 2226387506 1764167631811.345459 1764167631810 1764167631818
76426 2226420850 1764167631844.683350 1764167631844 1764167631851
76427 2226454194 1764167631878.020996 1764167631878 1764167631885
76428 2226487538 1764167631911.357910 1764167631910 1764167631918
76429 2226520882 1764167631944.694580 1764167631944 1764167631951
76430 2226554226 1764167631978.031250 1764167631978 1764167631985
76431 2226587570 1764167632011.367920 1764167632010 1764167632018
76432 2226620914 1764167632044.704590 1764167632044 1764167632051
76433 2226654258 1764167632078.041260 1764167632078 1764167632085
76434 2226687602 1764167632111.377686 1764167632110 1764167632118
76435 2226720945 1764167632144.713379 1764167632144 1764167632151
76436 2226754289 1764167632178.049805 1764167632178 1764167632185
76437 2226787633 1764167632211.386230 1764167632210 1764167632218
76438 2226820977 1764167632244.722656 1764167632244 1764167632251
76439 2226854321 1764167632278.059082 1764167632278 1764167632285
76440 2226887665 1764167632311.395508 1764167632310 1764167632318
76441 2226921009 1764167632344.731934 1764167632344 1764167632351
76442 2226954353 1764167632378.068115 1764167632378 1764167632385
76443 2226987697 1764167632411.404541 1764167632411 1764167632418
76444 2227021041 1764167632444.740723 1764167632444 1764167632451
76445 2227054385 1764167632478.076904 1764167632478 1764167632485
76446 2227087729 1764167632511.413086 1764167632511 1764167632518
76447 2227121073 1764167632544.749268 1764167632544 1764167632551
76448 2227154416 1764167632578.084473 1764167632578 1764167632585
76449 2227187760 1764167632611.420410 1764167632611 1764167632618
76450 2227221104 1764167632644.756592 1764167632644 1764167632651
76451 2227254448 1764167632678.092529 1764167632678 1764167632685
76452 2227287792 1764167632711.428467 1764167632711 1764167632718
76453 2227321136 1764167632744.764404 1764167632744 1764167632751
76454 2227354480 1764167632778.100342 1764167632778 1764167632785
76455 2227387824 1764167632811.436279 1764167632811 1764167632818
76456 2227421168 1764167632844.772217 1764167632844 1764167632851
76457 2227454512 1764167632878.108154 1764167632878 1764167632885
76458 2227487856 1764167632911.444824 1764167632911 1764167632918
76459 2227521200 1764167632944.781494 1764167632944 1764167632951
76460 2227554544 1764167632978.118164 1764167632978 1764167632985
76461 2227587888 1764167633011.454834 1764167633011 1764167633018
76462 2227621231 1764167633044.790527 1764167633044 1764167633051
76463 2227654575 1764167633078.127197 1764167633078 1764167633085
76464 2227687919 1764167633111.463623 1764167633111 1764167633118
76465 2227721263 1764167633144.800293 1764167633144 1764167633151
76466 2227754607 1764167633178.136719 1764167633178 1764167633185
76467 2227787951 1764167633211.473145 1764167633211 1764167633218
76468 2227821295 1764167633244.809814 1764167633244 1764167633252
76469 2227854639 1764167633278.146240 1764167633278 1764167633285
76470 2227887983 1764167633311.482422 1764167633311 1764167633318
76471 2227921327 1764167633344.818848 1764167633345 1764167633352
76472 2227954671 1764167633378.155273 1764167633378 1764167633385
76473 2227988015 1764167633411.491455 1764167633411 1764167633418
76474 2228021359 1764167633444.827881 1764167633445 1764167633452
76475 2228054702 1764167633478.163086 1764167633478 1764167633485
76476 2228088046 1764167633511.499268 1764167633511 1764167633518
76477 2228121390 1764167633544.835449 1764167633545 1764167633552
76478 2228154734 1764167633578.171631 1764167633578 1764167633585
76479 2228188078 1764167633611.507812 1764167633611 1764167633618
76480 2228221422 1764167633644.843994 1764167633645 1764167633652
76481 2228254766 1764167633678.179932 1764167633677 1764167633685
76482 2228288110 1764167633711.516113 1764167633711 1764167633718
76483 2228321454 1764167633744.852051 1764167633745 1764167633752
76484 2228354798 1764167633778.187988 1764167633777 1764167633785
76485 2228388142 1764167633811.524170 1764167633811 1764167633818
76486 2228421486 1764167633844.859863 1764167633845 1764167633852
76487 2228454830 1764167633878.196045 1764167633877 1764167633885
76488 2228488173 1764167633911.531738 1764167633911 1764167633918
76489 2228521517 1764167633944.868652 1764167633945 1764167633952
76490 2228554861 1764167633978.205322 1764167633977 1764167633985
76491 2228588205 1764167634011.542236 1764167634011 1764167634018
76492 2228621549 1764167634044.878906 1764167634045 1764167634052
76493 2228654893 1764167634078.215576 1764167634077 1764167634085
76494 2228688237 1764167634111.552246 1764167634111 1764167634118
76495 2228721581 1764167634144.888916 1764167634145 1764167634152
76496 2228754925 1764167634178.225586 1764167634177 1764167634185
76497 2228788269 1764167634211.562256 1764167634211 1764167634218
76498 2228821613 1764167634244.898926 1764167634245 1764167634252
76499 2228854957 1764167634278.235352 1764167634277 1764167634285
76500 2228888301 1764167634311.572021 1764167634311 1764167634318
76501 2228921645 1764167634344.908447 1764167634345 1764167634352
76502 2228954988 1764167634378.243896 1764167634377 1764167634385
76503 2228988332 1764167634411.580322 1764167634411 1764167634418
76504 2229021676 1764167634444.916748 1764167634444 1764167634453
76505 2229055020 1764167634478.253174 1764167634477 1764167634485
76506 2229088364 1764167634511.589600 1764167634511 1764167634518
76507 2229121708 1764167634544.926025 1764167634545 1764167634552
76508 2229155052 1764167634578.262207 1764167634577 1764167634585
76509 2229188396 1764167634611.598633 1764167634611 1764167634618
76510 2229221740 1764167634644.934814 1764167634645 1764167634652
76511 2229255084 1764167634678.271240 1764167634677 1764167634685
76512 2229288428 1764167634711.607422 1764167634711 1764167634718
76513 2229321772 1764167634744.943604 1764167634745 1764167634752
76514 2229355116 1764167634778.279785 1764167634778 1764167634785
76515 2229388459 1764167634811.614990 1764167634811 1764167634818
76516 2229421803 1764167634844.951172 1764167634844 1764167634853
76517 2229455147 1764167634878.287109 1764167634877 1764167634885
76518 2229488491 1764167634911.623291 1764167634911 1764167634918
76519 2229521835 1764167634944.959229 1764167634945 1764167634952
76520 2229555179 1764167634978.295166 1764167634977 1764167634985
76521 2229588523 1764167635011.631104 1764167635011 1764167635018
76522 2229621867 1764167635044.967041 1764167635045 1764167635052
76523 2229655211 1764167635078.302734 1764167635078 1764167635085
76524 2229688555 1764167635111.638672 1764167635111 1764167635119
76525 2229721899 1764167635144.974365 1764167635145 1764167635155
76526 2229755243 1764167635178.310059 1764167635178 1764167635185
76527 2229788587 1764167635211.645752 1764167635211 1764167635218
76528 2229821930 1764167635244.980469 1764167635245 1764167635252
76529 2229855274 1764167635278.316162 1764167635278 1764167635285
76530 2229888618 1764167635311.651855 1764167635311 1764167635318
76531 2229921962 1764167635344.987305 1764167635345 1764167635352
76532 2229955306 1764167635378.322998 1764167635378 1764167635385
76533 2229988650 1764167635411.658447 1764167635411 1764167635418
76534 2230021994 1764167635444.993896 1764167635445 1764167635452
76535 2230055338 1764167635478.329346 1764167635478 1764167635485
76536 2230088682 1764167635511.664795 1764167635511 1764167635518
76537 2230122026 1764167635545.000244 1764167635544 1764167635552
76538 2230155370 1764167635578.335693 1764167635578 1764167635585
76539 2230188714 1764167635611.670898 1764167635611 1764167635618
76540 2230222058 1764167635645.006348 1764167635645 1764167635652
76541 2230255402 1764167635678.341553 1764167635678 1764167635685
76542 2230288745 1764167635711.675781 1764167635711 1764167635718
76543 2230322089 1764167635745.010986 1764167635744 1764167635753
76544 2230355433 1764167635778.346191 1764167635778 1764167635785
76545 2230388777 1764167635811.681396 1764167635811 1764167635818
76546 2230422121 1764167635845.016602 1764167635845 1764167635852
76547 2230455465 1764167635878.351562 1764167635878 1764167635885
76548 2230488809 1764167635911.687744 1764167635912 1764167635919
76549 2230522153 1764167635945.023682 1764167635945 1764167635952
76550 2230555497 1764167635978.359619 1764167635978 1764167635985
76551 2230588841 1764167636011.695557 1764167636012 1764167636019
76552 2230622185 1764167636045.031250 1764167636045 1764167636052
76553 2230655529 1764167636078.367188 1764167636078 1764167636085
76554 2230688873 1764167636111.702881 1764167636112 1764167636119
76555 2230722216 1764167636145.037842 1764167636144 1764167636152
76556 2230755560 1764167636178.373535 1764167636178 1764167636185
76557 2230788904 1764167636211.709229 1764167636212 1764167636219
76558 2230822248 1764167636245.044922 1764167636245 1764167636252
76559 2230855592 1764167636278.380615 1764167636278 1764167636285
76560 2230888936 1764167636311.716309 1764167636312 1764167636319
76561 2230922280 1764167636345.052002 1764167636345 1764167636352
76562 2230955624 1764167636378.387451 1764167636378 1764167636385
76563 2230988968 1764167636411.723145 1764167636412 1764167636419
76564 2231022312 1764167636445.058594 1764167636444 1764167636452
76565 2231055656 1764167636478.394043 1764167636478 1764167636486
76566 2231089000 1764167636511.729492 1764167636512 1764167636519
76567 2231122344 1764167636545.064941 1764167636544 1764167636552
76568 2231155687 1764167636578.399414 1764167636578 1764167636585
76569 2231189031 1764167636611.734863 1764167636612 1764167636619
76570 2231222375 1764167636645.070068 1764167636644 1764167636652
76571 2231255719 1764167636678.405518 1764167636678 1764167636685
76572 2231289063 1764167636711.740723 1764167636712 1764167636719
76573 2231322407 1764167636745.075928 1764167636744 1764167636752
76574 2231355751 1764167636778.411377 1764167636778 1764167636785
76575 2231389095 1764167636811.746582 1764167636812 1764167636819
76576 2231422439 1764167636845.081543 1764167636844 1764167636852
76577 2231455783 1764167636878.416748 1764167636878 1764167636885
76578 2231489127 1764167636911.752686 1764167636912 1764167636919
76579 2231522471 1764167636945.088379 1764167636944 1764167636952
76580 2231555815 1764167636978.423828 1764167636978 1764167636985
76581 2231589159 1764167637011.759521 1764167637012 1764167637019
76582 2231622502 1764167637045.094238 1764167637044 1764167637052
76583 2231655846 1764167637078.429688 1764167637078 1764167637085
76584 2231689190 1764167637111.765381 1764167637112 1764167637119
76585 2231722534 1764167637145.100830 1764167637144 1764167637152
76586 2231755878 1764167637178.436523 1764167637178 1764167637185
76587 2231789222 1764167637211.771973 1764167637212 1764167637219
76588 2231822566 1764167637245.107422 1764167637244 1764167637252
76589 2231855910 1764167637278.442627 1764167637278 1764167637285
76590 2231889254 1764167637311.778076 1764167637312 1764167637319
76591 2231922598 1764167637345.113525 1764167637344 1764167637352
76592 2231955942 1764167637378.448730 1764167637378 1764167637385
76593 2231989286 1764167637411.784180 1764167637412 1764167637419
76594 2232022630 1764167637445.119385 1764167637444 1764167637452
76595 2232055973 1764167637478.453613 1764167637478 1764167637485
76596 2232089317 1764167637511.788818 1764167637512 1764167637519
76597 2232122661 1764167637545.124023 1764167637544 1764167637552
76598 2232156005 1764167637578.459229 1764167637578 1764167637585
76599 2232189349 1764167637611.794434 1764167637612 1764167637619
76600 2232222693 1764167637645.129395 1764167637644 1764167637652
76601 2232256037 1764167637678.464600 1764167637678 1764167637685
76602 2232289381 1764167637711.799561 1764167637712 1764167637719
76603 2232322725 1764167637745.134521 1764167637744 1764167637752
76604 2232356069 1764167637778.469727 1764167637778 1764167637785
76605 2232389413 1764167637811.804688 1764167637812 1764167637819
76606 2232422757 1764167637845.139404 1764167637845 1764167637852
76607 2232456101 1764167637878.474365 1764167637878 1764167637885
76608 2232489444 1764167637911.809326 1764167637912 1764167637919
76609 2232522788 1764167637945.145020 1764167637945 1764167637952
76610 2232556132 1764167637978.480713 1764167637978 1764167637985
76611 2232589476 1764167638011.816650 1764167638012 1764167638019
76612 2232622820 1764167638045.152344 1764167638045 1764167638052
76613 2232656164 1764167638078.488037 1764167638078 1764167638085
76614 2232689508 1764167638111.823730 1764167638112 1764167638119
76615 2232722852 1764167638145.159180 1764167638145 1764167638152
76616 2232756196 1764167638178.494873 1764167638178 1764167638185
76617 2232789540 1764167638211.830566 1764167638212 1764167638219
76618 2232822884 1764167638245.166016 1764167638245 1764167638252
76619 2232856228 1764167638278.501465 1764167638278 1764167638285
76620 2232889572 1764167638311.837158 1764167638312 1764167638319
76621 2232922916 1764167638345.172607 1764167638345 1764167638352
76622 2232956259 1764167638378.507080 1764167638378 1764167638385
76623 2232989603 1764167638411.842529 1764167638412 1764167638419
76624 2233022947 1764167638445.177734 1764167638445 1764167638452
76625 2233056291 1764167638478.513184 1764167638479 1764167638486
76626 2233089635 1764167638511.848633 1764167638512 1764167638519
76627 2233122979 1764167638545.183838 1764167638545 1764167638552
76628 2233156323 1764167638578.519287 1764167638578 1764167638585
76629 2233189667 1764167638611.854492 1764167638612 1764167638619
76630 2233223011 1764167638645.189697 1764167638645 1764167638652
76631 2233256355 1764167638678.524902 1764167638678 1764167638685
76632 2233289699 1764167638711.860352 1764167638711 1764167638719
76633 2233323043 1764167638745.195312 1764167638745 1764167638752
76634 2233356387 1764167638778.530518 1764167638779 1764167638786
76635 2233389730 1764167638811.864746 1764167638812 1764167638819
76636 2233423074 1764167638845.199707 1764167638845 1764167638852
76637 2233456418 1764167638878.534912 1764167638878 1764167638885
76638 2233489762 1764167638911.870850 1764167638912 1764167638919
76639 2233523106 1764167638945.206787 1764167638945 1764167638952
76640 2233556450 1764167638978.542725 1764167638978 1764167638986
76641 2233589794 1764167639011.878662 1764167639012 1764167639019
76642 2233623138 1764167639045.214600 1764167639045 1764167639052
76643 2233656482 1764167639078.550537 1764167639079 1764167639086
76644 2233689826 1764167639111.886475 1764167639112 1764167639119
76645 2233723170 1764167639145.222168 1764167639145 1764167639152
76646 2233756514 1764167639178.558105 1764167639179 1764167639186
76647 2233789858 1764167639211.893799 1764167639211 1764167639219
76648 2233823201 1764167639245.228516 1764167639245 1764167639252
76649 2233856545 1764167639278.564453 1764167639279 1764167639286
76650 2233889889 1764167639311.900146 1764167639311 1764167639319
76651 2233923233 1764167639345.235840 1764167639345 1764167639352
76652 2233956577 1764167639378.571533 1764167639379 1764167639386
76653 2233989921 1764167639411.907227 1764167639411 1764167639419
76654 2234023265 1764167639445.242920 1764167639445 1764167639452
76655 2234056609 1764167639478.578369 1764167639479 1764167639486
76656 2234089953 1764167639511.914062 1764167639511 1764167639519
76657 2234123297 1764167639545.249512 1764167639545 1764167639552
76658 2234156641 1764167639578.585205 1764167639579 1764167639586
76659 2234189985 1764167639611.920654 1764167639611 1764167639619
76660 2234223329 1764167639645.256104 1764167639645 1764167639652
76661 2234256673 1764167639678.591553 1764167639679 1764167639686
76662 2234290016 1764167639711.926025 1764167639711 1764167639719
76663 2234323360 1764167639745.261475 1764167639745 1764167639752
76664 2234356704 1764167639778.596924 1764167639779 1764167639786
76665 2234390048 1764167639811.932373 1764167639811 1764167639819
76666 2234423392 1764167639845.267822 1764167639845 1764167639852
76667 2234456736 1764167639878.603027 1764167639879 1764167639886
76668 2234490080 1764167639911.939453 1764167639911 1764167639919
76669 2234523424 1764167639945.275635 1764167639945 1764167639952
76670 2234556768 1764167639978.611816 1764167639978 1764167639986
76671 2234590112 1764167640011.947998 1764167640011 1764167640019
76672 2234623456 1764167640045.283936 1764167640045 1764167640052
76673 2234656800 1764167640078.620117 1764167640079 1764167640086
76674 2234690144 1764167640111.956299 1764167640111 1764167640119
76675 2234723487 1764167640145.291504 1764167640146 1764167640153
76676 2234756831 1764167640178.627441 1764167640179 1764167640186
76677 2234790175 1764167640211.963623 1764167640211 1764167640219
76678 2234823519 1764167640245.299561 1764167640245 1764167640252
76679 2234856863 1764167640278.635742 1764167640279 1764167640286
76680 2234890207 1764167640311.971680 1764167640311 1764167640319
76681 2234923551 1764167640345.307617 1764167640345 1764167640352
76682 2234956895 1764167640378.643555 1764167640379 1764167640386
76683 2234990239 1764167640411.979736 1764167640411 1764167640419
76684 2235023583 1764167640445.315674 1764167640445 1764167640452
76685 2235056927 1764167640478.651611 1764167640479 1764167640486
76686 2235090271 1764167640511.987549 1764167640511 1764167640519
76687 2235123615 1764167640545.323242 1764167640545 1764167640552
76688 2235156958 1764167640578.658203 1764167640579 1764167640586
76689 2235190302 1764167640611.994141 1764167640612 1764167640619
76690 2235223646 1764167640645.330078 1764167640645 1764167640652
76691 2235256990 1764167640678.665771 1764167640678 1764167640686
76692 2235290334 1764167640712.001709 1764167640712 1764167640719
76693 2235323678 1764167640745.337402 1764167640746 1764167640753
76694 2235357022 1764167640778.673340 1764167640779 1764167640786
76695 2235390366 1764167640812.009033 1764167640812 1764167640819
76696 2235423710 1764167640845.344727 1764167640845 1764167640852
76697 2235457054 1764167640878.680664 1764167640879 1764167640886
76698 2235490398 1764167640912.017334 1764167640912 1764167640919
76699 2235523742 1764167640945.354004 1764167640945 1764167640952
76700 2235557086 1764167640978.690674 1764167640979 1764167640986
76701 2235590430 1764167641012.027344 1764167641012 1764167641019
76702 2235623773 1764167641045.363037 1764167641046 1764167641053
76703 2235657117 1764167641078.699707 1764167641078 1764167641086
76704 2235690461 1764167641112.036133 1764167641112 1764167641119
76705 2235723805 1764167641145.372803 1764167641146 1764167641153
76706 2235757149 1764167641178.709473 1764167641179 1764167641186
76707 2235790493 1764167641212.046143 1764167641212 1764167641219
76708 2235823837 1764167641245.382812 1764167641245 1764167641252
76709 2235857181 1764167641278.719238 1764167641279 1764167641286
76710 2235890525 1764167641312.055908 1764167641312 1764167641319
76711 2235923869 1764167641345.392578 1764167641345 1764167641352
76712 2235957213 1764167641378.729004 1764167641379 1764167641386
76713 2235990557 1764167641412.065674 1764167641412 1764167641419
76714 2236023901 1764167641445.402100 1764167641445 1764167641452
76715 2236057244 1764167641478.737549 1764167641479 1764167641486
76716 2236090588 1764167641512.074219 1764167641512 1764167641519
76717 2236123932 1764167641545.410645 1764167641545 1764167641552
76718 2236157276 1764167641578.747314 1764167641579 1764167641586
76719 2236190620 1764167641612.083740 1764167641612 1764167641619
76720 2236223964 1764167641645.420166 1764167641645 1764167641652
76721 2236257308 1764167641678.756592 1764167641678 1764167641686
76722 2236290652 1764167641712.093262 1764167641712 1764167641719
76723 2236323996 1764167641745.429688 1764167641746 1764167641753
76724 2236357340 1764167641778.766113 1764167641779 1764167641786
76725 2236390684 1764167641812.102539 1764167641812 1764167641819
76726 2236424028 1764167641845.438965 1764167641846 1764167641853
76727 2236457372 1764167641878.775391 1764167641879 1764167641886
76728 2236490715 1764167641912.111084 1764167641912 1764167641919
76729 2236524059 1764167641945.447754 1764167641945 1764167641952
76730 2236557403 1764167641978.784424 1764167641979 1764167641986
76731 2236590747 1764167642012.121094 1764167642012 1764167642019
76732 2236624091 1764167642045.457764 1764167642046 1764167642053
76733 2236657435 1764167642078.794434 1764167642079 1764167642086
76734 2236690779 1764167642112.131104 1764167642112 1764167642119
76735 2236724123 1764167642145.467773 1764167642146 1764167642153
76736 2236757467 1764167642178.804443 1764167642179 1764167642186
76737 2236790811 1764167642212.141113 1764167642212 1764167642219
76738 2236824155 1764167642245.477783 1764167642246 1764167642253
76739 2236857499 1764167642278.814209 1764167642279 1764167642286
76740 2236890843 1764167642312.150879 1764167642312 1764167642319
76741 2236924187 1764167642345.487549 1764167642346 1764167642353
76742 2236957530 1764167642378.823242 1764167642378 1764167642386
76743 2236990874 1764167642412.159668 1764167642412 1764167642419
76744 2237024218 1764167642445.496338 1764167642446 1764167642453
76745 2237057562 1764167642478.833008 1764167642478 1764167642486
76746 2237090906 1764167642512.169434 1764167642512 1764167642519
76747 2237124250 1764167642545.506104 1764167642546 1764167642553
76748 2237157594 1764167642578.842773 1764167642578 1764167642586
76749 2237190938 1764167642612.179199 1764167642612 1764167642619
76750 2237224282 1764167642645.515869 1764167642646 1764167642653
76751 2237257626 1764167642678.852295 1764167642678 1764167642686
76752 2237290970 1764167642712.188965 1764167642712 1764167642719
76753 2237324314 1764167642745.525391 1764167642746 1764167642753
76754 2237357658 1764167642778.862061 1764167642778 1764167642786
76755 2237391001 1764167642812.197510 1764167642812 1764167642819
76756 2237424345 1764167642845.533936 1764167642846 1764167642853
76757 2237457689 1764167642878.870605 1764167642878 1764167642886
76758 2237491033 1764167642912.207031 1764167642912 1764167642919
76759 2237524377 1764167642945.543701 1764167642946 1764167642953
76760 2237557721 1764167642978.880127 1764167642978 1764167642986
76761 2237591065 1764167643012.216797 1764167643012 1764167643019
76762 2237624409 1764167643045.553223 1764167643046 1764167643053
76763 2237657753 1764167643078.889893 1764167643078 1764167643086
76764 2237691097 1764167643112.226318 1764167643112 1764167643119
76765 2237724441 1764167643145.562988 1764167643146 1764167643153
76766 2237757785 1764167643178.899414 1764167643178 1764167643186
76767 2237791129 1764167643212.235840 1764167643212 1764167643219
76768 2237824472 1764167643245.571289 1764167643246 1764167643253
76769 2237857816 1764167643278.907959 1764167643278 1764167643286
76770 2237891160 1764167643312.244385 1764167643312 1764167643319
76771 2237924504 1764167643345.580811 1764167643346 1764167643353
76772 2237957848 1764167643378.917480 1764167643378 1764167643386
76773 2237991192 1764167643412.253906 1764167643412 1764167643419
76774 2238024536 1764167643445.590332 1764167643446 1764167643453
76775 2238057880 1764167643478.926758 1764167643478 1764167643486
76776 2238091224 1764167643512.263184 1764167643512 1764167643519
76777 2238124568 1764167643545.599609 1764167643546 1764167643553
76778 2238157912 1764167643578.936035 1764167643578 1764167643586
76779 2238191256 1764167643612.272461 1764167643612 1764167643622
76780 2238224600 1764167643645.608887 1764167643646 1764167643653
76781 2238257944 1764167643678.945312 1764167643678 1764167643686
76782 2238291287 1764167643712.280762 1764167643712 1764167643719
76783 2238324631 1764167643745.617188 1764167643746 1764167643753
76784 2238357975 1764167643778.953613 1764167643778 1764167643786
76785 2238391319 1764167643812.290039 1764167643812 1764167643819
76786 2238424663 1764167643845.626465 1764167643845 1764167643854
76787 2238458007 1764167643878.962891 1764167643878 1764167643886
76788 2238491351 1764167643912.299805 1764167643913 1764167643920
76789 2238524695 1764167643945.636475 1764167643946 1764167643953
76790 2238558039 1764167643978.973389 1764167643978 1764167643986
76791 2238591383 1764167644012.310303 1764167644012 1764167644019
76792 2238624727 1764167644045.647217 1764167644046 1764167644053
76793 2238658071 1764167644078.984131 1764167644078 1764167644086
76794 2238691415 1764167644112.321045 1764167644112 1764167644119
76795 2238724758 1764167644145.656738 1764167644146 1764167644153
76796 2238758102 1764167644178.993652 1764167644178 1764167644186
76797 2238791446 1764167644212.330566 1764167644212 1764167644219
76798 2238824790 1764167644245.667480 1764167644246 1764167644253
76799 2238858134 1764167644279.004395 1764167644278 1764167644286
76800 2238891478 1764167644312.341309 1764167644312 1764167644319
76801 2238924822 1764167644345.677979 1764167644346 1764167644353
76802 2238958166 1764167644379.014893 1764167644378 1764167644386
76803 2238991510 1764167644412.351807 1764167644412 1764167644419
76804 2239024854 1764167644445.688721 1764167644446 1764167644453
76805 2239058198 1764167644479.025635 1764167644478 1764167644486
76806 2239091542 1764167644512.362549 1764167644512 1764167644519
76807 2239124886 1764167644545.699219 1764167644546 1764167644553
76808 2239158229 1764167644579.035156 1764167644578 1764167644586
76809 2239191573 1764167644612.372070 1764167644612 1764167644619
76810 2239224917 1764167644645.708984 1764167644646 1764167644653
76811 2239258261 1764167644679.045898 1764167644678 1764167644686
76812 2239291605 1764167644712.382568 1764167644712 1764167644719
76813 2239324949 1764167644745.719482 1764167644746 1764167644753
76814 2239358293 1764167644779.056396 1764167644779 1764167644786
76815 2239391637 1764167644812.393311 1764167644812 1764167644819
76816 2239424981 1764167644845.730225 1764167644846 1764167644853
76817 2239458325 1764167644879.066895 1764167644879 1764167644886
76818 2239491669 1764167644912.403076 1764167644912 1764167644919
76819 2239525013 1764167644945.739258 1764167644946 1764167644953
76820 2239558357 1764167644979.075439 1764167644979 1764167644986
76821 2239591701 1764167645012.411621 1764167645012 1764167645019
76822 2239625044 1764167645045.746826 1764167645046 1764167645053
76823 2239658388 1764167645079.083008 1764167645079 1764167645086
76824 2239691732 1764167645112.418945 1764167645112 1764167645119
76825 2239725076 1764167645145.755127 1764167645146 1764167645153
76826 2239758420 1764167645179.091309 1764167645179 1764167645186
76827 2239791764 1764167645212.427490 1764167645213 1764167645220
76828 2239825108 1764167645245.763428 1764167645246 1764167645253
76829 2239858452 1764167645279.099609 1764167645279 1764167645286
76830 2239891796 1764167645312.435547 1764167645313 1764167645321
76831 2239925140 1764167645345.771729 1764167645346 1764167645353
76832 2239958484 1764167645379.107666 1764167645379 1764167645386
76833 2239991828 1764167645412.443848 1764167645412 1764167645419
76834 2240025172 1764167645445.779785 1764167645446 1764167645453
76835 2240058515 1764167645479.114990 1764167645479 1764167645486
76836 2240091859 1764167645512.450928 1764167645512 1764167645519
76837 2240125203 1764167645545.787109 1764167645546 1764167645553
76838 2240158547 1764167645579.123047 1764167645579 1764167645586
76839 2240191891 1764167645612.458984 1764167645613 1764167645620
76840 2240225235 1764167645645.794922 1764167645646 1764167645653
76841 2240258579 1764167645679.131104 1764167645679 1764167645686
76842 2240291923 1764167645712.467041 1764167645712 1764167645719
76843 2240325267 1764167645745.802979 1764167645746 1764167645753
76844 2240358611 1764167645779.138916 1764167645779 1764167645786
76845 2240391955 1764167645812.474854 1764167645812 1764167645820
76846 2240425299 1764167645845.810791 1764167645846 1764167645853
76847 2240458643 1764167645879.146729 1764167645879 1764167645886
76848 2240491986 1764167645912.482178 1764167645912 1764167645919
76849 2240525330 1764167645945.818604 1764167645946 1764167645953
76850 2240558674 1764167645979.155029 1764167645979 1764167645986
76851 2240592018 1764167646012.491211 1764167646013 1764167646020
76852 2240625362 1764167646045.827637 1764167646046 1764167646053
76853 2240658706 1764167646079.164062 1764167646079 1764167646086
76854 2240692050 1764167646112.500244 1764167646113 1764167646120
76855 2240725394 1764167646145.836670 1764167646146 1764167646153
76856 2240758738 1764167646179.173096 1764167646179 1764167646186
76857 2240792082 1764167646212.509277 1764167646213 1764167646220
76858 2240825426 1764167646245.845703 1764167646246 1764167646253
76859 2240858770 1764167646279.182129 1764167646279 1764167646286
76860 2240892114 1764167646312.518311 1764167646313 1764167646320
76861 2240925458 1764167646345.854736 1764167646346 1764167646353
76862 2240958801 1764167646379.189941 1764167646379 1764167646386
76863 2240992145 1764167646412.526367 1764167646413 1764167646420
76864 2241025489 1764167646445.862549 1764167646446 1764167646453
76865 2241058833 1764167646479.198975 1764167646479 1764167646486
76866 2241092177 1764167646512.535156 1764167646513 1764167646520
76867 2241125521 1764167646545.871582 1764167646546 1764167646553
76868 2241158865 1764167646579.207764 1764167646579 1764167646586
76869 2241192209 1764167646612.544189 1764167646613 1764167646620
76870 2241225553 1764167646645.880371 1764167646645 1764167646653
76871 2241258897 1764167646679.216797 1764167646679 1764167646686
76872 2241292241 1764167646712.552979 1764167646713 1764167646720
76873 2241325585 1764167646745.889404 1764167646745 1764167646753
76874 2241358929 1764167646779.225586 1764167646779 1764167646786
76875 2241392272 1764167646812.560791 1764167646813 1764167646820
76876 2241425616 1764167646845.897217 1764167646845 1764167646853
76877 2241458960 1764167646879.233398 1764167646879 1764167646886
76878 2241492304 1764167646912.569580 1764167646913 1764167646920
76879 2241525648 1764167646945.905762 1764167646945 1764167646953
76880 2241558992 1764167646979.242188 1764167646979 1764167646986
76881 2241592336 1764167647012.578369 1764167647013 1764167647020
76882 2241625680 1764167647045.914551 1764167647045 1764167647053
76883 2241659024 1764167647079.250732 1764167647079 1764167647086
76884 2241692368 1764167647112.586914 1764167647113 1764167647120
76885 2241725712 1764167647145.923096 1764167647145 1764167647153
76886 2241759056 1764167647179.259277 1764167647179 1764167647186
76887 2241792400 1764167647212.595459 1764167647213 1764167647220
76888 2241825743 1764167647245.930664 1764167647245 1764167647253
76889 2241859087 1764167647279.266846 1764167647279 1764167647286
76890 2241892431 1764167647312.603027 1764167647313 1764167647320
76891 2241925775 1764167647345.939209 1764167647345 1764167647353
76892 2241959119 1764167647379.275391 1764167647379 1764167647386
76893 2241992463 1764167647412.611572 1764167647413 1764167647420
76894 2242025807 1764167647445.947754 1764167647445 1764167647453
76895 2242059151 1764167647479.283936 1764167647479 1764167647486
76896 2242092495 1764167647512.620117 1764167647513 1764167647520
76897 2242125839 1764167647545.956299 1764167647545 1764167647553
76898 2242159183 1764167647579.292480 1764167647579 1764167647586
76899 2242192527 1764167647612.628662 1764167647613 1764167647620
76900 2242225871 1764167647645.964844 1764167647645 1764167647653
76901 2242259215 1764167647679.301025 1764167647679 1764167647686
76902 2242292558 1764167647712.635986 1764167647713 1764167647720
76903 2242325902 1764167647745.972168 1764167647745 1764167647753
76904 2242359246 1764167647779.308350 1764167647779 1764167647786
76905 2242392590 1764167647812.644531 1764167647813 1764167647820
76906 2242425934 1764167647845.980469 1764167647845 1764167647853
76907 2242459278 1764167647879.316650 1764167647879 1764167647886
76908 2242492622 1764167647912.652344 1764167647913 1764167647920
76909 2242525966 1764167647945.988281 1764167647945 1764167647953
76910 2242559310 1764167647979.323975 1764167647979 1764167647986
76911 2242592654 1764167648012.659668 1764167648013 1764167648020
76912 2242625998 1764167648045.995361 1764167648045 1764167648053
76913 2242659342 1764167648079.331055 1764167648079 1764167648086
76914 2242692686 1764167648112.666748 1764167648113 1764167648120
76915 2242726029 1764167648146.001465 1764167648145 1764167648153
76916 2242759373 1764167648179.337158 1764167648179 1764167648186
76917 2242792717 1764167648212.672607 1764167648213 1764167648220
76918 2242826061 1764167648246.008301 1764167648245 1764167648253
76919 2242859405 1764167648279.343994 1764167648279 1764167648286
76920 2242892749 1764167648312.679688 1764167648313 1764167648320
76921 2242926093 1764167648346.015137 1764167648345 1764167648353
76922 2242959437 1764167648379.350830 1764167648379 1764167648386
76923 2242992781 1764167648412.686523 1764167648413 1764167648420
76924 2243026125 1764167648446.021973 1764167648445 1764167648453
76925 2243059469 1764167648479.357666 1764167648479 1764167648486
76926 2243092813 1764167648512.693115 1764167648513 1764167648520
76927 2243126157 1764167648546.028809 1764167648545 1764167648553
76928 2243159500 1764167648579.363281 1764167648579 1764167648586
76929 2243192844 1764167648612.698730 1764167648613 1764167648620
76930 2243226188 1764167648646.034424 1764167648646 1764167648653
76931 2243259532 1764167648679.369873 1764167648679 1764167648686
76932 2243292876 1764167648712.705322 1764167648713 1764167648720
76933 2243326220 1764167648746.041016 1764167648745 1764167648753
76934 2243359564 1764167648779.376465 1764167648779 1764167648786
76935 2243392908 1764167648812.711914 1764167648813 1764167648820
76936 2243426252 1764167648846.047363 1764167648846 1764167648853
76937 2243459596 1764167648879.382812 1764167648879 1764167648886
76938 2243492940 1764167648912.719482 1764167648913 1764167648920
76939 2243526284 1764167648946.055176 1764167648946 1764167648953
76940 2243559628 1764167648979.391113 1764167648979 1764167648986
76941 2243592972 1764167649012.726807 1764167649013 1764167649020
76942 2243626315 1764167649046.061279 1764167649046 1764167649053
76943 2243659659 1764167649079.396973 1764167649079 1764167649086
76944 2243693003 1764167649112.732666 1764167649113 1764167649120
76945 2243726347 1764167649146.068359 1764167649146 1764167649153
76946 2243759691 1764167649179.404053 1764167649179 1764167649186
76947 2243793035 1764167649212.739746 1764167649213 1764167649220
76948 2243826379 1764167649246.075439 1764167649246 1764167649253
76949 2243859723 1764167649279.411133 1764167649279 1764167649286
76950 2243893067 1764167649312.746582 1764167649312 1764167649320
76951 2243926411 1764167649346.082275 1764167649346 1764167649353
76952 2243959755 1764167649379.417969 1764167649379 1764167649386
76953 2243993099 1764167649412.753418 1764167649413 1764167649420
76954 2244026443 1764167649446.089111 1764167649446 1764167649453
76955 2244059786 1764167649479.423584 1764167649479 1764167649486
76956 2244093130 1764167649512.759277 1764167649513 1764167649520
76957 2244126474 1764167649546.094727 1764167649546 1764167649553
76958 2244159818 1764167649579.430176 1764167649579 1764167649586
76959 2244193162 1764167649612.765869 1764167649613 1764167649620
76960 2244226506 1764167649646.101318 1764167649646 1764167649653
76961 2244259850 1764167649679.436768 1764167649679 1764167649686
76962 2244293194 1764167649712.772461 1764167649713 1764167649720
76963 2244326538 1764167649746.107910 1764167649746 1764167649753
76964 2244359882 1764167649779.443359 1764167649779 1764167649786
76965 2244393226 1764167649812.778809 1764167649813 1764167649820
76966 2244426570 1764167649846.114258 1764167649846 1764167649853
76967 2244459914 1764167649879.449707 1764167649879 1764167649886
76968 2244493257 1764167649912.784180 1764167649913 1764167649920
76969 2244526601 1764167649946.120117 1764167649946 1764167649953
76970 2244559945 1764167649979.455811 1764167649979 1764167649986
76971 2244593289 1764167650012.791504 1764167650013 1764167650020
76972 2244626633 1764167650046.127197 1764167650046 1764167650053
76973 2244659977 1764167650079.462891 1764167650079 1764167650086
76974 2244693321 1764167650112.798828 1764167650113 1764167650120
76975 2244726665 1764167650146.134521 1764167650146 1764167650153
76976 2244760009 1764167650179.470215 1764167650179 1764167650186
76977 2244793353 1764167650212.805908 1764167650213 1764167650220
76978 2244826697 1764167650246.141602 1764167650246 1764167650253
76979 2244860041 1764167650279.477295 1764167650279 1764167650286
76980 2244893385 1764167650312.812988 1764167650313 1764167650320
76981 2244926729 1764167650346.148682 1764167650346 1764167650353
76982 2244960072 1764167650379.483154 1764167650380 1764167650387
76983 2244993416 1764167650412.818848 1764167650413 1764167650420
76984 2245026760 1764167650446.154541 1764167650446 1764167650453
76985 2245060104 1764167650479.490234 1764167650480 1764167650487
76986 2245093448 1764167650512.825928 1764167650513 1764167650520
76987 2245126792 1764167650546.161377 1764167650546 1764167650553
76988 2245160136 1764167650579.497070 1764167650580 1764167650587
76989 2245193480 1764167650612.832764 1764167650613 1764167650620
76990 2245226824 1764167650646.168213 1764167650646 1764167650653
76991 2245260168 1764167650679.503906 1764167650680 1764167650687
76992 2245293512 1764167650712.839355 1764167650713 1764167650720
76993 2245326856 1764167650746.175049 1764167650746 1764167650753
76994 2245360200 1764167650779.510742 1764167650780 1764167650787
76995 2245393543 1764167650812.845215 1764167650813 1764167650820
76996 2245426887 1764167650846.180664 1764167650846 1764167650853
76997 2245460231 1764167650879.516357 1764167650880 1764167650887
76998 2245493575 1764167650912.851807 1764167650912 1764167650920
76999 2245526919 1764167650946.187744 1764167650946 1764167650953
77000 2245560263 1764167650979.523682 1764167650980 1764167650987
77001 2245593607 1764167651012.859619 1764167651012 1764167651020
77002 2245626951 1764167651046.195557 1764167651046 1764167651053
77003 2245660295 1764167651079.531494 1764167651080 1764167651087
77004 2245693639 1764167651112.867432 1764167651112 1764167651120
77005 2245726983 1764167651146.203369 1764167651146 1764167651153
77006 2245760327 1764167651179.539307 1764167651180 1764167651187
77007 2245793671 1764167651212.875244 1764167651212 1764167651220
77008 2245827014 1764167651246.210205 1764167651246 1764167651253
77009 2245860358 1764167651279.545898 1764167651280 1764167651287
77010 2245893702 1764167651312.881836 1764167651312 1764167651320
77011 2245927046 1764167651346.217773 1764167651346 1764167651353
77012 2245960390 1764167651379.553711 1764167651380 1764167651387
77013 2245993734 1764167651412.889404 1764167651412 1764167651420
77014 2246027078 1764167651446.225342 1764167651446 1764167651453
77015 2246060422 1764167651479.561279 1764167651480 1764167651487
77016 2246093766 1764167651512.896973 1764167651512 1764167651520
77017 2246127110 1764167651546.232910 1764167651546 1764167651553
77018 2246160454 1764167651579.568848 1764167651580 1764167651587
77019 2246193798 1764167651612.904541 1764167651612 1764167651620
77020 2246227142 1764167651646.240479 1764167651646 1764167651653
77021 2246260486 1764167651679.576172 1764167651680 1764167651687
77022 2246293829 1764167651712.911133 1764167651712 1764167651720
77023 2246327173 1764167651746.246826 1764167651746 1764167651753
77024 2246360517 1764167651779.582520 1764167651780 1764167651787
77025 2246393861 1764167651812.918457 1764167651812 1764167651820
77026 2246427205 1764167651846.254150 1764167651846 1764167651853
77027 2246460549 1764167651879.590088 1764167651880 1764167651887
77028 2246493893 1764167651912.925781 1764167651912 1764167651920
77029 2246527237 1764167651946.261230 1764167651946 1764167651953
77030 2246560581 1764167651979.596924 1764167651980 1764167651987
77031 2246593925 1764167652012.932373 1764167652012 1764167652020
77032 2246627269 1764167652046.268066 1764167652046 1764167652053
77033 2246660613 1764167652079.603516 1764167652080 1764167652087
77034 2246693957 1764167652112.938965 1764167652112 1764167652120
77035 2246727300 1764167652146.273438 1764167652146 1764167652153
77036 2246760644 1764167652179.609131 1764167652180 1764167652187
77037 2246793988 1764167652212.944580 1764167652212 1764167652220
77038 2246827332 1764167652246.280029 1764167652246 1764167652253
77039 2246860676 1764167652279.615479 1764167652280 1764167652287
77040 2246894020 1764167652312.950928 1764167652312 1764167652320
77041 2246927364 1764167652346.286377 1764167652346 1764167652353
77042 2246960708 1764167652379.621826 1764167652380 1764167652387
77043 2246994052 1764167652412.957275 1764167652412 1764167652420
77044 2247027396 1764167652446.292725 1764167652446 1764167652454
77045 2247060740 1764167652479.628174 1764167652480 1764167652487
77046 2247094084 1764167652512.963623 1764167652512 1764167652520
77047 2247127428 1764167652546.299072 1764167652546 1764167652553
77048 2247160771 1764167652579.633545 1764167652580 1764167652587
77049 2247194115 1764167652612.968994 1764167652612 1764167652620
77050 2247227459 1764167652646.304443 1764167652646 1764167652653
77051 2247260803 1764167652679.639648 1764167652680 1764167652687
77052 2247294147 1764167652712.975098 1764167652712 1764167652720
77053 2247327491 1764167652746.310547 1764167652746 1764167652753
77054 2247360835 1764167652779.645996 1764167652780 1764167652787
77055 2247394179 1764167652812.981201 1764167652812 1764167652820
77056 2247427523 1764167652846.316650 1764167652846 1764167652853
77057 2247460867 1764167652879.651855 1764167652880 1764167652887
77058 2247494211 1764167652912.987305 1764167652912 1764167652920
77059 2247527555 1764167652946.322998 1764167652946 1764167652953
77060 2247560899 1764167652979.658691 1764167652980 1764167652987
77061 2247594243 1764167653012.994385 1764167653013 1764167653020
77062 2247627586 1764167653046.328857 1764167653046 1764167653053
77063 2247660930 1764167653079.664551 1764167653080 1764167653087
77064 2247694274 1764167653113.000244 1764167653113 1764167653120
77065 2247727618 1764167653146.335938 1764167653146 1764167653153
77066 2247760962 1764167653179.671387 1764167653180 1764167653187
77067 2247794306 1764167653213.007080 1764167653213 1764167653220
77068 2247827650 1764167653246.342773 1764167653246 1764167653253
77069 2247860994 1764167653279.678223 1764167653280 1764167653287
77070 2247894338 1764167653313.013916 1764167653313 1764167653320
77071 2247927682 1764167653346.349609 1764167653346 1764167653353
77072 2247961026 1764167653379.685059 1764167653380 1764167653387
77073 2247994370 1764167653413.020752 1764167653413 1764167653420
77074 2248027714 1764167653446.356201 1764167653446 1764167653453
77075 2248061057 1764167653479.690918 1764167653480 1764167653487
77076 2248094401 1764167653513.026367 1764167653513 1764167653520
77077 2248127745 1764167653546.361816 1764167653546 1764167653553
77078 2248161089 1764167653579.697510 1764167653580 1764167653587
77079 2248194433 1764167653613.032959 1764167653613 1764167653620
77080 2248227777 1764167653646.368408 1764167653646 1764167653653
77081 2248261121 1764167653679.704102 1764167653680 1764167653687
77082 2248294465 1764167653713.039551 1764167653713 1764167653720
77083 2248327809 1764167653746.375000 1764167653746 1764167653753
77084 2248361153 1764167653779.710693 1764167653780 1764167653787
77085 2248394497 1764167653813.046143 1764167653813 1764167653820
77086 2248427841 1764167653846.381592 1764167653846 1764167653853
77087 2248461185 1764167653879.717041 1764167653880 1764167653887
77088 2248494528 1764167653913.051514 1764167653913 1764167653920
77089 2248527872 1764167653946.387207 1764167653946 1764167653953
77090 2248561216 1764167653979.722900 1764167653980 1764167653987
77091 2248594560 1764167654013.058350 1764167654013 1764167654020
77092 2248627904 1764167654046.394043 1764167654046 1764167654053
77093 2248661248 1764167654079.729736 1764167654080 1764167654087
77094 2248694592 1764167654113.065186 1764167654113 1764167654120
77095 2248727936 1764167654146.400879 1764167654146 1764167654153
77096 2248761280 1764167654179.736572 1764167654180 1764167654187
77097 2248794624 1764167654213.072021 1764167654213 1764167654220
77098 2248827968 1764167654246.407715 1764167654246 1764167654253
77099 2248861312 1764167654279.743408 1764167654280 1764167654287
77100 2248894656 1764167654313.078857 1764167654313 1764167654320
77101 2248928000 1764167654346.414551 1764167654346 1764167654353
77102 2248961343 1764167654379.749023 1764167654380 1764167654387
77103 2248994687 1764167654413.084473 1764167654413 1764167654420
77104 2249028031 1764167654446.420166 1764167654447 1764167654454
77105 2249061375 1764167654479.755615 1764167654480 1764167654487
77106 2249094719 1764167654513.091309 1764167654514 1764167654522
77107 2249128063 1764167654546.426758 1764167654546 1764167654553
77108 2249161407 1764167654579.762207 1764167654580 1764167654587
77109 2249194751 1764167654613.097900 1764167654613 1764167654620
77110 2249228095 1764167654646.433350 1764167654646 1764167654653
77111 2249261439 1764167654679.768799 1764167654680 1764167654687
77112 2249294783 1764167654713.104248 1764167654713 1764167654720
77113 2249328127 1764167654746.439941 1764167654747 1764167654754
77114 2249361471 1764167654779.775391 1764167654780 1764167654787
77115 2249394814 1764167654813.109863 1764167654813 1764167654820
77116 2249428158 1764167654846.445312 1764167654847 1764167654854
77117 2249461502 1764167654879.780762 1764167654880 1764167654887
77118 2249494846 1764167654913.116211 1764167654913 1764167654920
77119 2249528190 1764167654946.452393 1764167654947 1764167654954
77120 2249561534 1764167654979.788330 1764167654980 1764167654987
77121 2249594878 1764167655013.124512 1764167655013 1764167655020
77122 2249628222 1764167655046.460449 1764167655047 1764167655054
77123 2249661566 1764167655079.796631 1764167655080 1764167655087
77124 2249694910 1764167655113.132568 1764167655113 1764167655120
77125 2249728254 1764167655146.468750 1764167655147 1764167655154
77126 2249761598 1764167655179.804688 1764167655179 1764167655187
77127 2249794942 1764167655213.140869 1764167655213 1764167655220
77128 2249828285 1764167655246.475830 1764167655247 1764167655254
77129 2249861629 1764167655279.811768 1764167655279 1764167655287
77130 2249894973 1764167655313.147949 1764167655313 1764167655320
77131 2249928317 1764167655346.483887 1764167655347 1764167655354
77132 2249961661 1764167655379.820068 1764167655379 1764167655387
77133 2249995005 1764167655413.156006 1764167655413 1764167655420
77134 2250028349 1764167655446.491943 1764167655447 1764167655454
77135 2250061693 1764167655479.828125 1764167655479 1764167655487
77136 2250095037 1764167655513.164062 1764167655513 1764167655520
77137 2250128381 1764167655546.500000 1764167655547 1764167655554
77138 2250161725 1764167655579.836182 1764167655579 1764167655587
77139 2250195069 1764167655613.172119 1764167655613 1764167655620
77140 2250228413 1764167655646.508301 1764167655647 1764167655654
77141 2250261757 1764167655679.844238 1764167655679 1764167655687
77142 2250295100 1764167655713.179199 1764167655713 1764167655720
77143 2250328444 1764167655746.515137 1764167655747 1764167655754
77144 2250361788 1764167655779.851318 1764167655779 1764167655787
77145 2250395132 1764167655813.187256 1764167655813 1764167655820
77146 2250428476 1764167655846.523193 1764167655847 1764167655854
77147 2250461820 1764167655879.859375 1764167655879 1764167655887
77148 2250495164 1764167655913.195312 1764167655913 1764167655920
77149 2250528508 1764167655946.531250 1764167655947 1764167655954
