4454 4116107361 1764165231786.335205 1764165231787 1764165231794
4455 4116140705 1764165231819.682617 1764165231819 1764165231827
4456 4116174049 1764165231853.030029 1764165231853 1764165231860
4457 4116207393 1764165231886.377441 1764165231887 1764165231894
4458 4116240737 1764165231919.724854 1764165231919 1764165231927
4459 4116274081 1764165231953.072266 1764165231953 1764165231960
4460 4116307425 1764165231986.419678 1764165231987 1764165231994
4461 4116340769 1764165232019.767090 1764165232020 1764165232027
4462 4116374113 1764165232053.114746 1764165232053 1764165232060
4463 4116407457 1764165232086.462158 1764165232087 1764165232094
4464 4116440801 1764165232119.809814 1764165232119 1764165232127
4465 4116474145 1764165232153.157471 1764165232153 1764165232160
4466 4116507489 1764165232186.504883 1764165232187 1764165232194
4467 4116540832 1764165232219.851562 1764165232220 1764165232227
4468 4116574176 1764165232253.199219 1764165232254 1764165232261
4469 4116607520 1764165232286.546875 1764165232287 1764165232294
4470 4116640864 1764165232319.894531 1764165232320 1764165232327
4471 4116674208 1764165232353.242432 1764165232354 1764165232361
4472 4116707552 1764165232386.587646 1764165232386 1764165232394
4473 4116740896 1764165232419.935547 1764165232420 1764165232427
4474 4116774240 1764165232453.283447 1764165232454 1764165232461
4475 4116807584 1764165232486.631348 1764165232486 1764165232494
4476 4116840928 1764165232519.979248 1764165232520 1764165232527
4477 4116874272 1764165232553.327148 1764165232554 1764165232561
4478 4116907616 1764165232586.675049 1764165232586 1764165232594
4479 4116940960 1764165232620.023193 1764165232620 1764165232627
4480 4116974303 1764165232653.370117 1764165232654 1764165232661
4481 4117007647 1764165232686.718262 1764165232686 1764165232694
4482 4117040991 1764165232720.066406 1764165232720 1764165232727
4483 4117074335 1764165232753.414551 1764165232754 1764165232761
4484 4117107679 1764165232786.762451 1764165232786 1764165232794
4485 4117141023 1764165232820.110840 1764165232820 1764165232827
4486 4117174367 1764165232853.458984 1764165232854 1764165232861
4487 4117207711 1764165232886.807129 1764165232886 1764165232894
4488 4117241055 1764165232920.155273 1764165232920 1764165232927
4489 4117274399 1764165232953.503662 1764165232954 1764165232961
4490 4117307743 1764165232986.851807 1764165232987 1764165232994
4491 4117341087 1764165233020.200195 1764165233020 1764165233027
4492 4117374431 1764165233053.548584 1764165233054 1764165233061
4493 4117407774 1764165233086.895996 1764165233087 1764165233094
4494 4117441118 1764165233120.244385 1764165233120 1764165233127
4495 4117474462 1764165233153.592773 1764165233153 1764165233162
4496 4117507806 1764165233186.941162 1764165233187 1764165233194
4497 4117541150 1764165233220.289551 1764165233221 1764165233228
4498 4117574494 1764165233253.638184 1764165233254 1764165233261
4499 4117607838 1764165233286.986572 1764165233287 1764165233294
4500 4117641182 1764165233320.335205 1764165233321 1764165233328
4501 4117674526 1764165233353.683594 1764165233353 1764165233361
4502 4117707870 1764165233387.032227 1764165233387 1764165233395
4503 4117741214 1764165233420.381348 1764165233421 1764165233428
4504 4117774558 1764165233453.730713 1764165233453 1764165233461
4505 4117807902 1764165233487.079834 1764165233487 1764165233494
4506 4117841246 1764165233520.429199 1764165233521 1764165233528
4507 4117874589 1764165233553.777588 1764165233553 1764165233561
4508 4117907933 1764165233587.126953 1764165233587 1764165233594
4509 4117941277 1764165233620.476318 1764165233621 1764165233628
4510 4117974621 1764165233653.825684 1764165233653 1764165233661
4511 4118007965 1764165233687.175049 1764165233687 1764165233694
4512 4118041309 1764165233720.524658 1764165233721 1764165233728
4513 4118074653 1764165233753.874023 1764165233754 1764165233761
4514 4118107997 1764165233787.223633 1764165233787 1764165233794
4515 4118141341 1764165233820.573242 1764165233821 1764165233828
4516 4118174685 1764165233853.922852 1764165233854 1764165233861
4517 4118208029 1764165233887.272461 1764165233887 1764165233894
4518 4118241373 1764165233920.622070 1764165233921 1764165233928
4519 4118274717 1764165233953.971680 1764165233954 1764165233961
4520 4118308060 1764165233987.320557 1764165233987 1764165233994
4521 4118341404 1764165234020.670166 1764165234021 1764165234028
4522 4118374748 1764165234054.020020 1764165234054 1764165234061
4523 4118408092 1764165234087.369873 1764165234088 1764165234095
4524 4118441436 1764165234120.719727 1764165234121 1764165234128
4525 4118474780 1764165234154.069580 1764165234154 1764165234161
4526 4118508124 1764165234187.419434 1764165234188 1764165234195
4527 4118541468 1764165234220.769287 1764165234220 1764165234228
4528 4118574812 1764165234254.119385 1764165234254 1764165234262
4529 4118608156 1764165234287.469238 1764165234288 1764165234295
4530 4118641500 1764165234320.819336 1764165234320 1764165234328
4531 4118674844 1764165234354.169434 1764165234354 1764165234361
4532 4118708188 1764165234387.519531 1764165234388 1764165234395
4533 4118741531 1764165234420.900635 1764165234420 1764165234428
4534 4118774875 1764165234454.282959 1764165234454 1764165234461
4535 4118808219 1764165234487.665771 1764165234488 1764165234495
4536 4118841563 1764165234521.048584 1764165234520 1764165234528
4537 4118874907 1764165234554.431641 1764165234554 1764165234561
4538 4118908251 1764165234587.815186 1764165234588 1764165234595
4539 4118941595 1764165234621.198730 1764165234621 1764165234628
4540 4118974939 1764165234654.582520 1764165234654 1764165234661
4541 4119008283 1764165234687.966553 1764165234688 1764165234695
4542 4119041627 1764165234721.351074 1764165234721 1764165234728
4543 4119074971 1764165234754.735596 1764165234754 1764165234762
4544 4119108315 1764165234788.120361 1764165234788 1764165234795
4545 4119141659 1764165234821.505371 1764165234821 1764165234828
4546 4119175003 1764165234854.890625 1764165234855 1764165234862
4547 4119208346 1764165234888.275146 1764165234888 1764165234895
4548 4119241690 1764165234921.660889 1764165234921 1764165234928
4549 4119275034 1764165234955.046875 1764165234955 1764165234962
4550 4119308378 1764165234988.433105 1764165234987 1764165234995
4551 4119341722 1764165235021.819580 1764165235021 1764165235028
4552 4119375066 1764165235055.206299 1764165235055 1764165235062
4553 4119408410 1764165235088.593262 1764165235087 1764165235095
4554 4119441754 1764165235121.980469 1764165235121 1764165235128
4555 4119475098 1764165235155.367920 1764165235155 1764165235162
4556 4119508442 1764165235188.755615 1764165235187 1764165235195
4557 4119541786 1764165235222.143555 1764165235221 1764165235228
4558 4119575130 1764165235255.531738 1764165235255 1764165235262
4559 4119608474 1764165235288.920166 1764165235287 1764165235295
4560 4119641817 1764165235322.307861 1764165235321 1764165235328
4561 4119675161 1764165235355.696777 1764165235355 1764165235362
4562 4119708505 1764165235389.085449 1764165235387 1764165235395
4563 4119741849 1764165235422.429932 1764165235421 1764165235428
4564 4119775193 1764165235455.774170 1764165235455 1764165235462
4565 4119808537 1764165235489.118652 1764165235488 1764165235495
4566 4119841881 1764165235522.463135 1764165235521 1764165235528
4567 4119875225 1764165235555.807373 1764165235555 1764165235562
4568 4119908569 1764165235589.151611 1764165235588 1764165235595
4569 4119941913 1764165235622.496094 1764165235622 1764165235629
4570 4119975257 1764165235655.840332 1764165235655 1764165235662
4571 4120008601 1764165235689.184570 1764165235688 1764165235695
4572 4120041945 1764165235722.529053 1764165235722 1764165235729
4573 4120075288 1764165235755.872314 1764165235755 1764165235762
4574 4120108632 1764165235789.216553 1764165235789 1764165235799
4575 4120141976 1764165235822.560791 1764165235822 1764165235829
4576 4120175320 1764165235855.905029 1764165235854 1764165235862
4577 4120208664 1764165235889.249268 1764165235888 1764165235898
4578 4120242008 1764165235922.593506 1764165235922 1764165235929
4579 4120275352 1764165235955.937744 1764165235954 1764165235963
4580 4120308696 1764165235989.281982 1764165235989 1764165235996
4581 4120342040 1764165236022.626221 1764165236022 1764165236029
4582 4120375384 1764165236055.970215 1764165236054 1764165236062
4583 4120408728 1764165236089.314453 1764165236088 1764165236095
4584 4120442072 1764165236122.658691 1764165236122 1764165236129
4585 4120475416 1764165236156.002686 1764165236154 1764165236162
4586 4120508760 1764165236189.346924 1764165236188 1764165236195
4587 4120542103 1764165236222.690186 1764165236222 1764165236229
4588 4120575447 1764165236256.034180 1764165236255 1764165236262
4589 4120608791 1764165236289.378174 1764165236288 1764165236295
4590 4120642135 1764165236322.722412 1764165236321 1764165236330
4591 4120675479 1764165236356.066406 1764165236355 1764165236362
4592 4120708823 1764165236389.410645 1764165236388 1764165236395
4593 4120742167 1764165236422.754639 1764165236422 1764165236429
4594 4120775511 1764165236456.098877 1764165236455 1764165236462
4595 4120808855 1764165236489.442871 1764165236488 1764165236495
4596 4120842199 1764165236522.786865 1764165236521 1764165236529
4597 4120875543 1764165236556.130859 1764165236555 1764165236562
4598 4120908887 1764165236589.475098 1764165236589 1764165236596
4599 4120942231 1764165236622.819092 1764165236621 1764165236629
4600 4120975574 1764165236656.161865 1764165236655 1764165236662
4601 4121008918 1764165236689.505859 1764165236689 1764165236696
4602 4121042262 1764165236722.849854 1764165236721 1764165236729
4603 4121075606 1764165236756.193848 1764165236755 1764165236762
4604 4121108950 1764165236789.537598 1764165236789 1764165236796
4605 4121142294 1764165236822.881592 1764165236821 1764165236829
4606 4121175638 1764165236856.225586 1764165236855 1764165236862
4607 4121208982 1764165236889.569336 1764165236889 1764165236896
4608 4121242326 1764165236922.913086 1764165236921 1764165236929
4609 4121275670 1764165236956.257080 1764165236955 1764165236962
4610 4121309014 1764165236989.600830 1764165236989 1764165236996
4611 4121342358 1764165237022.944580 1764165237022 1764165237029
4612 4121375702 1764165237056.288330 1764165237055 1764165237062
4613 4121409045 1764165237089.631104 1764165237089 1764165237096
4614 4121442389 1764165237122.974854 1764165237122 1764165237129
4615 4121475733 1764165237156.318359 1764165237156 1764165237163
4616 4121509077 1764165237189.662109 1764165237189 1764165237196
4617 4121542421 1764165237223.005859 1764165237222 1764165237229
4618 4121575765 1764165237256.349365 1764165237255 1764165237262
4619 4121609109 1764165237289.693115 1764165237289 1764165237296
4620 4121642453 1764165237323.036621 1764165237322 1764165237329
4621 4121675797 1764165237356.380127 1764165237356 1764165237363
4622 4121709141 1764165237389.723877 1764165237388 1764165237396
4623 4121742485 1764165237423.067383 1764165237422 1764165237429
4624 4121775829 1764165237456.410889 1764165237456 1764165237463
4625 4121809173 1764165237489.754395 1764165237488 1764165237496
4626 4121842517 1764165237523.097900 1764165237522 1764165237529
4627 4121875860 1764165237556.440430 1764165237556 1764165237563
4628 4121909204 1764165237589.783691 1764165237588 1764165237596
4629 4121942548 1764165237623.127197 1764165237622 1764165237629
4630 4121975892 1764165237656.470459 1764165237656 1764165237663
4631 4122009236 1764165237689.813721 1764165237688 1764165237696
4632 4122042580 1764165237723.157227 1764165237722 1764165237729
4633 4122075924 1764165237756.500488 1764165237756 1764165237763
4634 4122109268 1764165237789.843750 1764165237788 1764165237796
4635 4122142612 1764165237823.187012 1764165237822 1764165237829
4636 4122175956 1764165237856.530273 1764165237856 1764165237863
4637 4122209300 1764165237889.873291 1764165237889 1764165237896
4638 4122242644 1764165237923.216553 1764165237922 1764165237929
4639 4122275988 1764165237956.559570 1764165237956 1764165237963
4640 4122309331 1764165237989.901855 1764165237989 1764165237996
4641 4122342675 1764165238023.244873 1764165238022 1764165238029
4642 4122376019 1764165238056.587891 1764165238056 1764165238063
4643 4122409363 1764165238089.930908 1764165238089 1764165238096
4644 4122442707 1764165238123.273926 1764165238123 1764165238130
4645 4122476051 1764165238156.616943 1764165238156 1764165238163
4646 4122509395 1764165238189.959961 1764165238189 1764165238196
4647 4122542739 1764165238223.302734 1764165238223 1764165238230
4648 4122576083 1764165238256.645752 1764165238255 1764165238263
4649 4122609427 1764165238289.988525 1764165238289 1764165238296
4650 4122642771 1764165238323.331299 1764165238323 1764165238330
4651 4122676115 1764165238356.674316 1764165238355 1764165238363
4652 4122709459 1764165238390.017090 1764165238389 1764165238396
4653 4122742802 1764165238423.359131 1764165238423 1764165238430
4654 4122776146 1764165238456.701904 1764165238455 1764165238463
4655 4122809490 1764165238490.044922 1764165238489 1764165238496
4656 4122842834 1764165238523.387695 1764165238523 1764165238530
4657 4122876178 1764165238556.730713 1764165238556 1764165238564
4658 4122909522 1764165238590.073486 1764165238589 1764165238596
4659 4122942866 1764165238623.416260 1764165238623 1764165238630
4660 4122976210 1764165238656.758789 1764165238655 1764165238663
4661 4123009554 1764165238690.101562 1764165238689 1764165238696
4662 4123042898 1764165238723.444336 1764165238723 1764165238730
4663 4123076242 1764165238756.786865 1764165238756 1764165238763
4664 4123109586 1764165238790.129395 1764165238789 1764165238796
4665 4123142930 1764165238823.471924 1764165238823 1764165238830
4666 4123176274 1764165238856.814453 1764165238856 1764165238864
4667 4123209617 1764165238890.156006 1764165238889 1764165238896
4668 4123242961 1764165238923.498535 1764165238922 1764165238930
4669 4123276305 1764165238956.840820 1764165238956 1764165238963
4670 4123309649 1764165238990.183350 1764165238990 1764165238997
4671 4123342993 1764165239023.525635 1764165239023 1764165239030
4672 4123376337 1764165239056.867920 1764165239056 1764165239063
4673 4123409681 1764165239090.210205 1764165239090 1764165239097
4674 4123443025 1764165239123.552490 1764165239122 1764165239130
4675 4123476369 1764165239156.894775 1764165239156 1764165239163
4676 4123509713 1764165239190.236816 1764165239190 1764165239197
4677 4123543057 1764165239223.579102 1764165239222 1764165239230
4678 4123576401 1764165239256.921143 1764165239256 1764165239263
4679 4123609745 1764165239290.263184 1764165239290 1764165239297
4680 4123643088 1764165239323.604248 1764165239322 1764165239330
4681 4123676432 1764165239356.946289 1764165239356 1764165239363
4682 4123709776 1764165239390.288330 1764165239390 1764165239397
4683 4123743120 1764165239423.631104 1764165239423 1764165239431
4684 4123776464 1764165239456.973877 1764165239456 1764165239463
4685 4123809808 1764165239490.316650 1764165239490 1764165239497
4686 4123843152 1764165239523.659180 1764165239523 1764165239530
4687 4123876496 1764165239557.001953 1764165239556 1764165239563
4688 4123909840 1764165239590.344482 1764165239589 1764165239597
4689 4123943184 1764165239623.687012 1764165239623 1764165239634
4690 4123976528 1764165239657.029541 1764165239656 1764165239664
4691 4124009872 1764165239690.372070 1764165239690 1764165239697
4692 4124043216 1764165239723.714600 1764165239723 1764165239730
4693 4124076559 1764165239757.055908 1764165239756 1764165239764
4694 4124109903 1764165239790.398438 1764165239789 1764165239797
4695 4124143247 1764165239823.740723 1764165239823 1764165239830
4696 4124176591 1764165239857.083008 1764165239857 1764165239864
4697 4124209935 1764165239890.425293 1764165239889 1764165239897
4698 4124243279 1764165239923.767578 1764165239923 1764165239930
4699 4124276623 1764165239957.109619 1764165239957 1764165239964
4700 4124309967 1764165239990.451904 1764165239989 1764165239997
4701 4124343311 1764165240023.793945 1764165240023 1764165240030
4702 4124376655 1764165240057.135986 1764165240057 1764165240064
4703 4124409999 1764165240090.478027 1764165240089 1764165240097
4704 4124443343 1764165240123.820068 1764165240123 1764165240130
4705 4124476687 1764165240157.162109 1764165240157 1764165240164
4706 4124510031 1764165240190.503906 1764165240189 1764165240197
4707 4124543374 1764165240223.844727 1764165240223 1764165240230
4708 4124576718 1764165240257.186768 1764165240257 1764165240264
4709 4124610062 1764165240290.528564 1764165240289 1764165240297
4710 4124643406 1764165240323.870361 1764165240323 1764165240330
4711 4124676750 1764165240357.211914 1764165240357 1764165240364
4712 4124710094 1764165240390.553711 1764165240390 1764165240397
4713 4124743438 1764165240423.896484 1764165240423 1764165240430
4714 4124776782 1764165240457.239258 1764165240457 1764165240464
4715 4124810126 1764165240490.582031 1764165240490 1764165240497
4716 4124843470 1764165240523.924805 1764165240523 1764165240530
4717 4124876814 1764165240557.267334 1764165240557 1764165240564
4718 4124910158 1764165240590.610107 1764165240590 1764165240597
4719 4124943502 1764165240623.952637 1764165240624 1764165240631
4720 4124976845 1764165240657.294189 1764165240656 1764165240664
4721 4125010189 1764165240690.636719 1764165240690 1764165240697
4722 4125043533 1764165240723.979248 1764165240724 1764165240731
4723 4125076877 1764165240757.321533 1764165240756 1764165240764
4724 4125110221 1764165240790.664062 1764165240790 1764165240797
4725 4125143565 1764165240824.006348 1764165240824 1764165240831
4726 4125176909 1764165240857.348633 1764165240856 1764165240864
4727 4125210253 1764165240890.690918 1764165240890 1764165240897
4728 4125243597 1764165240924.033203 1764165240924 1764165240931
4729 4125276941 1764165240957.375488 1764165240956 1764165240964
4730 4125310285 1764165240990.717529 1764165240990 1764165240997
4731 4125343629 1764165241024.059814 1764165241024 1764165241031
4732 4125376973 1764165241057.401855 1764165241056 1764165241064
4733 4125410316 1764165241090.742920 1764165241090 1764165241097
4734 4125443660 1764165241124.084961 1764165241124 1764165241131
4735 4125477004 1764165241157.427002 1764165241157 1764165241164
4736 4125510348 1764165241190.768799 1764165241190 1764165241197
4737 4125543692 1764165241224.110840 1764165241224 1764165241231
4738 4125577036 1764165241257.452637 1764165241257 1764165241264
4739 4125610380 1764165241290.794434 1764165241290 1764165241297
4740 4125643724 1764165241324.136230 1764165241324 1764165241331
4741 4125677068 1764165241357.478027 1764165241357 1764165241364
4742 4125710412 1764165241390.819824 1764165241391 1764165241398
4743 4125743756 1764165241424.162842 1764165241424 1764165241431
4744 4125777100 1764165241457.505859 1764165241457 1764165241464
4745 4125810444 1764165241490.848877 1764165241491 1764165241498
4746 4125843788 1764165241524.191895 1764165241523 1764165241531
4747 4125877131 1764165241557.533691 1764165241557 1764165241564
4748 4125910475 1764165241590.876709 1764165241591 1764165241598
4749 4125943819 1764165241624.219482 1764165241623 1764165241631
4750 4125977163 1764165241657.562256 1764165241657 1764165241664
4751 4126010507 1764165241690.905029 1764165241691 1764165241698
4752 4126043851 1764165241724.247803 1764165241723 1764165241731
4753 4126077195 1764165241757.590576 1764165241757 1764165241764
4754 4126110539 1764165241790.933105 1764165241791 1764165241798
4755 4126143883 1764165241824.275879 1764165241823 1764165241831
4756 4126177227 1764165241857.618408 1764165241857 1764165241864
4757 4126210571 1764165241890.960938 1764165241891 1764165241898
4758 4126243915 1764165241924.303467 1764165241923 1764165241931
4759 4126277259 1764165241957.645996 1764165241957 1764165241964
4760 4126310602 1764165241990.987549 1764165241991 1764165241998
4761 4126343946 1764165242024.329834 1764165242024 1764165242031
4762 4126377290 1764165242057.672363 1764165242057 1764165242064
4763 4126410634 1764165242091.014648 1764165242091 1764165242098
4764 4126443978 1764165242124.356934 1764165242124 1764165242131
4765 4126477322 1764165242157.699219 1764165242158 1764165242165
4766 4126510666 1764165242191.041504 1764165242190 1764165242198
4767 4126544010 1764165242224.383545 1764165242224 1764165242231
4768 4126577354 1764165242257.725830 1764165242258 1764165242265
4769 4126610698 1764165242291.067871 1764165242291 1764165242298
4770 4126644042 1764165242324.409912 1764165242324 1764165242331
4771 4126677386 1764165242357.752197 1764165242358 1764165242365
4772 4126710730 1764165242391.094238 1764165242390 1764165242398
4773 4126744073 1764165242424.436279 1764165242424 1764165242431
4774 4126777417 1764165242457.779541 1764165242458 1764165242465
4775 4126810761 1764165242491.122559 1764165242490 1764165242498
4776 4126844105 1764165242524.465820 1764165242524 1764165242531
4777 4126877449 1764165242557.808838 1764165242558 1764165242565
4778 4126910793 1764165242591.151855 1764165242590 1764165242598
4779 4126944137 1764165242624.494873 1764165242624 1764165242631
4780 4126977481 1764165242657.837891 1764165242658 1764165242665
4781 4127010825 1764165242691.180664 1764165242690 1764165242698
4782 4127044169 1764165242724.523682 1764165242724 1764165242731
4783 4127077513 1764165242757.866455 1764165242758 1764165242765
4784 4127110857 1764165242791.209473 1764165242791 1764165242798
4785 4127144201 1764165242824.552246 1764165242824 1764165242831
4786 4127177545 1764165242857.895020 1764165242858 1764165242865
4787 4127210888 1764165242891.236816 1764165242891 1764165242899
4788 4127244232 1764165242924.579346 1764165242924 1764165242931
4789 4127277576 1764165242957.922119 1764165242958 1764165242965
4790 4127310920 1764165242991.264648 1764165242991 1764165242998
4791 4127344264 1764165243024.607422 1764165243024 1764165243031
4792 4127377608 1764165243057.949951 1764165243058 1764165243065
4793 4127410952 1764165243091.292480 1764165243091 1764165243098
4794 4127444296 1764165243124.635010 1764165243125 1764165243132
4795 4127477640 1764165243157.977539 1764165243157 1764165243165
4796 4127510984 1764165243191.320068 1764165243191 1764165243198
4797 4127544328 1764165243224.662354 1764165243225 1764165243232
4798 4127577672 1764165243258.004883 1764165243257 1764165243265
4799 4127611016 1764165243291.347168 1764165243291 1764165243298
4800 4127644359 1764165243324.688477 1764165243325 1764165243332
4801 4127677703 1764165243358.030762 1764165243357 1764165243365
4802 4127711047 1764165243391.373291 1764165243391 1764165243398
4803 4127744391 1764165243424.717773 1764165243425 1764165243432
4804 4127777735 1764165243458.062256 1764165243457 1764165243465
4805 4127811079 1764165243491.406738 1764165243491 1764165243498
4806 4127844423 1764165243524.751221 1764165243525 1764165243532
4807 4127877767 1764165243558.095703 1764165243557 1764165243565
4808 4127911111 1764165243591.440186 1764165243591 1764165243598
4809 4127944455 1764165243624.784668 1764165243625 1764165243632
4810 4127977799 1764165243658.129150 1764165243658 1764165243665
4811 4128011143 1764165243691.473633 1764165243691 1764165243698
4812 4128044487 1764165243724.817871 1764165243725 1764165243732
4813 4128077830 1764165243758.161377 1764165243758 1764165243765
4814 4128111174 1764165243791.505615 1764165243791 1764165243798
4815 4128144518 1764165243824.850098 1764165243825 1764165243832
4816 4128177862 1764165243858.194336 1764165243858 1764165243865
4817 4128211206 1764165243891.538818 1764165243892 1764165243899
4818 4128244550 1764165243924.883057 1764165243925 1764165243932
4819 4128277894 1764165243958.227539 1764165243958 1764165243966
4820 4128311238 1764165243991.571777 1764165243992 1764165243999
4821 4128344582 1764165244024.916016 1764165244024 1764165244032
4822 4128377926 1764165244058.260254 1764165244058 1764165244065
4823 4128411270 1764165244091.604492 1764165244092 1764165244099
4824 4128444614 1764165244124.948730 1764165244124 1764165244132
4825 4128477958 1764165244158.292969 1764165244158 1764165244165
4826 4128511302 1764165244191.637207 1764165244192 1764165244199
4827 4128544645 1764165244224.980469 1764165244224 1764165244232
4828 4128577989 1764165244258.324707 1764165244258 1764165244265
4829 4128611333 1764165244291.668945 1764165244292 1764165244299
4830 4128644677 1764165244325.012939 1764165244324 1764165244332
4831 4128678021 1764165244358.357178 1764165244358 1764165244365
4832 4128711365 1764165244391.701416 1764165244392 1764165244399
4833 4128744709 1764165244425.045410 1764165244425 1764165244432
4834 4128778053 1764165244458.389648 1764165244458 1764165244465
4835 4128811397 1764165244491.733643 1764165244492 1764165244499
4836 4128844741 1764165244525.077637 1764165244525 1764165244532
4837 4128878085 1764165244558.421875 1764165244558 1764165244565
4838 4128911429 1764165244591.765869 1764165244592 1764165244599
4839 4128944773 1764165244625.109863 1764165244625 1764165244632
4840 4128978116 1764165244658.452881 1764165244659 1764165244666
4841 4129011460 1764165244691.796875 1764165244692 1764165244699
4842 4129044804 1764165244725.140625 1764165244725 1764165244732
4843 4129078148 1764165244758.484619 1764165244759 1764165244766
4844 4129111492 1764165244791.828613 1764165244792 1764165244799
4845 4129144836 1764165244825.172363 1764165244825 1764165244832
4846 4129178180 1764165244858.516357 1764165244859 1764165244866
4847 4129211524 1764165244891.860107 1764165244891 1764165244899
4848 4129244868 1764165244925.203857 1764165244925 1764165244932
4849 4129278212 1764165244958.547607 1764165244959 1764165244966
4850 4129311556 1764165244991.891602 1764165244991 1764165244999
4851 4129344900 1764165245025.235352 1764165245025 1764165245032
4852 4129378244 1764165245058.579102 1764165245059 1764165245066
4853 4129411587 1764165245091.921631 1764165245091 1764165245099
4854 4129444931 1764165245125.265381 1764165245125 1764165245132
4855 4129478275 1764165245158.609131 1764165245159 1764165245166
4856 4129511619 1764165245191.952637 1764165245191 1764165245199
4857 4129544963 1764165245225.296387 1764165245225 1764165245232
4858 4129578307 1764165245258.639893 1764165245259 1764165245266
4859 4129611651 1764165245291.983643 1764165245292 1764165245299
4860 4129644995 1764165245325.327148 1764165245325 1764165245332
4861 4129678339 1764165245358.670654 1764165245359 1764165245366
4862 4129711683 1764165245392.014160 1764165245392 1764165245399
4863 4129745027 1764165245425.357910 1764165245425 1764165245432
4864 4129778371 1764165245458.701416 1764165245459 1764165245466
4865 4129811715 1764165245492.044922 1764165245492 1764165245499
4866 4129845059 1764165245525.388428 1764165245526 1764165245533
4867 4129878402 1764165245558.730713 1764165245559 1764165245566
4868 4129911746 1764165245592.074219 1764165245592 1764165245599
4869 4129945090 1764165245625.417725 1764165245626 1764165245633
4870 4129978434 1764165245658.760986 1764165245658 1764165245666
4871 4130011778 1764165245692.104248 1764165245692 1764165245699
4872 4130045122 1764165245725.447754 1764165245726 1764165245733
4873 4130078466 1764165245758.791016 1764165245758 1764165245766
4874 4130111810 1764165245792.134277 1764165245792 1764165245799
4875 4130145154 1764165245825.477295 1764165245826 1764165245833
4876 4130178498 1764165245858.820557 1764165245858 1764165245866
4877 4130211842 1764165245892.163818 1764165245892 1764165245899
4878 4130245186 1764165245925.506836 1764165245925 1764165245934
4879 4130278530 1764165245958.850098 1764165245958 1764165245966
4880 4130311873 1764165245992.192139 1764165245992 1764165245999
4881 4130345217 1764165246025.535156 1764165246026 1764165246033
4882 4130378561 1764165246058.878174 1764165246059 1764165246066
4883 4130411905 1764165246092.220947 1764165246092 1764165246100
4884 4130445249 1764165246125.563965 1764165246126 1764165246133
4885 4130478593 1764165246158.906982 1764165246159 1764165246166
4886 4130511937 1764165246192.249756 1764165246192 1764165246199
4887 4130545281 1764165246225.592773 1764165246226 1764165246233
4888 4130578625 1764165246258.935547 1764165246259 1764165246266
4889 4130611969 1764165246292.278320 1764165246293 1764165246300
4890 4130645313 1764165246325.621094 1764165246326 1764165246333
4891 4130678657 1764165246358.963867 1764165246359 1764165246366
4892 4130712001 1764165246392.306396 1764165246393 1764165246400
4893 4130745344 1764165246425.649170 1764165246425 1764165246433
4894 4130778688 1764165246458.992920 1764165246459 1764165246466
4895 4130812032 1764165246492.336670 1764165246493 1764165246500
4896 4130845376 1764165246525.680176 1764165246525 1764165246533
4897 4130878720 1764165246559.023926 1764165246560 1764165246567
4898 4130912064 1764165246592.367432 1764165246593 1764165246600
4899 4130945408 1764165246625.710938 1764165246625 1764165246633
4900 4130978752 1764165246659.054688 1764165246659 1764165246666
4901 4131012096 1764165246692.398193 1764165246693 1764165246700
4902 4131045440 1764165246725.741699 1764165246725 1764165246733
4903 4131078784 1764165246759.084961 1764165246759 1764165246766
4904 4131112128 1764165246792.428467 1764165246793 1764165246800
4905 4131145472 1764165246825.771973 1764165246826 1764165246833
4906 4131178816 1764165246859.115234 1764165246859 1764165246866
4907 4131212159 1764165246892.457520 1764165246893 1764165246900
4908 4131245503 1764165246925.801025 1764165246926 1764165246933
4909 4131278847 1764165246959.144287 1764165246959 1764165246966
4910 4131312191 1764165246992.487549 1764165246993 1764165247000
4911 4131345535 1764165247025.830811 1764165247026 1764165247033
4912 4131378879 1764165247059.174072 1764165247059 1764165247066
4913 4131412223 1764165247092.517090 1764165247093 1764165247100
4914 4131445567 1764165247125.860352 1764165247126 1764165247133
4915 4131478911 1764165247159.203613 1764165247160 1764165247167
4916 4131512255 1764165247192.546631 1764165247193 1764165247200
4917 4131545599 1764165247225.889648 1764165247226 1764165247233
4918 4131578943 1764165247259.232666 1764165247260 1764165247267
4919 4131612287 1764165247292.575928 1764165247292 1764165247300
4920 4131645630 1764165247325.917725 1764165247326 1764165247333
4921 4131678974 1764165247359.260742 1764165247360 1764165247367
4922 4131712318 1764165247392.603760 1764165247392 1764165247400
4923 4131745662 1764165247425.947266 1764165247426 1764165247433
4924 4131779006 1764165247459.290771 1764165247460 1764165247467
4925 4131812350 1764165247492.634277 1764165247492 1764165247500
4926 4131845694 1764165247525.977783 1764165247526 1764165247533
4927 4131879038 1764165247559.321045 1764165247560 1764165247567
4928 4131912382 1764165247592.664551 1764165247592 1764165247600
4929 4131945726 1764165247626.007812 1764165247626 1764165247633
4930 4131979070 1764165247659.351318 1764165247660 1764165247667
4931 4132012414 1764165247692.694580 1764165247692 1764165247700
4932 4132045758 1764165247726.037842 1764165247726 1764165247733
4933 4132079101 1764165247759.379883 1764165247759 1764165247770
4934 4132112445 1764165247792.723145 1764165247793 1764165247800
4935 4132145789 1764165247826.066406 1764165247826 1764165247833
4936 4132179133 1764165247859.409424 1764165247860 1764165247867
4937 4132212477 1764165247892.752686 1764165247893 1764165247900
4938 4132245821 1764165247926.095703 1764165247927 1764165247934
4939 4132279165 1764165247959.438721 1764165247960 1764165247967
4940 4132312509 1764165247992.781738 1764165247993 1764165248000
4941 4132345853 1764165248026.124756 1764165248027 1764165248034
4942 4132379197 1764165248059.467529 1764165248059 1764165248067
4943 4132412541 1764165248092.810547 1764165248093 1764165248100
4944 4132445885 1764165248126.153320 1764165248127 1764165248134
4945 4132479229 1764165248159.496338 1764165248159 1764165248167
4946 4132512573 1764165248192.839111 1764165248193 1764165248200
4947 4132545916 1764165248226.180908 1764165248227 1764165248234
4948 4132579260 1764165248259.523682 1764165248259 1764165248267
4949 4132612604 1764165248292.866455 1764165248293 1764165248300
4950 4132645948 1764165248326.208984 1764165248327 1764165248334
4951 4132679292 1764165248359.551758 1764165248359 1764165248367
4952 4132712636 1764165248392.894287 1764165248393 1764165248400
4953 4132745980 1764165248426.238281 1764165248427 1764165248434
4954 4132779324 1764165248459.582031 1764165248459 1764165248467
4955 4132812668 1764165248492.925781 1764165248493 1764165248500
4956 4132846012 1764165248526.269531 1764165248527 1764165248534
4957 4132879356 1764165248559.613281 1764165248560 1764165248567
4958 4132912700 1764165248592.956787 1764165248593 1764165248600
4959 4132946044 1764165248626.300537 1764165248627 1764165248634
4960 4132979387 1764165248659.643066 1764165248660 1764165248667
4961 4133012731 1764165248692.986816 1764165248693 1764165248700
4962 4133046075 1764165248726.330322 1764165248727 1764165248734
4963 4133079419 1764165248759.673828 1764165248760 1764165248767
4964 4133112763 1764165248793.017334 1764165248794 1764165248801
4965 4133146107 1764165248826.360840 1764165248827 1764165248834
4966 4133179451 1764165248859.704346 1764165248860 1764165248867
4967 4133212795 1764165248893.047852 1764165248893 1764165248901
4968 4133246139 1764165248926.391113 1764165248926 1764165248934
4969 4133279483 1764165248959.734619 1764165248960 1764165248967
4970 4133312827 1764165248993.077881 1764165248994 1764165249001
4971 4133346171 1764165249026.421143 1764165249026 1764165249034
4972 4133379515 1764165249059.764404 1764165249060 1764165249067
4973 4133412858 1764165249093.106689 1764165249094 1764165249101
4974 4133446202 1764165249126.449951 1764165249126 1764165249134
4975 4133479546 1764165249159.793213 1764165249160 1764165249167
4976 4133512890 1764165249193.136230 1764165249194 1764165249201
4977 4133546234 1764165249226.479492 1764165249226 1764165249234
4978 4133579578 1764165249259.822510 1764165249260 1764165249267
4979 4133612922 1764165249293.165771 1764165249294 1764165249301
4980 4133646266 1764165249326.508789 1764165249326 1764165249334
4981 4133679610 1764165249359.851807 1764165249360 1764165249367
4982 4133712954 1764165249393.194824 1764165249394 1764165249401
4983 4133746298 1764165249426.539062 1764165249427 1764165249434
4984 4133779642 1764165249459.883301 1764165249460 1764165249467
4985 4133812986 1764165249493.227783 1764165249494 1764165249501
4986 4133846330 1764165249526.572021 1764165249527 1764165249534
4987 4133879673 1764165249559.915283 1764165249561 1764165249568
4988 4133913017 1764165249593.259521 1764165249594 1764165249601
4989 4133946361 1764165249626.603516 1764165249627 1764165249634
4990 4133979705 1764165249659.947754 1764165249661 1764165249668
4991 4134013049 1764165249693.291992 1764165249693 1764165249701
4992 4134046393 1764165249726.635986 1764165249727 1764165249734
4993 4134079737 1764165249759.980225 1764165249761 1764165249768
4994 4134113081 1764165249793.324219 1764165249793 1764165249801
4995 4134146425 1764165249826.668457 1764165249827 1764165249834
4996 4134179769 1764165249860.012451 1764165249861 1764165249868
4997 4134213113 1764165249893.356445 1764165249893 1764165249901
4998 4134246457 1764165249926.700439 1764165249927 1764165249934
4999 4134279801 1764165249960.044434 1764165249961 1764165249968
5000 4134313144 1764165249993.387451 1764165249993 1764165250001
5001 4134346488 1764165250026.731445 1764165250027 1764165250034
5002 4134379832 1764165250060.075195 1764165250061 1764165250068
5003 4134413176 1764165250093.419189 1764165250093 1764165250101
5004 4134446520 1764165250126.763184 1764165250127 1764165250134
5005 4134479864 1764165250160.106934 1764165250160 1764165250169
5006 4134513208 1764165250193.450928 1764165250194 1764165250202
5007 4134546552 1764165250226.794678 1764165250227 1764165250234
5008 4134579896 1764165250260.138428 1764165250261 1764165250268
5009 4134613240 1764165250293.482178 1764165250294 1764165250301
5010 4134646584 1764165250326.826172 1764165250327 1764165250334
5011 4134679928 1764165250360.169922 1764165250361 1764165250368
5012 4134713272 1764165250393.513428 1764165250394 1764165250401
5013 4134746615 1764165250426.875000 1764165250428 1764165250435
5014 4134779959 1764165250460.237793 1764165250461 1764165250468
5015 4134813303 1764165250493.600830 1764165250494 1764165250501
5016 4134846647 1764165250526.964111 1764165250528 1764165250535
5017 4134879991 1764165250560.327393 1764165250560 1764165250568
5018 4134913335 1764165250593.691162 1764165250594 1764165250601
5019 4134946679 1764165250627.054932 1764165250628 1764165250635
5020 4134980023 1764165250660.419189 1764165250660 1764165250668
5021 4135013367 1764165250693.783447 1764165250694 1764165250701
5022 4135046711 1764165250727.147949 1764165250728 1764165250735
5023 4135080055 1764165250760.512695 1764165250760 1764165250768
5024 4135113399 1764165250793.877686 1764165250794 1764165250801
5025 4135146743 1764165250827.242920 1764165250828 1764165250835
5026 4135180087 1764165250860.608398 1764165250860 1764165250868
5027 4135213430 1764165250893.973145 1764165250894 1764165250901
5028 4135246774 1764165250927.339111 1764165250928 1764165250935
5029 4135280118 1764165250960.705078 1764165250961 1764165250969
5030 4135313462 1764165250994.071533 1764165250994 1764165251001
5031 4135346806 1764165251027.437988 1764165251028 1764165251035
5032 4135380150 1764165251060.804688 1764165251061 1764165251068
5033 4135413494 1764165251094.171631 1764165251094 1764165251101
5034 4135446838 1764165251127.539062 1764165251128 1764165251135
5035 4135480182 1764165251160.906494 1764165251161 1764165251168
5036 4135513526 1764165251194.273926 1764165251195 1764165251202
5037 4135546870 1764165251227.641846 1764165251228 1764165251235
5038 4135580214 1764165251261.010010 1764165251261 1764165251268
5039 4135613558 1764165251294.378418 1764165251295 1764165251302
5040 4135646901 1764165251327.745850 1764165251327 1764165251335
5041 4135680245 1764165251361.114746 1764165251361 1764165251368
5042 4135713589 1764165251394.483398 1764165251395 1764165251402
5043 4135746933 1764165251427.830322 1764165251427 1764165251435
5044 4135780277 1764165251461.177002 1764165251461 1764165251468
5045 4135813621 1764165251494.523682 1764165251495 1764165251502
5046 4135846965 1764165251527.870605 1764165251527 1764165251535
5047 4135880309 1764165251561.217285 1764165251561 1764165251568
5048 4135913653 1764165251594.563965 1764165251595 1764165251602
5049 4135946997 1764165251627.910889 1764165251627 1764165251635
5050 4135980341 1764165251661.257568 1764165251661 1764165251668
5051 4136013685 1764165251694.604248 1764165251695 1764165251702
5052 4136047029 1764165251727.951172 1764165251727 1764165251735
5053 4136080372 1764165251761.296875 1764165251762 1764165251769
5054 4136113716 1764165251794.643555 1764165251795 1764165251802
5055 4136147060 1764165251827.990234 1764165251828 1764165251835
5056 4136180404 1764165251861.337158 1764165251861 1764165251868
5057 4136213748 1764165251894.683838 1764165251895 1764165251902
5058 4136247092 1764165251928.030518 1764165251928 1764165251935
5059 4136280436 1764165251961.377197 1764165251961 1764165251968
5060 4136313780 1764165251994.724121 1764165251995 1764165252002
5061 4136347124 1764165252028.070801 1764165252028 1764165252035
5062 4136380468 1764165252061.417480 1764165252062 1764165252069
5063 4136413812 1764165252094.764160 1764165252095 1764165252102
5064 4136447156 1764165252128.111084 1764165252128 1764165252135
5065 4136480500 1764165252161.457764 1764165252162 1764165252169
5066 4136513844 1764165252194.804443 1764165252194 1764165252202
5067 4136547187 1764165252228.150146 1764165252228 1764165252235
5068 4136580531 1764165252261.496826 1764165252262 1764165252269
5069 4136613875 1764165252294.843750 1764165252294 1764165252302
5070 4136647219 1764165252328.190430 1764165252328 1764165252335
5071 4136680563 1764165252361.537109 1764165252362 1764165252369
5072 4136713907 1764165252394.883789 1764165252394 1764165252402
5073 4136747251 1764165252428.230957 1764165252428 1764165252435
5074 4136780595 1764165252461.578125 1764165252462 1764165252469
5075 4136813939 1764165252494.925049 1764165252494 1764165252502
5076 4136847283 1764165252528.272217 1764165252528 1764165252535
5077 4136880627 1764165252561.619385 1764165252562 1764165252569
5078 4136913971 1764165252594.966553 1764165252594 1764165252602
5079 4136947315 1764165252628.313477 1764165252628 1764165252635
5080 4136980658 1764165252661.659668 1764165252662 1764165252669
5081 4137014002 1764165252695.006836 1764165252695 1764165252702
5082 4137047346 1764165252728.353760 1764165252728 1764165252735
5083 4137080690 1764165252761.700928 1764165252762 1764165252769
5084 4137114034 1764165252795.048096 1764165252795 1764165252802
5085 4137147378 1764165252828.395264 1764165252828 1764165252835
5086 4137180722 1764165252861.742432 1764165252861 1764165252870
5087 4137214066 1764165252895.089355 1764165252895 1764165252902
5088 4137247410 1764165252928.436523 1764165252928 1764165252936
5089 4137280754 1764165252961.783691 1764165252961 1764165252970
5090 4137314098 1764165252995.130859 1764165252995 1764165253002
5091 4137347442 1764165253028.478027 1764165253029 1764165253036
5092 4137380786 1764165253061.824951 1764165253061 1764165253069
5093 4137414129 1764165253095.171143 1764165253095 1764165253102
5094 4137447473 1764165253128.518311 1764165253129 1764165253136
5095 4137480817 1764165253161.865479 1764165253161 1764165253169
5096 4137514161 1764165253195.212646 1764165253195 1764165253202
5097 4137547505 1764165253228.559814 1764165253229 1764165253236
5098 4137580849 1764165253261.906738 1764165253261 1764165253269
5099 4137614193 1764165253295.253906 1764165253295 1764165253302
5100 4137647537 1764165253328.601074 1764165253329 1764165253336
5101 4137680881 1764165253361.948242 1764165253361 1764165253369
5102 4137714225 1764165253395.295410 1764165253395 1764165253402
5103 4137747569 1764165253428.642090 1764165253429 1764165253436
5104 4137780913 1764165253461.989014 1764165253462 1764165253469
5105 4137814257 1764165253495.335693 1764165253495 1764165253502
5106 4137847601 1764165253528.682373 1764165253529 1764165253536
5107 4137880944 1764165253562.028076 1764165253562 1764165253569
5108 4137914288 1764165253595.375000 1764165253595 1764165253602
5109 4137947632 1764165253628.721680 1764165253629 1764165253636
5110 4137980976 1764165253662.068359 1764165253662 1764165253669
5111 4138014320 1764165253695.415283 1764165253696 1764165253703
5112 4138047664 1764165253728.761963 1764165253728 1764165253736
5113 4138081008 1764165253762.108643 1764165253762 1764165253769
5114 4138114352 1764165253795.455322 1764165253796 1764165253803
5115 4138147696 1764165253828.802246 1764165253828 1764165253836
5116 4138181040 1764165253862.148926 1764165253862 1764165253869
5117 4138214384 1764165253895.495605 1764165253896 1764165253903
5118 4138247728 1764165253928.842285 1764165253928 1764165253936
5119 4138281072 1764165253962.189209 1764165253962 1764165253969
5120 4138314415 1764165253995.534912 1764165253996 1764165254003
5121 4138347759 1764165254028.881592 1764165254028 1764165254036
5122 4138381103 1764165254062.228271 1764165254062 1764165254069
5123 4138414447 1764165254095.574951 1764165254096 1764165254103
5124 4138447791 1764165254128.921875 1764165254128 1764165254136
5125 4138481135 1764165254162.268555 1764165254162 1764165254169
5126 4138514479 1764165254195.615234 1764165254196 1764165254203
5127 4138547823 1764165254228.961914 1764165254228 1764165254236
5128 4138581167 1764165254262.308594 1764165254263 1764165254270
5129 4138614511 1764165254295.655273 1764165254296 1764165254303
5130 4138647855 1764165254329.001953 1764165254329 1764165254336
5131 4138681199 1764165254362.348877 1764165254362 1764165254369
5132 4138714543 1764165254395.695557 1764165254396 1764165254403
5133 4138747886 1764165254429.041504 1764165254429 1764165254436
5134 4138781230 1764165254462.388672 1764165254462 1764165254469
5135 4138814574 1764165254495.735596 1764165254496 1764165254503
5136 4138847918 1764165254529.082764 1764165254529 1764165254536
5137 4138881262 1764165254562.429688 1764165254563 1764165254570
5138 4138914606 1764165254595.776855 1764165254596 1764165254603
5139 4138947950 1764165254629.123779 1764165254629 1764165254636
5140 4138981294 1764165254662.470947 1764165254663 1764165254670
5141 4139014638 1764165254695.817871 1764165254695 1764165254703
5142 4139047982 1764165254729.165039 1764165254729 1764165254736
5143 4139081326 1764165254762.511963 1764165254763 1764165254770
5144 4139114670 1764165254795.859131 1764165254795 1764165254803
5145 4139148014 1764165254829.206055 1764165254829 1764165254836
5146 4139181358 1764165254862.553223 1764165254863 1764165254870
5147 4139214701 1764165254895.899170 1764165254895 1764165254903
5148 4139248045 1764165254929.246338 1764165254929 1764165254936
5149 4139281389 1764165254962.593262 1764165254963 1764165254970
5150 4139314733 1764165254995.940430 1764165254995 1764165255003
5151 4139348077 1764165255029.287354 1764165255030 1764165255037
5152 4139381421 1764165255062.634521 1764165255063 1764165255070
5153 4139414765 1764165255095.981445 1764165255096 1764165255103
5154 4139448109 1764165255129.328613 1764165255129 1764165255136
5155 4139481453 1764165255162.675537 1764165255163 1764165255170
5156 4139514797 1764165255196.022705 1764165255196 1764165255203
5157 4139548141 1764165255229.369629 1764165255229 1764165255236
5158 4139581485 1764165255262.716797 1764165255263 1764165255270
5159 4139614829 1764165255296.063721 1764165255296 1764165255303
5160 4139648172 1764165255329.409912 1764165255330 1764165255337
5161 4139681516 1764165255362.756836 1764165255363 1764165255370
5162 4139714860 1764165255396.104004 1764165255396 1764165255403
5163 4139748204 1764165255429.450928 1764165255430 1764165255437
5164 4139781548 1764165255462.797852 1764165255462 1764165255470
5165 4139814892 1764165255496.144775 1764165255496 1764165255503
5166 4139848236 1764165255529.491699 1764165255530 1764165255537
5167 4139881580 1764165255562.838379 1764165255562 1764165255570
5168 4139914924 1764165255596.185303 1764165255596 1764165255603
5169 4139948268 1764165255629.532227 1764165255630 1764165255637
5170 4139981612 1764165255662.879150 1764165255662 1764165255670
5171 4140014956 1764165255696.226074 1764165255696 1764165255703
5172 4140048300 1764165255729.572998 1764165255730 1764165255737
5173 4140081643 1764165255762.918701 1764165255762 1764165255770
5174 4140114987 1764165255796.265625 1764165255796 1764165255803
5175 4140148331 1764165255829.612549 1764165255830 1764165255837
5176 4140181675 1764165255862.959473 1764165255862 1764165255870
5177 4140215019 1764165255896.306396 1764165255896 1764165255903
5178 4140248363 1764165255929.653076 1764165255930 1764165255937
5179 4140281707 1764165255963.000000 1764165255963 1764165255970
5180 4140315051 1764165255996.346924 1764165255996 1764165256003
5181 4140348395 1764165256029.693848 1764165256030 1764165256037
5182 4140381739 1764165256063.040771 1764165256063 1764165256070
5183 4140415083 1764165256096.387451 1764165256096 1764165256103
5184 4140448427 1764165256129.734375 1764165256129 1764165256137
5185 4140481771 1764165256163.081299 1764165256163 1764165256170
5186 4140515115 1764165256196.428223 1764165256197 1764165256204
5187 4140548458 1764165256229.774170 1764165256229 1764165256237
5188 4140581802 1764165256263.120850 1764165256263 1764165256270
5189 4140615146 1764165256296.467773 1764165256297 1764165256304
5190 4140648490 1764165256329.814697 1764165256329 1764165256337
5191 4140681834 1764165256363.161621 1764165256363 1764165256370
5192 4140715178 1764165256396.508301 1764165256397 1764165256404
5193 4140748522 1764165256429.855225 1764165256429 1764165256437
5194 4140781866 1764165256463.202148 1764165256463 1764165256470
5195 4140815210 1764165256496.548828 1764165256497 1764165256504
5196 4140848554 1764165256529.895752 1764165256529 1764165256537
5197 4140881898 1764165256563.242432 1764165256563 1764165256570
5198 4140915242 1764165256596.589355 1764165256597 1764165256604
5199 4140948586 1764165256629.936279 1764165256629 1764165256637
5200 4140981929 1764165256663.281982 1764165256663 1764165256670
5201 4141015273 1764165256696.628906 1764165256697 1764165256704
5202 4141048617 1764165256729.975586 1764165256730 1764165256737
5203 4141081961 1764165256763.322510 1764165256763 1764165256771
5204 4141115305 1764165256796.669189 1764165256797 1764165256804
5205 4141148649 1764165256830.016113 1764165256830 1764165256837
5206 4141181993 1764165256863.362793 1764165256863 1764165256870
5207 4141215337 1764165256896.709717 1764165256897 1764165256904
5208 4141248681 1764165256930.056396 1764165256930 1764165256937
5209 4141282025 1764165256963.403320 1764165256963 1764165256970
5210 4141315369 1764165256996.750000 1764165256997 1764165257004
5211 4141348713 1764165257030.096924 1764165257030 1764165257037
5212 4141382057 1764165257063.443604 1764165257064 1764165257071
5213 4141415400 1764165257096.789551 1764165257096 1764165257104
5214 4141448744 1764165257130.136230 1764165257130 1764165257137
5215 4141482088 1764165257163.483154 1764165257164 1764165257171
5216 4141515432 1764165257196.829834 1764165257196 1764165257204
5217 4141548776 1764165257230.176514 1764165257230 1764165257237
5218 4141582120 1764165257263.523438 1764165257264 1764165257271
5219 4141615464 1764165257296.870117 1764165257296 1764165257304
5220 4141648808 1764165257330.217041 1764165257330 1764165257337
5221 4141682152 1764165257363.563721 1764165257364 1764165257372
5222 4141715496 1764165257396.910645 1764165257396 1764165257404
5223 4141748840 1764165257430.257324 1764165257430 1764165257437
5224 4141782184 1764165257463.604492 1764165257464 1764165257471
5225 4141815528 1764165257496.951904 1764165257496 1764165257504
5226 4141848872 1764165257530.299072 1764165257531 1764165257538
5227 4141882215 1764165257563.645264 1764165257564 1764165257571
5228 4141915559 1764165257596.992432 1764165257597 1764165257604
5229 4141948903 1764165257630.339600 1764165257631 1764165257638
5230 4141982247 1764165257663.687012 1764165257664 1764165257671
5231 4142015591 1764165257697.034180 1764165257697 1764165257704
5232 4142048935 1764165257730.381348 1764165257730 1764165257737
5233 4142082279 1764165257763.728760 1764165257763 1764165257771
5234 4142115623 1764165257797.075928 1764165257797 1764165257804
5235 4142148967 1764165257830.423096 1764165257831 1764165257838
5236 4142182311 1764165257863.770508 1764165257863 1764165257871
5237 4142215655 1764165257897.117676 1764165257897 1764165257904
5238 4142248999 1764165257930.464844 1764165257931 1764165257938
5239 4142282343 1764165257963.812256 1764165257963 1764165257971
5240 4142315686 1764165257997.158447 1764165257997 1764165258004
5241 4142349030 1764165258030.505615 1764165258031 1764165258038
5242 4142382374 1764165258063.853027 1764165258063 1764165258071
5243 4142415718 1764165258097.200195 1764165258097 1764165258104
5244 4142449062 1764165258130.547363 1764165258131 1764165258138
5245 4142482406 1764165258163.894775 1764165258163 1764165258171
5246 4142515750 1764165258197.241943 1764165258197 1764165258204
5247 4142549094 1764165258230.589355 1764165258231 1764165258238
5248 4142582438 1764165258263.936523 1764165258263 1764165258271
5249 4142615782 1764165258297.283936 1764165258297 1764165258304
5250 4142649126 1764165258330.631104 1764165258331 1764165258338
5251 4142682470 1764165258363.978516 1764165258364 1764165258371
5252 4142715814 1764165258397.325684 1764165258398 1764165258405
5253 4142749157 1764165258430.671875 1764165258430 1764165258438
5254 4142782501 1764165258464.018799 1764165258464 1764165258471
5255 4142815845 1764165258497.365723 1764165258497 1764165258504
5256 4142849189 1764165258530.712646 1764165258531 1764165258538
5257 4142882533 1764165258564.059570 1764165258564 1764165258571
5258 4142915877 1764165258597.406494 1764165258598 1764165258605
5259 4142949221 1764165258630.753418 1764165258631 1764165258638
5260 4142982565 1764165258664.100342 1764165258664 1764165258671
5261 4143015909 1764165258697.447266 1764165258698 1764165258705
5262 4143049253 1764165258730.794189 1764165258730 1764165258738
5263 4143082597 1764165258764.141113 1764165258764 1764165258771
5264 4143115941 1764165258797.488037 1764165258798 1764165258805
5265 4143149285 1764165258830.834961 1764165258830 1764165258838
5266 4143182629 1764165258864.181885 1764165258864 1764165258871
5267 4143215972 1764165258897.527832 1764165258898 1764165258905
5268 4143249316 1764165258930.874756 1764165258930 1764165258938
5269 4143282660 1764165258964.221680 1764165258964 1764165258971
5270 4143316004 1764165258997.568604 1764165258998 1764165259005
5271 4143349348 1764165259030.915527 1764165259030 1764165259038
5272 4143382692 1764165259064.262451 1764165259064 1764165259071
5273 4143416036 1764165259097.609375 1764165259098 1764165259105
5274 4143449380 1764165259130.956299 1764165259130 1764165259138
5275 4143482724 1764165259164.303223 1764165259164 1764165259171
5276 4143516068 1764165259197.650146 1764165259198 1764165259205
5277 4143549412 1764165259230.996826 1764165259231 1764165259238
5278 4143582756 1764165259264.343750 1764165259264 1764165259271
5279 4143616100 1764165259297.690674 1764165259298 1764165259305
5280 4143649443 1764165259331.036621 1764165259331 1764165259338
5281 4143682787 1764165259364.383545 1764165259364 1764165259371
5282 4143716131 1764165259397.730469 1764165259398 1764165259405
5283 4143749475 1764165259431.077393 1764165259431 1764165259438
5284 4143782819 1764165259464.424072 1764165259465 1764165259472
5285 4143816163 1764165259497.770996 1764165259498 1764165259505
5286 4143849507 1764165259531.117676 1764165259531 1764165259538
5287 4143882851 1764165259564.464600 1764165259565 1764165259572
5288 4143916195 1764165259597.811279 1764165259597 1764165259605
5289 4143949539 1764165259631.158203 1764165259631 1764165259638
5290 4143982883 1764165259664.504883 1764165259665 1764165259672
5291 4144016227 1764165259697.851807 1764165259697 1764165259705
5292 4144049571 1764165259731.198486 1764165259731 1764165259738
5293 4144082914 1764165259764.544434 1764165259765 1764165259772
5294 4144116258 1764165259797.891113 1764165259798 1764165259806
5295 4144149602 1764165259831.237793 1764165259831 1764165259838
5296 4144182946 1764165259864.584717 1764165259865 1764165259872
5297 4144216290 1764165259897.931396 1764165259897 1764165259905
5298 4144249634 1764165259931.278320 1764165259931 1764165259938
5299 4144282978 1764165259964.625000 1764165259965 1764165259972
5300 4144316322 1764165259997.971924 1764165259997 1764165260005
5301 4144349666 1764165260031.318604 1764165260031 1764165260038
5302 4144383010 1764165260064.665283 1764165260065 1764165260072
5303 4144416354 1764165260098.012207 1764165260098 1764165260105
5304 4144449698 1764165260131.358887 1764165260131 1764165260138
5305 4144483042 1764165260164.705566 1764165260164 1764165260172
5306 4144516386 1764165260198.052490 1764165260198 1764165260205
5307 4144549729 1764165260231.398193 1764165260232 1764165260239
5308 4144583073 1764165260264.744873 1764165260265 1764165260272
5309 4144616417 1764165260298.091797 1764165260298 1764165260305
5310 4144649761 1764165260331.438477 1764165260332 1764165260339
5311 4144683105 1764165260364.785156 1764165260364 1764165260372
5312 4144716449 1764165260398.132080 1764165260398 1764165260405
5313 4144749793 1764165260431.478760 1764165260432 1764165260439
5314 4144783137 1764165260464.825684 1764165260464 1764165260472
5315 4144816481 1764165260498.172607 1764165260498 1764165260505
5316 4144849825 1764165260531.519287 1764165260532 1764165260539
5317 4144883169 1764165260564.866211 1764165260564 1764165260572
5318 4144916513 1764165260598.213135 1764165260598 1764165260605
5319 4144949857 1764165260631.560059 1764165260632 1764165260639
5320 4144983200 1764165260664.905762 1764165260664 1764165260672
5321 4145016544 1764165260698.252686 1764165260698 1764165260707
5322 4145049888 1764165260731.599609 1764165260732 1764165260739
5323 4145083232 1764165260764.946289 1764165260764 1764165260772
5324 4145116576 1764165260798.293213 1764165260798 1764165260805
5325 4145149920 1764165260831.640137 1764165260832 1764165260839
5326 4145183264 1764165260864.987061 1764165260865 1764165260872
5327 4145216608 1764165260898.333740 1764165260898 1764165260905
5328 4145249952 1764165260931.680664 1764165260932 1764165260939
5329 4145283296 1764165260965.027588 1764165260965 1764165260972
5330 4145316640 1764165260998.374268 1764165260998 1764165261005
5331 4145349984 1764165261031.721191 1764165261032 1764165261039
5332 4145383328 1764165261065.068115 1764165261065 1764165261072
5333 4145416671 1764165261098.413818 1764165261099 1764165261106
5334 4145450015 1764165261131.760742 1764165261131 1764165261139
5335 4145483359 1764165261165.107666 1764165261165 1764165261172
5336 4145516703 1764165261198.454346 1764165261199 1764165261206
5337 4145550047 1764165261231.801270 1764165261231 1764165261239
5338 4145583391 1764165261265.148193 1764165261265 1764165261272
5339 4145616735 1764165261298.494873 1764165261299 1764165261306
5340 4145650079 1764165261331.841797 1764165261331 1764165261339
5341 4145683423 1764165261365.188721 1764165261365 1764165261372
5342 4145716767 1764165261398.535400 1764165261399 1764165261406
5343 4145750111 1764165261431.882324 1764165261431 1764165261442
5344 4145783455 1764165261465.230225 1764165261465 1764165261472
5345 4145816799 1764165261498.578125 1764165261499 1764165261506
5346 4145850143 1764165261531.926025 1764165261531 1764165261539
5347 4145883486 1764165261565.273193 1764165261565 1764165261572
5348 4145916830 1764165261598.621094 1764165261599 1764165261606
5349 4145950174 1764165261631.968994 1764165261631 1764165261639
5350 4145983518 1764165261665.317139 1764165261665 1764165261672
5351 4146016862 1764165261698.665039 1764165261699 1764165261706
5352 4146050206 1764165261732.012939 1764165261732 1764165261739
5353 4146083550 1764165261765.361084 1764165261765 1764165261772
5354 4146116894 1764165261798.708984 1764165261798 1764165261806
5355 4146150238 1764165261832.057129 1764165261832 1764165261839
5356 4146183582 1764165261865.405029 1764165261866 1764165261873
5357 4146216926 1764165261898.753174 1764165261899 1764165261906
5358 4146250270 1764165261932.101074 1764165261932 1764165261939
5359 4146283614 1764165261965.449219 1764165261966 1764165261973
5360 4146316957 1764165261998.796143 1764165261998 1764165262006
5361 4146350301 1764165262032.144287 1764165262032 1764165262039
5362 4146383645 1764165262065.492432 1764165262066 1764165262073
5363 4146416989 1764165262098.840332 1764165262098 1764165262106
5364 4146450333 1764165262132.188477 1764165262132 1764165262139
5365 4146483677 1764165262165.536621 1764165262166 1764165262173
5366 4146517021 1764165262198.884766 1764165262198 1764165262206
5367 4146550365 1764165262232.232666 1764165262232 1764165262239
5368 4146583709 1764165262265.580811 1764165262266 1764165262273
5369 4146617053 1764165262298.928955 1764165262298 1764165262306
5370 4146650397 1764165262332.277100 1764165262332 1764165262339
5371 4146683741 1764165262365.625244 1764165262366 1764165262373
5372 4146717085 1764165262398.973389 1764165262398 1764165262406
5373 4146750428 1764165262432.320557 1764165262432 1764165262439
5374 4146783772 1764165262465.668457 1764165262466 1764165262473
5375 4146817116 1764165262499.016602 1764165262499 1764165262506
5376 4146850460 1764165262532.364502 1764165262532 1764165262539
5377 4146883804 1764165262565.712402 1764165262566 1764165262573
5378 4146917148 1764165262599.060547 1764165262599 1764165262606
5379 4146950492 1764165262632.408691 1764165262632 1764165262639
5380 4146983836 1764165262665.756592 1764165262666 1764165262673
5381 4147017180 1764165262699.104736 1764165262699 1764165262706
5382 4147050524 1764165262732.452637 1764165262732 1764165262740
5383 4147083868 1764165262765.800781 1764165262766 1764165262773
5384 4147117212 1764165262799.148926 1764165262799 1764165262806
5385 4147150556 1764165262832.496826 1764165262833 1764165262840
5386 4147183900 1764165262865.844971 1764165262865 1764165262873
5387 4147217243 1764165262899.192139 1764165262899 1764165262907
5388 4147250587 1764165262932.540283 1764165262933 1764165262940
5389 4147283931 1764165262965.888184 1764165262965 1764165262973
5390 4147317275 1764165262999.236328 1764165262999 1764165263006
5391 4147350619 1764165263032.584473 1764165263032 1764165263042
5392 4147383963 1764165263065.932617 1764165263065 1764165263073
5393 4147417307 1764165263099.280762 1764165263099 1764165263106
5394 4147450651 1764165263132.628906 1764165263133 1764165263140
5395 4147483995 1764165263165.977051 1764165263165 1764165263173
5396 4147517339 1764165263199.325195 1764165263199 1764165263206
5397 4147550683 1764165263232.673340 1764165263233 1764165263240
5398 4147584027 1764165263266.021484 1764165263265 1764165263273
5399 4147617371 1764165263299.369629 1764165263299 1764165263306
5400 4147650714 1764165263332.716797 1764165263333 1764165263340
5401 4147684058 1764165263366.064941 1764165263366 1764165263373
5402 4147717402 1764165263399.413086 1764165263399 1764165263406
5403 4147750746 1764165263432.761230 1764165263432 1764165263441
5404 4147784090 1764165263466.107910 1764165263466 1764165263473
5405 4147817434 1764165263499.454590 1764165263500 1764165263507
5406 4147850778 1764165263532.801270 1764165263533 1764165263540
5407 4147884122 1764165263566.147949 1764165263566 1764165263573
5408 4147917466 1764165263599.494629 1764165263600 1764165263607
5409 4147950810 1764165263632.841553 1764165263633 1764165263640
5410 4147984154 1764165263666.188232 1764165263666 1764165263673
5411 4148017498 1764165263699.534912 1764165263700 1764165263707
5412 4148050842 1764165263732.881592 1764165263732 1764165263740
5413 4148084185 1764165263766.227295 1764165263766 1764165263773
5414 4148117529 1764165263799.573975 1764165263800 1764165263807
5415 4148150873 1764165263832.920654 1764165263832 1764165263840
5416 4148184217 1764165263866.267334 1764165263866 1764165263873
5417 4148217561 1764165263899.614014 1764165263900 1764165263907
5418 4148250905 1764165263932.960693 1764165263932 1764165263940
5419 4148284249 1764165263966.307373 1764165263966 1764165263973
5420 4148317593 1764165263999.654053 1764165264000 1764165264007
5421 4148350937 1764165264033.000732 1764165264033 1764165264040
5422 4148384281 1764165264066.347412 1764165264067 1764165264074
5423 4148417625 1764165264099.694092 1764165264100 1764165264107
5424 4148450969 1764165264133.040771 1764165264133 1764165264140
5425 4148484313 1764165264166.387451 1764165264166 1764165264173
5426 4148517657 1764165264199.734131 1764165264200 1764165264207
5427 4148551000 1764165264233.079834 1764165264233 1764165264240
5428 4148584344 1764165264266.426514 1764165264266 1764165264273
