1764166032778935616 28433
1764166032813355520 28434
1764166032848877792 28435
1764166032877756832 28436
1764166032914033056 28437
1764166032948404000 28438
1764166032987335328 28439
1764166033014681216 28440
1764166033049190464 28441
1764166033076275968 28442
1764166033116164480 28443
1764166033146404128 28444
1764166033183644480 28445
1764166033213164416 28446
1764166033246523200 28447
1764166033283572544 28448
1764166033312668800 28449
1764166033346616544 28450
1764166033380082976 28451
1764166033417299232 28452
1764166033443547488 28453
1764166033481457280 28454
1764166033516033312 28455
1764166033544641120 28456
1764166033582276768 28457
1764166033609246432 28458
1764166033643775584 28459
1764166033679599648 28460
1764166033714759744 28461
1764166033753823520 28462
1764166033783003744 28463
1764166033810400352 28464
1764166033847005952 28465
1764166033883544384 28466
1764166033916579200 28467
1764166033946561408 28468
1764166033980158144 28469
1764166034013523744 28470
1764166034048047296 28471
1764166034081279744 28472
1764166034112586880 28473
1764166034149688800 28474
1764166034175695072 28475
1764166034214460384 28476
1764166034248343744 28477
1764166034280347872 28478
1764166034315203584 28479
1764166034348490208 28480
1764166034375862144 28481
1764166034415972672 28482
1764166034442820896 28483
1764166034477315552 28484
1764166034516223712 28485
1764166034546008576 28486
1764166034580898272 28487
1764166034613836320 28488
1764166034647145600 28489
1764166034681228448 28490
1764166034709188992 28491
1764166034743221632 28492
1764166034781320064 28493
1764166034814499136 28494
1764166034847488352 28495
1764166034875697376 28496
1764166034911997440 28497
1764166034945973696 28498
1764166034979843424 28499
1764166035013373856 28500
1764166035046608608 28501
1764166035081342464 28502
1764166035109270848 28503
1764166035144757920 28504
1764166035179349952 28505
1764166035216269504 28506
1764166035244110112 28507
1764166035278739584 28508
1764166035317397088 28509
1764166035343192608 28510
1764166035378350368 28511
1764166035413622112 28512
1764166035447533088 28513
1764166035505928832 28514
1764166035521889088 28515
1764166035561536704 28516
1764166035590683872 28517
1764166035613901984 28518
1764166035647708032 28519
1764166035680989792 28520
1764166035714306272 28521
1764166035749689824 28522
1764166035780806336 28523
1764166035812212480 28524
1764166035846953216 28525
1764166035880681536 28526
1764166035913904000 28527
1764166035948345920 28528
1764166035990437056 28529
1764166036017630400 28530
1764166036042894560 28531
1764166036079839072 28532
1764166036116011840 28533
1764166036146087104 28534
1764166036180666656 28535
1764166036217846432 28536
1764166036252388320 28537
1764166036297516192 28538
1764166036315003104 28539
1764166036345787584 28540
1764166036382729728 28541
1764166036414665248 28542
1764166036442704704 28543
1764166036486062432 28544
1764166036521234336 28545
1764166036549273152 28546
1764166036575781472 28547
1764166036611965536 28548
1764166036652764160 28549
1764166036679910688 28550
1764166036713817792 28551
1764166036748024800 28552
1764166036781466208 28553
1764166036808947872 28554
1764166036844254496 28555
1764166036879647648 28556
1764166036915823616 28557
1764166036942424224 28558
1764166036976977248 28559
1764166037012898336 28560
1764166037046788352 28561
1764166037080353440 28562
1764166037114499808 28563
1764166037145929952 28564
1764166037180581120 28565
1764166037217359904 28566
1764166037243637632 28567
1764166037279470048 28568
1764166037315029408 28569
1764166037341788480 28570
1764166037381362560 28571
1764166037408966784 28572
1764166037445665920 28573
1764166037480008000 28574
1764166037513430720 28575
1764166037548663648 28576
1764166037577707584 28577
1764166037613089280 28578
1764166037647314176 28579
1764166037684520096 28580
1764166037711016512 28581
1764166037744914848 28582
1764166037782590752 28583
1764166037809839904 28584
1764166037844292992 28585
1764166037881495520 28586
1764166037922461152 28587
1764166037949605152 28588
1764166037982136640 28589
1764166038008324768 28590
1764166038043849536 28591
1764166038080270368 28592
1764166038112639552 28593
1764166038147103136 28594
1764166038189082240 28595
1764166038213257120 28596
1764166038246890272 28597
1764166038281143552 28598
1764166038309760768 28599
1764166038345447712 28600
1764166038379148576 28601
1764166038413993792 28602
1764166038446810816 28603
1764166038484372800 28604
1764166038510339424 28605
1764166038545223808 28606
1764166038579189600 28607
1764166038615957024 28608
1764166038642912992 28609
1764166038680371136 28610
1764166038717896992 28611
1764166038744038592 28612
1764166038779387808 28613
1764166038813459360 28614
1764166038848540608 28615
1764166038878449376 28616
1764166038913944320 28617
1764166038948108256 28618
1764166038977849248 28619
1764166039011562304 28620
1764166039045236480 28621
1764166039082237120 28622
1764166039112526464 28623
1764166039145984960 28624
1764166039197968256 28625
1764166039214043168 28626
1764166039247756000 28627
1764166039275485376 28628
1764166039310457856 28629
1764166039345470912 28630
1764166039379604064 28631
1764166039413062464 28632
1764166039446887968 28633
1764166039484124480 28634
1764166039512385728 28635
1764166039546882688 28636
1764166039578512736 28637
1764166039612928672 28638
1764166039646708192 28639
1764166039679407968 28640
1764166039715293760 28641
1764166039743237760 28642
1764166039777718464 28643
1764166039813222784 28644
1764166039848211552 28645
1764166039885332864 28646
1764166039918861440 28647
1764166039949259584 28648
1764166039983350400 28649
1764166040022221152 28650
1764166040047260480 28651
1764166040081648960 28652
1764166040110639616 28653
1764166040152573824 28654
1764166040183984896 28655
1764166040209491424 28656
1764166040248383104 28657
1764166040276940480 28658
1764166040311233024 28659
1764166040349585088 28660
1764166040381436288 28661
1764166040413248576 28662
1764166040446803424 28663
1764166040480172160 28664
1764166040512656256 28665
1764166040549161184 28666
1764166040576135072 28667
1764166040610255872 28668
1764166040645190400 28669
1764166040679465888 28670
1764166040713521888 28671
1764166040746182400 28672
1764166040780279616 28673
1764166040814957376 28674
1764166040847440032 28675
1764166040875656064 28676
1764166040918775648 28677
1764166040948738624 28678
1764166040984969088 28679
1764166041024935744 28680
1764166041046509280 28681
1764166041081019840 28682
1764166041113733536 28683
1764166041148437824 28684
1764166041184397696 28685
1764166041215991616 28686
1764166041247038720 28687
1764166041279812896 28688
1764166041312903456 28689
1764166041346930080 28690
1764166041379709408 28691
1764166041412796032 28692
1764166041453661024 28693
1764166041488275968 28694
1764166041516664256 28695
1764166041548622400 28696
1764166041578307456 28697
1764166041617790912 28698
1764166041644830240 28699
1764166041681066496 28700
1764166041713830560 28701
1764166041746498912 28702
1764166041780296512 28703
1764166041813375168 28704
1764166041846835840 28705
1764166041880873696 28706
1764166041909744832 28707
1764166041946575968 28708
1764166041980388832 28709
1764166042018628704 28710
1764166042048008512 28711
1764166042076228032 28712
1764166042110335456 28713
1764166042145007136 28714
1764166042179367168 28715
1764166042213893280 28716
1764166042251448416 28717
1764166042287393760 28718
1764166042319392832 28719
1764166042346803456 28720
1764166042378643872 28721
1764166042413148928 28722
1764166042446595104 28723
1764166042485876416 28724
1764166042513332608 28725
1764166042546052096 28726
1764166042580148128 28727
1764166042619212000 28728
1764166042647275808 28729
1764166042680352384 28730
1764166042716884288 28731
1764166042741836256 28732
1764166042777894400 28733
1764166042816740064 28734
1764166042845110144 28735
1764166042880562944 28736
1764166042914451328 28737
1764166042947390176 28738
1764166042982166528 28739
1764166043008573728 28740
1764166043051089376 28741
1764166043078090944 28742
1764166043112017024 28743
1764166043149775488 28744
1764166043175947584 28745
1764166043212655168 28746
1764166043247855808 28747
1764166043281511264 28748
1764166043309675680 28749
1764166043346669824 28750
1764166043382754720 28751
1764166043411977504 28752
1764166043446979488 28753
1764166043479854240 28754
1764166043514368672 28755
1764166043549308192 28756
1764166043578409792 28757
1764166043611768544 28758
1764166043649273376 28759
1764166043677132928 28760
1764166043712832352 28761
1764166043747596096 28762
1764166043780811456 28763
1764166043815033280 28764
1764166043843184128 28765
1764166043882290048 28766
1764166043908565984 28767
1764166043944347520 28768
1764166043979373760 28769
1764166044015314560 28770
1764166044042311104 28771
1764166044076533760 28772
1764166044115114816 28773
1764166044154650656 28774
1764166044186538112 28775
1764166044221254432 28776
1764166044249278176 28777
1764166044276642528 28778
1764166044312367840 28779
1764166044346805792 28780
1764166044381200320 28781
1764166044414332608 28782
1764166044449816832 28783
1764166044475880224 28784
1764166044516201408 28785
1764166044542594144 28786
1764166044577776832 28787
1764166044612131104 28788
1764166044646430528 28789
1764166044679836384 28790
1764166044712660000 28791
1764166044746352224 28792
1764166044779812384 28793
1764166044812850464 28794
1764166044847540608 28795
1764166044881551072 28796
1764166044909116096 28797
1764166044944750912 28798
1764166044979571648 28799
1764166045014268576 28800
1764166045047040544 28801
1764166045079776032 28802
1764166045113346080 28803
1764166045153614400 28804
1764166045180194848 28805
1764166045213918784 28806
1764166045246845312 28807
1764166045280083232 28808
1764166045313726848 28809
1764166045347507520 28810
1764166045376967776 28811
1764166045412545312 28812
1764166045446697568 28813
1764166045480759840 28814
1764166045513922752 28815
1764166045546691776 28816
1764166045583170560 28817
1764166045609466272 28818
1764166045643974752 28819
1764166045681841696 28820
1764166045714631712 28821
1764166045742126912 28822
1764166045777083296 28823
1764166045812978944 28824
1764166045847423968 28825
1764166045881276928 28826
1764166045908947520 28827
1764166045942966144 28828
1764166045979505056 28829
1764166046013421344 28830
1764166046051328096 28831
1764166046080074848 28832
1764166046112555264 28833
1764166046146572000 28834
1764166046179837184 28835
1764166046213159616 28836
1764166046247644160 28837
1764166046281346304 28838
1764166046313646016 28839
1764166046348480000 28840
1764166046379276000 28841
1764166046413214720 28842
1764166046447151712 28843
1764166046481327872 28844
1764166046515738656 28845
1764166046544905408 28846
1764166046579022880 28847
1764166046614108384 28848
1764166046647871008 28849
1764166046679619648 28850
1764166046714001664 28851
1764166046746423264 28852
1764166046781143424 28853
1764166046816004832 28854
1764166046845065344 28855
1764166046883550080 28856
1764166046912752992 28857
1764166046946435360 28858
1764166046975578144 28859
1764166047015250240 28860
1764166047053857120 28861
1764166047086411488 28862
1764166047113039232 28863
1764166047146198688 28864
1764166047180237024 28865
1764166047213022144 28866
1764166047247903712 28867
1764166047279118656 28868
1764166047313182272 28869
1764166047346594240 28870
1764166047384323968 28871
1764166047411149792 28872
1764166047445546912 28873
1764166047479395520 28874
1764166047514120000 28875
1764166047543335648 28876
1764166047580477312 28877
1764166047613350656 28878
1764166047646909792 28879
1764166047676683936 28880
1764166047711692064 28881
1764166047747658944 28882
1764166047776885024 28883
1764166047811597664 28884
1764166047852523040 28885
1764166047880363232 28886
1764166047913959744 28887
1764166047946967648 28888
1764166047982404832 28889
1764166048016143968 28890
1764166048051018880 28891
1764166048077155744 28892
1764166048112874656 28893
1764166048150197184 28894
1764166048180065792 28895
1764166048213555808 28896
1764166048246821504 28897
1764166048279985440 28898
1764166048313917440 28899
1764166048344974208 28900
1764166048381645600 28901
1764166048412035552 28902
1764166048446897376 28903
1764166048480300128 28904
1764166048513110496 28905
1764166048553945216 28906
1764166048580426464 28907
1764166048613800032 28908
1764166048648279904 28909
1764166048677454016 28910
1764166048712913568 28911
1764166048747991936 28912
1764166048783396928 28913
1764166048815251232 28914
1764166048859372128 28915
1764166048882520128 28916
1764166048917170272 28917
1764166048946075776 28918
1764166048987327328 28919
1764166049013015680 28920
1764166049046976192 28921
1764166049083266336 28922
1764166049119521248 28923
1764166049149414816 28924
1764166049179507776 28925
1764166049213026432 28926
1764166049246570272 28927
1764166049280356704 28928
1764166049314218720 28929
1764166049342278752 28930
1764166049384022400 28931
1764166049411057152 28932
1764166049450180000 28933
1764166049477097440 28934
1764166049512232320 28935
1764166049547547424 28936
1764166049583076352 28937
1764166049611996960 28938
1764166049647982720 28939
1764166049675948352 28940
1764166049716029888 28941
1764166049743366688 28942
1764166049778051360 28943
1764166049814455072 28944
1764166049850747840 28945
1764166049875305088 28946
1764166049910276576 28947
1764166049946903712 28948
1764166049980665792 28949
1764166050014637888 28950
1764166050048927040 28951
1764166050085261632 28952
1764166050113001600 28953
1764166050148959136 28954
1764166050178327776 28955
1764166050211986624 28956
1764166050246910272 28957
1764166050280833728 28958
1764166050313914016 28959
1764166050347673632 28960
1764166050380598752 28961
1764166050408789376 28962
1764166050443683680 28963
1764166050479502752 28964
1764166050513887200 28965
1764166050547250016 28966
1764166050580512352 28967
1764166050619292704 28968
1764166050648746816 28969
1764166050676669664 28970
1764166050711328576 28971
1764166050742370464 28972
1764166050776479840 28973
1764166050811657120 28974
1764166050847577088 28975
1764166050881590080 28976
1764166050908922496 28977
1764166050943274016 28978
1764166050981330112 28979
1764166051015809696 28980
1764166051055526272 28981
1764166051080470976 28982
1764166051113334368 28983
1764166051147557344 28984
1764166051180759744 28985
1764166051215749824 28986
1764166051243606144 28987
1764166051278997088 28988
1764166051314435584 28989
1764166051348899168 28990
1764166051375792800 28991
1764166051411644512 28992
1764166051446693600 28993
1764166051485915872 28994
1764166051513624544 28995
1764166051548334432 28996
1764166051577056224 28997
1764166051613491968 28998
1764166051650053280 28999
1764166051676567552 29000
1764166051713348576 29001
1764166051747840832 29002
1764166051777022784 29003
1764166051811956480 29004
1764166051847580832 29005
1764166051884785184 29006
1764166051911105216 29007
1764166051950420576 29008
1764166051980008064 29009
1764166052012379680 29010
1764166052046874560 29011
1764166052081644736 29012
1764166052114073696 29013
1764166052146859104 29014
1764166052187925312 29015
1764166052214885344 29016
1764166052246587648 29017
1764166052280062016 29018
1764166052315188384 29019
1764166052354018496 29020
1764166052390362464 29021
1764166052421708352 29022
1764166052448297536 29023
1764166052476528960 29024
1764166052520143104 29025
1764166052546874016 29026
1764166052583766080 29027
1764166052609145664 29028
1764166052642913344 29029
1764166052678680608 29030
1764166052714328576 29031
1764166052752018208 29032
1764166052777635680 29033
1764166052815551424 29034
1764166052844517152 29035
1764166052879263840 29036
1764166052916509984 29037
1764166052943356640 29038
1764166052980353248 29039
1764166053015734368 29040
1764166053042968832 29041
1764166053077371968 29042
1764166053113332288 29043
1764166053148108256 29044
1764166053175980096 29045
1764166053212223328 29046
1764166053246631392 29047
1764166053283611040 29048
1764166053310000640 29049
1764166053350658688 29050
1764166053376814496 29051
1764166053411983008 29052
1764166053446051744 29053
1764166053480185664 29054
1764166053513874528 29055
1764166053550959232 29056
1764166053577617568 29057
1764166053618129088 29058
1764166053644377888 29059
1764166053689017056 29060
1764166053731234080 29061
1764166053763072320 29062
1764166053790657856 29063
1764166053820232448 29064
1764166053845909120 29065
1764166053880741856 29066
1764166053920179104 29067
1764166053947239456 29068
1764166053976438432 29069
1764166054011380448 29070
1764166054046819840 29071
1764166054080176768 29072
1764166054116082688 29073
1764166054142465760 29074
1764166054177310624 29075
1764166054212025888 29076
1764166054247768128 29077
1764166054287067616 29078
1764166054313610464 29079
1764166054342143520 29080
1764166054378264704 29081
1764166054413176032 29082
1764166054446327872 29083
1764166054480329952 29084
1764166054515960544 29085
1764166054543728640 29086
1764166054577522016 29087
1764166054612011552 29088
1764166054647475168 29089
1764166054681307936 29090
1764166054716452320 29091
1764166054742276288 29092
1764166054779420384 29093
1764166054814551712 29094
1764166054843227520 29095
1764166054878673280 29096
1764166054912860512 29097
1764166054947047616 29098
1764166054979869024 29099
1764166055014295776 29100
1764166055048109728 29101
1764166055075007456 29102
1764166055113336288 29103
1764166055152140640 29104
1764166055179660000 29105
1764166055219341824 29106
1764166055246544320 29107
1764166055279473472 29108
1764166055318093472 29109
1764166055345865280 29110
1764166055374421696 29111
1764166055408890400 29112
1764166055443970496 29113
1764166055478949376 29114
1764166055514260864 29115
1764166055543205600 29116
1764166055577874240 29117
1764166055612438560 29118
1764166055646731744 29119
1764166055678078784 29120
1764166055712845312 29121
1764166055747003616 29122
1764166055780408608 29123
1764166055809103360 29124
1764166055846079072 29125
1764166055884008864 29126
1764166055919870912 29127
1764166055948215232 29128
1764166055976072576 29129
1764166056012555232 29130
1764166056049776064 29131
1764166056076816192 29132
1764166056112434624 29133
1764166056148579968 29134
1764166056176834560 29135
1764166056214320512 29136
1764166056248922336 29137
1764166056276289280 29138
1764166056309979872 29139
1764166056345437760 29140
1764166056380517312 29141
1764166056413345664 29142
1764166056449306336 29143
1764166056475696928 29144
1764166056511877824 29145
1764166056545840480 29146
1764166056580114720 29147
1764166056616672992 29148
1764166056643386848 29149
1764166056679130880 29150
1764166056713689088 29151
1764166056746526368 29152
1764166056780599776 29153
1764166056814126688 29154
1764166056848252768 29155
1764166056884793856 29156
1764166056913951776 29157
1764166056941850944 29158
1764166056976725248 29159
1764166057015771488 29160
1764166057044010848 29161
1764166057077959456 29162
1764166057117045312 29163
1764166057143399008 29164
1764166057179369312 29165
1764166057214277600 29166
1764166057243206496 29167
1764166057278056032 29168
1764166057322461152 29169
1764166057346273664 29170
1764166057380558688 29171
1764166057413526880 29172
1764166057452144384 29173
1764166057490538176 29174
1764166057518692928 29175
1764166057557115360 29176
1764166057582134976 29177
1764166057609017632 29178
1764166057643716512 29179
1764166057679041952 29180
1764166057717884736 29181
1764166057747167072 29182
1764166057775717376 29183
1764166057809975360 29184
1764166057845620992 29185
1764166057880548096 29186
1764166057913084448 29187
1764166057947070400 29188
1764166057976956032 29189
1764166058012389536 29190
1764166058046198464 29191
1764166058079850752 29192
1764166058116534176 29193
1764166058145139008 29194
1764166058176888128 29195
1764166058211825696 29196
1764166058247290528 29197
1764166058279138240 29198
1764166058313660448 29199
1764166058341365408 29200
1764166058378298400 29201
1764166058421847712 29202
1764166058460678752 29203
1764166058491562720 29204
1764166058516363136 29205
1764166058545229568 29206
1764166058579230528 29207
1764166058612413184 29208
1764166058642729760 29209
1764166058676558176 29210
1764166058711342912 29211
1764166058747926784 29212
1764166058786108960 29213
1764166058821567328 29214
1764166058850075616 29215
1764166058881022048 29216
1764166058911130656 29217
1764166058949179584 29218
1764166058983273568 29219
1764166059015417568 29220
1764166059041324928 29221
1764166059075845632 29222
1764166059110161216 29223
1764166059145919168 29224
1764166059181498016 29225
1764166059208579680 29226
1764166059245997664 29227
1764166059280296832 29228
1764166059308788832 29229
1764166059344650240 29230
1764166059380568800 29231
1764166059408497728 29232
1764166059443743104 29233
1764166059479425536 29234
1764166059518450720 29235
1764166059546729696 29236
1764166059580345888 29237
1764166059613548224 29238
1764166059646949216 29239
1764166059679954816 29240
1764166059719495840 29241
1764166059755787328 29242
1764166059783359040 29243
1764166059817444544 29244
1764166059847636416 29245
1764166059876586400 29246
1764166059911783360 29247
1764166059946529952 29248
1764166059979507776 29249
1764166060009484960 29250
1764166060044931616 29251
1764166060080267264 29252
1764166060114680800 29253
1764166060141935168 29254
1764166060175761920 29255
1764166060211728256 29256
1764166060249928768 29257
1764166060276715584 29258
1764166060311491744 29259
1764166060346086624 29260
1764166060379561824 29261
1764166060413215392 29262
1764166060447264384 29263
1764166060476052256 29264
1764166060511813280 29265
1764166060546239744 29266
1764166060576850336 29267
1764166060611360960 29268
1764166060648505824 29269
1764166060679550656 29270
1764166060712950112 29271
1764166060751682720 29272
1764166060781741600 29273
1764166060813981056 29274
1764166060842655200 29275
1764166060878021952 29276
1764166060912664064 29277
1764166060945561792 29278
1764166060981918720 29279
1764166061018541856 29280
1764166061045890784 29281
1764166061085117344 29282
1764166061113867232 29283
1764166061152123776 29284
1764166061181724672 29285
1764166061211584000 29286
1764166061256037376 29287
1764166061279727808 29288
1764166061313120960 29289
1764166061357180032 29290
1764166061391153888 29291
1764166061421223296 29292
1764166061446783104 29293
1764166061477848384 29294
1764166061519898848 29295
1764166061556228000 29296
1764166061595760928 29297
1764166061623676672 29298
1764166061649901088 29299
1764166061673875168 29300
1764166061707025824 29301
1764166061742948672 29302
1764166061780387264 29303
1764166061817589376 29304
1764166061845409888 29305
1764166061879056352 29306
1764166061913077024 29307
1764166061946570816 29308
1764166061979968160 29309
1764166062008394656 29310
1764166062043709632 29311
1764166062077545696 29312
1764166062113223648 29313
1764166062145708864 29314
1764166062179107104 29315
1764166062212353504 29316
1764166062255340544 29317
1764166062279518592 29318
1764166062312357984 29319
1764166062350936096 29320
1764166062380222656 29321
1764166062408852416 29322
1764166062447336288 29323
1764166062482609280 29324
1764166062518548480 29325
1764166062550783520 29326
1764166062588350816 29327
1764166062613791200 29328
1764166062642213248 29329
1764166062676855264 29330
1764166062712373248 29331
1764166062746015712 29332
1764166062779107520 29333
1764166062808388704 29334
1764166062842137024 29335
1764166062877175104 29336
1764166062912548864 29337
1764166062946318560 29338
1764166062981504480 29339
1764166063010494400 29340
1764166063049612480 29341
1764166063078976576 29342
1764166063112647488 29343
1764166063152576352 29344
1764166063179662624 29345
1764166063212883808 29346
1764166063246160576 29347
1764166063280142176 29348
1764166063313568608 29349
1764166063349741216 29350
1764166063378846176 29351
1764166063412809440 29352
1764166063443342208 29353
1764166063476900992 29354
1764166063510689472 29355
1764166063544685120 29356
1764166063579656544 29357
1764166063612008288 29358
1764166063646570240 29359
1764166063681344416 29360
1764166063719561184 29361
1764166063749593760 29362
1764166063774752096 29363
1764166063814431520 29364
1764166063846625248 29365
1764166063879834080 29366
1764166063919006176 29367
1764166063948054624 29368
1764166063977084352 29369
1764166064014414016 29370
1764166064043683040 29371
1764166064077524672 29372
1764166064112258144 29373
1764166064145376736 29374
1764166064187950560 29375
1764166064214154816 29376
1764166064258913408 29377
1764166064289070848 29378
1764166064315346208 29379
1764166064350794016 29380
1764166064389881280 29381
1764166064420288640 29382
1764166064445103104 29383
1764166064480276032 29384
