1764164210993862592 92783
1764164211027844064 92784
1764164211060538816 92785
1764164211094753440 92786
1764164211127485152 92787
1764164211162461760 92788
1764164211189395520 92789
1764164211227534336 92790
1764164211262190208 92791
1764164211295066784 92792
1764164211328721056 92793
1764164211357059648 92794
1764164211392946336 92795
1764164211427359200 92796
1764164211462166496 92797
1764164211493337792 92798
1764164211528188864 92799
1764164211561447264 92800
1764164211596892704 92801
1764164211625672096 92802
1764164211660408032 92803
1764164211694537152 92804
1764164211727597408 92805
1764164211760641984 92806
1764164211794843360 92807
1764164211827356032 92808
1764164211861069792 92809
1764164211895557856 92810
1764164211924084032 92811
1764164211961065760 92812
1764164211994119520 92813
1764164212027172320 92814
1764164212060893952 92815
1764164212095386400 92816
1764164212128467936 92817
1764164212161648096 92818
1764164212195508672 92819
1764164212228731584 92820
1764164212261156864 92821
1764164212294094752 92822
1764164212329105568 92823
1764164212357418848 92824
1764164212392518112 92825
1764164212426595104 92826
1764164212461430656 92827
1764164212494444800 92828
1764164212528404224 92829
1764164212564898304 92830
1764164212591157216 92831
1764164212625754432 92832
1764164212666056672 92833
1764164212693693504 92834
1764164212727565728 92835
1764164212761320640 92836
1764164212791534208 92837
1764164212826167680 92838
1764164212862784256 92839
1764164212889917632 92840
1764164212926993472 92841
1764164212961280064 92842
1764164212994568000 92843
1764164213028045632 92844
1764164213057838944 92845
1764164213091786112 92846
1764164213127258144 92847
1764164213161298208 92848
1764164213194959744 92849
1764164213227876448 92850
1764164213256100544 92851
1764164213291893600 92852
1764164213326463744 92853
1764164213361622848 92854
1764164213394167840 92855
1764164213427980864 92856
1764164213460561376 92857
1764164213494681088 92858
1764164213525034208 92859
1764164213559766144 92860
1764164213594995520 92861
1764164213631604576 92862
1764164213660116768 92863
1764164213693799360 92864
1764164213728294880 92865
1764164213758845344 92866
1764164213793743168 92867
1764164213828966592 92868
1764164213861671328 92869
1764164213894328672 92870
1764164213928120064 92871
1764164213961794080 92872
1764164213996302624 92873
1764164214024096288 92874
1764164214059365376 92875
1764164214101492320 92876
1764164214138152608 92877
1764164214162280192 92878
1764164214195899264 92879
1764164214224019200 92880
1764164214260460352 92881
1764164214294083040 92882
1764164214328733024 92883
1764164214362650752 92884
1764164214393113312 92885
1764164214426887392 92886
1764164214461204640 92887
1764164214494225952 92888
1764164214528063648 92889
1764164214560707360 92890
1764164214594886752 92891
1764164214627387136 92892
1764164214661228800 92893
1764164214694696928 92894
1764164214727601024 92895
1764164214762291648 92896
1764164214800743488 92897
1764164214828181184 92898
1764164214862794592 92899
1764164214902768064 92900
1764164214928125152 92901
1764164214960652352 92902
1764164214993916704 92903
1764164215027590272 92904
1764164215063276000 92905
1764164215089893664 92906
1764164215130338208 92907
1764164215167454432 92908
1764164215194591328 92909
1764164215228229568 92910
1764164215267774368 92911
1764164215294601792 92912
1764164215331647008 92913
1764164215361319392 92914
1764164215395195168 92915
1764164215427442528 92916
1764164215460856704 92917
1764164215495810560 92918
1764164215525409952 92919
1764164215559325472 92920
1764164215598111328 92921
1764164215624324864 92922
1764164215658838592 92923
1764164215693329920 92924
1764164215731456576 92925
1764164215757509600 92926
1764164215796530016 92927
1764164215823781152 92928
1764164215858925568 92929
1764164215895499776 92930
1764164215924986720 92931
1764164215960343328 92932
1764164215995679040 92933
1764164216028847904 92934
1764164216056997824 92935
1764164216095442752 92936
1764164216125137856 92937
1764164216168107136 92938
1764164216198759104 92939
1764164216225387424 92940
1764164216259549024 92941
1764164216294274208 92942
1764164216328318720 92943
1764164216363590752 92944
1764164216393420352 92945
1764164216428038880 92946
1764164216463778176 92947
1764164216489569792 92948
1764164216529819488 92949
1764164216557348640 92950
1764164216592439584 92951
1764164216627501984 92952
1764164216661550688 92953
1764164216694270144 92954
1764164216731434880 92955
1764164216759334560 92956
1764164216794600608 92957
1764164216830706176 92958
1764164216857077632 92959
1764164216894074016 92960
1764164216927639808 92961
1764164216960999776 92962
1764164216994398240 92963
1764164217028691424 92964
1764164217061761920 92965
1764164217094826080 92966
1764164217128170272 92967
1764164217161313632 92968
1764164217194722848 92969
1764164217228587776 92970
1764164217262892352 92971
1764164217290640928 92972
1764164217325017728 92973
1764164217360865856 92974
1764164217396581088 92975
1764164217425465376 92976
1764164217464427392 92977
1764164217491273120 92978
1764164217528060640 92979
1764164217562219200 92980
1764164217597620576 92981
1764164217631535008 92982
1764164217660050976 92983
1764164217694478080 92984
1764164217728344544 92985
1764164217759234816 92986
1764164217797828896 92987
1764164217826216384 92988
1764164217859962656 92989
1764164217894883232 92990
1764164217928301568 92991
1764164217961654784 92992
1764164217995459456 92993
1764164218030588448 92994
1764164218059152224 92995
1764164218098302656 92996
1764164218125758752 92997
1764164218162328544 92998
1764164218195901280 92999
1764164218223496800 93000
1764164218261244032 93001
1764164218295005120 93002
1764164218323349952 93003
1764164218359850048 93004
1764164218395945728 93005
1764164218426663616 93006
1764164218461517504 93007
1764164218495753920 93008
1764164218529028288 93009
1764164218562333824 93010
1764164218597062592 93011
1764164218623995936 93012
1764164218659935840 93013
1764164218698714432 93014
1764164218725257056 93015
1764164218763880448 93016
1764164218790139616 93017
1764164218827442592 93018
1764164218861711040 93019
1764164218894712064 93020
1764164218924485280 93021
1764164218962253632 93022
1764164218990994432 93023
1764164219030444128 93024
1764164219063381376 93025
1764164219093249632 93026
1764164219129332096 93027
1764164219161950624 93028
1764164219194453920 93029
1764164219231595264 93030
1764164219259389664 93031
1764164219298644352 93032
1764164219323820832 93033
1764164219359608384 93034
1764164219394509504 93035
1764164219429826816 93036
1764164219457467424 93037
1764164219493084992 93038
1764164219531756576 93039
1764164219557884768 93040
1764164219593008736 93041
1764164219634074080 93042
1764164219661702240 93043
1764164219695694080 93044
1764164219726324704 93045
1764164219764526400 93046
1764164219803176928 93047
1764164219827664288 93048
1764164219862243360 93049
1764164219898862336 93050
1764164219927751968 93051
1764164219961914144 93052
1764164219995456480 93053
1764164220026938144 93054
1764164220060944640 93055
1764164220100546528 93056
1764164220130419584 93057
1764164220157429696 93058
1764164220195863424 93059
1764164220223878016 93060
1764164220266014592 93061
1764164220291058304 93062
1764164220327122880 93063
1764164220367155168 93064
1764164220396059424 93065
1764164220431197088 93066
1764164220457351136 93067
1764164220491115584 93068
1764164220526297856 93069
1764164220566068512 93070
1764164220591640256 93071
1764164220627072640 93072
1764164220661805536 93073
1764164220698056480 93074
1764164220723547488 93075
1764164220759844320 93076
1764164220795095808 93077
1764164220829645120 93078
1764164220866889856 93079
1764164220894667616 93080
1764164220928626304 93081
1764164220963198560 93082
1764164221007592832 93083
1764164221034644160 93084
1764164221061422560 93085
1764164221095575712 93086
1764164221128733920 93087
1764164221162487776 93088
1764164221190548992 93089
1764164221226741920 93090
1764164221263517344 93091
1764164221290242688 93092
1764164221327507520 93093
1764164221361779840 93094
1764164221395513024 93095
1764164221428609664 93096
1764164221462007456 93097
1764164221498449312 93098
1764164221526092640 93099
1764164221564959712 93100
1764164221599567776 93101
1764164221627656224 93102
1764164221662518112 93103
1764164221699792320 93104
1764164221725018528 93105
1764164221761739488 93106
1764164221798403040 93107
1764164221824331008 93108
1764164221860598176 93109
1764164221897838080 93110
1764164221924103200 93111
1764164221966195904 93112
1764164222002320480 93113
1764164222028582752 93114
1764164222061589856 93115
1764164222095034944 93116
1764164222127847040 93117
1764164222163528032 93118
1764164222194459104 93119
1764164222228995360 93120
1764164222261962880 93121
1764164222295237344 93122
1764164222331548768 93123
1764164222364647712 93124
1764164222395832608 93125
1764164222427761728 93126
1764164222461425344 93127
1764164222496160096 93128
1764164222524052704 93129
1764164222563623232 93130
1764164222590640256 93131
1764164222627889344 93132
1764164222664188800 93133
1764164222690561312 93134
1764164222725254400 93135
1764164222760106528 93136
1764164222793667520 93137
1764164222830981056 93138
1764164222857583104 93139
1764164222900348896 93140
1764164222931668288 93141
1764164222964092736 93142
1764164223002617920 93143
1764164223028050432 93144
1764164223062288736 93145
1764164223089995840 93146
1764164223127835680 93147
1764164223162504032 93148
1764164223191224576 93149
1764164223230027040 93150
1764164223263060256 93151
1764164223291048544 93152
1764164223326421088 93153
1764164223361506144 93154
1764164223399542016 93155
1764164223431896192 93156
1764164223457338112 93157
1764164223492631776 93158
1764164223528835424 93159
1764164223564290048 93160
1764164223593242144 93161
1764164223628917888 93162
1764164223662584288 93163
1764164223690584256 93164
1764164223733187552 93165
1764164223762783040 93166
1764164223791500448 93167
1764164223829472128 93168
1764164223863116384 93169
1764164223889785888 93170
1764164223927216416 93171
1764164223961651424 93172
1764164223995005472 93173
1764164224028675296 93174
1764164224063552640 93175
1764164224091409664 93176
1764164224126730944 93177
1764164224161720416 93178
1764164224195273408 93179
1764164224228471488 93180
1764164224262781632 93181
1764164224297481184 93182
1764164224326765824 93183
1764164224366890528 93184
1764164224398282464 93185
1764164224428324928 93186
1764164224462471008 93187
1764164224496532608 93188
1764164224525680480 93189
1764164224560593984 93190
1764164224600775968 93191
1764164224627971264 93192
1764164224661925248 93193
1764164224696014496 93194
1764164224731932480 93195
1764164224757945984 93196
1764164224799724384 93197
1764164224827419104 93198
1764164224861747840 93199
1764164224900284000 93200
1764164224938214336 93201
1764164224961684960 93202
1764164224999485184 93203
1764164225026154688 93204
1764164225062466208 93205
1764164225100179200 93206
1764164225127760448 93207
1764164225168261216 93208
1764164225200158528 93209
1764164225234339424 93210
1764164225266521408 93211
1764164225306639968 93212
1764164225327105952 93213
1764164225366956768 93214
1764164225406043232 93215
1764164225429497888 93216
1764164225458885472 93217
1764164225495461152 93218
1764164225528877984 93219
1764164225562775712 93220
1764164225596121600 93221
1764164225634484192 93222
1764164225660821920 93223
1764164225701150368 93224
1764164225732050400 93225
1764164225765828352 93226
1764164225796247488 93227
1764164225824397632 93228
1764164225860187200 93229
1764164225895147008 93230
1764164225933999200 93231
1764164225961185952 93232
1764164225996865632 93233
1764164226023881056 93234
1764164226067799936 93235
1764164226095114496 93236
1764164226130222016 93237
1764164226159389472 93238
1764164226195974912 93239
1764164226228983488 93240
1764164226262158432 93241
1764164226295550400 93242
1764164226333531424 93243
1764164226362837696 93244
1764164226400271584 93245
1764164226435764640 93246
1764164226466107232 93247
1764164226495202528 93248
1764164226531026976 93249
1764164226557516320 93250
1764164226599360032 93251
1764164226634869216 93252
1764164226663468800 93253
1764164226693043104 93254
1764164226727022656 93255
1764164226763683520 93256
1764164226800559808 93257
1764164226828041600 93258
1764164226862526944 93259
1764164226900581664 93260
1764164226938542528 93261
1764164226974555968 93262
1764164226995912128 93263
1764164227030812288 93264
1764164227057782880 93265
1764164227098946048 93266
1764164227127247264 93267
1764164227162363072 93268
1764164227201398112 93269
1764164227228367744 93270
1764164227267699872 93271
1764164227298568608 93272
1764164227331352800 93273
1764164227359475584 93274
1764164227399387456 93275
1764164227424837696 93276
1764164227459872096 93277
1764164227494729088 93278
1764164227531450336 93279
1764164227557061696 93280
1764164227592061184 93281
1764164227627954528 93282
1764164227662512192 93283
1764164227691802400 93284
1764164227736149632 93285
1764164227765906784 93286
1764164227795768640 93287
1764164227832055232 93288
1764164227859399424 93289
1764164227898973856 93290
1764164227934751424 93291
1764164227961961472 93292
1764164227995789504 93293
1764164228028677408 93294
1764164228063435488 93295
1764164228091255328 93296
1764164228135837856 93297
1764164228162917152 93298
1764164228190737696 93299
1764164228235027360 93300
1764164228261942848 93301
1764164228301025440 93302
1764164228329084800 93303
1764164228362205728 93304
1764164228391799712 93305
1764164228429024672 93306
1764164228465712800 93307
1764164228494018688 93308
1764164228534097280 93309
1764164228562521632 93310
1764164228595692736 93311
1764164228630729824 93312
1764164228657518496 93313
1764164228694539904 93314
1764164228729052992 93315
1764164228766272800 93316
1764164228790819040 93317
1764164228826606208 93318
1764164228862124288 93319
1764164228901733152 93320
1764164228934306240 93321
1764164228963386304 93322
1764164228990858400 93323
1764164229026470368 93324
1764164229069022048 93325
1764164229097112672 93326
1764164229124411296 93327
1764164229160564128 93328
1764164229195138304 93329
1764164229228860832 93330
1764164229263749152 93331
1764164229290349536 93332
1764164229330477888 93333
1764164229358301056 93334
1764164229394013408 93335
1764164229428254976 93336
1764164229461510848 93337
1764164229495715200 93338
1764164229531491392 93339
1764164229557160192 93340
1764164229593100288 93341
1764164229635003744 93342
1764164229661707200 93343
1764164229695080640 93344
1764164229728986496 93345
1764164229761742400 93346
1764164229795350656 93347
1764164229830588032 93348
1764164229859174208 93349
1764164229894003872 93350
1764164229928288544 93351
1764164229961873792 93352
1764164229995230592 93353
1764164230030187744 93354
1764164230058149600 93355
1764164230093593728 93356
1764164230131612608 93357
1764164230157838272 93358
1764164230202283072 93359
1764164230240733824 93360
1764164230267137248 93361
1764164230311142112 93362
1764164230330480096 93363
1764164230370024032 93364
1764164230421753856 93365
1764164230441009696 93366
1764164230471240704 93367
1764164230495459648 93368
1764164230527761184 93369
1764164230562607168 93370
1764164230599642976 93371
1764164230628543872 93372
1764164230662249600 93373
1764164230694999584 93374
1764164230731896608 93375
1764164230766644160 93376
1764164230798684992 93377
1764164230836099808 93378
1764164230866855680 93379
1764164230894594752 93380
1764164230931216800 93381
1764164230969790400 93382
1764164230994204160 93383
1764164231030484896 93384
1764164231058720352 93385
1764164231093492096 93386
1764164231128260960 93387
1764164231162747328 93388
1764164231202925632 93389
1764164231228340128 93390
1764164231263384288 93391
1764164231296786336 93392
1764164231334552640 93393
1764164231362983616 93394
1764164231394351584 93395
1764164231433605920 93396
1764164231460997248 93397
1764164231495822944 93398
1764164231524924928 93399
1764164231560282240 93400
1764164231595583744 93401
1764164231629317440 93402
1764164231662456864 93403
1764164231700213472 93404
1764164231737742752 93405
1764164231762002464 93406
1764164231796054528 93407
1764164231828598272 93408
1764164231863278720 93409
1764164231895977504 93410
1764164231930451200 93411
1764164231956886400 93412
1764164231999401472 93413
1764164232025295168 93414
1764164232062451840 93415
1764164232096003392 93416
1764164232134853568 93417
1764164232163198240 93418
1764164232197233408 93419
1764164232225857600 93420
1764164232261276736 93421
1764164232296231616 93422
1764164232329057792 93423
1764164232362915904 93424
1764164232396944480 93425
1764164232434177792 93426
1764164232459568896 93427
1764164232495098848 93428
1764164232532654944 93429
1764164232558957504 93430
1764164232598178144 93431
1764164232629618656 93432
1764164232668060992 93433
1764164232695475648 93434
1764164232730031808 93435
1764164232766463968 93436
1764164232791911232 93437
1764164232827412416 93438
1764164232863808256 93439
1764164232890724544 93440
1764164232927633056 93441
1764164232962149440 93442
1764164232995377664 93443
1764164233031674976 93444
1764164233057784064 93445
1764164233098444096 93446
1764164233124801440 93447
1764164233160238752 93448
1764164233195169536 93449
1764164233231135264 93450
1764164233258892096 93451
1764164233295673440 93452
1764164233331576352 93453
1764164233357725984 93454
1764164233393041440 93455
1764164233428696160 93456
1764164233458528256 93457
1764164233495381152 93458
1764164233531268384 93459
1764164233558414208 93460
1764164233593445408 93461
1764164233630554720 93462
1764164233658245376 93463
1764164233694491872 93464
1764164233729426208 93465
1764164233765293472 93466
1764164233791063264 93467
1764164233827961856 93468
1764164233862217152 93469
1764164233895690016 93470
1764164233924586336 93471
1764164233962406656 93472
1764164233995257856 93473
1764164234029121536 93474
1764164234062725632 93475
1764164234099514880 93476
1764164234132144064 93477
1764164234158466656 93478
1764164234194288288 93479
1764164234237497792 93480
1764164234262327200 93481
1764164234300200672 93482
1764164234325372000 93483
1764164234360391488 93484
1764164234404053696 93485
1764164234428696736 93486
1764164234464286528 93487
1764164234501372288 93488
1764164234530348224 93489
1764164234558595008 93490
1764164234602473888 93491
1764164234631596192 93492
1764164234658962528 93493
1764164234701576928 93494
1764164234728738528 93495
1764164234762788384 93496
1764164234796073568 93497
1764164234831496480 93498
1764164234860394400 93499
1764164234898185344 93500
1764164234924915072 93501
1764164234960279552 93502
1764164234995346816 93503
1764164235032625376 93504
1764164235059809504 93505
1764164235096519968 93506
1764164235129714176 93507
1764164235168168928 93508
1764164235195415776 93509
1764164235229655552 93510
1764164235266115904 93511
1764164235292236448 93512
1764164235327782144 93513
1764164235370975840 93514
1764164235395700832 93515
1764164235431343808 93516
1764164235467751712 93517
1764164235496694624 93518
1764164235533336448 93519
1764164235559294944 93520
1764164235599825344 93521
1764164235624614976 93522
1764164235659857344 93523
1764164235696866656 93524
1764164235729636832 93525
1764164235766721440 93526
1764164235804693856 93527
1764164235831060768 93528
1764164235862202336 93529
1764164235900012096 93530
1764164235927236864 93531
1764164235964325920 93532
1764164235998549408 93533
1764164236026572832 93534
1764164236062008736 93535
1764164236104591200 93536
1764164236141382656 93537
1764164236172700704 93538
1764164236207375136 93539
1764164236238895648 93540
1764164236272274688 93541
1764164236297573664 93542
1764164236325512032 93543
1764164236360199136 93544
1764164236396731360 93545
1764164236440812608 93546
1764164236465280288 93547
1764164236500044832 93548
1764164236529008032 93549
1764164236563108320 93550
1764164236592618496 93551
1764164236628446720 93552
1764164236662994240 93553
1764164236695874688 93554
1764164236725523328 93555
1764164236762468064 93556
1764164236798070400 93557
1764164236824837952 93558
1764164236863298880 93559
1764164236896572000 93560
1764164236931184160 93561
1764164236962223968 93562
1764164236999683264 93563
1764164237026123264 93564
1764164237061839808 93565
1764164237092209472 93566
1764164237130442240 93567
1764164237157674368 93568
1764164237190304320 93569
1764164237224861056 93570
1764164237263622944 93571
1764164237297029152 93572
1764164237330453536 93573
1764164237364083872 93574
1764164237390933792 93575
1764164237429576416 93576
1764164237463157632 93577
1764164237491360736 93578
1764164237527220128 93579
1764164237562941408 93580
1764164237598089952 93581
1764164237626089760 93582
1764164237661831648 93583
1764164237696255520 93584
1764164237739821920 93585
1764164237762239488 93586
1764164237797454240 93587
1764164237830861056 93588
1764164237857549376 93589
1764164237891114272 93590
1764164237929646528 93591
1764164237967129888 93592
1764164237992234400 93593
1764164238031141248 93594
1764164238063335584 93595
1764164238098856320 93596
1764164238127212288 93597
1764164238172737600 93598
1764164238195438112 93599
1764164238229752704 93600
1764164238262001024 93601
1764164238296883744 93602
1764164238335030368 93603
1764164238362581248 93604
1764164238397321056 93605
1764164238426277248 93606
1764164238475090272 93607
1764164238497068448 93608
1764164238526978048 93609
1764164238562792032 93610
1764164238598639136 93611
1764164238625287264 93612
1764164238659621440 93613
1764164238696426528 93614
1764164238727721760 93615
1764164238763964768 93616
1764164238797042784 93617
1764164238831195616 93618
1764164238879107552 93619
1764164238906548768 93620
1764164238930060768 93621
1764164238963076384 93622
1764164238996787104 93623
1764164239032107104 93624
1764164239058265632 93625
1764164239091940800 93626
1764164239129015168 93627
1764164239162286656 93628
1764164239196851136 93629
1764164239231160672 93630
1764164239262182496 93631
1764164239296244640 93632
1764164239329114880 93633
1764164239363515968 93634
1764164239396573216 93635
1764164239429496704 93636
1764164239463159456 93637
1764164239508331648 93638
1764164239528884800 93639
1764164239562972288 93640
1764164239596371136 93641
1764164239629487904 93642
1764164239664749920 93643
1764164239691753984 93644
1764164239727245120 93645
1764164239763835456 93646
1764164239791548576 93647
1764164239826250592 93648
1764164239862344352 93649
1764164239892663200 93650
1764164239929383744 93651
1764164239967710144 93652
1764164239992557344 93653
1764164240028420288 93654
1764164240062859072 93655
1764164240097570912 93656
1764164240129627712 93657
1764164240162712416 93658
1764164240197200928 93659
1764164240239468288 93660
1764164240263340416 93661
1764164240306092448 93662
1764164240330332160 93663
1764164240363583008 93664
1764164240393039968 93665
1764164240428426080 93666
1764164240463256832 93667
1764164240496584128 93668
1764164240527410496 93669
1764164240562491360 93670
1764164240596733184 93671
1764164240631783264 93672
1764164240657658464 93673
1764164240693076192 93674
1764164240725524992 93675
1764164240761823200 93676
1764164240796305888 93677
1764164240824407744 93678
1764164240859642080 93679
1764164240897644960 93680
1764164240929041280 93681
1764164240963643680 93682
1764164240996418848 93683
1764164241029866976 93684
1764164241063652000 93685
1764164241097524832 93686
1764164241129789856 93687
1764164241163697664 93688
1764164241196342496 93689
1764164241230413568 93690
1764164241257536256 93691
1764164241294129888 93692
1764164241332818944 93693
1764164241362561984 93694
1764164241396632544 93695
1764164241430846752 93696
1764164241469191552 93697
1764164241498954368 93698
1764164241525842880 93699
1764164241560676256 93700
1764164241597655808 93701
1764164241628556512 93702
1764164241671977760 93703
1764164241695779328 93704
1764164241734832096 93705
1764164241761186208 93706
1764164241795833184 93707
1764164241830173536 93708
1764164241860311264 93709
1764164241896930624 93710
1764164241931597600 93711
1764164241963513696 93712
1764164241997644960 93713
1764164242029634368 93714
1764164242063378880 93715
1764164242097036544 93716
1764164242130249568 93717
1764164242166958144 93718
1764164242194282592 93719
1764164242228705376 93720
1764164242266563136 93721
1764164242295577504 93722
1764164242338612832 93723
1764164242361680896 93724
1764164242396380096 93725
1764164242431285312 93726
1764164242459125120 93727
1764164242497304832 93728
1764164242530431040 93729
1764164242569141056 93730
1764164242611799264 93731
1764164242633023840 93732
1764164242665085312 93733
1764164242695521280 93734
1764164242741289536 93735
1764164242761481056 93736
1764164242797077408 93737
1764164242834465824 93738
1764164242861978272 93739
1764164242895502752 93740
1764164242930081280 93741
1764164242963478368 93742
1764164242999326080 93743
1764164243028947168 93744
1764164243068892736 93745
1764164243096110368 93746
1764164243141455712 93747
1764164243161910752 93748
1764164243190739520 93749
1764164243224788544 93750
1764164243262176672 93751
1764164243298101824 93752
1764164243325902656 93753
1764164243362274592 93754
1764164243396526976 93755
1764164243446040960 93756
1764164243464064448 93757
1764164243496397280 93758
1764164243530301632 93759
1764164243564522336 93760
1764164243591401184 93761
1764164243625862848 93762
1764164243662863424 93763
1764164243697309632 93764
1764164243731292960 93765
1764164243758432896 93766
1764164243792852832 93767
1764164243832289376 93768
1764164243860050208 93769
1764164243896583680 93770
1764164243929526112 93771
1764164243964359872 93772
1764164244008416192 93773
1764164244029766048 93774
1764164244063862144 93775
1764164244092673216 93776
1764164244130719968 93777
1764164244175020640 93778
1764164244195398080 93779
1764164244230323648 93780
1764164244262359520 93781
1764164244291557344 93782
1764164244328228064 93783
1764164244358889760 93784
1764164244395513312 93785
1764164244440963712 93786
1764164244462117792 93787
1764164244497974112 93788
1764164244526470272 93789
1764164244564636704 93790
1764164244595240192 93791
1764164244631716928 93792
1764164244671372128 93793
1764164244704034208 93794
1764164244729489152 93795
1764164244763708800 93796
1764164244796928864 93797
1764164244829995712 93798
1764164244859162624 93799
1764164244903311872 93800
1764164244942021664 93801
1764164244961766944 93802
1764164244996719936 93803
1764164245034017664 93804
1764164245059173888 93805
1764164245094918592 93806
1764164245129756256 93807
1764164245164436320 93808
1764164245191934240 93809
1764164245229018816 93810
1764164245276000864 93811
1764164245296257472 93812
1764164245330562656 93813
1764164245358885984 93814
1764164245393498464 93815
1764164245429608384 93816
1764164245463007712 93817
1764164245497540128 93818
1764164245526496064 93819
1764164245562783104 93820
1764164245596433120 93821
1764164245624775264 93822
1764164245659812352 93823
1764164245695640480 93824
1764164245730901024 93825
1764164245763972000 93826
1764164245798220512 93827
1764164245835798720 93828
1764164245864228928 93829
1764164245898070112 93830
1764164245931646944 93831
1764164245962945888 93832
1764164245997468000 93833
1764164246031588736 93834
1764164246060234496 93835
1764164246097571104 93836
1764164246125274848 93837
1764164246160283072 93838
1764164246197454208 93839
1764164246230948448 93840
1764164246264264000 93841
1764164246297821568 93842
1764164246330950848 93843
1764164246359516352 93844
1764164246395031424 93845
1764164246430343328 93846
1764164246464576064 93847
1764164246498015136 93848
1764164246530065728 93849
1764164246557900704 93850
1764164246592404736 93851
1764164246628623360 93852
1764164246659474912 93853
1764164246698372736 93854
1764164246726241152 93855
1764164246762464064 93856
1764164246796636096 93857
1764164246830690336 93858
1764164246864001504 93859
1764164246894633984 93860
1764164246929736544 93861
1764164246963614144 93862
1764164246992084288 93863
1764164247027202176 93864
1764164247062735584 93865
1764164247097026880 93866
1764164247131104192 93867
1764164247163501504 93868
1764164247197111680 93869
1764164247230149952 93870
1764164247263245184 93871
1764164247296718272 93872
1764164247330754880 93873
1764164247359542336 93874
1764164247395966176 93875
1764164247430214720 93876
1764164247463743008 93877
1764164247498502752 93878
1764164247526948832 93879
1764164247563133504 93880
1764164247596851232 93881
1764164247624788960 93882
1764164247658942336 93883
1764164247694198176 93884
1764164247729742016 93885
1764164247763431840 93886
1764164247797617856 93887
1764164247830687552 93888
1764164247864335360 93889
1764164247897332640 93890
1764164247931283616 93891
1764164247958839200 93892
1764164247994682752 93893
1764164248042458944 93894
1764164248063710624 93895
1764164248096892352 93896
1764164248129241856 93897
1764164248164420736 93898
1764164248198885728 93899
1764164248225793312 93900
1764164248267035648 93901
1764164248293044608 93902
1764164248328565536 93903
1764164248363598048 93904
1764164248396802304 93905
1764164248430800992 93906
1764164248464113760 93907
1764164248492406272 93908
1764164248527523936 93909
1764164248562364096 93910
1764164248597177728 93911
1764164248629883584 93912
1764164248663082240 93913
1764164248697136864 93914
1764164248730063008 93915
1764164248763088608 93916
1764164248791500448 93917
1764164248828170304 93918
1764164248863107264 93919
