95759 3225234500 1764164309137.233154 1764164309137 1764164309144
95760 3225267844 1764164309170.568848 1764164309171 1764164309178
95761 3225301188 1764164309203.904541 1764164309203 1764164309211
95762 3225334532 1764164309237.240234 1764164309237 1764164309244
95763 3225367876 1764164309270.575928 1764164309271 1764164309278
95764 3225401220 1764164309303.911621 1764164309303 1764164309311
95765 3225434564 1764164309337.247314 1764164309337 1764164309344
95766 3225467907 1764164309370.582031 1764164309371 1764164309378
95767 3225501251 1764164309403.917725 1764164309403 1764164309411
95768 3225534595 1764164309437.253418 1764164309437 1764164309444
95769 3225567939 1764164309470.588867 1764164309470 1764164309478
95770 3225601283 1764164309503.924561 1764164309503 1764164309511
95771 3225634627 1764164309537.260010 1764164309537 1764164309544
95772 3225667971 1764164309570.595703 1764164309571 1764164309578
95773 3225701315 1764164309603.931152 1764164309603 1764164309611
95774 3225734659 1764164309637.266602 1764164309637 1764164309644
95775 3225768003 1764164309670.602295 1764164309671 1764164309678
95776 3225801347 1764164309703.937744 1764164309703 1764164309711
95777 3225834691 1764164309737.273193 1764164309737 1764164309744
95778 3225868035 1764164309770.608643 1764164309771 1764164309778
95779 3225901378 1764164309803.943115 1764164309803 1764164309811
95780 3225934722 1764164309837.278320 1764164309837 1764164309844
95781 3225968066 1764164309870.613770 1764164309871 1764164309878
95782 3226001410 1764164309903.949219 1764164309903 1764164309911
95783 3226034754 1764164309937.284424 1764164309937 1764164309944
95784 3226068098 1764164309970.619873 1764164309971 1764164309978
95785 3226101442 1764164310003.955078 1764164310003 1764164310011
95786 3226134786 1764164310037.290527 1764164310037 1764164310044
95787 3226168130 1764164310070.625732 1764164310071 1764164310078
95788 3226201474 1764164310103.960938 1764164310103 1764164310111
95789 3226234818 1764164310137.297119 1764164310137 1764164310144
95790 3226268162 1764164310170.633057 1764164310171 1764164310178
95791 3226301506 1764164310203.969238 1764164310203 1764164310211
95792 3226334850 1764164310237.305176 1764164310237 1764164310244
95793 3226368193 1764164310270.640137 1764164310271 1764164310278
95794 3226401537 1764164310303.976318 1764164310303 1764164310311
95795 3226434881 1764164310337.312256 1764164310337 1764164310344
95796 3226468225 1764164310370.648193 1764164310371 1764164310378
95797 3226501569 1764164310403.984131 1764164310403 1764164310411
95798 3226534913 1764164310437.320068 1764164310437 1764164310444
95799 3226568257 1764164310470.656006 1764164310471 1764164310478
95800 3226601601 1764164310503.991943 1764164310503 1764164310511
95801 3226634945 1764164310537.327881 1764164310538 1764164310545
95802 3226668289 1764164310570.663818 1764164310571 1764164310578
95803 3226701633 1764164310603.999756 1764164310603 1764164310611
95804 3226734977 1764164310637.335693 1764164310637 1764164310644
95805 3226768321 1764164310670.671387 1764164310671 1764164310678
95806 3226801664 1764164310704.006348 1764164310703 1764164310711
95807 3226835008 1764164310737.342285 1764164310737 1764164310744
95808 3226868352 1764164310770.677979 1764164310771 1764164310778
95809 3226901696 1764164310804.013916 1764164310803 1764164310811
95810 3226935040 1764164310837.349609 1764164310837 1764164310844
95811 3226968384 1764164310870.685547 1764164310871 1764164310878
95812 3227001728 1764164310904.021240 1764164310903 1764164310911
95813 3227035072 1764164310937.356934 1764164310937 1764164310944
95814 3227068416 1764164310970.692871 1764164310971 1764164310978
95815 3227101760 1764164311004.028564 1764164311003 1764164311011
95816 3227135104 1764164311037.364258 1764164311037 1764164311044
95817 3227168448 1764164311070.699951 1764164311071 1764164311078
95818 3227201792 1764164311104.035645 1764164311103 1764164311111
95819 3227235135 1764164311137.379883 1764164311137 1764164311144
95820 3227268479 1764164311170.725098 1764164311171 1764164311178
95821 3227301823 1764164311204.070557 1764164311203 1764164311211
95822 3227335167 1764164311237.415771 1764164311237 1764164311244
95823 3227368511 1764164311270.761230 1764164311271 1764164311278
95824 3227401855 1764164311304.106689 1764164311304 1764164311311
95825 3227435199 1764164311337.452148 1764164311337 1764164311344
95826 3227468543 1764164311370.797607 1764164311371 1764164311378
95827 3227501887 1764164311404.143311 1764164311404 1764164311411
95828 3227535231 1764164311437.488770 1764164311437 1764164311444
95829 3227568575 1764164311470.834473 1764164311471 1764164311478
95830 3227601919 1764164311504.180176 1764164311504 1764164311511
95831 3227635263 1764164311537.526123 1764164311537 1764164311544
95832 3227668607 1764164311570.871826 1764164311571 1764164311578
95833 3227701950 1764164311604.216797 1764164311604 1764164311611
95834 3227735294 1764164311637.562744 1764164311637 1764164311644
95835 3227768638 1764164311670.908691 1764164311671 1764164311678
95836 3227801982 1764164311704.254639 1764164311704 1764164311711
95837 3227835326 1764164311737.600830 1764164311737 1764164311744
95838 3227868670 1764164311770.947021 1764164311771 1764164311778
95839 3227902014 1764164311804.293213 1764164311804 1764164311811
95840 3227935358 1764164311837.639404 1764164311837 1764164311844
95841 3227968702 1764164311870.985596 1764164311871 1764164311878
95842 3228002046 1764164311904.332031 1764164311904 1764164311911
95843 3228035390 1764164311937.678223 1764164311937 1764164311944
95844 3228068734 1764164311971.024658 1764164311971 1764164311978
95845 3228102078 1764164312004.371094 1764164312004 1764164312011
95846 3228135421 1764164312037.716797 1764164312037 1764164312044
95847 3228168765 1764164312071.063232 1764164312071 1764164312078
95848 3228202109 1764164312104.409912 1764164312104 1764164312111
95849 3228235453 1764164312137.745605 1764164312137 1764164312144
95850 3228268797 1764164312171.081299 1764164312171 1764164312178
95851 3228302141 1764164312204.416992 1764164312204 1764164312211
95852 3228335485 1764164312237.752686 1764164312238 1764164312245
95853 3228368829 1764164312271.088135 1764164312271 1764164312278
95854 3228402173 1764164312304.423828 1764164312304 1764164312311
95855 3228435517 1764164312337.759521 1764164312338 1764164312345
95856 3228468861 1764164312371.095215 1764164312371 1764164312378
95857 3228502205 1764164312404.430664 1764164312404 1764164312411
95858 3228535549 1764164312437.766357 1764164312438 1764164312445
95859 3228568892 1764164312471.100830 1764164312471 1764164312478
95860 3228602236 1764164312504.436523 1764164312504 1764164312511
95861 3228635580 1764164312537.771973 1764164312538 1764164312545
95862 3228668924 1764164312571.107422 1764164312571 1764164312578
95863 3228702268 1764164312604.443115 1764164312604 1764164312611
95864 3228735612 1764164312637.778564 1764164312638 1764164312645
95865 3228768956 1764164312671.114014 1764164312671 1764164312678
95866 3228802300 1764164312704.449463 1764164312704 1764164312711
95867 3228835644 1764164312737.784912 1764164312738 1764164312745
95868 3228868988 1764164312771.120361 1764164312771 1764164312778
95869 3228902332 1764164312804.455811 1764164312804 1764164312811
95870 3228935676 1764164312837.791260 1764164312838 1764164312845
95871 3228969020 1764164312871.126709 1764164312871 1764164312878
95872 3229002364 1764164312904.462158 1764164312904 1764164312911
95873 3229035707 1764164312937.796631 1764164312938 1764164312945
95874 3229069051 1764164312971.131836 1764164312970 1764164312978
95875 3229102395 1764164313004.467285 1764164313004 1764164313011
95876 3229135739 1764164313037.802734 1764164313038 1764164313045
95877 3229169083 1764164313071.137939 1764164313071 1764164313078
95878 3229202427 1764164313104.473389 1764164313104 1764164313111
95879 3229235771 1764164313137.809082 1764164313138 1764164313145
95880 3229269115 1764164313171.144531 1764164313171 1764164313178
95881 3229302459 1764164313204.480225 1764164313204 1764164313211
95882 3229335803 1764164313237.815674 1764164313238 1764164313245
95883 3229369147 1764164313271.151367 1764164313271 1764164313278
95884 3229402491 1764164313304.486816 1764164313304 1764164313311
95885 3229435835 1764164313337.822510 1764164313338 1764164313345
95886 3229469178 1764164313371.156982 1764164313370 1764164313378
95887 3229502522 1764164313404.492432 1764164313404 1764164313411
95888 3229535866 1764164313437.827881 1764164313438 1764164313445
95889 3229569210 1764164313471.163330 1764164313470 1764164313478
95890 3229602554 1764164313504.498779 1764164313504 1764164313511
95891 3229635898 1764164313537.834229 1764164313538 1764164313545
95892 3229669242 1764164313571.169678 1764164313570 1764164313578
95893 3229702586 1764164313604.505127 1764164313604 1764164313611
95894 3229735930 1764164313637.840576 1764164313638 1764164313645
95895 3229769274 1764164313671.176025 1764164313670 1764164313678
95896 3229802618 1764164313704.511475 1764164313704 1764164313711
95897 3229835962 1764164313737.846924 1764164313738 1764164313745
95898 3229869306 1764164313771.182129 1764164313770 1764164313778
95899 3229902649 1764164313804.516602 1764164313804 1764164313811
95900 3229935993 1764164313837.851807 1764164313838 1764164313845
95901 3229969337 1764164313871.187256 1764164313870 1764164313878
95902 3230002681 1764164313904.522461 1764164313904 1764164313911
95903 3230036025 1764164313937.857910 1764164313938 1764164313945
95904 3230069369 1764164313971.193115 1764164313970 1764164313978
95905 3230102713 1764164314004.528320 1764164314004 1764164314011
95906 3230136057 1764164314037.863770 1764164314038 1764164314045
95907 3230169401 1764164314071.198975 1764164314070 1764164314078
95908 3230202745 1764164314104.534180 1764164314104 1764164314111
95909 3230236089 1764164314137.874512 1764164314138 1764164314145
95910 3230269433 1764164314171.214600 1764164314170 1764164314178
95911 3230302777 1764164314204.554932 1764164314204 1764164314211
95912 3230336121 1764164314237.895264 1764164314238 1764164314245
95913 3230369464 1764164314271.234375 1764164314270 1764164314278
95914 3230402808 1764164314304.574707 1764164314304 1764164314311
95915 3230436152 1764164314337.915039 1764164314338 1764164314345
95916 3230469496 1764164314371.255371 1764164314370 1764164314378
95917 3230502840 1764164314404.595703 1764164314404 1764164314411
95918 3230536184 1764164314437.936279 1764164314438 1764164314445
95919 3230569528 1764164314471.276611 1764164314470 1764164314478
95920 3230602872 1764164314504.616943 1764164314504 1764164314511
95921 3230636216 1764164314537.957520 1764164314538 1764164314545
95922 3230669560 1764164314571.298096 1764164314571 1764164314580
95923 3230702904 1764164314604.638428 1764164314604 1764164314611
95924 3230736248 1764164314637.979004 1764164314638 1764164314645
95925 3230769592 1764164314671.319580 1764164314670 1764164314678
95926 3230802935 1764164314704.659180 1764164314704 1764164314711
95927 3230836279 1764164314737.999756 1764164314738 1764164314745
95928 3230869623 1764164314771.340332 1764164314770 1764164314778
95929 3230902967 1764164314804.680908 1764164314804 1764164314811
95930 3230936311 1764164314838.021484 1764164314838 1764164314845
95931 3230969655 1764164314871.362305 1764164314870 1764164314878
95932 3231002999 1764164314904.702881 1764164314904 1764164314911
95933 3231036343 1764164314938.043457 1764164314938 1764164314945
95934 3231069687 1764164314971.384277 1764164314970 1764164314978
95935 3231103031 1764164315004.725098 1764164315004 1764164315011
95936 3231136375 1764164315038.065918 1764164315038 1764164315045
95937 3231169719 1764164315071.406494 1764164315070 1764164315078
95938 3231203063 1764164315104.747314 1764164315104 1764164315111
95939 3231236406 1764164315138.080811 1764164315138 1764164315145
95940 3231269750 1764164315171.415283 1764164315170 1764164315178
95941 3231303094 1764164315204.749756 1764164315204 1764164315211
95942 3231336438 1764164315238.084229 1764164315238 1764164315245
95943 3231369782 1764164315271.418701 1764164315270 1764164315278
95944 3231403126 1764164315304.752930 1764164315304 1764164315311
95945 3231436470 1764164315338.087402 1764164315338 1764164315345
95946 3231469814 1764164315371.421875 1764164315370 1764164315378
95947 3231503158 1764164315404.756104 1764164315404 1764164315411
95948 3231536502 1764164315438.090332 1764164315438 1764164315445
95949 3231569846 1764164315471.424805 1764164315471 1764164315478
95950 3231603190 1764164315504.759033 1764164315505 1764164315512
95951 3231636534 1764164315538.093262 1764164315538 1764164315545
95952 3231669878 1764164315571.427490 1764164315571 1764164315578
95953 3231703221 1764164315604.760742 1764164315604 1764164315611
95954 3231736565 1764164315638.094971 1764164315638 1764164315645
95955 3231769909 1764164315671.429199 1764164315671 1764164315678
95956 3231803253 1764164315704.763184 1764164315704 1764164315711
95957 3231836597 1764164315738.097412 1764164315738 1764164315745
95958 3231869941 1764164315771.431641 1764164315771 1764164315778
95959 3231903285 1764164315804.765625 1764164315804 1764164315811
95960 3231936629 1764164315838.099854 1764164315838 1764164315845
95961 3231969973 1764164315871.433838 1764164315871 1764164315878
95962 3232003317 1764164315904.767822 1764164315904 1764164315911
95963 3232036661 1764164315938.101807 1764164315938 1764164315945
95964 3232070005 1764164315971.435791 1764164315971 1764164315978
95965 3232103349 1764164316004.769775 1764164316004 1764164316011
95966 3232136692 1764164316038.102783 1764164316038 1764164316045
95967 3232170036 1764164316071.436768 1764164316071 1764164316078
95968 3232203380 1764164316104.770752 1764164316104 1764164316111
95969 3232236724 1764164316138.105225 1764164316138 1764164316145
95970 3232270068 1764164316171.439697 1764164316171 1764164316178
95971 3232303412 1764164316204.774170 1764164316204 1764164316212
95972 3232336756 1764164316238.108643 1764164316238 1764164316245
95973 3232370100 1764164316271.443115 1764164316271 1764164316278
95974 3232403444 1764164316304.777344 1764164316304 1764164316311
95975 3232436788 1764164316338.111816 1764164316338 1764164316345
95976 3232470132 1764164316371.446045 1764164316371 1764164316378
95977 3232503476 1764164316404.780518 1764164316404 1764164316411
95978 3232536820 1764164316438.114746 1764164316438 1764164316445
95979 3232570163 1764164316471.448242 1764164316471 1764164316478
95980 3232603507 1764164316504.782471 1764164316504 1764164316511
95981 3232636851 1764164316538.116699 1764164316538 1764164316545
95982 3232670195 1764164316571.450928 1764164316571 1764164316578
95983 3232703539 1764164316604.785156 1764164316604 1764164316611
95984 3232736883 1764164316638.119385 1764164316638 1764164316645
95985 3232770227 1764164316671.453613 1764164316671 1764164316678
95986 3232803571 1764164316704.787598 1764164316704 1764164316712
95987 3232836915 1764164316738.121826 1764164316737 1764164316745
95988 3232870259 1764164316771.456055 1764164316771 1764164316778
95989 3232903603 1764164316804.790039 1764164316805 1764164316812
95990 3232936947 1764164316838.124268 1764164316838 1764164316845
95991 3232970291 1764164316871.458252 1764164316871 1764164316878
95992 3233003635 1764164316904.792236 1764164316905 1764164316912
95993 3233036978 1764164316938.125244 1764164316938 1764164316945
95994 3233070322 1764164316971.459229 1764164316971 1764164316978
95995 3233103666 1764164317004.793213 1764164317005 1764164317012
95996 3233137010 1764164317038.127197 1764164317038 1764164317045
95997 3233170354 1764164317071.461182 1764164317071 1764164317078
95998 3233203698 1764164317104.795166 1764164317105 1764164317112
95999 3233237042 1764164317138.129395 1764164317137 1764164317145
96000 3233270386 1764164317171.463867 1764164317171 1764164317178
96001 3233303730 1764164317204.798096 1764164317205 1764164317212
96002 3233337074 1764164317238.132324 1764164317237 1764164317245
96003 3233370418 1764164317271.466553 1764164317271 1764164317278
96004 3233403762 1764164317304.800781 1764164317305 1764164317312
96005 3233437106 1764164317338.135010 1764164317338 1764164317345
96006 3233470449 1764164317371.468262 1764164317371 1764164317378
96007 3233503793 1764164317404.802490 1764164317405 1764164317412
96008 3233537137 1764164317438.136475 1764164317438 1764164317445
96009 3233570481 1764164317471.470703 1764164317471 1764164317478
96010 3233603825 1764164317504.804688 1764164317505 1764164317512
96011 3233637169 1764164317538.138916 1764164317537 1764164317545
96012 3233670513 1764164317571.472900 1764164317571 1764164317578
96013 3233703857 1764164317604.806885 1764164317605 1764164317612
96014 3233737201 1764164317638.140869 1764164317637 1764164317645
96015 3233770545 1764164317671.475098 1764164317671 1764164317678
96016 3233803889 1764164317704.808838 1764164317704 1764164317712
96017 3233837233 1764164317738.142822 1764164317737 1764164317745
96018 3233870577 1764164317771.476807 1764164317771 1764164317778
96019 3233903920 1764164317804.809814 1764164317805 1764164317812
96020 3233937264 1764164317838.143555 1764164317837 1764164317845
96021 3233970608 1764164317871.477539 1764164317871 1764164317878
96022 3234003952 1764164317904.811279 1764164317905 1764164317912
96023 3234037296 1764164317938.145264 1764164317937 1764164317945
96024 3234070640 1764164317971.479004 1764164317971 1764164317978
96025 3234103984 1764164318004.812744 1764164318005 1764164318012
96026 3234137328 1764164318038.146484 1764164318037 1764164318045
96027 3234170672 1764164318071.480225 1764164318071 1764164318078
96028 3234204016 1764164318104.814209 1764164318105 1764164318112
96029 3234237360 1764164318138.148438 1764164318137 1764164318145
96030 3234270704 1764164318171.482910 1764164318171 1764164318178
96031 3234304048 1764164318204.817383 1764164318205 1764164318212
96032 3234337392 1764164318238.151611 1764164318237 1764164318245
96033 3234370735 1764164318271.485107 1764164318271 1764164318278
96034 3234404079 1764164318304.819336 1764164318305 1764164318312
96035 3234437423 1764164318338.153564 1764164318337 1764164318345
96036 3234470767 1764164318371.488037 1764164318371 1764164318378
96037 3234504111 1764164318404.822266 1764164318405 1764164318412
96038 3234537455 1764164318438.156494 1764164318437 1764164318445
96039 3234570799 1764164318471.490723 1764164318471 1764164318478
96040 3234604143 1764164318504.824951 1764164318505 1764164318512
96041 3234637487 1764164318538.159180 1764164318537 1764164318545
96042 3234670831 1764164318571.493408 1764164318571 1764164318578
96043 3234704175 1764164318604.827393 1764164318605 1764164318612
96044 3234737519 1764164318638.161621 1764164318637 1764164318645
96045 3234770863 1764164318671.495605 1764164318671 1764164318678
96046 3234804206 1764164318704.828857 1764164318704 1764164318712
96047 3234837550 1764164318738.162842 1764164318737 1764164318745
96048 3234870894 1764164318771.497070 1764164318771 1764164318778
96049 3234904238 1764164318804.831055 1764164318805 1764164318812
96050 3234937582 1764164318838.165039 1764164318837 1764164318845
96051 3234970926 1764164318871.499023 1764164318871 1764164318878
96052 3235004270 1764164318904.833008 1764164318905 1764164318912
96053 3235037614 1764164318938.166992 1764164318937 1764164318945
96054 3235070958 1764164318971.500977 1764164318971 1764164318978
96055 3235104302 1764164319004.834961 1764164319005 1764164319012
96056 3235137646 1764164319038.168701 1764164319037 1764164319045
96057 3235170990 1764164319071.502686 1764164319071 1764164319078
96058 3235204334 1764164319104.836670 1764164319105 1764164319112
96059 3235237677 1764164319138.169922 1764164319137 1764164319145
96060 3235271021 1764164319171.504150 1764164319171 1764164319178
96061 3235304365 1764164319204.838623 1764164319205 1764164319212
96062 3235337709 1764164319238.172852 1764164319237 1764164319245
96063 3235371053 1764164319271.507080 1764164319271 1764164319278
96064 3235404397 1764164319304.841309 1764164319305 1764164319312
96065 3235437741 1764164319338.175537 1764164319337 1764164319345
96066 3235471085 1764164319371.509521 1764164319371 1764164319378
96067 3235504429 1764164319404.843750 1764164319405 1764164319412
96068 3235537773 1764164319438.177979 1764164319438 1764164319445
96069 3235571117 1764164319471.512207 1764164319471 1764164319478
96070 3235604461 1764164319504.846191 1764164319505 1764164319512
96071 3235637805 1764164319538.180420 1764164319538 1764164319545
96072 3235671149 1764164319571.514404 1764164319571 1764164319578
96073 3235704492 1764164319604.847412 1764164319605 1764164319612
96074 3235737836 1764164319638.181396 1764164319638 1764164319645
96075 3235771180 1764164319671.515625 1764164319671 1764164319678
96076 3235804524 1764164319704.849609 1764164319705 1764164319712
96077 3235837868 1764164319738.183594 1764164319738 1764164319745
96078 3235871212 1764164319771.517578 1764164319771 1764164319778
96079 3235904556 1764164319804.851562 1764164319805 1764164319812
96080 3235937900 1764164319838.185303 1764164319838 1764164319845
96081 3235971244 1764164319871.519287 1764164319872 1764164319879
96082 3236004588 1764164319904.853271 1764164319905 1764164319912
96083 3236037932 1764164319938.187012 1764164319938 1764164319945
96084 3236071276 1764164319971.520996 1764164319971 1764164319978
96085 3236104620 1764164320004.854736 1764164320005 1764164320012
96086 3236137963 1764164320038.187500 1764164320038 1764164320045
96087 3236171307 1764164320071.521484 1764164320071 1764164320078
96088 3236204651 1764164320104.855225 1764164320104 1764164320112
96089 3236237995 1764164320138.189453 1764164320138 1764164320145
96090 3236271339 1764164320171.523682 1764164320172 1764164320179
96091 3236304683 1764164320204.857910 1764164320205 1764164320212
96092 3236338027 1764164320238.192139 1764164320238 1764164320245
96093 3236371371 1764164320271.526367 1764164320271 1764164320278
96094 3236404715 1764164320304.860596 1764164320305 1764164320312
96095 3236438059 1764164320338.194824 1764164320338 1764164320345
96096 3236471403 1764164320371.528809 1764164320371 1764164320379
96097 3236504747 1764164320404.863037 1764164320405 1764164320412
96098 3236538091 1764164320438.197021 1764164320439 1764164320446
96099 3236571434 1764164320471.530029 1764164320471 1764164320478
96100 3236604778 1764164320504.864258 1764164320504 1764164320512
96101 3236638122 1764164320538.198242 1764164320538 1764164320545
96102 3236671466 1764164320571.532227 1764164320571 1764164320578
96103 3236704810 1764164320604.866211 1764164320605 1764164320612
96104 3236738154 1764164320638.200195 1764164320638 1764164320645
96105 3236771498 1764164320671.534180 1764164320672 1764164320679
96106 3236804842 1764164320704.868164 1764164320705 1764164320712
96107 3236838186 1764164320738.202148 1764164320738 1764164320745
96108 3236871530 1764164320771.535889 1764164320771 1764164320778
96109 3236904874 1764164320804.869873 1764164320805 1764164320812
96110 3236938218 1764164320838.203857 1764164320838 1764164320845
96111 3236971562 1764164320871.537598 1764164320872 1764164320879
96112 3237004906 1764164320904.871338 1764164320905 1764164320912
96113 3237038249 1764164320938.204346 1764164320938 1764164320945
96114 3237071593 1764164320971.538086 1764164320971 1764164320978
96115 3237104937 1764164321004.871826 1764164321005 1764164321012
96116 3237138281 1764164321038.205566 1764164321038 1764164321045
96117 3237171625 1764164321071.539307 1764164321072 1764164321079
96118 3237204969 1764164321104.873047 1764164321105 1764164321112
96119 3237238313 1764164321138.207520 1764164321138 1764164321145
96120 3237271657 1764164321171.541748 1764164321172 1764164321179
96121 3237305001 1764164321204.876221 1764164321205 1764164321212
96122 3237338345 1764164321238.210449 1764164321238 1764164321245
96123 3237371689 1764164321271.544678 1764164321272 1764164321279
96124 3237405033 1764164321304.879150 1764164321305 1764164321312
96125 3237438377 1764164321338.213379 1764164321338 1764164321345
96126 3237471720 1764164321371.546631 1764164321372 1764164321379
96127 3237505064 1764164321404.880859 1764164321405 1764164321412
96128 3237538408 1764164321438.215088 1764164321438 1764164321445
96129 3237571752 1764164321471.549316 1764164321472 1764164321479
96130 3237605096 1764164321504.883545 1764164321504 1764164321512
96131 3237638440 1764164321538.217773 1764164321538 1764164321545
96132 3237671784 1764164321571.552002 1764164321572 1764164321579
96133 3237705128 1764164321604.885986 1764164321604 1764164321613
96134 3237738472 1764164321638.220215 1764164321638 1764164321645
96135 3237771816 1764164321671.554199 1764164321672 1764164321679
96136 3237805160 1764164321704.888428 1764164321704 1764164321712
96137 3237838504 1764164321738.222412 1764164321738 1764164321745
96138 3237871848 1764164321771.556641 1764164321772 1764164321779
96139 3237905191 1764164321804.889648 1764164321804 1764164321812
96140 3237938535 1764164321838.223633 1764164321838 1764164321845
96141 3237971879 1764164321871.557617 1764164321872 1764164321879
96142 3238005223 1764164321904.891602 1764164321904 1764164321912
96143 3238038567 1764164321938.225586 1764164321938 1764164321945
96144 3238071911 1764164321971.559570 1764164321972 1764164321979
96145 3238105255 1764164322004.893555 1764164322004 1764164322012
96146 3238138599 1764164322038.227539 1764164322038 1764164322045
96147 3238171943 1764164322071.561279 1764164322072 1764164322079
96148 3238205287 1764164322104.895264 1764164322104 1764164322112
96149 3238238631 1764164322138.231201 1764164322138 1764164322145
96150 3238271975 1764164322171.654053 1764164322172 1764164322179
96151 3238305319 1764164322205.077637 1764164322204 1764164322212
96152 3238338663 1764164322238.501709 1764164322238 1764164322245
96153 3238372006 1764164322271.925293 1764164322272 1764164322279
96154 3238405350 1764164322305.350342 1764164322304 1764164322312
96155 3238438694 1764164322338.776123 1764164322338 1764164322345
96156 3238472038 1764164322372.202393 1764164322372 1764164322379
96157 3238505382 1764164322405.629150 1764164322404 1764164322412
96158 3238538726 1764164322439.056641 1764164322438 1764164322445
96159 3238572070 1764164322472.484619 1764164322472 1764164322479
96160 3238605414 1764164322505.913086 1764164322504 1764164322512
96161 3238638758 1764164322539.342041 1764164322538 1764164322545
96162 3238672102 1764164322572.771484 1764164322572 1764164322579
96163 3238705446 1764164322606.201660 1764164322604 1764164322612
96164 3238738790 1764164322639.632324 1764164322639 1764164322647
96165 3238772134 1764164322673.063721 1764164322672 1764164322679
96166 3238805477 1764164322706.494385 1764164322704 1764164322712
96167 3238838821 1764164322739.926758 1764164322738 1764164322745
96168 3238872165 1764164322773.359619 1764164322772 1764164322779
96169 3238905509 1764164322806.793213 1764164322804 1764164322812
96170 3238938853 1764164322840.227051 1764164322838 1764164322845
96171 3238972197 1764164322873.661621 1764164322872 1764164322879
96172 3239005541 1764164322907.096924 1764164322904 1764164322912
96173 3239038885 1764164322940.532471 1764164322938 1764164322945
96174 3239072229 1764164322973.968750 1764164322972 1764164322979
96175 3239105573 1764164323007.405518 1764164323004 1764164323012
96176 3239138917 1764164323040.842773 1764164323038 1764164323045
96177 3239172261 1764164323074.280762 1764164323072 1764164323079
96178 3239205605 1764164323107.718994 1764164323105 1764164323114
96179 3239238948 1764164323141.156250 1764164323138 1764164323145
96180 3239272292 1764164323174.481934 1764164323172 1764164323179
96181 3239305636 1764164323207.807861 1764164323204 1764164323212
96182 3239338980 1764164323241.133545 1764164323238 1764164323245
96183 3239372324 1764164323274.459229 1764164323272 1764164323279
96184 3239405668 1764164323307.784668 1764164323304 1764164323312
96185 3239439012 1764164323341.110352 1764164323338 1764164323345
96186 3239472356 1764164323374.435547 1764164323372 1764164323379
96187 3239505700 1764164323407.760986 1764164323404 1764164323412
96188 3239539044 1764164323441.086182 1764164323438 1764164323445
96189 3239572388 1764164323474.411133 1764164323472 1764164323479
96190 3239605732 1764164323507.736084 1764164323504 1764164323512
96191 3239639076 1764164323541.061035 1764164323538 1764164323545
96192 3239672420 1764164323574.385986 1764164323572 1764164323579
96193 3239705763 1764164323607.709717 1764164323605 1764164323612
96194 3239739107 1764164323641.034424 1764164323638 1764164323645
96195 3239772451 1764164323674.358887 1764164323672 1764164323679
96196 3239805795 1764164323707.683350 1764164323705 1764164323712
96197 3239839139 1764164323741.007812 1764164323738 1764164323745
96198 3239872483 1764164323774.332031 1764164323772 1764164323779
96199 3239905827 1764164323807.656250 1764164323805 1764164323812
96200 3239939171 1764164323840.980469 1764164323838 1764164323845
96201 3239972515 1764164323874.304443 1764164323872 1764164323879
96202 3240005859 1764164323907.628418 1764164323905 1764164323912
96203 3240039203 1764164323940.952148 1764164323938 1764164323945
96204 3240072547 1764164323974.275879 1764164323972 1764164323979
96205 3240105891 1764164324007.599609 1764164324005 1764164324012
96206 3240139234 1764164324040.922119 1764164324038 1764164324045
96207 3240172578 1764164324074.245605 1764164324072 1764164324079
96208 3240205922 1764164324107.569092 1764164324105 1764164324112
96209 3240239266 1764164324140.892578 1764164324138 1764164324145
96210 3240272610 1764164324174.218750 1764164324172 1764164324179
96211 3240305954 1764164324207.544678 1764164324205 1764164324212
96212 3240339298 1764164324240.870850 1764164324238 1764164324245
96213 3240372642 1764164324274.196777 1764164324272 1764164324279
96214 3240405986 1764164324307.522461 1764164324305 1764164324312
96215 3240439330 1764164324340.848145 1764164324338 1764164324345
96216 3240472674 1764164324374.173828 1764164324372 1764164324379
96217 3240506018 1764164324407.499268 1764164324405 1764164324412
96218 3240539362 1764164324440.824707 1764164324438 1764164324445
96219 3240572705 1764164324474.149170 1764164324472 1764164324479
96220 3240606049 1764164324507.474365 1764164324505 1764164324512
96221 3240639393 1764164324540.799561 1764164324538 1764164324545
96222 3240672737 1764164324574.124756 1764164324572 1764164324579
96223 3240706081 1764164324607.449707 1764164324605 1764164324612
96224 3240739425 1764164324640.774658 1764164324638 1764164324645
96225 3240772769 1764164324674.099609 1764164324672 1764164324679
96226 3240806113 1764164324707.424316 1764164324705 1764164324712
96227 3240839457 1764164324740.749023 1764164324739 1764164324746
96228 3240872801 1764164324774.073486 1764164324772 1764164324779
96229 3240906145 1764164324807.397949 1764164324805 1764164324812
96230 3240939489 1764164324840.722412 1764164324839 1764164324846
96231 3240972833 1764164324874.046631 1764164324871 1764164324879
96232 3241006177 1764164324907.370850 1764164324905 1764164324912
96233 3241039520 1764164324940.694092 1764164324938 1764164324945
96234 3241072864 1764164324974.018066 1764164324972 1764164324979
96235 3241106208 1764164325007.342041 1764164325005 1764164325012
96236 3241139552 1764164325040.666016 1764164325038 1764164325046
96237 3241172896 1764164325073.989746 1764164325072 1764164325079
96238 3241206240 1764164325107.313477 1764164325105 1764164325112
96239 3241239584 1764164325140.637207 1764164325139 1764164325146
96240 3241272928 1764164325173.964111 1764164325171 1764164325179
96241 3241306272 1764164325207.291016 1764164325205 1764164325212
96242 3241339616 1764164325240.617920 1764164325239 1764164325246
96243 3241372960 1764164325273.944580 1764164325271 1764164325279
96244 3241406304 1764164325307.271240 1764164325305 1764164325312
96245 3241439648 1764164325340.597656 1764164325339 1764164325346
96246 3241472991 1764164325373.923096 1764164325372 1764164325379
96247 3241506335 1764164325407.249512 1764164325405 1764164325412
96248 3241539679 1764164325440.575684 1764164325439 1764164325446
96249 3241573023 1764164325473.901855 1764164325472 1764164325479
96250 3241606367 1764164325507.228027 1764164325505 1764164325512
96251 3241639711 1764164325540.554199 1764164325539 1764164325546
96252 3241673055 1764164325573.880127 1764164325571 1764164325579
96253 3241706399 1764164325607.205811 1764164325605 1764164325612
96254 3241739743 1764164325640.531738 1764164325639 1764164325646
96255 3241773087 1764164325673.857422 1764164325671 1764164325679
96256 3241806431 1764164325707.183105 1764164325705 1764164325712
96257 3241839775 1764164325740.508545 1764164325739 1764164325746
96258 3241873119 1764164325773.833984 1764164325771 1764164325779
96259 3241906462 1764164325807.158447 1764164325805 1764164325812
96260 3241939806 1764164325840.483643 1764164325839 1764164325846
96261 3241973150 1764164325873.808838 1764164325871 1764164325879
96262 3242006494 1764164325907.134033 1764164325905 1764164325912
96263 3242039838 1764164325940.458984 1764164325939 1764164325946
96264 3242073182 1764164325973.783936 1764164325971 1764164325979
96265 3242106526 1764164326007.108887 1764164326005 1764164326012
96266 3242139870 1764164326040.433594 1764164326039 1764164326046
96267 3242173214 1764164326073.758301 1764164326071 1764164326079
96268 3242206558 1764164326107.082764 1764164326105 1764164326112
96269 3242239902 1764164326140.407471 1764164326139 1764164326146
96270 3242273246 1764164326173.733887 1764164326171 1764164326179
96271 3242306590 1764164326207.060059 1764164326205 1764164326212
96272 3242339934 1764164326240.386230 1764164326239 1764164326246
96273 3242373277 1764164326273.711426 1764164326271 1764164326279
96274 3242406621 1764164326307.037354 1764164326305 1764164326312
96275 3242439965 1764164326340.363281 1764164326339 1764164326346
96276 3242473309 1764164326373.688965 1764164326371 1764164326379
96277 3242506653 1764164326407.014648 1764164326405 1764164326412
96278 3242539997 1764164326440.340332 1764164326439 1764164326446
96279 3242573341 1764164326473.665771 1764164326471 1764164326479
96280 3242606685 1764164326506.991211 1764164326505 1764164326512
96281 3242640029 1764164326540.316650 1764164326539 1764164326546
96282 3242673373 1764164326573.641846 1764164326571 1764164326579
96283 3242706717 1764164326606.967041 1764164326605 1764164326612
96284 3242740061 1764164326640.292236 1764164326639 1764164326646
96285 3242773405 1764164326673.617188 1764164326671 1764164326679
96286 3242806748 1764164326706.941162 1764164326705 1764164326712
96287 3242840092 1764164326740.266113 1764164326739 1764164326746
96288 3242873436 1764164326773.590820 1764164326771 1764164326779
96289 3242906780 1764164326806.915527 1764164326805 1764164326812
96290 3242940124 1764164326840.239990 1764164326839 1764164326846
96291 3242973468 1764164326873.564453 1764164326871 1764164326879
96292 3243006812 1764164326906.888916 1764164326905 1764164326912
96293 3243040156 1764164326940.213135 1764164326939 1764164326946
96294 3243073500 1764164326973.537354 1764164326971 1764164326979
96295 3243106844 1764164327006.861572 1764164327005 1764164327012
96296 3243140188 1764164327040.185547 1764164327039 1764164327046
96297 3243173532 1764164327073.509521 1764164327071 1764164327079
96298 3243206876 1764164327106.833496 1764164327105 1764164327112
96299 3243240219 1764164327140.156494 1764164327139 1764164327146
96300 3243273563 1764164327173.487305 1764164327171 1764164327179
96301 3243306907 1764164327206.818359 1764164327205 1764164327212
96302 3243340251 1764164327240.149170 1764164327239 1764164327246
96303 3243373595 1764164327273.479980 1764164327272 1764164327280
96304 3243406939 1764164327306.811035 1764164327305 1764164327312
96305 3243440283 1764164327340.141846 1764164327339 1764164327346
96306 3243473627 1764164327373.472656 1764164327371 1764164327379
96307 3243506971 1764164327406.803467 1764164327405 1764164327412
96308 3243540315 1764164327440.134277 1764164327439 1764164327446
96309 3243573659 1764164327473.464844 1764164327471 1764164327479
96310 3243607003 1764164327506.795654 1764164327505 1764164327512
96311 3243640347 1764164327540.126221 1764164327539 1764164327546
96312 3243673691 1764164327573.457031 1764164327571 1764164327579
96313 3243707034 1764164327606.786621 1764164327606 1764164327615
96314 3243740378 1764164327640.117188 1764164327639 1764164327646
96315 3243773722 1764164327673.447754 1764164327671 1764164327679
96316 3243807066 1764164327706.778320 1764164327705 1764164327712
96317 3243840410 1764164327740.108887 1764164327739 1764164327746
96318 3243873754 1764164327773.439453 1764164327772 1764164327779
96319 3243907098 1764164327806.770020 1764164327805 1764164327812
96320 3243940442 1764164327840.100586 1764164327839 1764164327846
96321 3243973786 1764164327873.430908 1764164327872 1764164327879
96322 3244007130 1764164327906.761475 1764164327905 1764164327912
96323 3244040474 1764164327940.091797 1764164327939 1764164327946
96324 3244073818 1764164327973.422119 1764164327972 1764164327979
96325 3244107162 1764164328006.752441 1764164328005 1764164328012
96326 3244140505 1764164328040.081787 1764164328039 1764164328046
96327 3244173849 1764164328073.412109 1764164328072 1764164328079
96328 3244207193 1764164328106.742432 1764164328105 1764164328112
96329 3244240537 1764164328140.072754 1764164328139 1764164328146
96330 3244273881 1764164328173.400146 1764164328172 1764164328179
96331 3244307225 1764164328206.727295 1764164328205 1764164328212
96332 3244340569 1764164328240.054443 1764164328239 1764164328246
96333 3244373913 1764164328273.381348 1764164328272 1764164328279
96334 3244407257 1764164328306.708252 1764164328305 1764164328312
96335 3244440601 1764164328340.035156 1764164328339 1764164328346
96336 3244473945 1764164328373.362061 1764164328372 1764164328379
96337 3244507289 1764164328406.688721 1764164328405 1764164328412
96338 3244540633 1764164328440.015381 1764164328439 1764164328446
96339 3244573976 1764164328473.340820 1764164328472 1764164328479
96340 3244607320 1764164328506.667236 1764164328505 1764164328512
96341 3244640664 1764164328539.993652 1764164328539 1764164328546
96342 3244674008 1764164328573.320068 1764164328572 1764164328579
96343 3244707352 1764164328606.646240 1764164328605 1764164328612
96344 3244740696 1764164328639.972412 1764164328639 1764164328646
96345 3244774040 1764164328673.298584 1764164328672 1764164328679
96346 3244807384 1764164328706.624512 1764164328705 1764164328712
96347 3244840728 1764164328739.950439 1764164328739 1764164328746
96348 3244874072 1764164328773.276367 1764164328772 1764164328779
96349 3244907416 1764164328806.602051 1764164328805 1764164328812
96350 3244940760 1764164328839.927734 1764164328839 1764164328846
96351 3244974104 1764164328873.253418 1764164328872 1764164328879
96352 3245007448 1764164328906.579102 1764164328906 1764164328913
96353 3245040791 1764164328939.903564 1764164328939 1764164328946
96354 3245074135 1764164328973.228760 1764164328972 1764164328979
96355 3245107479 1764164329006.554199 1764164329006 1764164329013
96356 3245140823 1764164329039.879395 1764164329039 1764164329046
96357 3245174167 1764164329073.204590 1764164329072 1764164329079
96358 3245207511 1764164329106.529785 1764164329105 1764164329112
96359 3245240855 1764164329139.854736 1764164329138 1764164329146
96360 3245274199 1764164329173.181885 1764164329172 1764164329179
96361 3245307543 1764164329206.509033 1764164329206 1764164329213
96362 3245340887 1764164329239.835938 1764164329239 1764164329246
96363 3245374231 1764164329273.162842 1764164329272 1764164329279
96364 3245407575 1764164329306.489746 1764164329306 1764164329313
96365 3245440919 1764164329339.816650 1764164329339 1764164329346
96366 3245474262 1764164329373.142334 1764164329372 1764164329379
96367 3245507606 1764164329406.468750 1764164329406 1764164329413
96368 3245540950 1764164329439.795410 1764164329439 1764164329446
96369 3245574294 1764164329473.121826 1764164329472 1764164329479
96370 3245607638 1764164329506.448242 1764164329506 1764164329513
96371 3245640982 1764164329539.774414 1764164329538 1764164329546
96372 3245674326 1764164329573.100586 1764164329572 1764164329579
96373 3245707670 1764164329606.426758 1764164329606 1764164329613
96374 3245741014 1764164329639.752930 1764164329638 1764164329646
96375 3245774358 1764164329673.078857 1764164329672 1764164329679
96376 3245807702 1764164329706.404785 1764164329706 1764164329713
96377 3245841046 1764164329739.730713 1764164329738 1764164329746
96378 3245874390 1764164329773.056396 1764164329772 1764164329779
96379 3245907733 1764164329806.381104 1764164329806 1764164329813
96380 3245941077 1764164329839.706543 1764164329838 1764164329846
96381 3245974421 1764164329873.032227 1764164329872 1764164329879
96382 3246007765 1764164329906.357666 1764164329906 1764164329913
96383 3246041109 1764164329939.682861 1764164329938 1764164329946
96384 3246074453 1764164329973.008301 1764164329972 1764164329979
96385 3246107797 1764164330006.333496 1764164330006 1764164330013
96386 3246141141 1764164330039.658447 1764164330038 1764164330046
96387 3246174485 1764164330072.983643 1764164330072 1764164330079
96388 3246207829 1764164330106.308594 1764164330106 1764164330113
96389 3246241173 1764164330139.633545 1764164330138 1764164330146
96390 3246274517 1764164330172.963379 1764164330172 1764164330179
96391 3246307861 1764164330206.292969 1764164330206 1764164330213
96392 3246341205 1764164330239.622559 1764164330238 1764164330246
96393 3246374548 1764164330272.951172 1764164330272 1764164330279
96394 3246407892 1764164330306.280762 1764164330306 1764164330313
96395 3246441236 1764164330339.610352 1764164330338 1764164330346
96396 3246474580 1764164330372.939941 1764164330372 1764164330379
96397 3246507924 1764164330406.269287 1764164330406 1764164330413
96398 3246541268 1764164330439.598633 1764164330438 1764164330446
96399 3246574612 1764164330472.927979 1764164330472 1764164330479
96400 3246607956 1764164330506.257324 1764164330506 1764164330513
96401 3246641300 1764164330539.586426 1764164330538 1764164330546
96402 3246674644 1764164330572.915771 1764164330572 1764164330579
96403 3246707988 1764164330606.244873 1764164330606 1764164330613
96404 3246741332 1764164330639.573975 1764164330638 1764164330646
96405 3246774676 1764164330672.903076 1764164330672 1764164330679
96406 3246808019 1764164330706.230957 1764164330706 1764164330713
96407 3246841363 1764164330739.560059 1764164330738 1764164330746
96408 3246874707 1764164330772.888916 1764164330772 1764164330779
96409 3246908051 1764164330806.217773 1764164330806 1764164330813
96410 3246941395 1764164330839.546631 1764164330838 1764164330846
96411 3246974739 1764164330872.875488 1764164330872 1764164330879
96412 3247008083 1764164330906.204102 1764164330906 1764164330913
96413 3247041427 1764164330939.532959 1764164330938 1764164330946
96414 3247074771 1764164330972.861572 1764164330972 1764164330979
96415 3247108115 1764164331006.190186 1764164331006 1764164331013
96416 3247141459 1764164331039.518799 1764164331038 1764164331046
96417 3247174803 1764164331072.847168 1764164331072 1764164331079
96418 3247208147 1764164331106.175781 1764164331106 1764164331113
96419 3247241490 1764164331139.503174 1764164331138 1764164331146
96420 3247274834 1764164331172.830811 1764164331172 1764164331179
96421 3247308178 1764164331206.158447 1764164331206 1764164331213
96422 3247341522 1764164331239.485840 1764164331238 1764164331246
96423 3247374866 1764164331272.813232 1764164331272 1764164331279
96424 3247408210 1764164331306.140625 1764164331306 1764164331313
96425 3247441554 1764164331339.467773 1764164331338 1764164331346
96426 3247474898 1764164331372.795166 1764164331372 1764164331379
96427 3247508242 1764164331406.122070 1764164331406 1764164331413
96428 3247541586 1764164331439.449219 1764164331438 1764164331446
96429 3247574930 1764164331472.776123 1764164331472 1764164331479
96430 3247608274 1764164331506.103027 1764164331506 1764164331513
96431 3247641618 1764164331539.429932 1764164331538 1764164331546
96432 3247674962 1764164331572.756592 1764164331572 1764164331579
96433 3247708305 1764164331606.082275 1764164331606 1764164331613
96434 3247741649 1764164331639.408691 1764164331638 1764164331646
96435 3247774993 1764164331672.735352 1764164331672 1764164331679
96436 3247808337 1764164331706.061768 1764164331706 1764164331713
96437 3247841681 1764164331739.387939 1764164331738 1764164331746
96438 3247875025 1764164331772.714355 1764164331772 1764164331779
96439 3247908369 1764164331806.040527 1764164331806 1764164331813
96440 3247941713 1764164331839.366699 1764164331839 1764164331846
96441 3247975057 1764164331872.692627 1764164331872 1764164331879
96442 3248008401 1764164331906.018555 1764164331906 1764164331913
96443 3248041745 1764164331939.344482 1764164331939 1764164331946
96444 3248075089 1764164331972.670410 1764164331972 1764164331979
96445 3248108433 1764164332005.996094 1764164332006 1764164332013
96446 3248141776 1764164332039.320801 1764164332039 1764164332046
96447 3248175120 1764164332072.646240 1764164332072 1764164332079
96448 3248208464 1764164332105.971924 1764164332106 1764164332113
96449 3248241808 1764164332139.297363 1764164332139 1764164332146
96450 3248275152 1764164332172.624756 1764164332172 1764164332179
96451 3248308496 1764164332205.951904 1764164332206 1764164332213
96452 3248341840 1764164332239.279297 1764164332239 1764164332246
96453 3248375184 1764164332272.606445 1764164332272 1764164332279
96454 3248408528 1764164332305.933350 1764164332306 1764164332313
96455 3248441872 1764164332339.260498 1764164332339 1764164332346
96456 3248475216 1764164332372.587402 1764164332372 1764164332379
96457 3248508560 1764164332405.914062 1764164332406 1764164332413
96458 3248541904 1764164332439.240967 1764164332439 1764164332446
96459 3248575247 1764164332472.566650 1764164332472 1764164332479
96460 3248608591 1764164332505.893066 1764164332506 1764164332513
96461 3248641935 1764164332539.219727 1764164332539 1764164332546
96462 3248675279 1764164332572.546143 1764164332572 1764164332579
96463 3248708623 1764164332605.872559 1764164332606 1764164332613
96464 3248741967 1764164332639.198730 1764164332639 1764164332646
96465 3248775311 1764164332672.525146 1764164332672 1764164332679
96466 3248808655 1764164332705.851074 1764164332706 1764164332713
96467 3248841999 1764164332739.177246 1764164332739 1764164332746
96468 3248875343 1764164332772.503174 1764164332772 1764164332779
96469 3248908687 1764164332805.829102 1764164332806 1764164332813
96470 3248942031 1764164332839.155029 1764164332839 1764164332846
96471 3248975375 1764164332872.480713 1764164332872 1764164332879
96472 3249008719 1764164332905.806396 1764164332906 1764164332913
96473 3249042062 1764164332939.130859 1764164332939 1764164332946
96474 3249075406 1764164332972.456543 1764164332972 1764164332979
96475 3249108750 1764164333005.781982 1764164333006 1764164333013
96476 3249142094 1764164333039.107422 1764164333039 1764164333046
96477 3249175438 1764164333072.432617 1764164333072 1764164333079
96478 3249208782 1764164333105.757812 1764164333106 1764164333113
96479 3249242126 1764164333139.083008 1764164333139 1764164333146
96480 3249275470 1764164333172.410400 1764164333173 1764164333180
96481 3249308814 1764164333205.737793 1764164333206 1764164333213
96482 3249342158 1764164333239.065186 1764164333239 1764164333246
96483 3249375502 1764164333272.392334 1764164333273 1764164333280
96484 3249408846 1764164333305.719482 1764164333306 1764164333313
96485 3249442190 1764164333339.046631 1764164333339 1764164333346
96486 3249475533 1764164333372.372559 1764164333373 1764164333380
96487 3249508877 1764164333405.699463 1764164333406 1764164333413
96488 3249542221 1764164333439.026367 1764164333439 1764164333446
96489 3249575565 1764164333472.353027 1764164333473 1764164333480
96490 3249608909 1764164333505.679688 1764164333505 1764164333513
96491 3249642253 1764164333539.006348 1764164333539 1764164333546
96492 3249675597 1764164333572.332764 1764164333572 1764164333580
96493 3249708941 1764164333605.659180 1764164333605 1764164333613
96494 3249742285 1764164333638.985596 1764164333639 1764164333646
96495 3249775629 1764164333672.312012 1764164333673 1764164333680
96496 3249808973 1764164333705.638184 1764164333705 1764164333713
96497 3249842317 1764164333738.964355 1764164333739 1764164333746
96498 3249875661 1764164333772.290283 1764164333773 1764164333780
96499 3249909004 1764164333805.615234 1764164333805 1764164333813
96500 3249942348 1764164333838.941162 1764164333839 1764164333846
96501 3249975692 1764164333872.267090 1764164333873 1764164333880
96502 3250009036 1764164333905.592773 1764164333905 1764164333913
96503 3250042380 1764164333938.918457 1764164333939 1764164333946
96504 3250075724 1764164333972.244141 1764164333973 1764164333980
96505 3250109068 1764164334005.569580 1764164334005 1764164334013
96506 3250142412 1764164334038.895020 1764164334039 1764164334046
96507 3250175756 1764164334072.220459 1764164334073 1764164334080
96508 3250209100 1764164334105.545654 1764164334105 1764164334113
96509 3250242444 1764164334138.871094 1764164334139 1764164334146
96510 3250275788 1764164334172.198730 1764164334173 1764164334180
96511 3250309132 1764164334205.526123 1764164334205 1764164334213
96512 3250342476 1764164334238.853760 1764164334239 1764164334246
96513 3250375819 1764164334272.180176 1764164334273 1764164334280
96514 3250409163 1764164334305.507568 1764164334305 1764164334313
96515 3250442507 1764164334338.834717 1764164334339 1764164334346
96516 3250475851 1764164334372.161865 1764164334373 1764164334380
96517 3250509195 1764164334405.489014 1764164334405 1764164334413
96518 3250542539 1764164334438.816162 1764164334439 1764164334446
96519 3250575883 1764164334472.143066 1764164334473 1764164334480
96520 3250609227 1764164334505.469971 1764164334505 1764164334513
96521 3250642571 1764164334538.796631 1764164334539 1764164334546
96522 3250675915 1764164334572.123535 1764164334573 1764164334580
96523 3250709259 1764164334605.450195 1764164334605 1764164334613
96524 3250742603 1764164334638.776611 1764164334639 1764164334646
96525 3250775947 1764164334672.103271 1764164334673 1764164334680
96526 3250809290 1764164334705.428711 1764164334705 1764164334713
96527 3250842634 1764164334738.754883 1764164334739 1764164334746
96528 3250875978 1764164334772.081299 1764164334773 1764164334780
96529 3250909322 1764164334805.407471 1764164334805 1764164334813
96530 3250942666 1764164334838.733643 1764164334839 1764164334846
96531 3250976010 1764164334872.059570 1764164334873 1764164334880
96532 3251009354 1764164334905.385742 1764164334905 1764164334913
96533 3251042698 1764164334938.711426 1764164334939 1764164334946
96534 3251076042 1764164334972.037354 1764164334973 1764164334980
96535 3251109386 1764164335005.363037 1764164335005 1764164335013
96536 3251142730 1764164335038.688721 1764164335039 1764164335046
96537 3251176074 1764164335072.014404 1764164335073 1764164335080
96538 3251209418 1764164335105.339844 1764164335105 1764164335113
96539 3251242761 1764164335138.664551 1764164335139 1764164335146
96540 3251276105 1764164335171.991943 1764164335172 1764164335180
96541 3251309449 1764164335205.319336 1764164335205 1764164335213
96542 3251342793 1764164335238.646729 1764164335239 1764164335246
96543 3251376137 1764164335271.974121 1764164335273 1764164335280
96544 3251409481 1764164335305.301270 1764164335305 1764164335313
96545 3251442825 1764164335338.628418 1764164335339 1764164335346
96546 3251476169 1764164335371.955566 1764164335373 1764164335380
96547 3251509513 1764164335405.282471 1764164335405 1764164335413
96548 3251542857 1764164335438.609375 1764164335439 1764164335446
96549 3251576201 1764164335471.936279 1764164335473 1764164335480
96550 3251609545 1764164335505.263184 1764164335505 1764164335513
96551 3251642889 1764164335538.589844 1764164335539 1764164335546
96552 3251676233 1764164335571.916260 1764164335573 1764164335580
96553 3251709576 1764164335605.241943 1764164335605 1764164335613
96554 3251742920 1764164335638.568359 1764164335639 1764164335646
96555 3251776264 1764164335671.894775 1764164335673 1764164335680
96556 3251809608 1764164335705.220947 1764164335705 1764164335713
96557 3251842952 1764164335738.547363 1764164335739 1764164335746
96558 3251876296 1764164335771.873535 1764164335773 1764164335780
96559 3251909640 1764164335805.199463 1764164335805 1764164335813
96560 3251942984 1764164335838.525391 1764164335839 1764164335846
96561 3251976328 1764164335871.851318 1764164335873 1764164335880
96562 3252009672 1764164335905.177246 1764164335905 1764164335913
96563 3252043016 1764164335938.502930 1764164335939 1764164335946
96564 3252076360 1764164335971.828613 1764164335973 1764164335980
96565 3252109704 1764164336005.154297 1764164336006 1764164336013
96566 3252143047 1764164336038.479004 1764164336039 1764164336046
96567 3252176391 1764164336071.804443 1764164336073 1764164336080
96568 3252209735 1764164336105.129639 1764164336106 1764164336113
96569 3252243079 1764164336138.455078 1764164336139 1764164336146
96570 3252276423 1764164336171.782227 1764164336173 1764164336180
96571 3252309767 1764164336205.109619 1764164336206 1764164336213
96572 3252343111 1764164336238.436523 1764164336239 1764164336246
96573 3252376455 1764164336271.763672 1764164336273 1764164336280
96574 3252409799 1764164336305.090576 1764164336306 1764164336313
96575 3252443143 1764164336338.417480 1764164336339 1764164336346
96576 3252476487 1764164336371.744385 1764164336373 1764164336380
96577 3252509831 1764164336405.071045 1764164336406 1764164336413
96578 3252543175 1764164336438.397705 1764164336439 1764164336446
96579 3252576518 1764164336471.723145 1764164336473 1764164336480
96580 3252609862 1764164336505.049805 1764164336506 1764164336513
96581 3252643206 1764164336538.376221 1764164336539 1764164336546
96582 3252676550 1764164336571.702393 1764164336573 1764164336580
96583 3252709894 1764164336605.028564 1764164336606 1764164336613
96584 3252743238 1764164336638.354736 1764164336640 1764164336647
96585 3252776582 1764164336671.680908 1764164336673 1764164336680
96586 3252809926 1764164336705.006836 1764164336706 1764164336713
96587 3252843270 1764164336738.332764 1764164336739 1764164336746
96588 3252876614 1764164336771.658691 1764164336773 1764164336780
96589 3252909958 1764164336804.984619 1764164336806 1764164336813
96590 3252943302 1764164336838.310303 1764164336839 1764164336846
96591 3252976646 1764164336871.635742 1764164336873 1764164336880
96592 3253009990 1764164336904.961426 1764164336906 1764164336913
96593 3253043333 1764164336938.285889 1764164336939 1764164336946
96594 3253076677 1764164336971.611328 1764164336973 1764164336980
96595 3253110021 1764164337004.936523 1764164337006 1764164337013
96596 3253143365 1764164337038.261719 1764164337039 1764164337046
96597 3253176709 1764164337071.586914 1764164337073 1764164337080
96598 3253210053 1764164337104.911865 1764164337106 1764164337113
96599 3253243397 1764164337138.237061 1764164337139 1764164337146
96600 3253276741 1764164337171.564453 1764164337173 1764164337180
96601 3253310085 1764164337204.891602 1764164337206 1764164337213
96602 3253343429 1764164337238.218994 1764164337239 1764164337246
96603 3253376773 1764164337271.546143 1764164337273 1764164337280
96604 3253410117 1764164337304.873291 1764164337306 1764164337313
96605 3253443461 1764164337338.200195 1764164337339 1764164337346
96606 3253476804 1764164337371.526123 1764164337372 1764164337380
96607 3253510148 1764164337404.853027 1764164337406 1764164337413
96608 3253543492 1764164337438.179688 1764164337440 1764164337447
96609 3253576836 1764164337471.506348 1764164337473 1764164337480
96610 3253610180 1764164337504.833008 1764164337506 1764164337513
96611 3253643524 1764164337538.159668 1764164337540 1764164337547
96612 3253676868 1764164337571.486084 1764164337573 1764164337580
96613 3253710212 1764164337604.812500 1764164337606 1764164337613
96614 3253743556 1764164337638.138672 1764164337640 1764164337647
96615 3253776900 1764164337671.465088 1764164337673 1764164337680
96616 3253810244 1764164337704.791016 1764164337706 1764164337713
96617 3253843588 1764164337738.117188 1764164337740 1764164337747
96618 3253876932 1764164337771.443115 1764164337773 1764164337780
96619 3253910275 1764164337804.768066 1764164337806 1764164337813
96620 3253943619 1764164337838.093994 1764164337840 1764164337847
96621 3253976963 1764164337871.419678 1764164337872 1764164337880
96622 3254010307 1764164337904.745361 1764164337906 1764164337913
96623 3254043651 1764164337938.071045 1764164337940 1764164337947
96624 3254076995 1764164337971.396484 1764164337972 1764164337980
96625 3254110339 1764164338004.721924 1764164338006 1764164338013
96626 3254143683 1764164338038.047363 1764164338040 1764164338047
96627 3254177027 1764164338071.372803 1764164338072 1764164338080
96628 3254210371 1764164338104.697998 1764164338106 1764164338113
96629 3254243715 1764164338138.023193 1764164338140 1764164338147
96630 3254277059 1764164338171.398926 1764164338172 1764164338180
96631 3254310403 1764164338204.775635 1764164338206 1764164338213
96632 3254343747 1764164338238.152588 1764164338240 1764164338247
96633 3254377090 1764164338271.529297 1764164338272 1764164338280
96634 3254410434 1764164338304.907471 1764164338306 1764164338313
96635 3254443778 1764164338338.286377 1764164338340 1764164338347
96636 3254477122 1764164338371.665527 1764164338372 1764164338380
96637 3254510466 1764164338405.045654 1764164338406 1764164338413
96638 3254543810 1764164338438.426025 1764164338440 1764164338447
96639 3254577154 1764164338471.807129 1764164338472 1764164338480
96640 3254610498 1764164338505.188721 1764164338506 1764164338513
96641 3254643842 1764164338538.570801 1764164338540 1764164338547
96642 3254677186 1764164338571.953613 1764164338572 1764164338580
96643 3254710530 1764164338605.336914 1764164338607 1764164338614
96644 3254743874 1764164338638.720947 1764164338640 1764164338647
96645 3254777218 1764164338672.105469 1764164338672 1764164338680
96646 3254810561 1764164338705.489502 1764164338706 1764164338713
96647 3254843905 1764164338738.875000 1764164338740 1764164338747
96648 3254877249 1764164338772.261230 1764164338772 1764164338780
96649 3254910593 1764164338805.647949 1764164338806 1764164338813
96650 3254943937 1764164338839.035156 1764164338840 1764164338847
96651 3254977281 1764164338872.423096 1764164338872 1764164338880
96652 3255010625 1764164338905.811523 1764164338906 1764164338913
96653 3255043969 1764164338939.200439 1764164338940 1764164338947
96654 3255077313 1764164338972.590088 1764164338972 1764164338981
96655 3255110657 1764164339005.980225 1764164339006 1764164339013
96656 3255144001 1764164339039.370850 1764164339040 1764164339048
96657 3255177345 1764164339072.762207 1764164339072 1764164339080
96658 3255210689 1764164339106.154053 1764164339106 1764164339113
96659 3255244032 1764164339139.544922 1764164339140 1764164339147
96660 3255277376 1764164339172.880859 1764164339172 1764164339180
96661 3255310720 1764164339206.216553 1764164339206 1764164339213
96662 3255344064 1764164339239.552490 1764164339240 1764164339247
96663 3255377408 1764164339272.888428 1764164339272 1764164339280
96664 3255410752 1764164339306.224121 1764164339306 1764164339313
96665 3255444096 1764164339339.560059 1764164339340 1764164339347
96666 3255477440 1764164339372.895996 1764164339372 1764164339380
96667 3255510784 1764164339406.231689 1764164339406 1764164339413
96668 3255544128 1764164339439.567627 1764164339440 1764164339447
96669 3255577472 1764164339472.903320 1764164339472 1764164339480
96670 3255610816 1764164339506.239258 1764164339506 1764164339513
96671 3255644160 1764164339539.575195 1764164339540 1764164339547
96672 3255677504 1764164339572.910889 1764164339572 1764164339580
96673 3255710847 1764164339606.245850 1764164339606 1764164339613
96674 3255744191 1764164339639.581543 1764164339640 1764164339647
96675 3255777535 1764164339672.917480 1764164339672 1764164339680
96676 3255810879 1764164339706.253174 1764164339706 1764164339713
96677 3255844223 1764164339739.589111 1764164339740 1764164339747
96678 3255877567 1764164339772.924805 1764164339772 1764164339780
96679 3255910911 1764164339806.260498 1764164339806 1764164339813
96680 3255944255 1764164339839.596436 1764164339840 1764164339847
96681 3255977599 1764164339872.932129 1764164339872 1764164339880
96682 3256010943 1764164339906.268066 1764164339907 1764164339914
96683 3256044287 1764164339939.603760 1764164339940 1764164339947
96684 3256077631 1764164339972.939697 1764164339972 1764164339980
96685 3256110975 1764164340006.275391 1764164340006 1764164340013
96686 3256144318 1764164340039.610107 1764164340040 1764164340047
96687 3256177662 1764164340072.946045 1764164340073 1764164340080
96688 3256211006 1764164340106.281738 1764164340106 1764164340113
96689 3256244350 1764164340139.617676 1764164340140 1764164340147
96690 3256277694 1764164340172.953613 1764164340173 1764164340180
96691 3256311038 1764164340206.289795 1764164340206 1764164340213
96692 3256344382 1764164340239.626221 1764164340240 1764164340247
96693 3256377726 1764164340272.962402 1764164340273 1764164340280
96694 3256411070 1764164340306.298828 1764164340306 1764164340313
96695 3256444414 1764164340339.635010 1764164340340 1764164340347
96696 3256477758 1764164340372.971436 1764164340373 1764164340380
96697 3256511102 1764164340406.307861 1764164340406 1764164340413
96698 3256544446 1764164340439.644043 1764164340440 1764164340447
96699 3256577789 1764164340472.979492 1764164340474 1764164340481
96700 3256611133 1764164340506.315674 1764164340507 1764164340514
96701 3256644477 1764164340539.652100 1764164340540 1764164340547
96702 3256677821 1764164340572.988281 1764164340573 1764164340580
96703 3256711165 1764164340606.324707 1764164340606 1764164340613
96704 3256744509 1764164340639.660889 1764164340640 1764164340647
96705 3256777853 1764164340672.997314 1764164340673 1764164340680
96706 3256811197 1764164340706.333740 1764164340706 1764164340713
96707 3256844541 1764164340739.669922 1764164340740 1764164340747
96708 3256877885 1764164340773.006348 1764164340773 1764164340780
96709 3256911229 1764164340806.342529 1764164340806 1764164340813
96710 3256944573 1764164340839.678955 1764164340840 1764164340847
96711 3256977917 1764164340873.015381 1764164340873 1764164340880
96712 3257011261 1764164340906.351562 1764164340906 1764164340913
96713 3257044604 1764164340939.687012 1764164340939 1764164340947
96714 3257077948 1764164340973.023193 1764164340973 1764164340980
96715 3257111292 1764164341006.359619 1764164341006 1764164341013
96716 3257144636 1764164341039.695801 1764164341040 1764164341047
96717 3257177980 1764164341073.032227 1764164341073 1764164341080
96718 3257211324 1764164341106.368652 1764164341106 1764164341113
96719 3257244668 1764164341139.704834 1764164341140 1764164341147
96720 3257278012 1764164341173.041260 1764164341174 1764164341182
96721 3257311356 1764164341206.377930 1764164341206 1764164341213
96722 3257344700 1764164341239.714600 1764164341240 1764164341247
96723 3257378044 1764164341273.051270 1764164341273 1764164341280
96724 3257411388 1764164341306.387939 1764164341306 1764164341313
96725 3257444732 1764164341339.724609 1764164341340 1764164341347
96726 3257478075 1764164341373.060303 1764164341373 1764164341380
96727 3257511419 1764164341406.397217 1764164341406 1764164341414
96728 3257544763 1764164341439.733887 1764164341440 1764164341447
96729 3257578107 1764164341473.070557 1764164341473 1764164341480
96730 3257611451 1764164341506.407227 1764164341507 1764164341514
96731 3257644795 1764164341539.744141 1764164341540 1764164341547
96732 3257678139 1764164341573.080811 1764164341573 1764164341580
96733 3257711483 1764164341606.417480 1764164341607 1764164341614
96734 3257744827 1764164341639.754395 1764164341640 1764164341647
96735 3257778171 1764164341673.091064 1764164341673 1764164341680
96736 3257811515 1764164341706.427734 1764164341707 1764164341714
96737 3257844859 1764164341739.764648 1764164341740 1764164341747
96738 3257878203 1764164341773.101318 1764164341773 1764164341780
96739 3257911546 1764164341806.437256 1764164341807 1764164341814
96740 3257944890 1764164341839.773926 1764164341840 1764164341847
96741 3257978234 1764164341873.110840 1764164341873 1764164341880
96742 3258011578 1764164341906.447510 1764164341907 1764164341914
96743 3258044922 1764164341939.784424 1764164341940 1764164341947
96744 3258078266 1764164341973.121338 1764164341973 1764164341980
96745 3258111610 1764164342006.458008 1764164342007 1764164342014
96746 3258144954 1764164342039.794922 1764164342039 1764164342047
96747 3258178298 1764164342073.131836 1764164342073 1764164342080
96748 3258211642 1764164342106.468750 1764164342107 1764164342114
96749 3258244986 1764164342139.805420 1764164342139 1764164342147
96750 3258278330 1764164342173.142334 1764164342173 1764164342180
96751 3258311674 1764164342206.479248 1764164342207 1764164342214
96752 3258345018 1764164342239.815918 1764164342239 1764164342247
96753 3258378361 1764164342273.151611 1764164342273 1764164342280
96754 3258411705 1764164342306.488525 1764164342307 1764164342314
96755 3258445049 1764164342339.825195 1764164342339 1764164342347
96756 3258478393 1764164342373.162109 1764164342373 1764164342380
96757 3258511737 1764164342406.499023 1764164342407 1764164342414
96758 3258545081 1764164342439.835693 1764164342439 1764164342447
96759 3258578425 1764164342473.172607 1764164342473 1764164342480
96760 3258611769 1764164342506.509277 1764164342507 1764164342514
96761 3258645113 1764164342539.846191 1764164342539 1764164342547
96762 3258678457 1764164342573.183105 1764164342573 1764164342580
96763 3258711801 1764164342606.519775 1764164342607 1764164342614
96764 3258745145 1764164342639.856689 1764164342639 1764164342647
96765 3258778489 1764164342673.193604 1764164342673 1764164342680
96766 3258811832 1764164342706.529541 1764164342707 1764164342714
96767 3258845176 1764164342739.866211 1764164342739 1764164342747
96768 3258878520 1764164342773.203125 1764164342773 1764164342780
96769 3258911864 1764164342806.540039 1764164342807 1764164342814
96770 3258945208 1764164342839.876953 1764164342839 1764164342847
96771 3258978552 1764164342873.213867 1764164342873 1764164342880
96772 3259011896 1764164342906.550781 1764164342907 1764164342914
96773 3259045240 1764164342939.887451 1764164342939 1764164342947
96774 3259078584 1764164342973.224365 1764164342973 1764164342980
96775 3259111928 1764164343006.561279 1764164343007 1764164343014
96776 3259145272 1764164343039.898193 1764164343039 1764164343047
96777 3259178616 1764164343073.235107 1764164343073 1764164343080
96778 3259211960 1764164343106.572021 1764164343107 1764164343114
96779 3259245303 1764164343139.907959 1764164343139 1764164343147
96780 3259278647 1764164343173.244873 1764164343173 1764164343180
96781 3259311991 1764164343206.581055 1764164343207 1764164343214
96782 3259345335 1764164343239.917480 1764164343239 1764164343247
96783 3259378679 1764164343273.253662 1764164343273 1764164343280
96784 3259412023 1764164343306.589844 1764164343307 1764164343314
96785 3259445367 1764164343339.926025 1764164343339 1764164343347
96786 3259478711 1764164343373.262207 1764164343373 1764164343380
96787 3259512055 1764164343406.598389 1764164343407 1764164343414
96788 3259545399 1764164343439.934570 1764164343439 1764164343447
96789 3259578743 1764164343473.270752 1764164343473 1764164343480
96790 3259612087 1764164343506.607178 1764164343507 1764164343514
96791 3259645431 1764164343539.943359 1764164343539 1764164343547
96792 3259678775 1764164343573.279541 1764164343573 1764164343580
96793 3259712118 1764164343606.614746 1764164343607 1764164343614
96794 3259745462 1764164343639.950928 1764164343639 1764164343647
96795 3259778806 1764164343673.287109 1764164343673 1764164343680
96796 3259812150 1764164343706.623291 1764164343707 1764164343714
96797 3259845494 1764164343739.959717 1764164343739 1764164343747
96798 3259878838 1764164343773.295898 1764164343773 1764164343780
96799 3259912182 1764164343806.632080 1764164343807 1764164343814
96800 3259945526 1764164343839.968262 1764164343839 1764164343847
96801 3259978870 1764164343873.304443 1764164343873 1764164343880
96802 3260012214 1764164343906.640625 1764164343907 1764164343914
96803 3260045558 1764164343939.976807 1764164343939 1764164343947
96804 3260078902 1764164343973.313232 1764164343973 1764164343980
96805 3260112246 1764164344006.649414 1764164344007 1764164344014
96806 3260145589 1764164344039.984619 1764164344040 1764164344047
96807 3260178933 1764164344073.320801 1764164344073 1764164344080
96808 3260212277 1764164344106.656982 1764164344107 1764164344114
96809 3260245621 1764164344139.993164 1764164344139 1764164344147
96810 3260278965 1764164344173.329590 1764164344173 1764164344180
96811 3260312309 1764164344206.665771 1764164344207 1764164344214
96812 3260345653 1764164344240.002197 1764164344240 1764164344247
96813 3260378997 1764164344273.338623 1764164344273 1764164344280
96814 3260412341 1764164344306.674805 1764164344307 1764164344314
96815 3260445685 1764164344340.011230 1764164344340 1764164344347
96816 3260479029 1764164344373.347656 1764164344373 1764164344380
96817 3260512373 1764164344406.683838 1764164344407 1764164344414
96818 3260545717 1764164344440.020264 1764164344440 1764164344447
96819 3260579060 1764164344473.355713 1764164344473 1764164344480
96820 3260612404 1764164344506.692139 1764164344507 1764164344514
96821 3260645748 1764164344540.028320 1764164344540 1764164344547
96822 3260679092 1764164344573.364746 1764164344574 1764164344581
96823 3260712436 1764164344606.701172 1764164344607 1764164344614
96824 3260745780 1764164344640.037598 1764164344640 1764164344647
96825 3260779124 1764164344673.373779 1764164344673 1764164344680
96826 3260812468 1764164344706.710205 1764164344707 1764164344714
96827 3260845812 1764164344740.046631 1764164344740 1764164344747
96828 3260879156 1764164344773.383057 1764164344773 1764164344780
96829 3260912500 1764164344806.719238 1764164344807 1764164344814
96830 3260945844 1764164344840.055664 1764164344840 1764164344847
96831 3260979188 1764164344873.392090 1764164344873 1764164344880
96832 3261012532 1764164344906.728516 1764164344907 1764164344914
96833 3261045875 1764164344940.063965 1764164344940 1764164344947
96834 3261079219 1764164344973.400146 1764164344973 1764164344980
96835 3261112563 1764164345006.736572 1764164345007 1764164345014
96836 3261145907 1764164345040.072998 1764164345040 1764164345047
96837 3261179251 1764164345073.409424 1764164345073 1764164345080
96838 3261212595 1764164345106.745850 1764164345107 1764164345114
96839 3261245939 1764164345140.082275 1764164345140 1764164345147
96840 3261279283 1764164345173.418457 1764164345173 1764164345180
96841 3261312627 1764164345206.754395 1764164345207 1764164345214
96842 3261345971 1764164345240.090332 1764164345240 1764164345247
96843 3261379315 1764164345273.426270 1764164345273 1764164345280
96844 3261412659 1764164345306.762207 1764164345307 1764164345314
96845 3261446003 1764164345340.097900 1764164345340 1764164345347
96846 3261479346 1764164345373.432861 1764164345373 1764164345380
96847 3261512690 1764164345406.768799 1764164345407 1764164345414
96848 3261546034 1764164345440.104492 1764164345440 1764164345447
96849 3261579378 1764164345473.440430 1764164345473 1764164345480
96850 3261612722 1764164345506.776367 1764164345507 1764164345514
96851 3261646066 1764164345540.112305 1764164345540 1764164345547
96852 3261679410 1764164345573.447998 1764164345573 1764164345580
96853 3261712754 1764164345606.783936 1764164345607 1764164345614
96854 3261746098 1764164345640.119873 1764164345640 1764164345647
96855 3261779442 1764164345673.455566 1764164345674 1764164345681
96856 3261812786 1764164345706.791504 1764164345707 1764164345714
96857 3261846130 1764164345740.127441 1764164345740 1764164345747
96858 3261879474 1764164345773.463135 1764164345774 1764164345781
96859 3261912817 1764164345806.798096 1764164345807 1764164345814
96860 3261946161 1764164345840.134033 1764164345840 1764164345847
96861 3261979505 1764164345873.469727 1764164345874 1764164345881
96862 3262012849 1764164345906.805664 1764164345907 1764164345914
96863 3262046193 1764164345940.141357 1764164345940 1764164345947
96864 3262079537 1764164345973.477295 1764164345974 1764164345981
96865 3262112881 1764164346006.813232 1764164346007 1764164346014
96866 3262146225 1764164346040.148926 1764164346040 1764164346047
96867 3262179569 1764164346073.484863 1764164346074 1764164346081
96868 3262212913 1764164346106.820557 1764164346107 1764164346114
96869 3262246257 1764164346140.156494 1764164346140 1764164346147
96870 3262279601 1764164346173.492188 1764164346174 1764164346181
96871 3262312945 1764164346206.837158 1764164346207 1764164346214
96872 3262346289 1764164346240.182129 1764164346240 1764164346247
96873 3262379632 1764164346273.526123 1764164346274 1764164346281
96874 3262412976 1764164346306.871338 1764164346306 1764164346314
96875 3262446320 1764164346340.216309 1764164346340 1764164346347
96876 3262479664 1764164346373.561523 1764164346374 1764164346381
96877 3262513008 1764164346406.906738 1764164346406 1764164346414
96878 3262546352 1764164346440.252197 1764164346440 1764164346447
96879 3262579696 1764164346473.597412 1764164346474 1764164346481
96880 3262613040 1764164346506.942871 1764164346506 1764164346514
96881 3262646384 1764164346540.288330 1764164346540 1764164346547
96882 3262679728 1764164346573.633789 1764164346574 1764164346581
96883 3262713072 1764164346606.979492 1764164346606 1764164346614
96884 3262746416 1764164346640.325195 1764164346640 1764164346647
96885 3262779760 1764164346673.670898 1764164346674 1764164346681
96886 3262813103 1764164346707.015625 1764164346706 1764164346714
96887 3262846447 1764164346740.361328 1764164346740 1764164346747
96888 3262879791 1764164346773.707275 1764164346774 1764164346781
96889 3262913135 1764164346807.053223 1764164346806 1764164346814
96890 3262946479 1764164346840.399170 1764164346840 1764164346847
96891 3262979823 1764164346873.745117 1764164346874 1764164346881
96892 3263013167 1764164346907.091309 1764164346906 1764164346914
96893 3263046511 1764164346940.437500 1764164346940 1764164346947
96894 3263079855 1764164346973.783691 1764164346974 1764164346981
96895 3263113199 1764164347007.129883 1764164347006 1764164347014
96896 3263146543 1764164347040.476074 1764164347040 1764164347047
96897 3263179887 1764164347073.822510 1764164347074 1764164347081
96898 3263213231 1764164347107.168945 1764164347106 1764164347114
96899 3263246574 1764164347140.514404 1764164347140 1764164347147
96900 3263279918 1764164347173.860840 1764164347174 1764164347181
96901 3263313262 1764164347207.195801 1764164347206 1764164347214
96902 3263346606 1764164347240.530762 1764164347240 1764164347247
96903 3263379950 1764164347273.865967 1764164347274 1764164347281
96904 3263413294 1764164347307.200684 1764164347306 1764164347314
96905 3263446638 1764164347340.535645 1764164347340 1764164347347
96906 3263479982 1764164347373.870605 1764164347374 1764164347381
96907 3263513326 1764164347407.205566 1764164347406 1764164347414
96908 3263546670 1764164347440.540527 1764164347440 1764164347447
96909 3263580014 1764164347473.875488 1764164347474 1764164347481
96910 3263613358 1764164347507.210449 1764164347506 1764164347514
96911 3263646702 1764164347540.545166 1764164347540 1764164347547
96912 3263680046 1764164347573.880127 1764164347574 1764164347581
96913 3263713389 1764164347607.214111 1764164347606 1764164347614
96914 3263746733 1764164347640.548828 1764164347640 1764164347647
96915 3263780077 1764164347673.883789 1764164347674 1764164347681
96916 3263813421 1764164347707.218506 1764164347706 1764164347714
96917 3263846765 1764164347740.553467 1764164347740 1764164347747
96918 3263880109 1764164347773.888184 1764164347774 1764164347781
96919 3263913453 1764164347807.223145 1764164347806 1764164347814
96920 3263946797 1764164347840.557861 1764164347840 1764164347847
96921 3263980141 1764164347873.892822 1764164347874 1764164347881
96922 3264013485 1764164347907.227539 1764164347906 1764164347914
96923 3264046829 1764164347940.562256 1764164347940 1764164347947
96924 3264080173 1764164347973.896973 1764164347974 1764164347981
96925 3264113517 1764164348007.231934 1764164348006 1764164348014
96926 3264146860 1764164348040.565674 1764164348040 1764164348047
96927 3264180204 1764164348073.900391 1764164348074 1764164348081
96928 3264213548 1764164348107.235107 1764164348106 1764164348114
96929 3264246892 1764164348140.569824 1764164348140 1764164348147
96930 3264280236 1764164348173.904541 1764164348174 1764164348181
96931 3264313580 1764164348207.239502 1764164348206 1764164348214
96932 3264346924 1764164348240.574219 1764164348240 1764164348247
