1764167014714455968 57893
1764167014740726112 57894
1764167014769572640 57895
1764167014815281024 57896
1764167014841030368 57897
1764167014874424896 57898
1764167014907269856 57899
1764167014944216032 57900
1764167014971971648 57901
1764167015006400832 57902
1764167015040762816 57903
1764167015070443328 57904
1764167015104757056 57905
1764167015136175136 57906
1764167015170415136 57907
1764167015205099520 57908
1764167015244014400 57909
1764167015270704672 57910
1764167015306280512 57911
1764167015336137952 57912
1764167015371751680 57913
1764167015406296032 57914
1764167015440825728 57915
1764167015473807104 57916
1764167015503957696 57917
1764167015538175520 57918
1764167015586477696 57919
1764167015606169120 57920
1764167015640550272 57921
1764167015670203168 57922
1764167015705257536 57923
1764167015737956224 57924
1764167015770162656 57925
1764167015805796608 57926
1764167015840265696 57927
1764167015874790816 57928
1764167015907960032 57929
1764167015938294112 57930
1764167015977202208 57931
1764167016004886816 57932
1764167016041388608 57933
1764167016070279040 57934
1764167016108018656 57935
1764167016137672864 57936
1764167016173802432 57937
1764167016207268512 57938
1764167016236083744 57939
1764167016271981376 57940
1764167016307608096 57941
1764167016336594304 57942
1764167016373483360 57943
1764167016404904512 57944
1764167016439833664 57945
1764167016469318432 57946
1764167016505233152 57947
1764167016540383488 57948
1764167016579091840 57949
1764167016605955136 57950
1764167016640457632 57951
1764167016674604064 57952
1764167016707855392 57953
1764167016736003520 57954
1764167016772766560 57955
1764167016810741952 57956
1764167016839004544 57957
1764167016883351744 57958
1764167016906891168 57959
1764167016940420352 57960
1764167016968358240 57961
1764167017002272320 57962
1764167017047498816 57963
1764167017073897248 57964
1764167017104729792 57965
1764167017135570688 57966
1764167017169933856 57967
1764167017202530880 57968
1764167017237058848 57969
1764167017272227776 57970
1764167017307270528 57971
1764167017340683296 57972
1764167017374471488 57973
1764167017409564992 57974
1764167017449821952 57975
1764167017477736352 57976
1764167017503066528 57977
1764167017537050048 57978
1764167017571872896 57979
1764167017607600448 57980
1764167017640547136 57981
1764167017673149248 57982
1764167017707562208 57983
1764167017740050496 57984
1764167017776290336 57985
1764167017802724512 57986
1764167017839775808 57987
1764167017874622432 57988
1764167017909009248 57989
1764167017936977664 57990
1764167017974173984 57991
1764167018013164992 57992
1764167018050455168 57993
1764167018073819840 57994
1764167018108069216 57995
1764167018135895936 57996
1764167018169968352 57997
1764167018207465280 57998
1764167018246692384 57999
1764167018272440928 58000
1764167018315569504 58001
1764167018339058496 58002
1764167018376093376 58003
1764167018402425504 58004
1764167018446498752 58005
1764167018472554944 58006
1764167018504109600 58007
1764167018541394080 58008
1764167018571475744 58009
1764167018607932000 58010
1764167018635296992 58011
1764167018670479552 58012
1764167018707132544 58013
1764167018735384032 58014
1764167018770441632 58015
1764167018806099200 58016
1764167018840102880 58017
1764167018874087872 58018
1764167018919233088 58019
1764167018939384864 58020
1764167018973981120 58021
1764167019003065056 58022
1764167019038160256 58023
1764167019073240576 58024
1764167019107335744 58025
1764167019135160096 58026
1764167019169971232 58027
1764167019221165472 58028
1764167019239068128 58029
1764167019271843744 58030
1764167019305916288 58031
1764167019339914240 58032
1764167019373958080 58033
1764167019402091712 58034
1764167019436433056 58035
1764167019471539168 58036
1764167019506559104 58037
1764167019543181856 58038
1764167019573696320 58039
1764167019604321600 58040
1764167019640585408 58041
1764167019668832992 58042
1764167019704136640 58043
1764167019739499008 58044
1764167019773542176 58045
1764167019809292256 58046
1764167019838158560 58047
1764167019873532448 58048
1764167019903219552 58049
1764167019939658912 58050
1764167019973976032 58051
1764167020002276352 58052
1764167020038219520 58053
1764167020076158496 58054
1764167020103180064 58055
1764167020139565120 58056
1764167020169090880 58057
1764167020204766784 58058
1764167020242489856 58059
1764167020269846080 58060
1764167020305177952 58061
1764167020340034432 58062
1764167020374659136 58063
1764167020401822688 58064
1764167020436811808 58065
1764167020476467040 58066
1764167020504038624 58067
1764167020540552640 58068
1764167020569098880 58069
1764167020610057216 58070
1764167020639435616 58071
1764167020673284512 58072
1764167020707528416 58073
1764167020736224480 58074
1764167020771827232 58075
1764167020812504032 58076
1764167020844790496 58077
1764167020872462784 58078
1764167020900489632 58079
1764167020935904480 58080
1764167020971036480 58081
1764167021007869216 58082
1764167021033973216 58083
1764167021070007104 58084
1764167021104970400 58085
1764167021152363360 58086
1764167021171984800 58087
1764167021204485152 58088
1764167021239969760 58089
1764167021268655136 58090
1764167021304797952 58091
1764167021334908608 58092
1764167021371266144 58093
1764167021406902336 58094
1764167021436600128 58095
1764167021473428960 58096
1764167021501169696 58097
1764167021535604448 58098
1764167021570980320 58099
1764167021607018240 58100
1764167021635794784 58101
1764167021671341440 58102
1764167021706878976 58103
1764167021738619904 58104
1764167021771093472 58105
1764167021801898208 58106
1764167021837827168 58107
1764167021871131840 58108
1764167021902460544 58109
1764167021935530944 58110
1764167021973294016 58111
1764167022001198848 58112
1764167022037878112 58113
1764167022072708992 58114
1764167022102044128 58115
1764167022134645984 58116
1764167022168077600 58117
1764167022205842720 58118
1764167022234576064 58119
1764167022272845760 58120
1764167022306249728 58121
1764167022339915936 58122
1764167022367595488 58123
1764167022401814816 58124
1764167022438326112 58125
1764167022472036800 58126
1764167022506664416 58127
1764167022536135328 58128
1764167022572575136 58129
1764167022605617952 58130
1764167022633972896 58131
1764167022668510784 58132
1764167022705265408 58133
1764167022734987072 58134
1764167022774157920 58135
1764167022813504064 58136
1764167022858954240 58137
1764167022881432224 58138
1764167022911024992 58139
1764167022938135200 58140
1764167022976477184 58141
1764167023001758784 58142
1764167023039238336 58143
1764167023073189824 58144
1764167023100830368 58145
1764167023134782624 58146
1764167023174544096 58147
1764167023202150464 58148
1764167023237882496 58149
1764167023272551744 58150
1764167023301865280 58151
1764167023340483904 58152
1764167023367972160 58153
1764167023405791040 58154
1764167023440605536 58155
1764167023467278784 58156
1764167023505655808 58157
1764167023540024960 58158
1764167023566890080 58159
1764167023605103712 58160
1764167023639298848 58161
1764167023672009024 58162
1764167023705362880 58163
1764167023739362272 58164
1764167023773040320 58165
1764167023801127616 58166
1764167023836259200 58167
1764167023874374336 58168
1764167023901476192 58169
1764167023935726208 58170
1764167023971620000 58171
1764167024001230752 58172
1764167024037061600 58173
1764167024076680128 58174
1764167024104580544 58175
1764167024138157984 58176
1764167024171571424 58177
1764167024201652160 58178
1764167024236249536 58179
1764167024272972160 58180
1764167024310525120 58181
1764167024337698016 58182
1764167024371204896 58183
1764167024405721216 58184
1764167024438357472 58185
1764167024472200992 58186
1764167024505619488 58187
1764167024547520192 58188
1764167024571030208 58189
1764167024599948960 58190
1764167024645229344 58191
1764167024674266336 58192
1764167024703242336 58193
1764167024733356640 58194
1764167024769289472 58195
1764167024803501984 58196
1764167024838134752 58197
1764167024870465088 58198
1764167024905321664 58199
1764167024940199040 58200
1764167024970052704 58201
1764167025004821824 58202
1764167025038208448 58203
1764167025072074656 58204
1764167025103180192 58205
1764167025138580608 58206
1764167025166960672 58207
1764167025201014688 58208
1764167025237345344 58209
1764167025269755680 58210
1764167025307327168 58211
1764167025339841952 58212
1764167025366364384 58213
1764167025400862720 58214
1764167025437582112 58215
1764167025476566112 58216
1764167025503917536 58217
1764167025537209024 58218
1764167025582794816 58219
1764167025608871008 58220
1764167025635884896 58221
1764167025670336672 58222
1764167025705692704 58223
1764167025735245408 58224
1764167025770970848 58225
1764167025804374816 58226
1764167025838891520 58227
1764167025869578784 58228
1764167025901339424 58229
1764167025942709760 58230
1764167025973110912 58231
1764167026001565856 58232
1764167026037070112 58233
1764167026069295776 58234
1764167026100989504 58235
1764167026135726976 58236
1764167026166875552 58237
1764167026203254496 58238
1764167026233013568 58239
1764167026268433376 58240
1764167026304925568 58241
1764167026333151104 58242
1764167026371879776 58243
1764167026414464928 58244
1764167026438917344 58245
1764167026473260832 58246
1764167026517278048 58247
1764167026540489696 58248
1764167026569975936 58249
1764167026600451552 58250
1764167026635403808 58251
1764167026667373888 58252
1764167026702301440 58253
1764167026736857344 58254
1764167026771123616 58255
1764167026805289728 58256
1764167026841853952 58257
1764167026874209216 58258
1764167026905414016 58259
1764167026938354688 58260
1764167026970813120 58261
1764167027005652160 58262
1764167027032872448 58263
1764167027076247136 58264
1764167027104449088 58265
1764167027139146720 58266
1764167027166651744 58267
1764167027202086176 58268
1764167027238162048 58269
1764167027272176960 58270
1764167027304982816 58271
1764167027341373344 58272
1764167027367690336 58273
1764167027407816544 58274
1764167027433716480 58275
1764167027469394752 58276
1764167027505833664 58277
1764167027534241504 58278
1764167027571970848 58279
1764167027599006080 58280
1764167027633956384 58281
1764167027671410528 58282
1764167027709682144 58283
1764167027737763008 58284
1764167027771173440 58285
1764167027805634304 58286
1764167027832677088 58287
1764167027872118112 58288
1764167027902960192 58289
1764167027938552928 58290
1764167027967544960 58291
1764167028002999232 58292
1764167028038617856 58293
1764167028068291552 58294
1764167028111039008 58295
1764167028140553024 58296
1764167028166944864 58297
1764167028205715680 58298
1764167028237683456 58299
1764167028270414688 58300
1764167028304015968 58301
1764167028337883168 58302
1764167028370605408 58303
1764167028404256832 58304
1764167028438136288 58305
1764167028469378816 58306
1764167028503351936 58307
1764167028538892992 58308
1764167028566433440 58309
1764167028601049760 58310
1764167028635774592 58311
1764167028670431744 58312
1764167028704039040 58313
1764167028737287328 58314
1764167028772548704 58315
1764167028809716288 58316
1764167028847172608 58317
1764167028874648896 58318
1764167028900117312 58319
1764167028936937600 58320
1764167028971125568 58321
1764167029003364224 58322
1764167029038819296 58323
1764167029072972640 58324
1764167029108630112 58325
1764167029138159328 58326
1764167029167003456 58327
1764167029204456352 58328
1764167029238783840 58329
1764167029266211168 58330
1764167029302137248 58331
1764167029337270496 58332
1764167029371755584 58333
1764167029399083712 58334
1764167029434344288 58335
1764167029475277024 58336
1764167029505397440 58337
1764167029533066976 58338
1764167029568336704 58339
1764167029603869088 58340
1764167029633502304 58341
1764167029674530976 58342
1764167029702828384 58343
1764167029736856000 58344
1764167029773313312 58345
1764167029800036256 58346
1764167029836340608 58347
1764167029869837440 58348
1764167029899375680 58349
1764167029933990304 58350
1764167029968979328 58351
1764167030007758944 58352
1764167030042674624 58353
1764167030070769408 58354
1764167030103159168 58355
1764167030138235872 58356
1764167030165969920 58357
1764167030206085536 58358
1764167030235535584 58359
1764167030270828832 58360
1764167030301974688 58361
1764167030337171200 58362
1764167030373492320 58363
1764167030402647648 58364
1764167030437848352 58365
1764167030467834944 58366
1764167030503707168 58367
1764167030537545408 58368
1764167030565721248 58369
1764167030603494048 58370
1764167030632478272 58371
1764167030668818784 58372
1764167030703976384 58373
1764167030737426400 58374
1764167030771288672 58375
1764167030800509792 58376
1764167030836376064 58377
1764167030865710688 58378
1764167030905681952 58379
1764167030933683808 58380
1764167030972010112 58381
1764167030999277472 58382
1764167031033861728 58383
1764167031081161504 58384
1764167031115719136 58385
1764167031143110976 58386
1764167031168963680 58387
1764167031201958944 58388
1764167031236783168 58389
1764167031269076896 58390
1764167031301985312 58391
1764167031336553632 58392
1764167031373763936 58393
1764167031405974432 58394
1764167031433704320 58395
1764167031468571648 58396
1764167031503678176 58397
1764167031543221504 58398
1764167031570840096 58399
1764167031603867904 58400
1764167031637002080 58401
1764167031688356352 58402
1764167031704149440 58403
1764167031736170336 58404
1764167031768749504 58405
1764167031805432544 58406
1764167031832736256 58407
1764167031867262784 58408
1764167031902849600 58409
1764167031931970976 58410
1764167031966853088 58411
1764167032009941888 58412
1764167032038154944 58413
1764167032066864128 58414
1764167032101689824 58415
1764167032136450048 58416
1764167032170028800 58417
1764167032203281504 58418
1764167032237684736 58419
1764167032265635712 58420
1764167032304296192 58421
1764167032339839072 58422
1764167032373666848 58423
1764167032410867616 58424
1764167032438799648 58425
1764167032467293792 58426
1764167032502451456 58427
1764167032536314048 58428
1764167032564436864 58429
1764167032599908512 58430
1764167032636920640 58431
1764167032671460640 58432
1764167032697685696 58433
1764167032735003456 58434
1764167032770375264 58435
1764167032799951648 58436
1764167032834202528 58437
1764167032869685056 58438
1764167032903007872 58439
1764167032939472064 58440
1764167032979645056 58441
1764167033014114624 58442
1764167033041247520 58443
1764167033069632608 58444
1764167033097792096 58445
1764167033133834368 58446
1764167033168450400 58447
1764167033204062240 58448
1764167033232210848 58449
1764167033267017760 58450
1764167033301386880 58451
1764167033336436256 58452
1764167033372630912 58453
1764167033397957984 58454
1764167033432234944 58455
1764167033467823296 58456
1764167033502777888 58457
1764167033530891552 58458
1764167033565139488 58459
1764167033600576128 58460
1764167033636718304 58461
1764167033673362304 58462
1764167033707286240 58463
1764167033736461760 58464
1764167033768786912 58465
1764167033803035456 58466
1764167033832384320 58467
1764167033869034720 58468
1764167033898324928 58469
1764167033937842624 58470
1764167033964978208 58471
1764167033998529984 58472
1764167034035176640 58473
1764167034070337856 58474
1764167034109816480 58475
1764167034137003744 58476
1764167034169825472 58477
1764167034198644288 58478
1764167034233535296 58479
1764167034269016448 58480
1764167034303285216 58481
1764167034341905120 58482
1764167034368998752 58483
1764167034397557120 58484
1764167034431778400 58485
1764167034471334976 58486
1764167034509011616 58487
1764167034536424768 58488
1764167034566782688 58489
1764167034606945824 58490
1764167034633362208 58491
1764167034667625728 58492
1764167034702669760 58493
1764167034736808832 58494
1764167034773555328 58495
1764167034799814240 58496
1764167034837505024 58497
1764167034869241792 58498
1764167034897620320 58499
1764167034933392320 58500
1764167034968329152 58501
1764167035002588224 58502
1764167035036510848 58503
1764167035070345632 58504
1764167035098994400 58505
1764167035134470048 58506
1764167035169390752 58507
1764167035213109536 58508
1764167035248356832 58509
1764167035272024608 58510
1764167035298249664 58511
1764167035336180448 58512
1764167035365667936 58513
1764167035400818080 58514
1764167035436444544 58515
1764167035465833824 58516
1764167035501156768 58517
1764167035541153280 58518
1764167035580652704 58519
1764167035608315392 58520
1764167035640664832 58521
1764167035672561504 58522
1764167035706813504 58523
1764167035740406176 58524
1764167035772173152 58525
1764167035806816800 58526
1764167035833290688 58527
1764167035867917024 58528
1764167035902171040 58529
1764167035942080992 58530
1764167035973075264 58531
1764167036004124448 58532
1764167036031195008 58533
1764167036068219552 58534
1764167036103051360 58535
1764167036131216896 58536
1764167036166187200 58537
1764167036201457248 58538
1764167036237092128 58539
1764167036272994784 58540
1764167036302320704 58541
1764167036330127392 58542
1764167036365121568 58543
1764167036400278080 58544
1764167036437126784 58545
1764167036463955488 58546
1764167036499995680 58547
1764167036536542688 58548
1764167036564893088 58549
1764167036598663776 58550
1764167036635820160 58551
1764167036667915296 58552
1764167036698290784 58553
1764167036735508864 58554
1764167036764773760 58555
1764167036798846816 58556
1764167036834714080 58557
1764167036869641664 58558
1764167036903879328 58559
1764167036931022336 58560
1764167036966340992 58561
1764167037000561632 58562
1764167037040403072 58563
1764167037071342240 58564
1764167037098267168 58565
1764167037132979872 58566
1764167037167987040 58567
1764167037210234112 58568
1764167037237492704 58569
1764167037264269888 58570
1764167037305289568 58571
1764167037334049920 58572
1764167037365867616 58573
1764167037401247744 58574
1764167037435502368 58575
1764167037470145984 58576
1764167037503307808 58577
1764167037534244832 58578
1764167037569368128 58579
1764167037602192288 58580
1764167037636450112 58581
1764167037664673344 58582
1764167037706129408 58583
1764167037737558432 58584
1764167037764723456 58585
1764167037801434112 58586
1764167037835848544 58587
1764167037863907488 58588
1764167037898925120 58589
1764167037934511264 58590
1764167037969725440 58591
1764167037997652160 58592
1764167038033739712 58593
1764167038070329760 58594
1764167038098770944 58595
1764167038134191808 58596
1764167038169453088 58597
1764167038205463808 58598
1764167038233878432 58599
1764167038272066464 58600
1764167038298941984 58601
1764167038333799296 58602
1764167038368680512 58603
1764167038400654336 58604
1764167038436030144 58605
1764167038464083488 58606
1764167038506976160 58607
1764167038537838560 58608
1764167038568853376 58609
1764167038601605152 58610
1764167038640019968 58611
1764167038672899296 58612
1764167038702788224 58613
1764167038730748928 58614
1764167038770206272 58615
1764167038801556288 58616
1764167038835747104 58617
1764167038865029216 58618
1764167038900516864 58619
1764167038941925632 58620
1764167038972103872 58621
1764167039003639392 58622
1764167039031201120 58623
1764167039065677152 58624
1764167039110153664 58625
1764167039140165632 58626
1764167039165596608 58627
1764167039199564192 58628
1764167039234378304 58629
1764167039269808224 58630
1764167039306077120 58631
1764167039331539456 58632
1764167039367633856 58633
1764167039402715680 58634
1764167039431293344 58635
1764167039470653312 58636
1764167039501625888 58637
1764167039536078976 58638
1764167039564089760 58639
1764167039599004704 58640
1764167039636664032 58641
1764167039668056768 58642
1764167039707299680 58643
1764167039736887328 58644
1764167039764134432 58645
1764167039800128320 58646
1764167039836609312 58647
1764167039872943552 58648
1764167039907084928 58649
1764167039945557184 58650
1764167039972621440 58651
1764167039999463328 58652
1764167040034298944 58653
1764167040067973632 58654
1764167040107320480 58655
1764167040136101152 58656
1764167040167195872 58657
1764167040201877696 58658
1764167040239310784 58659
1764167040265493600 58660
1764167040301691552 58661
1764167040336265312 58662
1764167040365119520 58663
1764167040400344000 58664
1764167040435058272 58665
1764167040469167936 58666
1764167040503170784 58667
1764167040531973792 58668
1764167040574868736 58669
1764167040601585504 58670
1764167040634970496 58671
1764167040664837824 58672
1764167040700301440 58673
1764167040743881824 58674
1764167040770200192 58675
1764167040800784352 58676
1764167040830534752 58677
1764167040869243392 58678
1764167040898438912 58679
1764167040933343808 58680
1764167040968306816 58681
1764167041004217088 58682
1764167041032963744 58683
1764167041068753152 58684
1764167041097884992 58685
1764167041131317920 58686
1764167041169184352 58687
1764167041201375040 58688
1764167041232060384 58689
1764167041268128640 58690
1764167041301778784 58691
1764167041335801024 58692
1764167041368958144 58693
1764167041398295136 58694
1764167041434089888 58695
1764167041471211744 58696
1764167041498208544 58697
1764167041533954912 58698
1764167041568181248 58699
1764167041602916224 58700
1764167041635209600 58701
1764167041673749184 58702
1764167041701744576 58703
1764167041730705216 58704
1764167041766179200 58705
1764167041802767968 58706
1764167041831378432 58707
1764167041868346432 58708
1764167041905533440 58709
1764167041940890272 58710
1764167041968799136 58711
1764167042003828352 58712
1764167042030568192 58713
1764167042065218560 58714
1764167042100705408 58715
1764167042134598048 58716
1764167042168709632 58717
1764167042199907104 58718
1764167042239290944 58719
1764167042264112256 58720
1764167042299132672 58721
1764167042334966656 58722
1764167042369390464 58723
1764167042399846912 58724
1764167042433483872 58725
1764167042467823392 58726
1764167042503234016 58727
1764167042537386464 58728
1764167042569213888 58729
1764167042607213728 58730
1764167042635956800 58731
1764167042673580128 58732
1764167042707215168 58733
1764167042740191104 58734
1764167042775576480 58735
1764167042801581984 58736
1764167042838270176 58737
1764167042863515904 58738
1764167042897856544 58739
