74608 2161083346 1764167571668.847900 1764167571668 1764167571676
74609 2161116690 1764167571702.197754 1764167571702 1764167571709
74610 2161150034 1764167571735.547852 1764167571736 1764167571743
74611 2161183378 1764167571768.897949 1764167571768 1764167571776
74612 2161216722 1764167571802.248047 1764167571802 1764167571809
74613 2161250066 1764167571835.598145 1764167571836 1764167571843
74614 2161283410 1764167571868.948242 1764167571868 1764167571876
74615 2161316754 1764167571902.298340 1764167571902 1764167571909
74616 2161350098 1764167571935.648438 1764167571936 1764167571943
74617 2161383442 1764167571968.998535 1764167571969 1764167571976
74618 2161416785 1764167572002.343994 1764167572002 1764167572009
74619 2161450129 1764167572035.690430 1764167572036 1764167572043
74620 2161483473 1764167572069.036865 1764167572069 1764167572076
74621 2161516817 1764167572102.383545 1764167572103 1764167572110
74622 2161550161 1764167572135.729980 1764167572136 1764167572143
74623 2161583505 1764167572169.076416 1764167572169 1764167572176
74624 2161616849 1764167572202.422852 1764167572202 1764167572209
74625 2161650193 1764167572235.769287 1764167572236 1764167572243
74626 2161683537 1764167572269.115723 1764167572269 1764167572276
74627 2161716881 1764167572302.462158 1764167572303 1764167572310
74628 2161750225 1764167572335.808594 1764167572336 1764167572343
74629 2161783569 1764167572369.155273 1764167572369 1764167572376
74630 2161816913 1764167572402.501709 1764167572403 1764167572410
74631 2161850256 1764167572435.846924 1764167572435 1764167572443
74632 2161883600 1764167572469.193359 1764167572469 1764167572476
74633 2161916944 1764167572502.539795 1764167572503 1764167572510
74634 2161950288 1764167572535.886230 1764167572535 1764167572543
74635 2161983632 1764167572569.232666 1764167572569 1764167572576
74636 2162016976 1764167572602.579102 1764167572603 1764167572610
74637 2162050320 1764167572635.925537 1764167572635 1764167572643
74638 2162083664 1764167572669.271973 1764167572670 1764167572677
74639 2162117008 1764167572702.618408 1764167572703 1764167572710
74640 2162150352 1764167572735.964844 1764167572735 1764167572743
74641 2162183696 1764167572769.311279 1764167572769 1764167572776
74642 2162217040 1764167572802.657471 1764167572803 1764167572810
74643 2162250384 1764167572836.003906 1764167572835 1764167572843
74644 2162283728 1764167572869.350342 1764167572869 1764167572876
74645 2162317071 1764167572902.695801 1764167572903 1764167572910
74646 2162350415 1764167572936.041992 1764167572936 1764167572943
74647 2162383759 1764167572969.388428 1764167572969 1764167572976
74648 2162417103 1764167573002.735107 1764167573003 1764167573010
74649 2162450447 1764167573036.081787 1764167573036 1764167573043
74650 2162483791 1764167573069.428467 1764167573069 1764167573076
74651 2162517135 1764167573102.774902 1764167573103 1764167573110
74652 2162550479 1764167573136.121582 1764167573136 1764167573143
74653 2162583823 1764167573169.468262 1764167573170 1764167573177
74654 2162617167 1764167573202.814941 1764167573203 1764167573210
74655 2162650511 1764167573236.161377 1764167573236 1764167573243
74656 2162683855 1764167573269.508057 1764167573270 1764167573277
74657 2162717199 1764167573302.854736 1764167573302 1764167573310
74658 2162750542 1764167573336.200439 1764167573336 1764167573343
74659 2162783886 1764167573369.546875 1764167573370 1764167573377
74660 2162817230 1764167573402.893555 1764167573402 1764167573410
74661 2162850574 1764167573436.240234 1764167573436 1764167573443
74662 2162883918 1764167573469.586914 1764167573470 1764167573477
74663 2162917262 1764167573502.933350 1764167573502 1764167573510
74664 2162950606 1764167573536.280029 1764167573536 1764167573543
74665 2162983950 1764167573569.626709 1764167573570 1764167573577
74666 2163017294 1764167573602.973145 1764167573602 1764167573610
74667 2163050638 1764167573636.319824 1764167573636 1764167573643
74668 2163083982 1764167573669.666504 1764167573670 1764167573677
74669 2163117326 1764167573703.012939 1764167573703 1764167573710
74670 2163150670 1764167573736.359619 1764167573736 1764167573743
74671 2163184013 1764167573769.705322 1764167573770 1764167573777
74672 2163217357 1764167573803.051758 1764167573803 1764167573810
74673 2163250701 1764167573836.398438 1764167573836 1764167573843
74674 2163284045 1764167573869.745117 1764167573870 1764167573877
74675 2163317389 1764167573903.091553 1764167573903 1764167573910
74676 2163350733 1764167573936.438232 1764167573937 1764167573944
74677 2163384077 1764167573969.784668 1764167573969 1764167573977
74678 2163417421 1764167574003.131348 1764167574003 1764167574010
74679 2163450765 1764167574036.477783 1764167574037 1764167574044
74680 2163484109 1764167574069.824219 1764167574069 1764167574077
74681 2163517453 1764167574103.170654 1764167574103 1764167574110
74682 2163550797 1764167574136.517090 1764167574137 1764167574144
74683 2163584141 1764167574169.863525 1764167574169 1764167574177
74684 2163617485 1764167574203.209961 1764167574203 1764167574210
74685 2163650828 1764167574236.555420 1764167574237 1764167574244
74686 2163684172 1764167574269.902100 1764167574269 1764167574277
74687 2163717516 1764167574303.248535 1764167574303 1764167574310
74688 2163750860 1764167574336.594971 1764167574337 1764167574344
74689 2163784204 1764167574369.941406 1764167574369 1764167574377
74690 2163817548 1764167574403.287842 1764167574403 1764167574410
74691 2163850892 1764167574436.634277 1764167574437 1764167574444
74692 2163884236 1764167574469.980713 1764167574469 1764167574477
74693 2163917580 1764167574503.327148 1764167574503 1764167574510
74694 2163950924 1764167574536.673584 1764167574537 1764167574544
74695 2163984268 1764167574570.020020 1764167574570 1764167574577
74696 2164017612 1764167574603.366455 1764167574603 1764167574610
74697 2164050956 1764167574636.712646 1764167574637 1764167574644
74698 2164084299 1764167574670.058105 1764167574670 1764167574677
74699 2164117643 1764167574703.404541 1764167574703 1764167574710
74700 2164150987 1764167574736.750977 1764167574737 1764167574744
74701 2164184331 1764167574770.097412 1764167574770 1764167574777
74702 2164217675 1764167574803.443848 1764167574804 1764167574811
74703 2164251019 1764167574836.790283 1764167574837 1764167574844
74704 2164284363 1764167574870.136719 1764167574870 1764167574877
74705 2164317707 1764167574903.482910 1764167574904 1764167574911
74706 2164351051 1764167574936.829346 1764167574936 1764167574944
74707 2164384395 1764167574970.175781 1764167574970 1764167574977
74708 2164417739 1764167575003.522949 1764167575004 1764167575011
74709 2164451083 1764167575036.870361 1764167575036 1764167575044
74710 2164484427 1764167575070.217529 1764167575070 1764167575077
74711 2164517770 1764167575103.563965 1764167575104 1764167575111
74712 2164551114 1764167575136.911133 1764167575136 1764167575144
74713 2164584458 1764167575170.258545 1764167575170 1764167575177
74714 2164617802 1764167575203.605713 1764167575204 1764167575211
74715 2164651146 1764167575236.953125 1764167575236 1764167575244
74716 2164684490 1764167575270.300293 1764167575270 1764167575277
74717 2164717834 1764167575303.647705 1764167575304 1764167575311
74718 2164751178 1764167575336.994873 1764167575337 1764167575344
74719 2164784522 1764167575370.342285 1764167575370 1764167575377
74720 2164817866 1764167575403.689453 1764167575404 1764167575411
74721 2164851210 1764167575437.036865 1764167575437 1764167575444
74722 2164884554 1764167575470.384033 1764167575470 1764167575477
74723 2164917898 1764167575503.731445 1764167575504 1764167575511
74724 2164951242 1764167575537.078613 1764167575537 1764167575544
74725 2164984585 1764167575570.425049 1764167575570 1764167575577
74726 2165017929 1764167575603.772217 1764167575604 1764167575611
74727 2165051273 1764167575637.119629 1764167575637 1764167575644
74728 2165084617 1764167575670.466797 1764167575671 1764167575678
74729 2165117961 1764167575703.814209 1764167575704 1764167575711
74730 2165151305 1764167575737.161377 1764167575737 1764167575744
74731 2165184649 1764167575770.508789 1764167575771 1764167575778
74732 2165217993 1764167575803.855957 1764167575803 1764167575811
74733 2165251337 1764167575837.203369 1764167575837 1764167575844
74734 2165284681 1764167575870.550537 1764167575871 1764167575878
74735 2165318025 1764167575903.897949 1764167575903 1764167575911
74736 2165351369 1764167575937.245361 1764167575937 1764167575944
74737 2165384713 1764167575970.592529 1764167575971 1764167575978
74738 2165418056 1764167576003.939453 1764167576003 1764167576011
74739 2165451400 1764167576037.287354 1764167576037 1764167576044
74740 2165484744 1764167576070.635254 1764167576071 1764167576078
74741 2165518088 1764167576103.983154 1764167576103 1764167576111
74742 2165551432 1764167576137.331055 1764167576137 1764167576144
74743 2165584776 1764167576170.678955 1764167576171 1764167576178
74744 2165618120 1764167576204.026855 1764167576204 1764167576211
74745 2165651464 1764167576237.374756 1764167576237 1764167576244
74746 2165684808 1764167576270.722900 1764167576271 1764167576278
74747 2165718152 1764167576304.070801 1764167576305 1764167576312
74748 2165751496 1764167576337.418701 1764167576337 1764167576345
74749 2165784840 1764167576370.766846 1764167576371 1764167576378
74750 2165818184 1764167576404.114746 1764167576404 1764167576411
74751 2165851527 1764167576437.461914 1764167576438 1764167576445
74752 2165884871 1764167576470.809814 1764167576471 1764167576478
74753 2165918215 1764167576504.157959 1764167576504 1764167576511
74754 2165951559 1764167576537.506104 1764167576538 1764167576545
74755 2165984903 1764167576570.854248 1764167576570 1764167576578
74756 2166018247 1764167576604.202148 1764167576604 1764167576611
74757 2166051591 1764167576637.550293 1764167576638 1764167576645
74758 2166084935 1764167576670.898438 1764167576670 1764167576678
74759 2166118279 1764167576704.246582 1764167576704 1764167576711
74760 2166151623 1764167576737.594727 1764167576738 1764167576745
74761 2166184967 1764167576770.943115 1764167576770 1764167576778
74762 2166218311 1764167576804.291260 1764167576804 1764167576811
74763 2166251655 1764167576837.639404 1764167576838 1764167576845
74764 2166284999 1764167576870.987549 1764167576870 1764167576878
74765 2166318342 1764167576904.334961 1764167576905 1764167576912
74766 2166351686 1764167576937.683105 1764167576938 1764167576945
74767 2166385030 1764167576971.031494 1764167576971 1764167576978
74768 2166418374 1764167577004.377930 1764167577004 1764167577011
74769 2166451718 1764167577037.724609 1764167577038 1764167577045
74770 2166485062 1764167577071.071289 1764167577071 1764167577078
74771 2166518406 1764167577104.417969 1764167577104 1764167577111
74772 2166551750 1764167577137.764648 1764167577138 1764167577145
74773 2166585094 1764167577171.111328 1764167577171 1764167577178
74774 2166618438 1764167577204.458008 1764167577204 1764167577211
74775 2166651782 1764167577237.804688 1764167577238 1764167577245
74776 2166685126 1764167577271.151123 1764167577271 1764167577278
74777 2166718470 1764167577304.497803 1764167577305 1764167577312
74778 2166751813 1764167577337.843506 1764167577338 1764167577347
74779 2166785157 1764167577371.190186 1764167577371 1764167577378
74780 2166818501 1764167577404.536865 1764167577405 1764167577412
74781 2166851845 1764167577437.883301 1764167577437 1764167577445
74782 2166885189 1764167577471.229980 1764167577471 1764167577478
74783 2166918533 1764167577504.576660 1764167577505 1764167577512
74784 2166951877 1764167577537.923340 1764167577537 1764167577545
74785 2166985221 1764167577571.269775 1764167577571 1764167577578
74786 2167018565 1764167577604.616455 1764167577605 1764167577612
74787 2167051909 1764167577637.963135 1764167577637 1764167577645
74788 2167085253 1764167577671.309570 1764167577671 1764167577678
74789 2167118597 1764167577704.656250 1764167577705 1764167577712
74790 2167151941 1764167577738.002930 1764167577738 1764167577745
74791 2167185284 1764167577771.348389 1764167577771 1764167577778
74792 2167218628 1764167577804.695068 1764167577805 1764167577812
74793 2167251972 1764167577838.041748 1764167577838 1764167577845
74794 2167285316 1764167577871.388184 1764167577871 1764167577878
74795 2167318660 1764167577904.734863 1764167577905 1764167577912
74796 2167352004 1764167577938.081299 1764167577938 1764167577945
74797 2167385348 1764167577971.427979 1764167577971 1764167577978
74798 2167418692 1764167578004.775146 1764167578005 1764167578012
74799 2167452036 1764167578038.121826 1764167578038 1764167578045
74800 2167485380 1764167578071.468506 1764167578072 1764167578079
74801 2167518724 1764167578104.815186 1764167578105 1764167578112
74802 2167552068 1764167578138.161865 1764167578138 1764167578145
74803 2167585412 1764167578171.508545 1764167578172 1764167578179
74804 2167618756 1764167578204.855225 1764167578204 1764167578212
74805 2167652099 1764167578238.200684 1764167578238 1764167578245
74806 2167685443 1764167578271.547363 1764167578272 1764167578279
74807 2167718787 1764167578304.894043 1764167578304 1764167578312
74808 2167752131 1764167578338.240723 1764167578338 1764167578345
74809 2167785475 1764167578371.587402 1764167578372 1764167578379
74810 2167818819 1764167578404.934082 1764167578404 1764167578412
74811 2167852163 1764167578438.280762 1764167578438 1764167578445
74812 2167885507 1764167578471.627197 1764167578472 1764167578479
74813 2167918851 1764167578504.973877 1764167578504 1764167578512
74814 2167952195 1764167578538.320557 1764167578538 1764167578545
74815 2167985539 1764167578571.667236 1764167578572 1764167578579
74816 2168018883 1764167578605.013916 1764167578605 1764167578612
74817 2168052227 1764167578638.360352 1764167578638 1764167578645
74818 2168085570 1764167578671.706055 1764167578672 1764167578679
74819 2168118914 1764167578705.052734 1764167578705 1764167578712
74820 2168152258 1764167578738.399170 1764167578738 1764167578745
74821 2168185602 1764167578771.745850 1764167578772 1764167578779
74822 2168218946 1764167578805.092529 1764167578805 1764167578812
74823 2168252290 1764167578838.438965 1764167578839 1764167578846
74824 2168285634 1764167578871.785645 1764167578872 1764167578879
74825 2168318978 1764167578905.132324 1764167578905 1764167578912
74826 2168352322 1764167578938.478760 1764167578939 1764167578946
74827 2168385666 1764167578971.825439 1764167578972 1764167578979
74828 2168419010 1764167579005.172119 1764167579005 1764167579012
74829 2168452354 1764167579038.521973 1764167579039 1764167579046
74830 2168485698 1764167579071.871826 1764167579071 1764167579079
74831 2168519041 1764167579105.220703 1764167579105 1764167579112
74832 2168552385 1764167579138.570801 1764167579139 1764167579146
74833 2168585729 1764167579171.920654 1764167579171 1764167579179
74834 2168619073 1764167579205.270752 1764167579205 1764167579212
74835 2168652417 1764167579238.620850 1764167579239 1764167579246
74836 2168685761 1764167579271.970703 1764167579271 1764167579279
74837 2168719105 1764167579305.320801 1764167579305 1764167579312
74838 2168752449 1764167579338.670898 1764167579339 1764167579346
74839 2168785793 1764167579372.020996 1764167579371 1764167579379
74840 2168819137 1764167579405.371094 1764167579405 1764167579412
74841 2168852481 1764167579438.721191 1764167579439 1764167579446
74842 2168885825 1764167579472.071289 1764167579472 1764167579479
74843 2168919169 1764167579505.421387 1764167579505 1764167579512
74844 2168952513 1764167579538.771729 1764167579539 1764167579546
74845 2168985856 1764167579572.120850 1764167579572 1764167579579
74846 2169019200 1764167579605.470947 1764167579605 1764167579612
74847 2169052544 1764167579638.821289 1764167579639 1764167579646
74848 2169085888 1764167579672.171631 1764167579672 1764167579679
74849 2169119232 1764167579705.521729 1764167579706 1764167579713
74850 2169152576 1764167579738.872070 1764167579739 1764167579746
74851 2169185920 1764167579772.222412 1764167579772 1764167579779
74852 2169219264 1764167579805.572754 1764167579806 1764167579813
74853 2169252608 1764167579838.923096 1764167579838 1764167579846
74854 2169285952 1764167579872.273438 1764167579872 1764167579879
74855 2169319296 1764167579905.623779 1764167579906 1764167579913
74856 2169352640 1764167579938.974121 1764167579938 1764167579946
74857 2169385984 1764167579972.324463 1764167579972 1764167579979
74858 2169419327 1764167580005.674072 1764167580006 1764167580013
74859 2169452671 1764167580039.020508 1764167580038 1764167580046
74860 2169486015 1764167580072.366943 1764167580072 1764167580079
74861 2169519359 1764167580105.713623 1764167580106 1764167580113
74862 2169552703 1764167580139.060059 1764167580138 1764167580146
74863 2169586047 1764167580172.406494 1764167580172 1764167580179
74864 2169619391 1764167580205.753174 1764167580206 1764167580213
74865 2169652735 1764167580239.099609 1764167580238 1764167580246
74866 2169686079 1764167580272.446045 1764167580272 1764167580279
74867 2169719423 1764167580305.792480 1764167580306 1764167580313
74868 2169752767 1764167580339.139160 1764167580339 1764167580346
74869 2169786111 1764167580372.485596 1764167580372 1764167580379
74870 2169819455 1764167580405.832031 1764167580406 1764167580413
74871 2169852798 1764167580439.177490 1764167580439 1764167580446
74872 2169886142 1764167580472.523926 1764167580473 1764167580480
74873 2169919486 1764167580505.870361 1764167580506 1764167580513
74874 2169952830 1764167580539.216797 1764167580539 1764167580546
74875 2169986174 1764167580572.563232 1764167580573 1764167580580
74876 2170019518 1764167580605.909668 1764167580605 1764167580613
74877 2170052862 1764167580639.256104 1764167580639 1764167580646
74878 2170086206 1764167580672.602539 1764167580673 1764167580680
74879 2170119550 1764167580705.948975 1764167580705 1764167580713
74880 2170152894 1764167580739.295410 1764167580739 1764167580746
74881 2170186238 1764167580772.641846 1764167580773 1764167580780
74882 2170219582 1764167580805.988281 1764167580805 1764167580813
74883 2170252926 1764167580839.334717 1764167580839 1764167580846
74884 2170286270 1764167580872.681152 1764167580873 1764167580880
74885 2170319613 1764167580906.026611 1764167580905 1764167580913
74886 2170352957 1764167580939.373047 1764167580939 1764167580946
74887 2170386301 1764167580972.719482 1764167580973 1764167580980
74888 2170419645 1764167581006.065918 1764167581005 1764167581013
74889 2170452989 1764167581039.412109 1764167581039 1764167581046
74890 2170486333 1764167581072.758301 1764167581073 1764167581080
74891 2170519677 1764167581106.104736 1764167581106 1764167581113
74892 2170553021 1764167581139.450928 1764167581139 1764167581146
74893 2170586365 1764167581172.797119 1764167581173 1764167581180
74894 2170619709 1764167581206.143311 1764167581206 1764167581213
74895 2170653053 1764167581239.489746 1764167581239 1764167581246
74896 2170686397 1764167581272.835938 1764167581273 1764167581280
74897 2170719741 1764167581306.182129 1764167581306 1764167581313
74898 2170753084 1764167581339.527344 1764167581340 1764167581347
74899 2170786428 1764167581372.873535 1764167581373 1764167581380
74900 2170819772 1764167581406.219727 1764167581406 1764167581413
74901 2170853116 1764167581439.565918 1764167581440 1764167581447
74902 2170886460 1764167581472.912109 1764167581472 1764167581480
74903 2170919804 1764167581506.258301 1764167581506 1764167581513
74904 2170953148 1764167581539.604492 1764167581540 1764167581547
74905 2170986492 1764167581572.950684 1764167581572 1764167581580
74906 2171019836 1764167581606.296875 1764167581606 1764167581613
74907 2171053180 1764167581639.643066 1764167581640 1764167581647
74908 2171086524 1764167581672.989258 1764167581672 1764167581680
74909 2171119868 1764167581706.335449 1764167581706 1764167581714
74910 2171153212 1764167581739.681641 1764167581740 1764167581747
74911 2171186555 1764167581773.026611 1764167581772 1764167581780
74912 2171219899 1764167581806.372803 1764167581806 1764167581813
74913 2171253243 1764167581839.718994 1764167581840 1764167581847
74914 2171286587 1764167581873.065186 1764167581872 1764167581880
74915 2171319931 1764167581906.411133 1764167581906 1764167581913
74916 2171353275 1764167581939.757324 1764167581940 1764167581947
74917 2171386619 1764167581973.103516 1764167581973 1764167581980
74918 2171419963 1764167582006.449463 1764167582006 1764167582013
74919 2171453307 1764167582039.795654 1764167582040 1764167582047
74920 2171486651 1764167582073.141846 1764167582073 1764167582080
74921 2171519995 1764167582106.488037 1764167582106 1764167582113
74922 2171553339 1764167582139.833984 1764167582140 1764167582147
74923 2171586683 1764167582173.180176 1764167582173 1764167582180
74924 2171620027 1764167582206.526367 1764167582207 1764167582214
74925 2171653370 1764167582239.871338 1764167582240 1764167582247
74926 2171686714 1764167582273.217529 1764167582273 1764167582280
74927 2171720058 1764167582306.563477 1764167582307 1764167582314
74928 2171753402 1764167582339.909424 1764167582339 1764167582347
74929 2171786746 1764167582373.255615 1764167582373 1764167582380
74930 2171820090 1764167582406.601562 1764167582407 1764167582414
74931 2171853434 1764167582439.947754 1764167582439 1764167582447
74932 2171886778 1764167582473.293701 1764167582473 1764167582480
74933 2171920122 1764167582506.639648 1764167582507 1764167582514
74934 2171953466 1764167582539.985840 1764167582539 1764167582547
74935 2171986810 1764167582573.331787 1764167582573 1764167582580
74936 2172020154 1764167582606.677734 1764167582607 1764167582614
74937 2172053498 1764167582640.023682 1764167582639 1764167582647
74938 2172086841 1764167582673.368652 1764167582673 1764167582680
74939 2172120185 1764167582706.714844 1764167582707 1764167582714
74940 2172153529 1764167582740.060791 1764167582741 1764167582748
74941 2172186873 1764167582773.406738 1764167582773 1764167582780
74942 2172220217 1764167582806.752686 1764167582807 1764167582814
74943 2172253561 1764167582840.098633 1764167582840 1764167582847
74944 2172286905 1764167582873.444580 1764167582873 1764167582880
74945 2172320249 1764167582906.790527 1764167582906 1764167582914
74946 2172353593 1764167582940.136475 1764167582940 1764167582947
74947 2172386937 1764167582973.482422 1764167582973 1764167582981
74948 2172420281 1764167583006.828125 1764167583006 1764167583014
74949 2172453625 1764167583040.174316 1764167583040 1764167583047
74950 2172486969 1764167583073.520508 1764167583074 1764167583081
74951 2172520312 1764167583106.865723 1764167583106 1764167583114
74952 2172553656 1764167583140.211670 1764167583140 1764167583147
74953 2172587000 1764167583173.557861 1764167583174 1764167583181
74954 2172620344 1764167583206.903809 1764167583206 1764167583214
74955 2172653688 1764167583240.250000 1764167583241 1764167583248
74956 2172687032 1764167583273.596191 1764167583274 1764167583281
74957 2172720376 1764167583306.942139 1764167583306 1764167583314
74958 2172753720 1764167583340.288330 1764167583340 1764167583347
74959 2172787064 1764167583373.634277 1764167583374 1764167583381
74960 2172820408 1764167583406.980225 1764167583407 1764167583415
74961 2172853752 1764167583440.326416 1764167583440 1764167583447
74962 2172887096 1764167583473.672363 1764167583474 1764167583481
74963 2172920440 1764167583507.018555 1764167583506 1764167583514
74964 2172953784 1764167583540.364502 1764167583540 1764167583548
74965 2172987127 1764167583573.709473 1764167583574 1764167583581
74966 2173020471 1764167583607.055420 1764167583607 1764167583614
74967 2173053815 1764167583640.401367 1764167583640 1764167583648
74968 2173087159 1764167583673.747559 1764167583674 1764167583681
74969 2173120503 1764167583707.093506 1764167583707 1764167583714
74970 2173153847 1764167583740.439453 1764167583740 1764167583747
74971 2173187191 1764167583773.785400 1764167583774 1764167583781
74972 2173220535 1764167583807.131348 1764167583807 1764167583814
74973 2173253879 1764167583840.477295 1764167583841 1764167583848
74974 2173287223 1764167583873.823242 1764167583874 1764167583881
74975 2173320567 1764167583907.169189 1764167583907 1764167583914
74976 2173353911 1764167583940.515137 1764167583941 1764167583948
74977 2173387255 1764167583973.861084 1764167583973 1764167583981
74978 2173420598 1764167584007.206055 1764167584007 1764167584014
74979 2173453942 1764167584040.552246 1764167584041 1764167584048
74980 2173487286 1764167584073.898682 1764167584073 1764167584081
74981 2173520630 1764167584107.244873 1764167584107 1764167584117
74982 2173553974 1764167584140.591309 1764167584141 1764167584148
74983 2173587318 1764167584173.937744 1764167584173 1764167584181
74984 2173620662 1764167584207.283936 1764167584207 1764167584214
74985 2173654006 1764167584240.630127 1764167584241 1764167584248
74986 2173687350 1764167584273.976562 1764167584274 1764167584282
74987 2173720694 1764167584307.322754 1764167584307 1764167584314
74988 2173754038 1764167584340.669189 1764167584341 1764167584348
74989 2173787382 1764167584374.015381 1764167584374 1764167584381
74990 2173820726 1764167584407.361816 1764167584407 1764167584414
74991 2173854069 1764167584440.707031 1764167584441 1764167584448
74992 2173887413 1764167584474.053223 1764167584474 1764167584481
74993 2173920757 1764167584507.399414 1764167584507 1764167584514
74994 2173954101 1764167584540.745850 1764167584541 1764167584548
74995 2173987445 1764167584574.092041 1764167584574 1764167584581
74996 2174020789 1764167584607.438232 1764167584608 1764167584615
74997 2174054133 1764167584640.784424 1764167584641 1764167584648
74998 2174087477 1764167584674.130859 1764167584674 1764167584681
74999 2174120821 1764167584707.477051 1764167584708 1764167584715
75000 2174154165 1764167584740.823242 1764167584740 1764167584748
75001 2174187509 1764167584774.169434 1764167584774 1764167584781
75002 2174220853 1764167584807.515625 1764167584808 1764167584815
75003 2174254197 1764167584840.861816 1764167584840 1764167584848
75004 2174287541 1764167584874.208008 1764167584874 1764167584881
75005 2174320884 1764167584907.553223 1764167584908 1764167584915
75006 2174354228 1764167584940.899414 1764167584940 1764167584948
75007 2174387572 1764167584974.245605 1764167584974 1764167584981
75008 2174420916 1764167585007.591797 1764167585008 1764167585015
75009 2174454260 1764167585040.937988 1764167585040 1764167585048
75010 2174487604 1764167585074.283936 1764167585074 1764167585081
75011 2174520948 1764167585107.630127 1764167585107 1764167585116
75012 2174554292 1764167585140.976318 1764167585141 1764167585148
75013 2174587636 1764167585174.322266 1764167585174 1764167585181
75014 2174620980 1764167585207.668457 1764167585208 1764167585215
75015 2174654324 1764167585241.014648 1764167585241 1764167585248
75016 2174687668 1764167585274.360596 1764167585274 1764167585281
75017 2174721012 1764167585307.706787 1764167585308 1764167585315
75018 2174754355 1764167585341.051758 1764167585341 1764167585348
75019 2174787699 1764167585374.397705 1764167585374 1764167585382
75020 2174821043 1764167585407.743896 1764167585408 1764167585415
75021 2174854387 1764167585441.089844 1764167585441 1764167585448
75022 2174887731 1764167585474.436035 1764167585475 1764167585482
75023 2174921075 1764167585507.781982 1764167585508 1764167585515
75024 2174954419 1764167585541.127930 1764167585541 1764167585548
75025 2174987763 1764167585574.474121 1764167585575 1764167585582
75026 2175021107 1764167585607.820068 1764167585607 1764167585615
75027 2175054451 1764167585641.166016 1764167585641 1764167585648
75028 2175087795 1764167585674.511963 1764167585675 1764167585682
75029 2175121139 1764167585707.857910 1764167585707 1764167585715
75030 2175154483 1764167585741.204102 1764167585741 1764167585748
75031 2175187826 1764167585774.549072 1764167585775 1764167585782
75032 2175221170 1764167585807.895020 1764167585807 1764167585815
75033 2175254514 1764167585841.240967 1764167585841 1764167585848
75034 2175287858 1764167585874.586914 1764167585875 1764167585882
75035 2175321202 1764167585907.932861 1764167585907 1764167585915
75036 2175354546 1764167585941.278809 1764167585941 1764167585948
75037 2175387890 1764167585974.624756 1764167585975 1764167585982
75038 2175421234 1764167586007.970459 1764167586008 1764167586015
75039 2175454578 1764167586041.317139 1764167586041 1764167586048
75040 2175487922 1764167586074.663574 1764167586074 1764167586083
75041 2175521266 1764167586108.010010 1764167586108 1764167586115
75042 2175554610 1764167586141.356445 1764167586141 1764167586148
75043 2175587954 1764167586174.703125 1764167586175 1764167586182
75044 2175621298 1764167586208.049561 1764167586208 1764167586215
75045 2175654641 1764167586241.395020 1764167586242 1764167586249
75046 2175687985 1764167586274.741455 1764167586275 1764167586282
75047 2175721329 1764167586308.087891 1764167586308 1764167586315
75048 2175754673 1764167586341.434326 1764167586342 1764167586349
75049 2175788017 1764167586374.780762 1764167586374 1764167586382
75050 2175821361 1764167586408.127197 1764167586408 1764167586415
75051 2175854705 1764167586441.473633 1764167586442 1764167586449
75052 2175888049 1764167586474.820068 1764167586474 1764167586482
75053 2175921393 1764167586508.166504 1764167586508 1764167586515
75054 2175954737 1764167586541.512939 1764167586542 1764167586549
75055 2175988081 1764167586574.859375 1764167586574 1764167586582
75056 2176021425 1764167586608.205811 1764167586608 1764167586615
75057 2176054769 1764167586641.552246 1764167586642 1764167586649
75058 2176088112 1764167586674.897705 1764167586674 1764167586682
75059 2176121456 1764167586708.244141 1764167586708 1764167586715
75060 2176154800 1764167586741.590332 1764167586742 1764167586749
75061 2176188144 1764167586774.936768 1764167586774 1764167586782
75062 2176221488 1764167586808.283203 1764167586809 1764167586816
75063 2176254832 1764167586841.629639 1764167586841 1764167586849
75064 2176288176 1764167586874.976074 1764167586875 1764167586882
75065 2176321520 1764167586908.322266 1764167586908 1764167586915
75066 2176354864 1764167586941.668701 1764167586942 1764167586949
75067 2176388208 1764167586975.015137 1764167586975 1764167586982
75068 2176421552 1764167587008.361328 1764167587008 1764167587015
75069 2176454896 1764167587041.709473 1764167587042 1764167587049
75070 2176488240 1764167587075.057861 1764167587075 1764167587082
75071 2176521583 1764167587108.405029 1764167587109 1764167587116
75072 2176554927 1764167587141.753174 1764167587142 1764167587149
75073 2176588271 1764167587175.101318 1764167587175 1764167587182
75074 2176621615 1764167587208.449463 1764167587208 1764167587216
75075 2176654959 1764167587241.797852 1764167587241 1764167587249
75076 2176688303 1764167587275.145996 1764167587275 1764167587282
75077 2176721647 1764167587308.494385 1764167587309 1764167587316
75078 2176754991 1764167587341.842529 1764167587341 1764167587349
75079 2176788335 1764167587375.190918 1764167587375 1764167587382
75080 2176821679 1764167587408.539307 1764167587409 1764167587416
75081 2176855023 1764167587441.887695 1764167587441 1764167587449
75082 2176888367 1764167587475.236084 1764167587475 1764167587482
75083 2176921711 1764167587508.584473 1764167587509 1764167587516
75084 2176955055 1764167587541.932861 1764167587541 1764167587549
75085 2176988398 1764167587575.280273 1764167587576 1764167587583
75086 2177021742 1764167587608.628662 1764167587609 1764167587616
75087 2177055086 1764167587641.977051 1764167587642 1764167587649
75088 2177088430 1764167587675.325439 1764167587675 1764167587682
75089 2177121774 1764167587708.674072 1764167587709 1764167587716
75090 2177155118 1764167587742.022461 1764167587742 1764167587749
75091 2177188462 1764167587775.371094 1764167587775 1764167587782
75092 2177221806 1764167587808.719482 1764167587809 1764167587816
75093 2177255150 1764167587842.068115 1764167587842 1764167587849
75094 2177288494 1764167587875.416748 1764167587876 1764167587883
75095 2177321838 1764167587908.765137 1764167587909 1764167587916
75096 2177355182 1764167587942.113770 1764167587942 1764167587949
75097 2177388526 1764167587975.462402 1764167587976 1764167587983
75098 2177421869 1764167588008.810059 1764167588008 1764167588017
75099 2177455213 1764167588042.156738 1764167588042 1764167588049
75100 2177488557 1764167588075.503418 1764167588076 1764167588083
75101 2177521901 1764167588108.850098 1764167588108 1764167588116
75102 2177555245 1764167588142.196533 1764167588142 1764167588149
75103 2177588589 1764167588175.543213 1764167588176 1764167588183
75104 2177621933 1764167588208.889893 1764167588208 1764167588216
75105 2177655277 1764167588242.236572 1764167588242 1764167588249
75106 2177688621 1764167588275.583008 1764167588276 1764167588283
75107 2177721965 1764167588308.929688 1764167588308 1764167588316
75108 2177755309 1764167588342.276367 1764167588342 1764167588350
75109 2177788653 1764167588375.622803 1764167588375 1764167588385
75110 2177821997 1764167588408.969482 1764167588408 1764167588416
75111 2177855340 1764167588442.315186 1764167588442 1764167588450
75112 2177888684 1764167588475.661621 1764167588475 1764167588483
75113 2177922028 1764167588509.008301 1764167588509 1764167588516
75114 2177955372 1764167588542.354980 1764167588542 1764167588549
75115 2177988716 1764167588575.701416 1764167588576 1764167588583
75116 2178022060 1764167588609.048096 1764167588609 1764167588616
75117 2178055404 1764167588642.394775 1764167588643 1764167588650
75118 2178088748 1764167588675.741211 1764167588676 1764167588683
75119 2178122092 1764167588709.087891 1764167588709 1764167588716
75120 2178155436 1764167588742.434326 1764167588743 1764167588750
75121 2178188780 1764167588775.781006 1764167588775 1764167588783
75122 2178222124 1764167588809.127441 1764167588809 1764167588816
75123 2178255468 1764167588842.474121 1764167588843 1764167588850
75124 2178288812 1764167588875.820557 1764167588875 1764167588883
75125 2178322155 1764167588909.166260 1764167588909 1764167588918
75126 2178355499 1764167588942.512695 1764167588943 1764167588950
75127 2178388843 1764167588975.859375 1764167588975 1764167588983
75128 2178422187 1764167589009.205811 1764167589009 1764167589016
75129 2178455531 1764167589042.552246 1764167589043 1764167589050
75130 2178488875 1764167589075.898682 1764167589075 1764167589083
75131 2178522219 1764167589109.245117 1764167589110 1764167589118
75132 2178555563 1764167589142.591553 1764167589143 1764167589150
75133 2178588907 1764167589175.937988 1764167589175 1764167589183
75134 2178622251 1764167589209.284180 1764167589209 1764167589216
75135 2178655595 1764167589242.630615 1764167589243 1764167589250
75136 2178688939 1764167589275.977051 1764167589276 1764167589283
75137 2178722283 1764167589309.323486 1764167589309 1764167589316
75138 2178755626 1764167589342.668701 1764167589343 1764167589350
75139 2178788970 1764167589376.015137 1764167589376 1764167589383
75140 2178822314 1764167589409.361572 1764167589410 1764167589417
75141 2178855658 1764167589442.707764 1764167589443 1764167589450
75142 2178889002 1764167589476.054199 1764167589476 1764167589483
75143 2178922346 1764167589509.400635 1764167589509 1764167589516
75144 2178955690 1764167589542.746826 1764167589543 1764167589550
75145 2178989034 1764167589576.093262 1764167589576 1764167589583
75146 2179022378 1764167589609.439453 1764167589610 1764167589617
75147 2179055722 1764167589642.785889 1764167589642 1764167589650
75148 2179089066 1764167589676.132080 1764167589676 1764167589683
75149 2179122410 1764167589709.478516 1764167589710 1764167589717
75150 2179155754 1764167589742.824707 1764167589742 1764167589750
75151 2179189097 1764167589776.170166 1764167589776 1764167589783
75152 2179222441 1764167589809.516357 1764167589810 1764167589817
75153 2179255785 1764167589842.862793 1764167589842 1764167589850
75154 2179289129 1764167589876.208984 1764167589877 1764167589884
75155 2179322473 1764167589909.555176 1764167589909 1764167589918
75156 2179355817 1764167589942.901611 1764167589942 1764167589950
75157 2179389161 1764167589976.247803 1764167589976 1764167589983
75158 2179422505 1764167590009.593994 1764167590010 1764167590017
75159 2179455849 1764167590042.940430 1764167590042 1764167590050
75160 2179489193 1764167590076.286865 1764167590076 1764167590083
75161 2179522537 1764167590109.633301 1764167590110 1764167590117
75162 2179555881 1764167590142.979492 1764167590143 1764167590150
75163 2179589225 1764167590176.325928 1764167590176 1764167590183
75164 2179622569 1764167590209.672363 1764167590209 1764167590217
75165 2179655912 1764167590243.017578 1764167590243 1764167590250
75166 2179689256 1764167590276.364014 1764167590276 1764167590283
75167 2179722600 1764167590309.710205 1764167590310 1764167590317
75168 2179755944 1764167590343.056641 1764167590343 1764167590350
75169 2179789288 1764167590376.402832 1764167590377 1764167590384
75170 2179822632 1764167590409.749268 1764167590410 1764167590417
75171 2179855976 1764167590443.095459 1764167590443 1764167590451
75172 2179889320 1764167590476.441895 1764167590477 1764167590484
75173 2179922664 1764167590509.788086 1764167590509 1764167590517
75174 2179956008 1764167590543.134521 1764167590543 1764167590550
75175 2179989352 1764167590576.480713 1764167590577 1764167590584
75176 2180022696 1764167590609.827148 1764167590609 1764167590617
75177 2180056040 1764167590643.173340 1764167590643 1764167590650
75178 2180089383 1764167590676.518555 1764167590677 1764167590684
75179 2180122727 1764167590709.864746 1764167590709 1764167590717
75180 2180156071 1764167590743.211182 1764167590743 1764167590750
75181 2180189415 1764167590776.557373 1764167590777 1764167590784
75182 2180222759 1764167590809.903564 1764167590809 1764167590817
75183 2180256103 1764167590843.249756 1764167590843 1764167590850
75184 2180289447 1764167590876.596191 1764167590877 1764167590884
75185 2180322791 1764167590909.942383 1764167590910 1764167590917
75186 2180356135 1764167590943.288574 1764167590943 1764167590950
75187 2180389479 1764167590976.634766 1764167590977 1764167590984
75188 2180422823 1764167591009.980957 1764167591010 1764167591017
75189 2180456167 1764167591043.327881 1764167591043 1764167591051
75190 2180489511 1764167591076.674561 1764167591077 1764167591084
75191 2180522854 1764167591110.020264 1764167591110 1764167591117
75192 2180556198 1764167591143.367188 1764167591143 1764167591153
75193 2180589542 1764167591176.713867 1764167591177 1764167591184
75194 2180622886 1764167591210.060547 1764167591210 1764167591217
75195 2180656230 1764167591243.407471 1764167591244 1764167591251
75196 2180689574 1764167591276.754150 1764167591276 1764167591284
75197 2180722918 1764167591310.100830 1764167591310 1764167591317
75198 2180756262 1764167591343.447754 1764167591344 1764167591351
75199 2180789606 1764167591376.794434 1764167591376 1764167591384
75200 2180822950 1764167591410.141113 1764167591410 1764167591417
75201 2180856294 1764167591443.488037 1764167591444 1764167591451
75202 2180889638 1764167591476.834717 1764167591476 1764167591484
75203 2180922982 1764167591510.181641 1764167591510 1764167591517
75204 2180956326 1764167591543.528320 1764167591544 1764167591551
75205 2180989669 1764167591576.874023 1764167591576 1764167591584
75206 2181023013 1764167591610.220947 1764167591610 1764167591617
75207 2181056357 1764167591643.567627 1764167591644 1764167591651
75208 2181089701 1764167591676.914307 1764167591676 1764167591684
75209 2181123045 1764167591710.261230 1764167591710 1764167591717
75210 2181156389 1764167591743.607910 1764167591744 1764167591751
75211 2181189733 1764167591776.954834 1764167591777 1764167591784
75212 2181223077 1764167591810.301514 1764167591810 1764167591817
75213 2181256421 1764167591843.648193 1764167591844 1764167591851
75214 2181289765 1764167591876.995117 1764167591877 1764167591884
75215 2181323109 1764167591910.341797 1764167591910 1764167591917
75216 2181356453 1764167591943.688721 1764167591944 1764167591951
75217 2181389797 1764167591977.035400 1764167591977 1764167591984
75218 2181423140 1764167592010.381104 1764167592010 1764167592018
75219 2181456484 1764167592043.727783 1764167592044 1764167592051
75220 2181489828 1764167592077.074463 1764167592077 1764167592085
75221 2181523172 1764167592110.421143 1764167592111 1764167592118
75222 2181556516 1764167592143.767822 1764167592143 1764167592151
75223 2181589860 1764167592177.114502 1764167592177 1764167592184
75224 2181623204 1764167592210.461182 1764167592211 1764167592218
75225 2181656548 1764167592243.807861 1764167592243 1764167592251
75226 2181689892 1764167592277.154541 1764167592277 1764167592284
75227 2181723236 1764167592310.501221 1764167592311 1764167592318
75228 2181756580 1764167592343.847656 1764167592343 1764167592351
75229 2181789924 1764167592377.194336 1764167592377 1764167592384
75230 2181823268 1764167592410.541016 1764167592411 1764167592418
75231 2181856611 1764167592443.886719 1764167592443 1764167592451
75232 2181889955 1764167592477.233398 1764167592477 1764167592484
75233 2181923299 1764167592510.579834 1764167592511 1764167592518
75234 2181956643 1764167592543.926514 1764167592544 1764167592551
75235 2181989987 1764167592577.273193 1764167592577 1764167592584
75236 2182023331 1764167592610.619873 1764167592611 1764167592618
75237 2182056675 1764167592643.966553 1764167592644 1764167592651
75238 2182090019 1764167592677.312988 1764167592677 1764167592684
75239 2182123363 1764167592710.659668 1764167592711 1764167592718
75240 2182156707 1764167592744.006348 1764167592744 1764167592751
75241 2182190051 1764167592777.353027 1764167592777 1764167592784
75242 2182223395 1764167592810.699463 1764167592811 1764167592818
75243 2182256739 1764167592844.046143 1764167592844 1764167592851
75244 2182290083 1764167592877.392822 1764167592878 1764167592885
75245 2182323426 1764167592910.738281 1764167592911 1764167592918
75246 2182356770 1764167592944.084961 1764167592944 1764167592951
75247 2182390114 1764167592977.431641 1764167592978 1764167592985
75248 2182423458 1764167593010.778076 1764167593010 1764167593018
75249 2182456802 1764167593044.127686 1764167593044 1764167593051
75250 2182490146 1764167593077.477295 1764167593078 1764167593085
75251 2182523490 1764167593110.826904 1764167593110 1764167593118
75252 2182556834 1764167593144.176758 1764167593144 1764167593151
75253 2182590178 1764167593177.526367 1764167593178 1764167593185
75254 2182623522 1764167593210.875977 1764167593210 1764167593218
75255 2182656866 1764167593244.225830 1764167593244 1764167593251
75256 2182690210 1764167593277.575439 1764167593277 1764167593285
75257 2182723554 1764167593310.925293 1764167593311 1764167593318
75258 2182756897 1764167593344.273926 1764167593344 1764167593351
75259 2182790241 1764167593377.623779 1764167593378 1764167593385
75260 2182823585 1764167593410.973633 1764167593411 1764167593418
75261 2182856929 1764167593444.323486 1764167593444 1764167593451
75262 2182890273 1764167593477.673340 1764167593478 1764167593485
75263 2182923617 1764167593511.023193 1764167593511 1764167593518
75264 2182956961 1764167593544.373047 1764167593544 1764167593551
75265 2182990305 1764167593577.722900 1764167593578 1764167593585
75266 2183023649 1764167593611.072754 1764167593611 1764167593618
75267 2183056993 1764167593644.422607 1764167593645 1764167593652
75268 2183090337 1764167593677.772461 1764167593678 1764167593685
75269 2183123681 1764167593711.122559 1764167593711 1764167593718
75270 2183157025 1764167593744.472412 1764167593744 1764167593752
75271 2183190368 1764167593777.821533 1764167593777 1764167593785
75272 2183223712 1764167593811.171387 1764167593811 1764167593818
75273 2183257056 1764167593844.521484 1764167593845 1764167593852
75274 2183290400 1764167593877.871338 1764167593877 1764167593885
75275 2183323744 1764167593911.221436 1764167593911 1764167593918
75276 2183357088 1764167593944.571533 1764167593945 1764167593952
75277 2183390432 1764167593977.921631 1764167593977 1764167593985
75278 2183423776 1764167594011.271729 1764167594012 1764167594022
75279 2183457120 1764167594044.618408 1764167594045 1764167594052
75280 2183490464 1764167594077.964844 1764167594077 1764167594085
75281 2183523808 1764167594111.311523 1764167594111 1764167594119
75282 2183557152 1764167594144.658203 1764167594145 1764167594152
75283 2183590496 1764167594178.004639 1764167594178 1764167594185
75284 2183623840 1764167594211.351318 1764167594211 1764167594218
75285 2183657183 1764167594244.697021 1764167594245 1764167594252
75286 2183690527 1764167594278.043457 1764167594278 1764167594285
75287 2183723871 1764167594311.390137 1764167594311 1764167594318
75288 2183757215 1764167594344.736572 1764167594345 1764167594352
75289 2183790559 1764167594378.083252 1764167594378 1764167594385
75290 2183823903 1764167594411.429932 1764167594411 1764167594418
75291 2183857247 1764167594444.776367 1764167594445 1764167594452
75292 2183890591 1764167594478.123047 1764167594478 1764167594485
75293 2183923935 1764167594511.469482 1764167594512 1764167594519
75294 2183957279 1764167594544.816162 1764167594544 1764167594552
75295 2183990623 1764167594578.162598 1764167594578 1764167594585
75296 2184023967 1764167594611.509277 1764167594612 1764167594619
75297 2184057311 1764167594644.855713 1764167594644 1764167594652
75298 2184090654 1764167594678.201416 1764167594678 1764167594685
75299 2184123998 1764167594711.547852 1764167594711 1764167594720
75300 2184157342 1764167594744.894531 1764167594744 1764167594752
75301 2184190686 1764167594778.240967 1764167594778 1764167594785
75302 2184224030 1764167594811.587402 1764167594812 1764167594819
75303 2184257374 1764167594844.934082 1764167594844 1764167594852
75304 2184290718 1764167594878.280518 1764167594878 1764167594885
75305 2184324062 1764167594911.627197 1764167594912 1764167594919
75306 2184357406 1764167594944.973633 1764167594944 1764167594952
75307 2184390750 1764167594978.320068 1764167594978 1764167594985
75308 2184424094 1764167595011.666748 1764167595012 1764167595019
75309 2184457438 1764167595045.014893 1764167595045 1764167595052
75310 2184490782 1764167595078.363281 1764167595078 1764167595085
75311 2184524125 1764167595111.710693 1764167595112 1764167595119
75312 2184557469 1764167595145.058838 1764167595145 1764167595152
75313 2184590813 1764167595178.407227 1764167595178 1764167595185
75314 2184624157 1764167595211.755615 1764167595212 1764167595219
75315 2184657501 1764167595245.104004 1764167595245 1764167595252
75316 2184690845 1764167595278.452637 1764167595279 1764167595286
75317 2184724189 1764167595311.801025 1764167595312 1764167595319
75318 2184757533 1764167595345.149414 1764167595345 1764167595352
75319 2184790877 1764167595378.498047 1764167595379 1764167595386
75320 2184824221 1764167595411.846436 1764167595411 1764167595419
75321 2184857565 1764167595445.195068 1764167595445 1764167595452
75322 2184890909 1764167595478.543457 1764167595479 1764167595486
75323 2184924253 1764167595511.892090 1764167595511 1764167595519
75324 2184957597 1764167595545.240723 1764167595545 1764167595552
75325 2184990940 1764167595578.588379 1764167595578 1764167595586
75326 2185024284 1764167595611.937012 1764167595611 1764167595619
75327 2185057628 1764167595645.285645 1764167595645 1764167595652
75328 2185090972 1764167595678.634277 1764167595679 1764167595686
75329 2185124316 1764167595711.982910 1764167595711 1764167595719
75330 2185157660 1764167595745.331543 1764167595745 1764167595752
75331 2185191004 1764167595778.680420 1764167595779 1764167595786
75332 2185224348 1764167595812.029053 1764167595812 1764167595819
75333 2185257692 1764167595845.377930 1764167595845 1764167595852
75334 2185291036 1764167595878.726562 1764167595879 1764167595886
75335 2185324380 1764167595912.075439 1764167595912 1764167595919
75336 2185357724 1764167595945.424316 1764167595945 1764167595952
75337 2185391068 1764167595978.772949 1764167595979 1764167595986
75338 2185424411 1764167596012.120850 1764167596012 1764167596019
75339 2185457755 1764167596045.467773 1764167596046 1764167596053
75340 2185491099 1764167596078.814453 1764167596079 1764167596086
75341 2185524443 1764167596112.161377 1764167596112 1764167596119
75342 2185557787 1764167596145.508057 1764167596145 1764167596153
75343 2185591131 1764167596178.854736 1764167596179 1764167596186
75344 2185624475 1764167596212.201660 1764167596212 1764167596219
75345 2185657819 1764167596245.548340 1764167596246 1764167596253
75346 2185691163 1764167596278.895264 1764167596278 1764167596286
75347 2185724507 1764167596312.241943 1764167596312 1764167596319
75348 2185757851 1764167596345.588867 1764167596346 1764167596353
75349 2185791195 1764167596378.935547 1764167596378 1764167596388
75350 2185824539 1764167596412.282471 1764167596412 1764167596419
75351 2185857882 1764167596445.628174 1764167596446 1764167596453
75352 2185891226 1764167596478.974854 1764167596478 1764167596487
75353 2185924570 1764167596512.321777 1764167596512 1764167596519
75354 2185957914 1764167596545.668457 1764167596546 1764167596553
75355 2185991258 1764167596579.015381 1764167596578 1764167596586
75356 2186024602 1764167596612.362061 1764167596612 1764167596619
75357 2186057946 1764167596645.708740 1764167596646 1764167596653
75358 2186091290 1764167596679.055664 1764167596679 1764167596686
75359 2186124634 1764167596712.402344 1764167596712 1764167596719
75360 2186157978 1764167596745.749268 1764167596746 1764167596753
75361 2186191322 1764167596779.095947 1764167596779 1764167596786
75362 2186224666 1764167596812.442627 1764167596812 1764167596819
75363 2186258010 1764167596845.789551 1764167596846 1764167596853
75364 2186291354 1764167596879.136230 1764167596879 1764167596886
75365 2186324697 1764167596912.481934 1764167596913 1764167596920
75366 2186358041 1764167596945.828857 1764167596946 1764167596953
75367 2186391385 1764167596979.175537 1764167596979 1764167596986
75368 2186424729 1764167597012.522217 1764167597013 1764167597020
75369 2186458073 1764167597045.868896 1764167597045 1764167597053
75370 2186491417 1764167597079.215576 1764167597079 1764167597086
75371 2186524761 1764167597112.562256 1764167597113 1764167597120
75372 2186558105 1764167597145.908936 1764167597145 1764167597153
75373 2186591449 1764167597179.255615 1764167597179 1764167597186
75374 2186624793 1764167597212.602051 1764167597213 1764167597220
75375 2186658137 1764167597245.948730 1764167597245 1764167597253
75376 2186691481 1764167597279.295410 1764167597279 1764167597286
75377 2186724825 1764167597312.642090 1764167597313 1764167597320
75378 2186758168 1764167597345.987549 1764167597345 1764167597353
75379 2186791512 1764167597379.334229 1764167597379 1764167597386
75380 2186824856 1764167597412.680908 1764167597413 1764167597420
75381 2186858200 1764167597446.027588 1764167597445 1764167597453
75382 2186891544 1764167597479.374023 1764167597479 1764167597486
75383 2186924888 1764167597512.720703 1764167597513 1764167597520
75384 2186958232 1764167597546.067383 1764167597546 1764167597553
75385 2186991576 1764167597579.413818 1764167597579 1764167597586
75386 2187024920 1764167597612.760498 1764167597613 1764167597620
75387 2187058264 1764167597646.107178 1764167597646 1764167597653
75388 2187091608 1764167597679.453613 1764167597679 1764167597686
75389 2187124952 1764167597712.800293 1764167597713 1764167597720
75390 2187158296 1764167597746.146973 1764167597746 1764167597753
75391 2187191639 1764167597779.492432 1764167597780 1764167597787
75392 2187224983 1764167597812.839111 1764167597813 1764167597820
75393 2187258327 1764167597846.185547 1764167597846 1764167597853
75394 2187291671 1764167597879.532227 1764167597880 1764167597887
75395 2187325015 1764167597912.878662 1764167597912 1764167597920
75396 2187358359 1764167597946.225342 1764167597946 1764167597953
75397 2187391703 1764167597979.572021 1764167597980 1764167597987
75398 2187425047 1764167598012.918457 1764167598012 1764167598020
75399 2187458391 1764167598046.264893 1764167598046 1764167598053
75400 2187491735 1764167598079.611572 1764167598080 1764167598087
75401 2187525079 1764167598112.958008 1764167598112 1764167598120
75402 2187558423 1764167598146.304443 1764167598146 1764167598153
75403 2187591767 1764167598179.650879 1764167598180 1764167598187
75404 2187625111 1764167598212.997559 1764167598212 1764167598220
75405 2187658454 1764167598246.343018 1764167598246 1764167598253
75406 2187691798 1764167598279.689453 1764167598280 1764167598287
75407 2187725142 1764167598313.035889 1764167598313 1764167598320
75408 2187758486 1764167598346.382324 1764167598346 1764167598353
75409 2187791830 1764167598379.728760 1764167598380 1764167598387
75410 2187825174 1764167598413.075439 1764167598413 1764167598420
75411 2187858518 1764167598446.421875 1764167598446 1764167598453
75412 2187891862 1764167598479.768311 1764167598480 1764167598487
75413 2187925206 1764167598513.114746 1764167598513 1764167598520
75414 2187958550 1764167598546.461182 1764167598547 1764167598554
75415 2187991894 1764167598579.807617 1764167598580 1764167598587
75416 2188025238 1764167598613.154053 1764167598613 1764167598620
75417 2188058582 1764167598646.500488 1764167598647 1764167598654
75418 2188091925 1764167598679.845947 1764167598679 1764167598687
75419 2188125269 1764167598713.192383 1764167598713 1764167598720
75420 2188158613 1764167598746.538818 1764167598747 1764167598754
75421 2188191957 1764167598779.885254 1764167598779 1764167598787
75422 2188225301 1764167598813.231689 1764167598813 1764167598820
75423 2188258645 1764167598846.577881 1764167598847 1764167598854
75424 2188291989 1764167598879.924316 1764167598879 1764167598887
75425 2188325333 1764167598913.270752 1764167598913 1764167598920
75426 2188358677 1764167598946.617188 1764167598947 1764167598954
75427 2188392021 1764167598979.963623 1764167598979 1764167598987
75428 2188425365 1764167599013.310059 1764167599013 1764167599020
75429 2188458709 1764167599046.665527 1764167599047 1764167599054
75430 2188492053 1764167599080.020996 1764167599079 1764167599087
75431 2188525396 1764167599113.375732 1764167599113 1764167599120
75432 2188558740 1764167599146.731445 1764167599147 1764167599154
75433 2188592084 1764167599180.087158 1764167599180 1764167599187
75434 2188625428 1764167599213.442871 1764167599213 1764167599220
75435 2188658772 1764167599246.798828 1764167599247 1764167599254
75436 2188692116 1764167599280.154541 1764167599280 1764167599287
75437 2188725460 1764167599313.510498 1764167599313 1764167599320
75438 2188758804 1764167599346.866699 1764167599347 1764167599354
75439 2188792148 1764167599380.222656 1764167599380 1764167599387
75440 2188825492 1764167599413.578857 1764167599414 1764167599421
75441 2188858836 1764167599446.935059 1764167599447 1764167599454
75442 2188892180 1764167599480.291260 1764167599480 1764167599487
75443 2188925524 1764167599513.647461 1764167599514 1764167599521
75444 2188958868 1764167599547.003906 1764167599546 1764167599554
75445 2188992211 1764167599580.359131 1764167599580 1764167599587
75446 2189025555 1764167599613.715576 1764167599614 1764167599621
75447 2189058899 1764167599647.072021 1764167599646 1764167599654
75448 2189092243 1764167599680.428711 1764167599680 1764167599687
75449 2189125587 1764167599713.785156 1764167599714 1764167599721
75450 2189158931 1764167599747.141846 1764167599746 1764167599754
75451 2189192275 1764167599780.498535 1764167599780 1764167599787
75452 2189225619 1764167599813.855469 1764167599814 1764167599821
75453 2189258963 1764167599847.212158 1764167599846 1764167599854
75454 2189292307 1764167599880.569092 1764167599880 1764167599887
75455 2189325651 1764167599913.926025 1764167599914 1764167599921
75456 2189358995 1764167599947.282959 1764167599947 1764167599954
75457 2189392339 1764167599980.639893 1764167599980 1764167599987
75458 2189425682 1764167600013.996094 1764167600014 1764167600021
75459 2189459026 1764167600047.342041 1764167600047 1764167600054
75460 2189492370 1764167600080.687744 1764167600080 1764167600087
75461 2189525714 1764167600114.033691 1764167600114 1764167600121
75462 2189559058 1764167600147.379639 1764167600147 1764167600154
75463 2189592402 1764167600180.725586 1764167600181 1764167600188
75464 2189625746 1764167600214.071289 1764167600214 1764167600221
75465 2189659090 1764167600247.417236 1764167600247 1764167600254
75466 2189692434 1764167600280.763184 1764167600281 1764167600288
75467 2189725778 1764167600314.108887 1764167600313 1764167600321
75468 2189759122 1764167600347.454834 1764167600347 1764167600354
75469 2189792466 1764167600380.800537 1764167600381 1764167600388
75470 2189825810 1764167600414.146484 1764167600413 1764167600421
75471 2189859153 1764167600447.491211 1764167600447 1764167600454
75472 2189892497 1764167600480.837158 1764167600481 1764167600488
75473 2189925841 1764167600514.182861 1764167600513 1764167600521
75474 2189959185 1764167600547.528564 1764167600547 1764167600554
75475 2189992529 1764167600580.874512 1764167600581 1764167600588
75476 2190025873 1764167600614.220215 1764167600613 1764167600621
75477 2190059217 1764167600647.565918 1764167600647 1764167600654
75478 2190092561 1764167600680.911621 1764167600681 1764167600688
75479 2190125905 1764167600714.257324 1764167600713 1764167600721
75480 2190159249 1764167600747.603027 1764167600747 1764167600754
75481 2190192593 1764167600780.948730 1764167600781 1764167600788
75482 2190225937 1764167600814.294434 1764167600814 1764167600821
75483 2190259281 1764167600847.640137 1764167600847 1764167600854
75484 2190292625 1764167600880.985840 1764167600881 1764167600888
75485 2190325968 1764167600914.330566 1764167600914 1764167600921
75486 2190359312 1764167600947.676270 1764167600947 1764167600954
75487 2190392656 1764167600981.021973 1764167600981 1764167600988
75488 2190426000 1764167601014.367676 1764167601014 1764167601021
75489 2190459344 1764167601047.715332 1764167601048 1764167601055
75490 2190492688 1764167601081.065918 1764167601080 1764167601088
75491 2190526032 1764167601114.416260 1764167601114 1764167601121
75492 2190559376 1764167601147.766846 1764167601148 1764167601155
75493 2190592720 1764167601181.117432 1764167601180 1764167601188
75494 2190626064 1764167601214.468018 1764167601214 1764167601221
75495 2190659408 1764167601247.818604 1764167601248 1764167601255
75496 2190692752 1764167601281.169189 1764167601280 1764167601288
75497 2190726096 1764167601314.519775 1764167601314 1764167601321
75498 2190759439 1764167601347.869629 1764167601348 1764167601355
75499 2190792783 1764167601381.220215 1764167601380 1764167601388
75500 2190826127 1764167601414.570801 1764167601415 1764167601422
75501 2190859471 1764167601447.921631 1764167601448 1764167601455
75502 2190892815 1764167601481.272461 1764167601480 1764167601488
75503 2190926159 1764167601514.623047 1764167601514 1764167601521
75504 2190959503 1764167601547.973877 1764167601548 1764167601555
75505 2190992847 1764167601581.324707 1764167601581 1764167601588
75506 2191026191 1764167601614.675537 1764167601614 1764167601621
75507 2191059535 1764167601648.026367 1764167601648 1764167601655
75508 2191092879 1764167601681.377197 1764167601681 1764167601688
75509 2191126223 1764167601714.728027 1764167601714 1764167601721
75510 2191159567 1764167601748.078857 1764167601748 1764167601755
75511 2191192910 1764167601781.428711 1764167601781 1764167601788
75512 2191226254 1764167601814.779785 1764167601815 1764167601822
75513 2191259598 1764167601848.130615 1764167601848 1764167601855
75514 2191292942 1764167601881.481689 1764167601881 1764167601888
75515 2191326286 1764167601914.832520 1764167601915 1764167601922
75516 2191359630 1764167601948.183594 1764167601947 1764167601955
75517 2191392974 1764167601981.534668 1764167601981 1764167601988
75518 2191426318 1764167602014.885742 1764167602015 1764167602022
75519 2191459662 1764167602048.236816 1764167602047 1764167602055
75520 2191493006 1764167602081.582031 1764167602081 1764167602088
75521 2191526350 1764167602114.927490 1764167602115 1764167602122
75522 2191559694 1764167602148.272949 1764167602147 1764167602155
75523 2191593038 1764167602181.618164 1764167602181 1764167602188
75524 2191626382 1764167602214.963623 1764167602215 1764167602222
75525 2191659725 1764167602248.308105 1764167602247 1764167602255
75526 2191693069 1764167602281.653320 1764167602281 1764167602288
75527 2191726413 1764167602314.998535 1764167602315 1764167602322
75528 2191759757 1764167602348.343994 1764167602347 1764167602355
75529 2191793101 1764167602381.689209 1764167602381 1764167602388
75530 2191826445 1764167602415.034424 1764167602415 1764167602422
75531 2191859789 1764167602448.379883 1764167602448 1764167602455
75532 2191893133 1764167602481.725098 1764167602481 1764167602488
75533 2191926477 1764167602515.070312 1764167602515 1764167602522
75534 2191959821 1764167602548.415527 1764167602548 1764167602555
75535 2191993165 1764167602581.760742 1764167602581 1764167602588
75536 2192026509 1764167602615.105957 1764167602615 1764167602622
75537 2192059853 1764167602648.451172 1764167602648 1764167602655
75538 2192093196 1764167602681.795166 1764167602682 1764167602689
75539 2192126540 1764167602715.140381 1764167602715 1764167602722
75540 2192159884 1764167602748.485596 1764167602748 1764167602755
75541 2192193228 1764167602781.830811 1764167602782 1764167602789
75542 2192226572 1764167602815.175781 1764167602814 1764167602822
75543 2192259916 1764167602848.520996 1764167602848 1764167602855
75544 2192293260 1764167602881.865967 1764167602882 1764167602889
75545 2192326604 1764167602915.211182 1764167602914 1764167602922
75546 2192359948 1764167602948.556152 1764167602948 1764167602955
75547 2192393292 1764167602981.901123 1764167602982 1764167602989
75548 2192426636 1764167603015.246338 1764167603014 1764167603022
75549 2192459980 1764167603048.591309 1764167603048 1764167603055
75550 2192493324 1764167603081.936768 1764167603082 1764167603089
75551 2192526667 1764167603115.281006 1764167603114 1764167603122
75552 2192560011 1764167603148.626465 1764167603148 1764167603155
75553 2192593355 1764167603181.971680 1764167603182 1764167603189
75554 2192626699 1764167603215.317139 1764167603215 1764167603222
75555 2192660043 1764167603248.662354 1764167603248 1764167603255
75556 2192693387 1764167603282.007812 1764167603282 1764167603289
75557 2192726731 1764167603315.353027 1764167603315 1764167603322
75558 2192760075 1764167603348.698242 1764167603348 1764167603355
75559 2192793419 1764167603382.043701 1764167603382 1764167603389
75560 2192826763 1764167603415.388916 1764167603415 1764167603422
75561 2192860107 1764167603448.734131 1764167603449 1764167603456
75562 2192893451 1764167603482.079346 1764167603482 1764167603489
75563 2192926795 1764167603515.424561 1764167603515 1764167603522
75564 2192960139 1764167603548.769775 1764167603549 1764167603556
75565 2192993482 1764167603582.114014 1764167603582 1764167603589
75566 2193026826 1764167603615.459229 1764167603615 1764167603622
75567 2193060170 1764167603648.804199 1764167603649 1764167603656
75568 2193093514 1764167603682.149414 1764167603681 1764167603689
75569 2193126858 1764167603715.494629 1764167603715 1764167603722
75570 2193160202 1764167603748.839600 1764167603749 1764167603756
75571 2193193546 1764167603782.184814 1764167603781 1764167603789
75572 2193226890 1764167603815.530029 1764167603815 1764167603822
75573 2193260234 1764167603848.875000 1764167603849 1764167603856
75574 2193293578 1764167603882.219971 1764167603881 1764167603889
75575 2193326922 1764167603915.565186 1764167603915 1764167603922
75576 2193360266 1764167603948.910156 1764167603949 1764167603956
75577 2193393610 1764167603982.255127 1764167603981 1764167603989
75578 2193426953 1764167604015.599121 1764167604016 1764167604023
75579 2193460297 1764167604048.944336 1764167604049 1764167604056
75580 2193493641 1764167604082.289795 1764167604083 1764167604090
75581 2193526985 1764167604115.635254 1764167604115 1764167604122
75582 2193560329 1764167604148.980713 1764167604149 1764167604156
75583 2193593673 1764167604182.326172 1764167604182 1764167604189
75584 2193627017 1764167604215.671631 1764167604216 1764167604223
75585 2193660361 1764167604249.017090 1764167604248 1764167604256
75586 2193693705 1764167604282.362549 1764167604282 1764167604289
75587 2193727049 1764167604315.708008 1764167604316 1764167604323
75588 2193760393 1764167604349.053467 1764167604348 1764167604356
75589 2193793737 1764167604382.398926 1764167604382 1764167604389
75590 2193827081 1764167604415.744141 1764167604416 1764167604424
75591 2193860424 1764167604449.088623 1764167604448 1764167604456
75592 2193893768 1764167604482.433838 1764167604482 1764167604489
75593 2193927112 1764167604515.779297 1764167604516 1764167604523
75594 2193960456 1764167604549.124512 1764167604548 1764167604556
75595 2193993800 1764167604582.469971 1764167604582 1764167604589
75596 2194027144 1764167604615.815186 1764167604615 1764167604623
75597 2194060488 1764167604649.160645 1764167604648 1764167604656
75598 2194093832 1764167604682.505859 1764167604682 1764167604689
75599 2194127176 1764167604715.851074 1764167604716 1764167604723
75600 2194160520 1764167604749.196289 1764167604748 1764167604756
75601 2194193864 1764167604782.541504 1764167604782 1764167604789
75602 2194227208 1764167604815.886719 1764167604816 1764167604823
75603 2194260552 1764167604849.231934 1764167604849 1764167604856
75604 2194293896 1764167604882.577148 1764167604882 1764167604889
75605 2194327239 1764167604915.921387 1764167604916 1764167604923
75606 2194360583 1764167604949.266602 1764167604949 1764167604956
75607 2194393927 1764167604982.611816 1764167604982 1764167604989
75608 2194427271 1764167605015.956787 1764167605016 1764167605023
75609 2194460615 1764167605049.302002 1764167605049 1764167605056
75610 2194493959 1764167605082.647217 1764167605083 1764167605090
75611 2194527303 1764167605115.992676 1764167605116 1764167605123
75612 2194560647 1764167605149.337891 1764167605150 1764167605157
75613 2194593991 1764167605182.683105 1764167605183 1764167605190
75614 2194627335 1764167605216.028320 1764167605215 1764167605223
75615 2194660679 1764167605249.373535 1764167605249 1764167605256
75616 2194694023 1764167605282.718506 1764167605283 1764167605290
75617 2194727367 1764167605316.063721 1764167605315 1764167605323
75618 2194760710 1764167605349.407959 1764167605349 1764167605356
75619 2194794054 1764167605382.752930 1764167605383 1764167605390
75620 2194827398 1764167605416.098145 1764167605415 1764167605423
75621 2194860742 1764167605449.443359 1764167605449 1764167605456
75622 2194894086 1764167605482.788330 1764167605483 1764167605490
75623 2194927430 1764167605516.133301 1764167605515 1764167605523
75624 2194960774 1764167605549.478516 1764167605549 1764167605556
75625 2194994118 1764167605582.823486 1764167605583 1764167605590
75626 2195027462 1764167605616.168457 1764167605615 1764167605623
75627 2195060806 1764167605649.513428 1764167605649 1764167605656
75628 2195094150 1764167605682.858643 1764167605683 1764167605690
75629 2195127494 1764167605716.203613 1764167605716 1764167605723
75630 2195160838 1764167605749.548340 1764167605749 1764167605756
75631 2195194181 1764167605782.892334 1764167605783 1764167605790
75632 2195227525 1764167605816.237305 1764167605816 1764167605823
75633 2195260869 1764167605849.582275 1764167605849 1764167605856
75634 2195294213 1764167605882.927246 1764167605882 1764167605890
75635 2195327557 1764167605916.271973 1764167605916 1764167605923
75636 2195360901 1764167605949.616943 1764167605950 1764167605957
75637 2195394245 1764167605982.961670 1764167605983 1764167605990
75638 2195427589 1764167606016.306641 1764167606016 1764167606023
75639 2195460933 1764167606049.651367 1764167606050 1764167606057
75640 2195494277 1764167606082.997803 1764167606082 1764167606090
75641 2195527621 1764167606116.344238 1764167606116 1764167606123
75642 2195560965 1764167606149.690430 1764167606150 1764167606157
75643 2195594309 1764167606183.036865 1764167606182 1764167606190
75644 2195627653 1764167606216.383057 1764167606216 1764167606223
75645 2195660996 1764167606249.728516 1764167606250 1764167606257
