76294 2217301204 1764167627888.499756 1764167627888 1764167627895
76295 2217334548 1764167627921.837158 1764167627921 1764167627929
76296 2217367892 1764167627955.174561 1764167627955 1764167627962
76297 2217401236 1764167627988.511719 1764167627989 1764167627996
76298 2217434579 1764167628021.848145 1764167628022 1764167628029
76299 2217467923 1764167628055.185303 1764167628055 1764167628062
76300 2217501267 1764167628088.522461 1764167628088 1764167628095
76301 2217534611 1764167628121.859863 1764167628122 1764167628129
76302 2217567955 1764167628155.197266 1764167628155 1764167628162
76303 2217601299 1764167628188.534668 1764167628188 1764167628195
76304 2217634643 1764167628221.872070 1764167628222 1764167628229
76305 2217667987 1764167628255.209229 1764167628255 1764167628262
76306 2217701331 1764167628288.546631 1764167628288 1764167628295
76307 2217734675 1764167628321.883789 1764167628322 1764167628329
76308 2217768019 1764167628355.220947 1764167628355 1764167628362
76309 2217801363 1764167628388.558105 1764167628388 1764167628395
76310 2217834707 1764167628421.895264 1764167628422 1764167628429
76311 2217868050 1764167628455.231445 1764167628455 1764167628462
76312 2217901394 1764167628488.568359 1764167628488 1764167628495
76313 2217934738 1764167628521.905518 1764167628522 1764167628529
76314 2217968082 1764167628555.242432 1764167628555 1764167628562
76315 2218001426 1764167628588.579346 1764167628588 1764167628595
76316 2218034770 1764167628621.916260 1764167628622 1764167628629
76317 2218068114 1764167628655.253174 1764167628655 1764167628662
76318 2218101458 1764167628688.590088 1764167628688 1764167628695
76319 2218134802 1764167628721.926758 1764167628721 1764167628729
76320 2218168146 1764167628755.263672 1764167628755 1764167628762
76321 2218201490 1764167628788.600342 1764167628788 1764167628795
76322 2218234834 1764167628821.937012 1764167628822 1764167628829
76323 2218268178 1764167628855.273682 1764167628855 1764167628862
76324 2218301522 1764167628888.610352 1764167628889 1764167628896
76325 2218334865 1764167628921.946045 1764167628922 1764167628929
76326 2218368209 1764167628955.282471 1764167628955 1764167628962
76327 2218401553 1764167628988.619141 1764167628989 1764167628996
76328 2218434897 1764167629021.955566 1764167629021 1764167629029
76329 2218468241 1764167629055.291992 1764167629055 1764167629062
76330 2218501585 1764167629088.628418 1764167629089 1764167629096
76331 2218534929 1764167629121.965332 1764167629121 1764167629129
76332 2218568273 1764167629155.302002 1764167629155 1764167629162
76333 2218601617 1764167629188.638916 1764167629189 1764167629196
76334 2218634961 1764167629221.975586 1764167629221 1764167629229
76335 2218668305 1764167629255.312256 1764167629255 1764167629262
76336 2218701649 1764167629288.648926 1764167629289 1764167629296
76337 2218734993 1764167629321.985352 1764167629321 1764167629329
76338 2218768336 1764167629355.321045 1764167629355 1764167629362
76339 2218801680 1764167629388.657471 1764167629389 1764167629396
76340 2218835024 1764167629421.993896 1764167629421 1764167629429
76341 2218868368 1764167629455.330322 1764167629455 1764167629462
76342 2218901712 1764167629488.666748 1764167629489 1764167629496
76343 2218935056 1764167629522.003174 1764167629521 1764167629529
76344 2218968400 1764167629555.339355 1764167629555 1764167629562
76345 2219001744 1764167629588.675781 1764167629589 1764167629596
76346 2219035088 1764167629622.011963 1764167629621 1764167629629
76347 2219068432 1764167629655.348145 1764167629655 1764167629662
76348 2219101776 1764167629688.684326 1764167629689 1764167629696
76349 2219135120 1764167629722.020264 1764167629721 1764167629729
76350 2219168464 1764167629755.356445 1764167629755 1764167629762
76351 2219201807 1764167629788.691406 1764167629789 1764167629796
76352 2219235151 1764167629822.027344 1764167629821 1764167629829
76353 2219268495 1764167629855.363281 1764167629855 1764167629862
76354 2219301839 1764167629888.699219 1764167629889 1764167629896
76355 2219335183 1764167629922.035156 1764167629921 1764167629929
76356 2219368527 1764167629955.370850 1764167629955 1764167629962
76357 2219401871 1764167629988.706787 1764167629989 1764167629996
76358 2219435215 1764167630022.042480 1764167630021 1764167630029
76359 2219468559 1764167630055.378174 1764167630055 1764167630062
76360 2219501903 1764167630088.713867 1764167630089 1764167630096
76361 2219535247 1764167630122.049561 1764167630121 1764167630129
76362 2219568591 1764167630155.385254 1764167630155 1764167630162
76363 2219601935 1764167630188.720703 1764167630189 1764167630196
76364 2219635279 1764167630222.056396 1764167630221 1764167630229
76365 2219668622 1764167630255.390869 1764167630255 1764167630262
76366 2219701966 1764167630288.726318 1764167630289 1764167630296
76367 2219735310 1764167630322.061768 1764167630321 1764167630329
76368 2219768654 1764167630355.397217 1764167630356 1764167630363
76369 2219801998 1764167630388.732422 1764167630389 1764167630396
76370 2219835342 1764167630422.067871 1764167630421 1764167630429
76371 2219868686 1764167630455.403076 1764167630455 1764167630462
76372 2219902030 1764167630488.738281 1764167630489 1764167630496
76373 2219935374 1764167630522.073242 1764167630521 1764167630529
76374 2219968718 1764167630555.408447 1764167630555 1764167630562
76375 2220002062 1764167630588.743408 1764167630588 1764167630596
76376 2220035406 1764167630622.078369 1764167630621 1764167630629
76377 2220068750 1764167630655.413330 1764167630655 1764167630662
76378 2220102093 1764167630688.747314 1764167630689 1764167630696
76379 2220135437 1764167630722.082275 1764167630722 1764167630729
76380 2220168781 1764167630755.416992 1764167630755 1764167630762
76381 2220202125 1764167630788.751709 1764167630789 1764167630796
76382 2220235469 1764167630822.086426 1764167630822 1764167630829
76383 2220268813 1764167630855.421143 1764167630856 1764167630863
76384 2220302157 1764167630888.755859 1764167630889 1764167630896
76385 2220335501 1764167630922.090332 1764167630922 1764167630929
76386 2220368845 1764167630955.424805 1764167630956 1764167630963
76387 2220402189 1764167630988.759277 1764167630989 1764167630996
76388 2220435533 1764167631022.093750 1764167631022 1764167631029
76389 2220468877 1764167631055.428223 1764167631055 1764167631062
76390 2220502221 1764167631088.762695 1764167631089 1764167631096
76391 2220535564 1764167631122.097168 1764167631122 1764167631129
76392 2220568908 1764167631155.432373 1764167631155 1764167631162
76393 2220602252 1764167631188.767822 1764167631189 1764167631196
76394 2220635596 1764167631222.103027 1764167631222 1764167631229
76395 2220668940 1764167631255.438232 1764167631255 1764167631262
76396 2220702284 1764167631288.773438 1764167631289 1764167631296
76397 2220735628 1764167631322.108643 1764167631322 1764167631329
76398 2220768972 1764167631355.443848 1764167631355 1764167631362
76399 2220802316 1764167631388.778809 1764167631389 1764167631396
76400 2220835660 1764167631422.114014 1764167631422 1764167631429
76401 2220869004 1764167631455.448975 1764167631455 1764167631462
76402 2220902348 1764167631488.783691 1764167631489 1764167631496
76403 2220935692 1764167631522.118652 1764167631523 1764167631532
76404 2220969036 1764167631555.453613 1764167631555 1764167631562
76405 2221002379 1764167631588.787354 1764167631589 1764167631596
76406 2221035723 1764167631622.122070 1764167631622 1764167631629
76407 2221069067 1764167631655.456787 1764167631656 1764167631663
76408 2221102411 1764167631688.791260 1764167631689 1764167631696
76409 2221135755 1764167631722.125977 1764167631722 1764167631729
76410 2221169099 1764167631755.460449 1764167631756 1764167631763
76411 2221202443 1764167631788.794922 1764167631788 1764167631796
76412 2221235787 1764167631822.129395 1764167631822 1764167631829
76413 2221269131 1764167631855.463867 1764167631856 1764167631863
76414 2221302475 1764167631888.798096 1764167631889 1764167631896
76415 2221335819 1764167631922.132568 1764167631922 1764167631929
76416 2221369163 1764167631955.466797 1764167631956 1764167631963
76417 2221402507 1764167631988.801025 1764167631988 1764167631996
76418 2221435850 1764167632022.134033 1764167632022 1764167632029
76419 2221469194 1764167632055.468262 1764167632056 1764167632063
76420 2221502538 1764167632088.802246 1764167632088 1764167632096
76421 2221535882 1764167632122.149902 1764167632122 1764167632129
76422 2221569226 1764167632155.497314 1764167632156 1764167632163
76423 2221602570 1764167632188.845215 1764167632188 1764167632196
76424 2221635914 1764167632222.193115 1764167632222 1764167632229
76425 2221669258 1764167632255.541016 1764167632256 1764167632263
76426 2221702602 1764167632288.889160 1764167632288 1764167632296
76427 2221735946 1764167632322.237305 1764167632322 1764167632329
76428 2221769290 1764167632355.585693 1764167632356 1764167632363
76429 2221802634 1764167632388.934082 1764167632388 1764167632396
76430 2221835978 1764167632422.282715 1764167632422 1764167632429
76431 2221869321 1764167632455.630371 1764167632456 1764167632463
76432 2221902665 1764167632488.979248 1764167632489 1764167632497
76433 2221936009 1764167632522.328125 1764167632522 1764167632529
76434 2221969353 1764167632555.677246 1764167632556 1764167632563
76435 2222002697 1764167632589.026367 1764167632588 1764167632596
76436 2222036041 1764167632622.375732 1764167632622 1764167632629
76437 2222069385 1764167632655.725098 1764167632656 1764167632663
76438 2222102729 1764167632689.074463 1764167632688 1764167632696
76439 2222136073 1764167632722.424316 1764167632722 1764167632729
76440 2222169417 1764167632755.773926 1764167632756 1764167632763
76441 2222202761 1764167632789.124023 1764167632788 1764167632796
76442 2222236105 1764167632822.473877 1764167632822 1764167632829
76443 2222269449 1764167632855.823975 1764167632856 1764167632863
76444 2222302793 1764167632889.174316 1764167632888 1764167632896
76445 2222336136 1764167632922.523682 1764167632922 1764167632929
76446 2222369480 1764167632955.874268 1764167632956 1764167632963
76447 2222402824 1764167632989.224854 1764167632988 1764167632996
76448 2222436168 1764167633022.575684 1764167633022 1764167633029
76449 2222469512 1764167633055.926514 1764167633056 1764167633063
76450 2222502856 1764167633089.277344 1764167633088 1764167633096
76451 2222536200 1764167633122.613525 1764167633122 1764167633129
76452 2222569544 1764167633155.949707 1764167633156 1764167633163
76453 2222602888 1764167633189.286133 1764167633188 1764167633196
76454 2222636232 1764167633222.622314 1764167633222 1764167633229
76455 2222669576 1764167633255.958252 1764167633256 1764167633263
76456 2222702920 1764167633289.294434 1764167633288 1764167633296
76457 2222736264 1764167633322.630615 1764167633322 1764167633329
76458 2222769607 1764167633355.965576 1764167633356 1764167633363
76459 2222802951 1764167633389.301514 1764167633389 1764167633396
76460 2222836295 1764167633422.637451 1764167633423 1764167633430
76461 2222869639 1764167633455.973389 1764167633456 1764167633463
76462 2222902983 1764167633489.309326 1764167633489 1764167633496
76463 2222936327 1764167633522.645264 1764167633522 1764167633529
76464 2222969671 1764167633555.981201 1764167633556 1764167633563
76465 2223003015 1764167633589.316895 1764167633589 1764167633596
76466 2223036359 1764167633622.652588 1764167633622 1764167633629
76467 2223069703 1764167633655.988281 1764167633656 1764167633663
76468 2223103047 1764167633689.323975 1764167633689 1764167633696
76469 2223136391 1764167633722.659668 1764167633722 1764167633729
76470 2223169735 1764167633755.995361 1764167633756 1764167633763
76471 2223203078 1764167633789.330078 1764167633789 1764167633796
76472 2223236422 1764167633822.665527 1764167633822 1764167633829
76473 2223269766 1764167633856.000977 1764167633856 1764167633863
76474 2223303110 1764167633889.336670 1764167633889 1764167633896
76475 2223336454 1764167633922.672119 1764167633922 1764167633929
76476 2223369798 1764167633956.007568 1764167633956 1764167633963
76477 2223403142 1764167633989.342773 1764167633989 1764167633996
76478 2223436486 1764167634022.678223 1764167634023 1764167634030
76479 2223469830 1764167634056.013428 1764167634056 1764167634063
76480 2223503174 1764167634089.348877 1764167634089 1764167634096
76481 2223536518 1764167634122.686035 1764167634122 1764167634129
76482 2223569862 1764167634156.022949 1764167634156 1764167634163
76483 2223603206 1764167634189.360107 1764167634189 1764167634196
76484 2223636550 1764167634222.697021 1764167634223 1764167634230
76485 2223669893 1764167634256.032959 1764167634256 1764167634263
76486 2223703237 1764167634289.370117 1764167634289 1764167634296
76487 2223736581 1764167634322.707031 1764167634323 1764167634330
76488 2223769925 1764167634356.043945 1764167634356 1764167634363
76489 2223803269 1764167634389.380859 1764167634389 1764167634396
76490 2223836613 1764167634422.717773 1764167634423 1764167634430
76491 2223869957 1764167634456.054688 1764167634456 1764167634463
76492 2223903301 1764167634489.391602 1764167634489 1764167634496
76493 2223936645 1764167634522.728516 1764167634523 1764167634530
76494 2223969989 1764167634556.065186 1764167634555 1764167634563
76495 2224003333 1764167634589.402100 1764167634589 1764167634596
76496 2224036677 1764167634622.739014 1764167634623 1764167634630
76497 2224070021 1764167634656.075684 1764167634656 1764167634663
76498 2224103364 1764167634689.411377 1764167634689 1764167634696
76499 2224136708 1764167634722.748291 1764167634723 1764167634730
76500 2224170052 1764167634756.084961 1764167634755 1764167634763
76501 2224203396 1764167634789.421631 1764167634789 1764167634796
76502 2224236740 1764167634822.758301 1764167634823 1764167634830
76503 2224270084 1764167634856.094971 1764167634855 1764167634863
76504 2224303428 1764167634889.431641 1764167634889 1764167634896
76505 2224336772 1764167634922.768311 1764167634923 1764167634930
76506 2224370116 1764167634956.104980 1764167634955 1764167634963
76507 2224403460 1764167634989.441406 1764167634989 1764167634996
76508 2224436804 1764167635022.778076 1764167635023 1764167635030
76509 2224470148 1764167635056.114746 1764167635055 1764167635063
76510 2224503492 1764167635089.451172 1764167635089 1764167635096
76511 2224536835 1764167635122.787109 1764167635123 1764167635130
76512 2224570179 1764167635156.124023 1764167635155 1764167635163
76513 2224603523 1764167635189.460938 1764167635189 1764167635196
76514 2224636867 1764167635222.797607 1764167635223 1764167635230
76515 2224670211 1764167635256.134521 1764167635255 1764167635263
76516 2224703555 1764167635289.471191 1764167635289 1764167635296
76517 2224736899 1764167635322.808105 1764167635323 1764167635330
76518 2224770243 1764167635356.144775 1764167635355 1764167635363
76519 2224803587 1764167635389.481445 1764167635389 1764167635396
76520 2224836931 1764167635422.818359 1764167635423 1764167635430
76521 2224870275 1764167635456.155029 1764167635455 1764167635463
76522 2224903619 1764167635489.491699 1764167635489 1764167635496
76523 2224936963 1764167635522.828369 1764167635523 1764167635530
76524 2224970307 1764167635556.165039 1764167635555 1764167635563
76525 2225003650 1764167635589.500488 1764167635589 1764167635596
76526 2225036994 1764167635622.837158 1764167635623 1764167635630
76527 2225070338 1764167635656.173828 1764167635655 1764167635663
76528 2225103682 1764167635689.510254 1764167635689 1764167635696
76529 2225137026 1764167635722.846924 1764167635723 1764167635730
76530 2225170370 1764167635756.183350 1764167635755 1764167635763
76531 2225203714 1764167635789.520020 1764167635789 1764167635796
76532 2225237058 1764167635822.856445 1764167635823 1764167635830
76533 2225270402 1764167635856.192871 1764167635855 1764167635863
76534 2225303746 1764167635889.529541 1764167635889 1764167635896
76535 2225337090 1764167635922.865967 1764167635923 1764167635930
76536 2225370434 1764167635956.202393 1764167635955 1764167635963
76537 2225403778 1764167635989.538818 1764167635989 1764167635996
76538 2225437121 1764167636022.874023 1764167636023 1764167636030
76539 2225470465 1764167636056.210449 1764167636055 1764167636063
76540 2225503809 1764167636089.546875 1764167636089 1764167636096
76541 2225537153 1764167636122.882568 1764167636123 1764167636130
76542 2225570497 1764167636156.218506 1764167636156 1764167636163
76543 2225603841 1764167636189.554199 1764167636189 1764167636196
76544 2225637185 1764167636222.889893 1764167636222 1764167636230
76545 2225670529 1764167636256.225586 1764167636256 1764167636263
76546 2225703873 1764167636289.561035 1764167636289 1764167636296
76547 2225737217 1764167636322.896729 1764167636323 1764167636330
76548 2225770561 1764167636356.232178 1764167636356 1764167636363
76549 2225803905 1764167636389.567871 1764167636389 1764167636396
76550 2225837249 1764167636422.903320 1764167636423 1764167636430
76551 2225870592 1764167636456.237793 1764167636456 1764167636463
76552 2225903936 1764167636489.573242 1764167636489 1764167636496
76553 2225937280 1764167636522.908691 1764167636523 1764167636530
76554 2225970624 1764167636556.244141 1764167636556 1764167636563
76555 2226003968 1764167636589.579346 1764167636589 1764167636596
76556 2226037312 1764167636622.914795 1764167636623 1764167636630
76557 2226070656 1764167636656.250000 1764167636656 1764167636663
76558 2226104000 1764167636689.585205 1764167636689 1764167636696
76559 2226137344 1764167636722.920410 1764167636723 1764167636730
76560 2226170688 1764167636756.255615 1764167636756 1764167636763
76561 2226204032 1764167636789.590820 1764167636789 1764167636796
76562 2226237376 1764167636822.926025 1764167636823 1764167636830
76563 2226270720 1764167636856.261230 1764167636856 1764167636863
76564 2226304064 1764167636889.596191 1764167636889 1764167636896
76565 2226337407 1764167636922.930420 1764167636923 1764167636930
76566 2226370751 1764167636956.265381 1764167636956 1764167636963
76567 2226404095 1764167636989.600342 1764167636990 1764167636997
76568 2226437439 1764167637022.935303 1764167637023 1764167637030
76569 2226470783 1764167637056.270264 1764167637056 1764167637063
76570 2226504127 1764167637089.605225 1764167637090 1764167637097
76571 2226537471 1764167637122.940918 1764167637123 1764167637130
76572 2226570815 1764167637156.276855 1764167637156 1764167637163
76573 2226604159 1764167637189.612549 1764167637190 1764167637197
76574 2226637503 1764167637222.948242 1764167637223 1764167637230
76575 2226670847 1764167637256.283936 1764167637256 1764167637263
76576 2226704191 1764167637289.619629 1764167637290 1764167637297
76577 2226737535 1764167637322.955322 1764167637323 1764167637330
76578 2226770878 1764167637356.290039 1764167637356 1764167637363
76579 2226804222 1764167637389.625732 1764167637390 1764167637397
76580 2226837566 1764167637422.961182 1764167637422 1764167637430
76581 2226870910 1764167637456.296875 1764167637456 1764167637463
76582 2226904254 1764167637489.632324 1764167637490 1764167637497
76583 2226937598 1764167637522.967773 1764167637522 1764167637530
76584 2226970942 1764167637556.303223 1764167637556 1764167637563
76585 2227004286 1764167637589.638672 1764167637590 1764167637597
76586 2227037630 1764167637622.974121 1764167637622 1764167637630
76587 2227070974 1764167637656.309570 1764167637656 1764167637663
76588 2227104318 1764167637689.645020 1764167637690 1764167637697
76589 2227137662 1764167637722.980225 1764167637722 1764167637730
76590 2227171006 1764167637756.315674 1764167637756 1764167637763
76591 2227204349 1764167637789.649902 1764167637790 1764167637797
76592 2227237693 1764167637822.985107 1764167637822 1764167637830
76593 2227271037 1764167637856.320312 1764167637856 1764167637863
76594 2227304381 1764167637889.655518 1764167637890 1764167637897
76595 2227337725 1764167637922.990723 1764167637922 1764167637930
76596 2227371069 1764167637956.325928 1764167637956 1764167637963
76597 2227404413 1764167637989.660889 1764167637990 1764167637997
76598 2227437757 1764167638022.996094 1764167638022 1764167638030
76599 2227471101 1764167638056.331055 1764167638056 1764167638063
76600 2227504445 1764167638089.666260 1764167638090 1764167638097
76601 2227537789 1764167638123.002197 1764167638122 1764167638130
76602 2227571133 1764167638156.338135 1764167638156 1764167638163
76603 2227604477 1764167638189.674072 1764167638190 1764167638197
76604 2227637821 1764167638223.010010 1764167638222 1764167638230
76605 2227671164 1764167638256.344727 1764167638256 1764167638263
76606 2227704508 1764167638289.680664 1764167638290 1764167638297
76607 2227737852 1764167638323.016602 1764167638322 1764167638330
76608 2227771196 1764167638356.352295 1764167638356 1764167638363
76609 2227804540 1764167638389.688232 1764167638390 1764167638397
76610 2227837884 1764167638423.023926 1764167638422 1764167638430
76611 2227871228 1764167638456.359619 1764167638456 1764167638463
76612 2227904572 1764167638489.695312 1764167638490 1764167638497
76613 2227937916 1764167638523.031006 1764167638522 1764167638530
76614 2227971260 1764167638556.366699 1764167638556 1764167638563
76615 2228004604 1764167638589.702393 1764167638590 1764167638597
76616 2228037948 1764167638623.037842 1764167638622 1764167638630
76617 2228071292 1764167638656.373535 1764167638657 1764167638665
76618 2228104635 1764167638689.708008 1764167638690 1764167638697
76619 2228137979 1764167638723.043701 1764167638722 1764167638730
76620 2228171323 1764167638756.379150 1764167638756 1764167638763
76621 2228204667 1764167638789.714600 1764167638790 1764167638797
76622 2228238011 1764167638823.050049 1764167638823 1764167638830
76623 2228271355 1764167638856.385498 1764167638856 1764167638863
76624 2228304699 1764167638889.720947 1764167638890 1764167638897
76625 2228338043 1764167638923.056396 1764167638923 1764167638930
76626 2228371387 1764167638956.391846 1764167638956 1764167638963
76627 2228404731 1764167638989.727051 1764167638990 1764167638997
76628 2228438075 1764167639023.062500 1764167639023 1764167639030
76629 2228471419 1764167639056.397705 1764167639056 1764167639063
76630 2228504763 1764167639089.733154 1764167639090 1764167639097
76631 2228538106 1764167639123.070068 1764167639123 1764167639130
76632 2228571450 1764167639156.407471 1764167639156 1764167639163
76633 2228604794 1764167639189.744873 1764167639190 1764167639197
76634 2228638138 1764167639223.082520 1764167639223 1764167639230
76635 2228671482 1764167639256.419922 1764167639256 1764167639263
76636 2228704826 1764167639289.757324 1764167639290 1764167639297
76637 2228738170 1764167639323.094727 1764167639323 1764167639330
76638 2228771514 1764167639356.432129 1764167639356 1764167639363
76639 2228804858 1764167639389.769775 1764167639390 1764167639397
76640 2228838202 1764167639423.107178 1764167639423 1764167639430
76641 2228871546 1764167639456.444580 1764167639456 1764167639463
76642 2228904890 1764167639489.781982 1764167639490 1764167639497
76643 2228938234 1764167639523.119385 1764167639523 1764167639530
76644 2228971578 1764167639556.456787 1764167639556 1764167639563
76645 2229004921 1764167639589.793213 1764167639590 1764167639597
76646 2229038265 1764167639623.130615 1764167639623 1764167639630
76647 2229071609 1764167639656.467773 1764167639657 1764167639664
76648 2229104953 1764167639689.805176 1764167639690 1764167639697
76649 2229138297 1764167639723.142578 1764167639723 1764167639730
76650 2229171641 1764167639756.479980 1764167639757 1764167639764
76651 2229204985 1764167639789.817383 1764167639790 1764167639797
76652 2229238329 1764167639823.154785 1764167639823 1764167639830
76653 2229271673 1764167639856.491943 1764167639857 1764167639864
76654 2229305017 1764167639889.829346 1764167639890 1764167639897
76655 2229338361 1764167639923.166748 1764167639923 1764167639930
76656 2229371705 1764167639956.503906 1764167639957 1764167639964
76657 2229405049 1764167639989.841309 1764167639990 1764167639997
76658 2229438392 1764167640023.177734 1764167640023 1764167640030
76659 2229471736 1764167640056.514893 1764167640057 1764167640064
76660 2229505080 1764167640089.852295 1764167640089 1764167640097
76661 2229538424 1764167640123.189453 1764167640123 1764167640130
76662 2229571768 1764167640156.525879 1764167640157 1764167640164
76663 2229605112 1764167640189.862305 1764167640189 1764167640197
76664 2229638456 1764167640223.198730 1764167640223 1764167640230
76665 2229671800 1764167640256.535156 1764167640257 1764167640264
76666 2229705144 1764167640289.871338 1764167640289 1764167640297
76667 2229738488 1764167640323.207764 1764167640323 1764167640330
76668 2229771832 1764167640356.543945 1764167640357 1764167640364
76669 2229805176 1764167640389.880371 1764167640389 1764167640397
76670 2229838520 1764167640423.216553 1764167640423 1764167640430
76671 2229871863 1764167640456.552002 1764167640457 1764167640464
76672 2229905207 1764167640489.888184 1764167640489 1764167640497
76673 2229938551 1764167640523.224365 1764167640523 1764167640530
76674 2229971895 1764167640556.560791 1764167640557 1764167640564
76675 2230005239 1764167640589.896973 1764167640589 1764167640597
76676 2230038583 1764167640623.233154 1764167640623 1764167640630
76677 2230071927 1764167640656.569336 1764167640657 1764167640664
76678 2230105271 1764167640689.905518 1764167640689 1764167640697
76679 2230138615 1764167640723.241699 1764167640723 1764167640730
76680 2230171959 1764167640756.577881 1764167640757 1764167640764
76681 2230205303 1764167640789.913818 1764167640789 1764167640797
76682 2230238647 1764167640823.250000 1764167640823 1764167640830
76683 2230271991 1764167640856.586182 1764167640856 1764167640865
76684 2230305335 1764167640889.922119 1764167640889 1764167640897
76685 2230338678 1764167640923.257324 1764167640923 1764167640930
76686 2230372022 1764167640956.593262 1764167640957 1764167640964
76687 2230405366 1764167640989.929443 1764167640989 1764167640997
76688 2230438710 1764167641023.265381 1764167641023 1764167641030
76689 2230472054 1764167641056.601318 1764167641057 1764167641064
76690 2230505398 1764167641089.937500 1764167641089 1764167641097
76691 2230538742 1764167641123.273438 1764167641123 1764167641130
76692 2230572086 1764167641156.610107 1764167641157 1764167641164
76693 2230605430 1764167641189.946777 1764167641189 1764167641197
76694 2230638774 1764167641223.283447 1764167641223 1764167641230
76695 2230672118 1764167641256.620117 1764167641257 1764167641264
76696 2230705462 1764167641289.956787 1764167641289 1764167641297
76697 2230738806 1764167641323.293457 1764167641324 1764167641331
76698 2230772149 1764167641356.629150 1764167641357 1764167641364
76699 2230805493 1764167641389.965576 1764167641389 1764167641397
76700 2230838837 1764167641423.302246 1764167641423 1764167641430
76701 2230872181 1764167641456.638916 1764167641457 1764167641464
76702 2230905525 1764167641489.975586 1764167641489 1764167641497
76703 2230938869 1764167641523.312012 1764167641523 1764167641530
76704 2230972213 1764167641556.648682 1764167641557 1764167641564
76705 2231005557 1764167641589.985107 1764167641589 1764167641597
76706 2231038901 1764167641623.321777 1764167641623 1764167641630
76707 2231072245 1764167641656.658447 1764167641657 1764167641664
76708 2231105589 1764167641689.994873 1764167641689 1764167641697
76709 2231138933 1764167641723.331299 1764167641723 1764167641730
76710 2231172277 1764167641756.667969 1764167641757 1764167641764
76711 2231205620 1764167641790.003418 1764167641789 1764167641797
76712 2231238964 1764167641823.339844 1764167641823 1764167641830
76713 2231272308 1764167641856.676514 1764167641857 1764167641864
76714 2231305652 1764167641890.012939 1764167641890 1764167641897
76715 2231338996 1764167641923.349365 1764167641923 1764167641930
76716 2231372340 1764167641956.685791 1764167641957 1764167641964
76717 2231405684 1764167641990.022217 1764167641990 1764167641997
76718 2231439028 1764167642023.358887 1764167642023 1764167642030
76719 2231472372 1764167642056.695312 1764167642057 1764167642064
76720 2231505716 1764167642090.031738 1764167642090 1764167642097
76721 2231539060 1764167642123.368164 1764167642123 1764167642130
76722 2231572404 1764167642156.705078 1764167642157 1764167642164
76723 2231605748 1764167642190.041992 1764167642190 1764167642197
76724 2231639092 1764167642223.378906 1764167642223 1764167642230
76725 2231672435 1764167642256.714844 1764167642257 1764167642264
76726 2231705779 1764167642290.052002 1764167642290 1764167642297
76727 2231739123 1764167642323.388916 1764167642324 1764167642331
76728 2231772467 1764167642356.725830 1764167642356 1764167642364
76729 2231805811 1764167642390.062744 1764167642390 1764167642397
76730 2231839155 1764167642423.399658 1764167642423 1764167642430
76731 2231872499 1764167642456.736572 1764167642457 1764167642464
76732 2231905843 1764167642490.073486 1764167642490 1764167642497
76733 2231939187 1764167642523.410400 1764167642523 1764167642530
76734 2231972531 1764167642556.747314 1764167642556 1764167642564
76735 2232005875 1764167642590.084473 1764167642590 1764167642597
76736 2232039219 1764167642623.421387 1764167642624 1764167642631
76737 2232072563 1764167642656.758301 1764167642657 1764167642664
76738 2232105906 1764167642690.094238 1764167642690 1764167642697
76739 2232139250 1764167642723.431152 1764167642723 1764167642730
76740 2232172594 1764167642756.768066 1764167642757 1764167642764
76741 2232205938 1764167642790.104980 1764167642790 1764167642797
76742 2232239282 1764167642823.441895 1764167642823 1764167642830
76743 2232272626 1764167642856.778809 1764167642857 1764167642864
76744 2232305970 1764167642890.115723 1764167642890 1764167642897
76745 2232339314 1764167642923.452637 1764167642923 1764167642930
76746 2232372658 1764167642956.789307 1764167642957 1764167642964
76747 2232406002 1764167642990.126221 1764167642990 1764167642997
76748 2232439346 1764167643023.463135 1764167643023 1764167643030
76749 2232472690 1764167643056.800049 1764167643057 1764167643064
76750 2232506034 1764167643090.136963 1764167643090 1764167643097
76751 2232539377 1764167643123.472900 1764167643124 1764167643131
76752 2232572721 1764167643156.809570 1764167643157 1764167643164
76753 2232606065 1764167643190.146240 1764167643190 1764167643197
76754 2232639409 1764167643223.482910 1764167643223 1764167643231
76755 2232672753 1764167643256.819580 1764167643257 1764167643264
76756 2232706097 1764167643290.156250 1764167643290 1764167643297
76757 2232739441 1764167643323.492920 1764167643324 1764167643331
76758 2232772785 1764167643356.829590 1764167643357 1764167643364
76759 2232806129 1764167643390.166260 1764167643390 1764167643397
76760 2232839473 1764167643423.502930 1764167643424 1764167643431
76761 2232872817 1764167643456.839355 1764167643457 1764167643464
76762 2232906161 1764167643490.176025 1764167643490 1764167643497
76763 2232939505 1764167643523.512695 1764167643524 1764167643531
76764 2232972849 1764167643556.849365 1764167643557 1764167643564
76765 2233006192 1764167643590.185059 1764167643590 1764167643597
76766 2233039536 1764167643623.521484 1764167643624 1764167643631
76767 2233072880 1764167643656.858154 1764167643657 1764167643665
76768 2233106224 1764167643690.194824 1764167643690 1764167643697
76769 2233139568 1764167643723.531250 1764167643724 1764167643731
76770 2233172912 1764167643756.867920 1764167643756 1764167643764
76771 2233206256 1764167643790.204590 1764167643790 1764167643797
76772 2233239600 1764167643823.541016 1764167643824 1764167643831
76773 2233272944 1764167643856.877686 1764167643857 1764167643864
76774 2233306288 1764167643890.214111 1764167643890 1764167643897
76775 2233339632 1764167643923.550781 1764167643924 1764167643931
76776 2233372976 1764167643956.887207 1764167643956 1764167643964
76777 2233406320 1764167643990.223877 1764167643990 1764167643997
76778 2233439663 1764167644023.559326 1764167644024 1764167644031
76779 2233473007 1764167644056.895996 1764167644056 1764167644064
76780 2233506351 1764167644090.232422 1764167644090 1764167644097
76781 2233539695 1764167644123.569092 1764167644124 1764167644131
76782 2233573039 1764167644156.905273 1764167644156 1764167644164
76783 2233606383 1764167644190.241455 1764167644190 1764167644197
76784 2233639727 1764167644223.577637 1764167644224 1764167644231
76785 2233673071 1764167644256.913818 1764167644256 1764167644264
76786 2233706415 1764167644290.250000 1764167644290 1764167644297
76787 2233739759 1764167644323.586182 1764167644324 1764167644331
76788 2233773103 1764167644356.922363 1764167644356 1764167644364
76789 2233806447 1764167644390.258545 1764167644390 1764167644397
76790 2233839791 1764167644423.594727 1764167644424 1764167644431
76791 2233873134 1764167644456.929932 1764167644456 1764167644464
76792 2233906478 1764167644490.265869 1764167644490 1764167644497
76793 2233939822 1764167644523.602051 1764167644524 1764167644531
76794 2233973166 1764167644556.938232 1764167644556 1764167644564
76795 2234006510 1764167644590.274414 1764167644590 1764167644597
76796 2234039854 1764167644623.610352 1764167644624 1764167644631
76797 2234073198 1764167644656.946533 1764167644656 1764167644664
76798 2234106542 1764167644690.282471 1764167644690 1764167644697
76799 2234139886 1764167644723.618652 1764167644724 1764167644731
76800 2234173230 1764167644756.954590 1764167644756 1764167644764
76801 2234206574 1764167644790.290771 1764167644790 1764167644797
76802 2234239918 1764167644823.626709 1764167644824 1764167644831
76803 2234273262 1764167644856.962891 1764167644856 1764167644864
76804 2234306606 1764167644890.298828 1764167644890 1764167644897
76805 2234339949 1764167644923.633789 1764167644924 1764167644931
76806 2234373293 1764167644956.969971 1764167644956 1764167644964
76807 2234406637 1764167644990.305908 1764167644990 1764167644997
76808 2234439981 1764167645023.641846 1764167645024 1764167645031
76809 2234473325 1764167645056.978027 1764167645056 1764167645064
76810 2234506669 1764167645090.313965 1764167645090 1764167645097
76811 2234540013 1764167645123.649902 1764167645124 1764167645131
76812 2234573357 1764167645156.986328 1764167645156 1764167645164
76813 2234606701 1764167645190.322754 1764167645190 1764167645197
76814 2234640045 1764167645223.659180 1764167645224 1764167645231
76815 2234673389 1764167645256.995850 1764167645256 1764167645264
76816 2234706733 1764167645290.332275 1764167645290 1764167645297
76817 2234740077 1764167645323.668701 1764167645324 1764167645331
76818 2234773420 1764167645357.004150 1764167645356 1764167645364
76819 2234806764 1764167645390.340576 1764167645390 1764167645397
76820 2234840108 1764167645423.677002 1764167645424 1764167645431
76821 2234873452 1764167645457.013428 1764167645456 1764167645464
76822 2234906796 1764167645490.349854 1764167645490 1764167645497
76823 2234940140 1764167645523.686279 1764167645524 1764167645531
76824 2234973484 1764167645557.022705 1764167645556 1764167645564
76825 2235006828 1764167645590.359131 1764167645590 1764167645597
76826 2235040172 1764167645623.695557 1764167645624 1764167645631
76827 2235073516 1764167645657.031738 1764167645656 1764167645664
76828 2235106860 1764167645690.368164 1764167645690 1764167645697
76829 2235140204 1764167645723.704590 1764167645724 1764167645731
76830 2235173548 1764167645757.041016 1764167645756 1764167645764
76831 2235206891 1764167645790.376465 1764167645790 1764167645797
76832 2235240235 1764167645823.712646 1764167645824 1764167645831
76833 2235273579 1764167645857.049072 1764167645856 1764167645864
76834 2235306923 1764167645890.385498 1764167645890 1764167645897
76835 2235340267 1764167645923.721924 1764167645924 1764167645931
76836 2235373611 1764167645957.058105 1764167645957 1764167645964
76837 2235406955 1764167645990.394531 1764167645990 1764167645997
76838 2235440299 1764167646023.730957 1764167646024 1764167646031
76839 2235473643 1764167646057.067383 1764167646057 1764167646064
76840 2235506987 1764167646090.403564 1764167646090 1764167646097
76841 2235540331 1764167646123.739990 1764167646124 1764167646131
76842 2235573675 1764167646157.075928 1764167646157 1764167646164
76843 2235607019 1764167646190.412109 1764167646190 1764167646197
76844 2235640363 1764167646223.748047 1764167646224 1764167646231
76845 2235673706 1764167646257.083252 1764167646257 1764167646264
76846 2235707050 1764167646290.419189 1764167646290 1764167646297
76847 2235740394 1764167646323.755127 1764167646324 1764167646331
76848 2235773738 1764167646357.091309 1764167646357 1764167646364
76849 2235807082 1764167646390.427246 1764167646390 1764167646397
76850 2235840426 1764167646423.763184 1764167646424 1764167646431
76851 2235873770 1764167646457.099365 1764167646457 1764167646464
76852 2235907114 1764167646490.435303 1764167646490 1764167646497
76853 2235940458 1764167646523.771240 1764167646524 1764167646531
76854 2235973802 1764167646557.107178 1764167646557 1764167646564
76855 2236007146 1764167646590.443115 1764167646590 1764167646597
76856 2236040490 1764167646623.779053 1764167646624 1764167646631
76857 2236073834 1764167646657.114990 1764167646657 1764167646664
76858 2236107177 1764167646690.449951 1764167646690 1764167646697
76859 2236140521 1764167646723.785889 1764167646724 1764167646731
76860 2236173865 1764167646757.121826 1764167646757 1764167646764
76861 2236207209 1764167646790.457764 1764167646790 1764167646797
76862 2236240553 1764167646823.793701 1764167646824 1764167646831
76863 2236273897 1764167646857.129639 1764167646857 1764167646864
76864 2236307241 1764167646890.465576 1764167646890 1764167646897
76865 2236340585 1764167646923.801270 1764167646924 1764167646931
76866 2236373929 1764167646957.137207 1764167646957 1764167646964
76867 2236407273 1764167646990.473145 1764167646990 1764167646997
76868 2236440617 1764167647023.808838 1764167647024 1764167647031
76869 2236473961 1764167647057.144775 1764167647057 1764167647064
76870 2236507305 1764167647090.480713 1764167647090 1764167647097
76871 2236540648 1764167647123.815430 1764167647124 1764167647131
76872 2236573992 1764167647157.152588 1764167647157 1764167647164
76873 2236607336 1764167647190.489990 1764167647190 1764167647197
76874 2236640680 1764167647223.827148 1764167647224 1764167647231
76875 2236674024 1764167647257.164307 1764167647257 1764167647264
76876 2236707368 1764167647290.501709 1764167647290 1764167647298
76877 2236740712 1764167647323.838867 1764167647324 1764167647331
76878 2236774056 1764167647357.176025 1764167647357 1764167647364
76879 2236807400 1764167647390.513428 1764167647391 1764167647398
76880 2236840744 1764167647423.850586 1764167647424 1764167647431
76881 2236874088 1764167647457.187744 1764167647457 1764167647464
76882 2236907432 1764167647490.525146 1764167647491 1764167647498
76883 2236940776 1764167647523.862305 1764167647524 1764167647531
76884 2236974120 1764167647557.199463 1764167647557 1764167647564
76885 2237007463 1764167647590.535889 1764167647591 1764167647598
76886 2237040807 1764167647623.873047 1764167647624 1764167647631
76887 2237074151 1764167647657.210205 1764167647657 1764167647664
76888 2237107495 1764167647690.547607 1764167647691 1764167647698
76889 2237140839 1764167647723.884766 1764167647724 1764167647731
76890 2237174183 1764167647757.221924 1764167647757 1764167647764
76891 2237207527 1764167647790.559326 1764167647791 1764167647798
76892 2237240871 1764167647823.896484 1764167647824 1764167647831
76893 2237274215 1764167647857.233887 1764167647857 1764167647864
76894 2237307559 1764167647890.571045 1764167647891 1764167647898
76895 2237340903 1764167647923.908203 1764167647923 1764167647931
76896 2237374247 1764167647957.245605 1764167647957 1764167647964
76897 2237407591 1764167647990.582764 1764167647991 1764167647998
76898 2237440934 1764167648023.919189 1764167648023 1764167648031
76899 2237474278 1764167648057.256348 1764167648057 1764167648070
76900 2237507622 1764167648090.593506 1764167648091 1764167648098
76901 2237540966 1764167648123.930908 1764167648123 1764167648131
76902 2237574310 1764167648157.266846 1764167648157 1764167648164
76903 2237607654 1764167648190.602539 1764167648191 1764167648198
76904 2237640998 1764167648223.938477 1764167648223 1764167648231
76905 2237674342 1764167648257.274414 1764167648257 1764167648264
76906 2237707686 1764167648290.610352 1764167648291 1764167648298
76907 2237741030 1764167648323.946045 1764167648323 1764167648331
76908 2237774374 1764167648357.281982 1764167648357 1764167648364
76909 2237807718 1764167648390.617920 1764167648391 1764167648398
76910 2237841062 1764167648423.953613 1764167648423 1764167648431
76911 2237874405 1764167648457.288574 1764167648457 1764167648464
76912 2237907749 1764167648490.624268 1764167648491 1764167648498
76913 2237941093 1764167648523.960205 1764167648523 1764167648531
76914 2237974437 1764167648557.295898 1764167648557 1764167648564
76915 2238007781 1764167648590.631836 1764167648591 1764167648600
76916 2238041125 1764167648623.967529 1764167648623 1764167648631
76917 2238074469 1764167648657.303223 1764167648657 1764167648664
76918 2238107813 1764167648690.639160 1764167648690 1764167648698
76919 2238141157 1764167648723.974854 1764167648723 1764167648731
76920 2238174501 1764167648757.310547 1764167648757 1764167648764
76921 2238207845 1764167648790.646240 1764167648791 1764167648798
76922 2238241189 1764167648823.981934 1764167648823 1764167648831
76923 2238274533 1764167648857.317871 1764167648857 1764167648864
76924 2238307877 1764167648890.653564 1764167648891 1764167648898
76925 2238341220 1764167648923.988281 1764167648923 1764167648931
76926 2238374564 1764167648957.323975 1764167648957 1764167648964
76927 2238407908 1764167648990.659668 1764167648991 1764167648998
76928 2238441252 1764167649023.995361 1764167649023 1764167649031
76929 2238474596 1764167649057.331055 1764167649057 1764167649064
76930 2238507940 1764167649090.666504 1764167649091 1764167649098
76931 2238541284 1764167649124.002197 1764167649123 1764167649131
76932 2238574628 1764167649157.337891 1764167649157 1764167649164
76933 2238607972 1764167649190.673584 1764167649191 1764167649198
76934 2238641316 1764167649224.009277 1764167649223 1764167649231
76935 2238674660 1764167649257.344971 1764167649258 1764167649265
76936 2238708004 1764167649290.680664 1764167649291 1764167649298
76937 2238741348 1764167649324.016357 1764167649323 1764167649331
76938 2238774691 1764167649357.351074 1764167649357 1764167649364
76939 2238808035 1764167649390.686768 1764167649391 1764167649398
76940 2238841379 1764167649424.022461 1764167649423 1764167649431
76941 2238874723 1764167649457.357910 1764167649457 1764167649464
76942 2238908067 1764167649490.693604 1764167649491 1764167649498
76943 2238941411 1764167649524.029297 1764167649523 1764167649531
76944 2238974755 1764167649557.364746 1764167649557 1764167649564
76945 2239008099 1764167649590.700439 1764167649591 1764167649598
76946 2239041443 1764167649624.035889 1764167649623 1764167649631
76947 2239074787 1764167649657.371582 1764167649657 1764167649664
76948 2239108131 1764167649690.707031 1764167649691 1764167649698
76949 2239141475 1764167649724.042725 1764167649723 1764167649731
76950 2239174819 1764167649757.378174 1764167649757 1764167649764
76951 2239208162 1764167649790.712891 1764167649791 1764167649798
76952 2239241506 1764167649824.048340 1764167649823 1764167649831
76953 2239274850 1764167649857.383789 1764167649857 1764167649864
76954 2239308194 1764167649890.719238 1764167649891 1764167649898
76955 2239341538 1764167649924.054932 1764167649924 1764167649931
76956 2239374882 1764167649957.390381 1764167649958 1764167649965
76957 2239408226 1764167649990.725830 1764167649991 1764167649998
76958 2239441570 1764167650024.061279 1764167650023 1764167650031
76959 2239474914 1764167650057.396729 1764167650057 1764167650064
76960 2239508258 1764167650090.732178 1764167650090 1764167650098
76961 2239541602 1764167650124.067627 1764167650124 1764167650131
76962 2239574946 1764167650157.403564 1764167650157 1764167650164
76963 2239608290 1764167650190.739258 1764167650191 1764167650198
76964 2239641634 1764167650224.074951 1764167650224 1764167650231
76965 2239674977 1764167650257.409912 1764167650257 1764167650264
76966 2239708321 1764167650290.745605 1764167650291 1764167650298
76967 2239741665 1764167650324.081299 1764167650324 1764167650331
76968 2239775009 1764167650357.416992 1764167650358 1764167650365
76969 2239808353 1764167650390.752930 1764167650391 1764167650398
76970 2239841697 1764167650424.088623 1764167650424 1764167650431
76971 2239875041 1764167650457.424316 1764167650457 1764167650464
76972 2239908385 1764167650490.760010 1764167650491 1764167650498
76973 2239941729 1764167650524.095703 1764167650524 1764167650531
76974 2239975073 1764167650557.431396 1764167650557 1764167650564
76975 2240008417 1764167650590.767090 1764167650591 1764167650598
76976 2240041761 1764167650624.102783 1764167650624 1764167650631
76977 2240075105 1764167650657.438477 1764167650657 1764167650664
76978 2240108448 1764167650690.773193 1764167650691 1764167650698
76979 2240141792 1764167650724.108643 1764167650725 1764167650732
76980 2240175136 1764167650757.444336 1764167650757 1764167650764
76981 2240208480 1764167650790.780029 1764167650791 1764167650798
76982 2240241824 1764167650824.115723 1764167650824 1764167650831
76983 2240275168 1764167650857.451172 1764167650857 1764167650864
76984 2240308512 1764167650890.786865 1764167650890 1764167650898
76985 2240341856 1764167650924.122559 1764167650924 1764167650931
76986 2240375200 1764167650957.458008 1764167650957 1764167650964
76987 2240408544 1764167650990.793701 1764167650990 1764167650998
76988 2240441888 1764167651024.129395 1764167651024 1764167651032
76989 2240475232 1764167651057.464844 1764167651057 1764167651064
76990 2240508576 1764167651090.800537 1764167651091 1764167651098
76991 2240541919 1764167651124.135010 1764167651124 1764167651131
76992 2240575263 1764167651157.470459 1764167651157 1764167651164
76993 2240608607 1764167651190.805908 1764167651191 1764167651198
76994 2240641951 1764167651224.141357 1764167651224 1764167651231
76995 2240675295 1764167651257.476807 1764167651257 1764167651264
76996 2240708639 1764167651290.812256 1764167651291 1764167651298
76997 2240741983 1764167651324.147705 1764167651324 1764167651331
76998 2240775327 1764167651357.483154 1764167651357 1764167651364
76999 2240808671 1764167651390.818604 1764167651391 1764167651398
77000 2240842015 1764167651424.153809 1764167651424 1764167651431
77001 2240875359 1764167651457.489258 1764167651458 1764167651465
77002 2240908703 1764167651490.824707 1764167651491 1764167651498
77003 2240942047 1764167651524.160156 1764167651524 1764167651531
77004 2240975391 1764167651557.495361 1764167651558 1764167651565
77005 2241008734 1764167651590.829834 1764167651591 1764167651598
77006 2241042078 1764167651624.165039 1764167651624 1764167651631
77007 2241075422 1764167651657.500488 1764167651658 1764167651665
77008 2241108766 1764167651690.835693 1764167651691 1764167651698
77009 2241142110 1764167651724.171143 1764167651724 1764167651731
77010 2241175454 1764167651757.506348 1764167651758 1764167651765
77011 2241208798 1764167651790.841553 1764167651791 1764167651798
77012 2241242142 1764167651824.177002 1764167651824 1764167651831
77013 2241275486 1764167651857.512207 1764167651858 1764167651865
77014 2241308830 1764167651890.847412 1764167651890 1764167651898
77015 2241342174 1764167651924.182617 1764167651924 1764167651931
77016 2241375518 1764167651957.517822 1764167651958 1764167651965
77017 2241408862 1764167651990.853027 1764167651990 1764167651998
77018 2241442205 1764167652024.187256 1764167652024 1764167652031
77019 2241475549 1764167652057.522461 1764167652058 1764167652065
77020 2241508893 1764167652090.857666 1764167652090 1764167652098
77021 2241542237 1764167652124.192871 1764167652124 1764167652131
77022 2241575581 1764167652157.528564 1764167652158 1764167652165
77023 2241608925 1764167652190.864258 1764167652190 1764167652198
77024 2241642269 1764167652224.199707 1764167652224 1764167652231
77025 2241675613 1764167652257.535400 1764167652258 1764167652265
77026 2241708957 1764167652290.871094 1764167652290 1764167652298
77027 2241742301 1764167652324.206543 1764167652324 1764167652331
77028 2241775645 1764167652357.542236 1764167652358 1764167652365
77029 2241808989 1764167652390.877686 1764167652390 1764167652398
77030 2241842333 1764167652424.213379 1764167652424 1764167652431
77031 2241875676 1764167652457.547852 1764167652458 1764167652465
77032 2241909020 1764167652490.883545 1764167652490 1764167652498
77033 2241942364 1764167652524.218994 1764167652524 1764167652531
77034 2241975708 1764167652557.554443 1764167652558 1764167652565
77035 2242009052 1764167652590.890137 1764167652590 1764167652598
77036 2242042396 1764167652624.225586 1764167652624 1764167652631
77037 2242075740 1764167652657.561035 1764167652658 1764167652665
77038 2242109084 1764167652690.896484 1764167652690 1764167652698
77039 2242142428 1764167652724.232178 1764167652725 1764167652732
77040 2242175772 1764167652757.567627 1764167652758 1764167652765
77041 2242209116 1764167652790.903076 1764167652790 1764167652798
77042 2242242460 1764167652824.238525 1764167652824 1764167652831
77043 2242275804 1764167652857.573975 1764167652858 1764167652865
77044 2242309148 1764167652890.909424 1764167652890 1764167652898
77045 2242342491 1764167652924.243896 1764167652924 1764167652931
77046 2242375835 1764167652957.579346 1764167652958 1764167652965
77047 2242409179 1764167652990.914795 1764167652990 1764167652998
77048 2242442523 1764167653024.250244 1764167653024 1764167653031
77049 2242475867 1764167653057.585693 1764167653058 1764167653066
77050 2242509211 1764167653090.920898 1764167653090 1764167653098
77051 2242542555 1764167653124.256348 1764167653124 1764167653131
77052 2242575899 1764167653157.593018 1764167653158 1764167653165
77053 2242609243 1764167653190.929688 1764167653190 1764167653198
77054 2242642587 1764167653224.266357 1764167653224 1764167653231
77055 2242675931 1764167653257.603027 1764167653258 1764167653265
77056 2242709275 1764167653290.939453 1764167653290 1764167653298
77057 2242742619 1764167653324.276123 1764167653324 1764167653331
77058 2242775962 1764167653357.611816 1764167653358 1764167653365
77059 2242809306 1764167653390.948486 1764167653390 1764167653398
77060 2242842650 1764167653424.285156 1764167653424 1764167653431
77061 2242875994 1764167653457.621582 1764167653458 1764167653465
77062 2242909338 1764167653490.958252 1764167653490 1764167653498
77063 2242942682 1764167653524.294922 1764167653524 1764167653531
77064 2242976026 1764167653557.631592 1764167653558 1764167653565
77065 2243009370 1764167653590.968262 1764167653590 1764167653598
77066 2243042714 1764167653624.304932 1764167653624 1764167653631
77067 2243076058 1764167653657.641357 1764167653658 1764167653665
77068 2243109402 1764167653690.978027 1764167653690 1764167653698
77069 2243142746 1764167653724.314697 1764167653724 1764167653731
77070 2243176090 1764167653757.651367 1764167653758 1764167653765
77071 2243209433 1764167653790.986816 1764167653791 1764167653798
77072 2243242777 1764167653824.323486 1764167653824 1764167653831
77073 2243276121 1764167653857.660156 1764167653858 1764167653865
77074 2243309465 1764167653890.996826 1764167653890 1764167653898
77075 2243342809 1764167653924.333252 1764167653924 1764167653931
77076 2243376153 1764167653957.669922 1764167653958 1764167653965
77077 2243409497 1764167653991.006592 1764167653990 1764167653998
77078 2243442841 1764167654024.343262 1764167654024 1764167654031
77079 2243476185 1764167654057.679932 1764167654058 1764167654065
77080 2243509529 1764167654091.016357 1764167654091 1764167654098
77081 2243542873 1764167654124.353027 1764167654124 1764167654131
77082 2243576217 1764167654157.688477 1764167654158 1764167654165
77083 2243609561 1764167654191.023682 1764167654191 1764167654198
77084 2243642905 1764167654224.359131 1764167654224 1764167654231
77085 2243676248 1764167654257.693604 1764167654258 1764167654265
77086 2243709592 1764167654291.028809 1764167654291 1764167654298
77087 2243742936 1764167654324.364258 1764167654324 1764167654331
77088 2243776280 1764167654357.699463 1764167654358 1764167654365
77089 2243809624 1764167654391.034912 1764167654391 1764167654398
77090 2243842968 1764167654424.370117 1764167654424 1764167654431
77091 2243876312 1764167654457.705566 1764167654458 1764167654465
77092 2243909656 1764167654491.040771 1764167654491 1764167654498
77093 2243943000 1764167654524.376221 1764167654524 1764167654531
77094 2243976344 1764167654557.711426 1764167654558 1764167654565
77095 2244009688 1764167654591.046631 1764167654591 1764167654598
77096 2244043032 1764167654624.382080 1764167654624 1764167654631
77097 2244076376 1764167654657.717285 1764167654658 1764167654665
77098 2244109719 1764167654691.051514 1764167654691 1764167654698
77099 2244143063 1764167654724.386719 1764167654724 1764167654731
77100 2244176407 1764167654757.721924 1764167654758 1764167654765
77101 2244209751 1764167654791.057129 1764167654791 1764167654798
77102 2244243095 1764167654824.392578 1764167654824 1764167654831
77103 2244276439 1764167654857.727783 1764167654858 1764167654865
77104 2244309783 1764167654891.062988 1764167654891 1764167654898
77105 2244343127 1764167654924.398193 1764167654924 1764167654931
77106 2244376471 1764167654957.733154 1764167654958 1764167654965
77107 2244409815 1764167654991.068359 1764167654991 1764167654998
77108 2244443159 1764167655024.403564 1764167655024 1764167655031
77109 2244476503 1764167655057.738770 1764167655058 1764167655065
77110 2244509847 1764167655091.073975 1764167655091 1764167655098
77111 2244543190 1764167655124.408203 1764167655124 1764167655131
77112 2244576534 1764167655157.747314 1764167655158 1764167655165
77113 2244609878 1764167655191.086670 1764167655191 1764167655198
77114 2244643222 1764167655224.426025 1764167655224 1764167655231
77115 2244676566 1764167655257.765381 1764167655258 1764167655265
77116 2244709910 1764167655291.104736 1764167655291 1764167655298
77117 2244743254 1764167655324.444092 1764167655324 1764167655331
77118 2244776598 1764167655357.783447 1764167655358 1764167655365
77119 2244809942 1764167655391.122803 1764167655391 1764167655398
77120 2244843286 1764167655424.462402 1764167655425 1764167655432
77121 2244876630 1764167655457.801758 1764167655458 1764167655465
77122 2244909974 1764167655491.141357 1764167655491 1764167655498
77123 2244943318 1764167655524.480713 1764167655524 1764167655531
77124 2244976662 1764167655557.820312 1764167655558 1764167655565
77125 2245010005 1764167655591.158936 1764167655591 1764167655598
77126 2245043349 1764167655624.498291 1764167655625 1764167655632
77127 2245076693 1764167655657.837891 1764167655658 1764167655665
77128 2245110037 1764167655691.177490 1764167655691 1764167655698
77129 2245143381 1764167655724.517090 1764167655725 1764167655732
77130 2245176725 1764167655757.856934 1764167655758 1764167655765
77131 2245210069 1764167655791.196533 1764167655791 1764167655798
77132 2245243413 1764167655824.536133 1764167655825 1764167655832
77133 2245276757 1764167655857.875977 1764167655858 1764167655865
77134 2245310101 1764167655891.215576 1764167655891 1764167655898
77135 2245343445 1764167655924.555420 1764167655925 1764167655932
