1764164939897881792 114653
1764164939926352704 114654
1764164939962278688 114655
1764164939997205120 114656
1764164940031446176 114657
1764164940064336000 114658
1764164940097753088 114659
1764164940130962272 114660
1764164940164358400 114661
1764164940197682720 114662
1764164940231972160 114663
1764164940266232064 114664
1764164940295676128 114665
1764164940331800672 114666
1764164940367926976 114667
1764164940393687104 114668
1764164940428909824 114669
1764164940463342336 114670
1764164940498543648 114671
1764164940533003712 114672
1764164940572004288 114673
1764164940597993632 114674
1764164940638481792 114675
1764164940664761120 114676
1764164940698098240 114677
1764164940730832160 114678
1764164940760146720 114679
1764164940797675904 114680
1764164940825929888 114681
1764164940863570880 114682
1764164940898806144 114683
1764164940932631520 114684
1764164940960574336 114685
1764164940997527296 114686
1764164941031636128 114687
1764164941064687936 114688
1764164941098359680 114689
1764164941125713184 114690
1764164941159439072 114691
1764164941195724416 114692
1764164941229921120 114693
1764164941264025088 114694
1764164941298447520 114695
1764164941330285216 114696
1764164941364713376 114697
1764164941397732480 114698
1764164941432247360 114699
1764164941462970016 114700
1764164941499478368 114701
1764164941527225408 114702
1764164941562321024 114703
1764164941598084544 114704
1764164941635803104 114705
1764164941663655808 114706
1764164941697824704 114707
1764164941731067040 114708
1764164941759441664 114709
1764164941794888288 114710
1764164941830960416 114711
1764164941866122944 114712
1764164941898726816 114713
1764164941931267040 114714
1764164941963816672 114715
1764164942012572928 114716
1764164942030489152 114717
1764164942058769632 114718
1764164942092400416 114719
1764164942127231904 114720
1764164942163867936 114721
1764164942198985792 114722
1764164942226045600 114723
1764164942261850976 114724
1764164942297994816 114725
1764164942327318240 114726
1764164942361621248 114727
1764164942397855968 114728
1764164942432095936 114729
1764164942459578080 114730
1764164942493887424 114731
1764164942531020384 114732
1764164942569730144 114733
1764164942598114944 114734
1764164942627601120 114735
1764164942662961312 114736
1764164942699035360 114737
1764164942726296320 114738
1764164942761016736 114739
1764164942796979904 114740
1764164942831943232 114741
1764164942860595584 114742
1764164942896133664 114743
1764164942932675584 114744
1764164942959209952 114745
1764164942994893664 114746
1764164943029643136 114747
1764164943064954720 114748
1764164943097457344 114749
1764164943125457120 114750
1764164943159343488 114751
1764164943202439968 114752
1764164943247033472 114753
1764164943264758816 114754
1764164943297359456 114755
1764164943331151168 114756
1764164943362522208 114757
1764164943397072416 114758
1764164943436884064 114759
1764164943465361760 114760
1764164943495608608 114761
1764164943530224640 114762
1764164943564930912 114763
1764164943599218016 114764
1764164943625452640 114765
1764164943661585280 114766
1764164943697841792 114767
1764164943740476224 114768
1764164943766751360 114769
1764164943793463200 114770
1764164943829835680 114771
1764164943866234336 114772
1764164943900176544 114773
1764164943927295616 114774
1764164943963372192 114775
1764164943996864576 114776
1764164944030906880 114777
1764164944061433920 114778
1764164944096811840 114779
1764164944130568864 114780
1764164944164851424 114781
1764164944192157696 114782
1764164944228871488 114783
1764164944263825856 114784
1764164944297851296 114785
1764164944327994688 114786
1764164944362355552 114787
1764164944398027936 114788
1764164944430942304 114789
1764164944463592416 114790
1764164944498483776 114791
1764164944528024672 114792
1764164944562910816 114793
1764164944597830368 114794
1764164944631049184 114795
1764164944660403136 114796
1764164944697239456 114797
1764164944727244000 114798
1764164944762637856 114799
1764164944797248384 114800
1764164944825550208 114801
1764164944864278112 114802
1764164944897550496 114803
1764164944931138080 114804
1764164944964359264 114805
1764164944997844288 114806
1764164945031426304 114807
1764164945059407200 114808
1764164945096023360 114809
1764164945130129568 114810
1764164945164602976 114811
1764164945203228416 114812
1764164945234064000 114813
1764164945271671808 114814
1764164945296852128 114815
1764164945330296160 114816
1764164945363481888 114817
1764164945399569632 114818
1764164945434316128 114819
1764164945465145568 114820
1764164945495140576 114821
1764164945530219360 114822
1764164945568607104 114823
1764164945603920448 114824
1764164945629583424 114825
1764164945668563456 114826
1764164945698325856 114827
1764164945725868064 114828
1764164945760682720 114829
1764164945796306080 114830
1764164945832023648 114831
1764164945863341408 114832
1764164945899417312 114833
1764164945928560608 114834
1764164945964609472 114835
1764164945993423456 114836
1764164946027823392 114837
1764164946062796416 114838
1764164946101479872 114839
1764164946129063648 114840
1764164946164963712 114841
1764164946192015872 114842
1764164946227421152 114843
1764164946262725088 114844
1764164946296737184 114845
1764164946330148224 114846
1764164946363744352 114847
1764164946398135520 114848
1764164946425206624 114849
1764164946459689440 114850
1764164946496955680 114851
1764164946531514624 114852
1764164946559455168 114853
1764164946595862080 114854
1764164946639529664 114855
1764164946663333376 114856
1764164946698979168 114857
1764164946724874016 114858
1764164946759946336 114859
1764164946796715264 114860
1764164946830951136 114861
1764164946864156032 114862
1764164946897579552 114863
1764164946930828768 114864
1764164946965271392 114865
1764164946992260704 114866
1764164947027512704 114867
1764164947062857216 114868
1764164947097355264 114869
1764164947130249344 114870
1764164947159880544 114871
1764164947195515264 114872
1764164947230170432 114873
1764164947266028768 114874
1764164947298174496 114875
1764164947331306944 114876
1764164947380053344 114877
1764164947399075392 114878
1764164947436511296 114879
1764164947462932416 114880
1764164947497159968 114881
1764164947525437088 114882
1764164947561032320 114883
1764164947598565248 114884
1764164947627041216 114885
1764164947665158912 114886
1764164947692701088 114887
1764164947729622432 114888
1764164947764271424 114889
1764164947797083904 114890
1764164947830025440 114891
1764164947875304288 114892
1764164947896348512 114893
1764164947932148640 114894
1764164947958293568 114895
1764164947992631104 114896
1764164948029778720 114897
1764164948065358592 114898
1764164948091893184 114899
1764164948129060736 114900
1764164948165061664 114901
1764164948193238368 114902
1764164948230440864 114903
1764164948264566592 114904
1764164948291864448 114905
1764164948328970432 114906
1764164948364514144 114907
1764164948397247968 114908
1764164948430918144 114909
1764164948464724352 114910
1764164948491698176 114911
1764164948529473216 114912
1764164948564464288 114913
1764164948593108128 114914
1764164948630802112 114915
1764164948664845664 114916
1764164948698621792 114917
1764164948727840992 114918
1764164948761969568 114919
1764164948797017280 114920
1764164948836027200 114921
1764164948866882208 114922
1764164948895452384 114923
1764164948928550720 114924
1764164948965472064 114925
1764164948993558880 114926
1764164949031662144 114927
1764164949069533600 114928
1764164949095757920 114929
1764164949130118656 114930
1764164949163652896 114931
1764164949201114336 114932
1764164949228293376 114933
1764164949263231488 114934
1764164949300241440 114935
1764164949326263936 114936
1764164949364588032 114937
1764164949402926944 114938
1764164949428827968 114939
1764164949475845600 114940
1764164949496943936 114941
1764164949529706656 114942
1764164949564710688 114943
1764164949596459232 114944
1764164949631588096 114945
1764164949670039872 114946
1764164949697139264 114947
1764164949730156480 114948
1764164949766469216 114949
1764164949791963968 114950
1764164949825798176 114951
1764164949861620320 114952
1764164949897552064 114953
1764164949924959008 114954
1764164949959930592 114955
1764164949995778528 114956
1764164950030955008 114957
1764164950063721024 114958
1764164950092778400 114959
1764164950127829984 114960
1764164950166137440 114961
1764164950192477056 114962
1764164950229842624 114963
1764164950263878080 114964
1764164950297011008 114965
1764164950331123648 114966
1764164950366006016 114967
1764164950393501536 114968
1764164950428927904 114969
1764164950462935744 114970
1764164950496052160 114971
1764164950531380704 114972
1764164950563265984 114973
1764164950596656576 114974
1764164950630087424 114975
1764164950662839136 114976
1764164950703898080 114977
1764164950729506080 114978
1764164950763258496 114979
1764164950797120096 114980
1764164950825127328 114981
1764164950860128768 114982
1764164950900353344 114983
1764164950931455968 114984
1764164950958099040 114985
1764164950996828928 114986
1764164951031332960 114987
1764164951058848064 114988
1764164951093647712 114989
1764164951132554592 114990
1764164951162863968 114991
1764164951199470560 114992
1764164951225259584 114993
1764164951259433120 114994
1764164951295442048 114995
1764164951330458912 114996
1764164951363846176 114997
1764164951396236768 114998
1764164951432559360 114999
1764164951466801568 115000
1764164951492731552 115001
1764164951528338112 115002
1764164951564138848 115003
1764164951601333728 115004
1764164951632742848 115005
1764164951658206528 115006
1764164951695937856 115007
1764164951730556480 115008
1764164951763608480 115009
1764164951796820128 115010
1764164951830676896 115011
1764164951864086080 115012
1764164951897620960 115013
1764164951933138560 115014
1764164951969820672 115015
1764164951996589664 115016
1764164952029439936 115017
1764164952064058944 115018
1764164952092130432 115019
1764164952128163616 115020
1764164952163227392 115021
1764164952195576448 115022
1764164952230506240 115023
1764164952264083808 115024
1764164952297377632 115025
1764164952330705888 115026
1764164952364606144 115027
1764164952391811616 115028
1764164952426551936 115029
1764164952465784672 115030
1764164952494081248 115031
1764164952531087872 115032
1764164952565258144 115033
1764164952594970560 115034
1764164952632127392 115035
1764164952661705024 115036
1764164952696364448 115037
1764164952729717152 115038
1764164952764136864 115039
1764164952791390208 115040
1764164952830395072 115041
1764164952864093440 115042
1764164952900925888 115043
1764164952927384288 115044
1764164952963755040 115045
1764164952995978432 115046
1764164953031537056 115047
1764164953065347040 115048
1764164953092365632 115049
1764164953137778048 115050
1764164953171130976 115051
1764164953198880960 115052
1764164953228680800 115053
1764164953263425376 115054
1764164953298830304 115055
1764164953326101696 115056
1764164953366992896 115057
1764164953393794112 115058
1764164953431377312 115059
1764164953458219296 115060
1764164953492919008 115061
1764164953531545408 115062
1764164953563251648 115063
1764164953597052896 115064
1764164953633793280 115065
1764164953662991360 115066
1764164953697037408 115067
1764164953730050272 115068
1764164953762981344 115069
1764164953797415712 115070
1764164953831043264 115071
1764164953860602176 115072
1764164953898017696 115073
1764164953935934848 115074
1764164953962025792 115075
1764164953995926560 115076
1764164954030747168 115077
1764164954059094400 115078
1764164954098765024 115079
1764164954125434272 115080
1764164954161038368 115081
1764164954196247648 115082
1764164954230154368 115083
1764164954262875520 115084
1764164954297911712 115085
1764164954331597376 115086
1764164954358542496 115087
1764164954399274784 115088
1764164954437134336 115089
1764164954462614144 115090
1764164954495697856 115091
1764164954550271520 115092
1764164954589076928 115093
1764164954611891136 115094
1764164954654535584 115095
1764164954670377792 115096
1764164954697320096 115097
1764164954734712704 115098
1764164954762754240 115099
1764164954801151776 115100
1764164954828440992 115101
1764164954863343136 115102
1764164954891966848 115103
1764164954926676608 115104
1764164954962713824 115105
1764164954997855872 115106
1764164955037376640 115107
1764164955074290240 115108
1764164955095360960 115109
1764164955130695616 115110
1764164955158698016 115111
1764164955193792928 115112
1764164955234027552 115113
1764164955259553344 115114
1764164955295681984 115115
1764164955329646560 115116
1764164955365246208 115117
1764164955391355168 115118
1764164955425338592 115119
1764164955465675072 115120
1764164955491870592 115121
1764164955526821568 115122
1764164955562672256 115123
1764164955598453056 115124
1764164955625174944 115125
1764164955665899904 115126
1764164955697278080 115127
1764164955731020864 115128
1764164955766118336 115129
1764164955797705632 115130
1764164955832304352 115131
1764164955863728000 115132
1764164955900611904 115133
1764164955927568864 115134
1764164955969142464 115135
1764164955996113696 115136
1764164956029968736 115137
1764164956066586272 115138
1764164956095422496 115139
1764164956129061632 115140
1764164956159752128 115141
1764164956198452000 115142
1764164956238316928 115143
1764164956270177280 115144
1764164956297165632 115145
1764164956329638464 115146
1764164956363120096 115147
1764164956399151264 115148
1764164956424514176 115149
1764164956458437632 115150
1764164956496369472 115151
1764164956528658432 115152
1764164956563875264 115153
1764164956598833344 115154
1764164956626356928 115155
1764164956661620640 115156
1764164956696121568 115157
1764164956727458624 115158
1764164956765346912 115159
1764164956793721344 115160
1764164956829251840 115161
1764164956867253536 115162
1764164956892529120 115163
1764164956927939392 115164
1764164956963130720 115165
1764164956995885568 115166
1764164957029914848 115167
1764164957063586848 115168
1764164957092004608 115169
1764164957128842656 115170
1764164957162698368 115171
1764164957197028352 115172
1764164957230701920 115173
1764164957265459744 115174
1764164957291946240 115175
1764164957327093504 115176
1764164957367361376 115177
1764164957395053600 115178
1764164957429378048 115179
1764164957458395712 115180
1764164957496999328 115181
1764164957525186784 115182
1764164957560128032 115183
1764164957595640224 115184
1764164957629484608 115185
1764164957664809696 115186
1764164957691116832 115187
1764164957726461152 115188
1764164957762211424 115189
1764164957795773504 115190
1764164957830000064 115191
1764164957862871904 115192
1764164957896127744 115193
1764164957929188416 115194
1764164957965778016 115195
1764164957991129664 115196
1764164958031088128 115197
1764164958061216320 115198
1764164958096746304 115199
1764164958131112640 115200
1764164958161447008 115201
1764164958196136736 115202
1764164958229808800 115203
1764164958262107424 115204
1764164958295499488 115205
1764164958329108576 115206
1764164958362478016 115207
1764164958396242400 115208
1764164958425100736 115209
1764164958460086080 115210
1764164958495576224 115211
1764164958531922912 115212
1764164958558793440 115213
1764164958599676960 115214
1764164958634495648 115215
1764164958660301312 115216
1764164958699645280 115217
1764164958737180960 115218
1764164958766484576 115219
1764164958792482944 115220
1764164958829548928 115221
1764164958862527136 115222
1764164958898020640 115223
1764164958923945632 115224
1764164958965739968 115225
1764164958997999392 115226
1764164959024633440 115227
1764164959063209536 115228
1764164959097066528 115229
1764164959124721088 115230
1764164959159733280 115231
1764164959195785024 115232
1764164959231805536 115233
1764164959260663616 115234
1764164959296793792 115235
1764164959330582048 115236
1764164959359092256 115237
1764164959399242208 115238
1764164959433878944 115239
1764164959460524864 115240
1764164959499824800 115241
1764164959526277600 115242
1764164959560880096 115243
1764164959596775424 115244
1764164959631427200 115245
1764164959659017664 115246
1764164959695706912 115247
1764164959730237664 115248
1764164959767554944 115249
1764164959793551008 115250
1764164959831192192 115251
1764164959883039552 115252
1764164959902182880 115253
1764164959942307424 115254
1764164959972002688 115255
1764164959995567488 115256
1764164960028835904 115257
1764164960062480768 115258
1764164960102626752 115259
1764164960138735552 115260
1764164960165544960 115261
1764164960195179680 115262
1764164960231280800 115263
1764164960270110304 115264
1764164960297905728 115265
1764164960328683104 115266
1764164960362725664 115267
1764164960399543456 115268
1764164960436037536 115269
1764164960463250464 115270
1764164960495826464 115271
1764164960530101088 115272
1764164960562822112 115273
1764164960596311104 115274
1764164960629620416 115275
1764164960662849440 115276
1764164960696499744 115277
1764164960727176160 115278
1764164960758226016 115279
1764164960792810016 115280
1764164960829970336 115281
1764164960863017376 115282
1764164960897506944 115283
1764164960924032320 115284
1764164960963401952 115285
1764164960991187904 115286
1764164961032644064 115287
1764164961058576832 115288
1764164961099277440 115289
1764164961124592896 115290
1764164961159972736 115291
1764164961197766848 115292
1764164961224524352 115293
1764164961258641280 115294
1764164961293741920 115295
1764164961328417824 115296
1764164961363684416 115297
1764164961393050944 115298
1764164961428345312 115299
1764164961466129984 115300
1764164961491312224 115301
1764164961529893376 115302
1764164961562458144 115303
1764164961595774624 115304
1764164961626453152 115305
1764164961663547968 115306
1764164961691228224 115307
1764164961732970560 115308
1764164961762078176 115309
1764164961796787872 115310
1764164961834619200 115311
1764164961861421120 115312
1764164961899673696 115313
1764164961935722336 115314
1764164961962141952 115315
1764164961995894816 115316
1764164962032115680 115317
1764164962069172768 115318
1764164962094939424 115319
1764164962128612832 115320
1764164962162355840 115321
1764164962195615008 115322
1764164962229228128 115323
1764164962261621792 115324
1764164962296222304 115325
1764164962324426176 115326
1764164962359246976 115327
1764164962395820928 115328
1764164962433407616 115329
1764164962458594624 115330
1764164962499859072 115331
1764164962536012544 115332
1764164962561947040 115333
1764164962595565888 115334
1764164962630135936 115335
1764164962659972512 115336
1764164962695526592 115337
1764164962728926144 115338
1764164962767057856 115339
1764164962805570688 115340
1764164962837420480 115341
1764164962864888896 115342
1764164962895687264 115343
1764164962929287392 115344
1764164962962700608 115345
1764164962990983808 115346
1764164963024842976 115347
1764164963067773600 115348
1764164963095913824 115349
1764164963132930400 115350
1764164963162137952 115351
1764164963193414208 115352
1764164963229291232 115353
1764164963262803840 115354
1764164963295439872 115355
1764164963335287168 115356
1764164963362632256 115357
1764164963390969504 115358
1764164963426981600 115359
1764164963462665920 115360
1764164963495513920 115361
1764164963529393600 115362
1764164963562866880 115363
1764164963595945696 115364
1764164963628870656 115365
1764164963661576576 115366
1764164963695082304 115367
1764164963729304256 115368
1764164963762137248 115369
1764164963795127040 115370
1764164963834526688 115371
1764164963862024448 115372
1764164963895414464 115373
1764164963929001024 115374
1764164963963664448 115375
1764164963991332832 115376
1764164964033609664 115377
1764164964061375200 115378
1764164964095847744 115379
1764164964128585376 115380
1764164964169086720 115381
1764164964196150592 115382
1764164964225856352 115383
1764164964261695392 115384
1764164964302329920 115385
1764164964329580096 115386
1764164964359026432 115387
1764164964395751872 115388
1764164964429502048 115389
1764164964457418496 115390
1764164964495500928 115391
1764164964529043744 115392
1764164964562658048 115393
1764164964595846624 115394
1764164964628740256 115395
1764164964662480800 115396
1764164964692436544 115397
1764164964734607712 115398
1764164964775223232 115399
1764164964800667040 115400
1764164964828965856 115401
1764164964860834784 115402
1764164964894910720 115403
1764164964928767872 115404
1764164964957130048 115405
1764164964994894784 115406
1764164965028914816 115407
1764164965067754144 115408
1764164965096311424 115409
1764164965126468416 115410
1764164965163664352 115411
1764164965191123488 115412
1764164965225812000 115413
1764164965260574624 115414
1764164965298786784 115415
1764164965324309760 115416
1764164965359421792 115417
1764164965397136928 115418
1764164965424634624 115419
1764164965459016640 115420
1764164965499027328 115421
1764164965524484544 115422
1764164965559748256 115423
1764164965599078272 115424
1764164965625891616 115425
1764164965661815904 115426
1764164965690935264 115427
1764164965730445728 115428
1764164965757597920 115429
1764164965801056640 115430
1764164965839287264 115431
1764164965866440736 115432
1764164965892363008 115433
1764164965926312128 115434
1764164965962769568 115435
1764164965990831264 115436
1764164966034629888 115437
1764164966064552608 115438
1764164966095154624 115439
1764164966128704384 115440
1764164966162100960 115441
1764164966196512544 115442
1764164966224876896 115443
1764164966261774144 115444
1764164966295600160 115445
1764164966328900640 115446
1764164966361430656 115447
1764164966402334816 115448
1764164966427767840 115449
1764164966462896224 115450
1764164966495918304 115451
1764164966529506944 115452
1764164966567590592 115453
1764164966593942816 115454
1764164966624522240 115455
1764164966659184576 115456
1764164966693630272 115457
1764164966730468352 115458
1764164966766483712 115459
1764164966794086208 115460
1764164966835282752 115461
1764164966861033376 115462
1764164966895810432 115463
1764164966937138080 115464
1764164966961889280 115465
1764164967001980768 115466
1764164967039700448 115467
1764164967062470016 115468
1764164967090728768 115469
1764164967127272416 115470
1764164967162890304 115471
1764164967196464704 115472
1764164967224170336 115473
1764164967258492096 115474
1764164967294735584 115475
1764164967327069216 115476
1764164967365480160 115477
1764164967394973728 115478
1764164967431145408 115479
1764164967458012448 115480
1764164967498663392 115481
1764164967531237568 115482
1764164967559616608 115483
1764164967594728544 115484
1764164967629325952 115485
1764164967662957888 115486
1764164967693666848 115487
1764164967731984576 115488
1764164967774792608 115489
1764164967805402944 115490
1764164967827509952 115491
1764164967863706720 115492
1764164967889819872 115493
1764164967925122496 115494
1764164967963450912 115495
1764164967991460384 115496
1764164968026646304 115497
1764164968062983424 115498
1764164968091029856 115499
1764164968130251360 115500
1764164968157724768 115501
1764164968192251040 115502
1764164968224545952 115503
1764164968267721216 115504
1764164968295164448 115505
1764164968324218912 115506
1764164968368401440 115507
1764164968397541472 115508
1764164968425530400 115509
1764164968458344320 115510
1764164968501211328 115511
1764164968533027392 115512
1764164968562929664 115513
1764164968602454592 115514
1764164968625444320 115515
1764164968662807872 115516
1764164968691000608 115517
1764164968727265536 115518
1764164968765026432 115519
1764164968792861472 115520
1764164968834891264 115521
1764164968874054080 115522
1764164968895785632 115523
1764164968929222976 115524
1764164968963416512 115525
1764164968991968992 115526
1764164969027581312 115527
1764164969065427328 115528
1764164969098462112 115529
1764164969128695040 115530
1764164969163556032 115531
1764164969195221920 115532
1764164969229573376 115533
1764164969261827040 115534
1764164969302303584 115535
1764164969331255136 115536
1764164969362080384 115537
1764164969395975776 115538
1764164969423701984 115539
1764164969460771936 115540
1764164969494254784 115541
1764164969528020064 115542
1764164969567326880 115543
1764164969594353728 115544
1764164969625430912 115545
1764164969667895680 115546
1764164969695634272 115547
1764164969731913536 115548
1764164969757855296 115549
1764164969795439040 115550
1764164969829899744 115551
1764164969856808960 115552
