1764165461841017344 11304
1764165461875856544 11305
1764165461911555776 11306
1764165461941088096 11307
1764165461978195264 11308
1764165462005436352 11309
1764165462043800000 11310
1764165462072749280 11311
1764165462107738496 11312
1764165462145394784 11313
1764165462172632032 11314
1764165462208748256 11315
1764165462243207488 11316
1764165462280336416 11317
1764165462306265056 11318
1764165462341204960 11319
1764165462376588768 11320
1764165462410887456 11321
1764165462439834592 11322
1764165462475872128 11323
1764165462510706816 11324
1764165462546536800 11325
1764165462573964320 11326
1764165462610633376 11327
1764165462645006336 11328
1764165462673078496 11329
1764165462709294624 11330
1764165462744457760 11331
1764165462771834752 11332
1764165462807203104 11333
1764165462842349408 11334
1764165462877865664 11335
1764165462905824416 11336
1764165462941651392 11337
1764165462976835072 11338
1764165463011281568 11339
1764165463041814240 11340
1764165463081334752 11341
1764165463115032128 11342
1764165463140605376 11343
1764165463178251200 11344
1764165463205497376 11345
1764165463240584320 11346
1764165463277133376 11347
1764165463307004608 11348
1764165463342423904 11349
1764165463379822720 11350
1764165463411928064 11351
1764165463439129792 11352
1764165463474779552 11353
1764165463513378784 11354
1764165463542876256 11355
1764165463584936608 11356
1764165463609583104 11357
1764165463644018176 11358
1764165463673384512 11359
1764165463708318112 11360
1764165463743146144 11361
1764165463776641600 11362
1764165463809361088 11363
1764165463843555040 11364
1764165463880113952 11365
1764165463909491168 11366
1764165463949065088 11367
1764165463976277536 11368
1764165464010439104 11369
1764165464051081760 11370
1764165464080144576 11371
1764165464106048224 11372
1764165464143098464 11373
1764165464178011008 11374
1764165464224413248 11375
1764165464246944160 11376
1764165464272563232 11377
1764165464309422464 11378
1764165464344405824 11379
1764165464371802752 11380
1764165464406131712 11381
1764165464441783232 11382
1764165464476773952 11383
1764165464510672544 11384
1764165464539974016 11385
1764165464575293216 11386
1764165464610704352 11387
1764165464640847872 11388
1764165464675164448 11389
1764165464710052224 11390
1764165464750198816 11391
1764165464786468864 11392
1764165464810627424 11393
1764165464849250912 11394
1764165464876795840 11395
1764165464910133792 11396
1764165464941868576 11397
1764165464976574304 11398
1764165465010420096 11399
1764165465043900992 11400
1764165465074253152 11401
1764165465108583264 11402
1764165465144279008 11403
1764165465172311392 11404
1764165465207054848 11405
1764165465242689920 11406
1764165465277243904 11407
1764165465310808992 11408
1764165465339328384 11409
1764165465374215584 11410
1764165465410487648 11411
1764165465449179648 11412
1764165465477327680 11413
1764165465513656608 11414
1764165465543562880 11415
1764165465574828160 11416
1764165465609133600 11417
1764165465644308896 11418
1764165465675064960 11419
1764165465709720544 11420
1764165465744199360 11421
1764165465778553504 11422
1764165465807627680 11423
1764165465847497792 11424
1764165465875714272 11425
1764165465909933024 11426
1764165465943289888 11427
1764165465984297824 11428
1764165466015447328 11429
1764165466043908192 11430
1764165466072546592 11431
1764165466107100608 11432
1764165466148487552 11433
1764165466190264960 11434
1764165466250098592 11435
1764165466284154208 11436
1764165466316667168 11437
1764165466355058368 11438
1764165466391735136 11439
1764165466414289216 11440
1764165466438958144 11441
1764165466454894592 11442
1764165466479584704 11443
1764165466508138720 11444
1764165466542736672 11445
1764165466579170624 11446
1764165466606134944 11447
1764165466640559424 11448
1764165466675506432 11449
1764165466709655008 11450
1764165466744344576 11451
1764165466771734208 11452
1764165466807293184 11453
1764165466842033248 11454
1764165466878066464 11455
1764165466907740928 11456
1764165466942740768 11457
1764165466982578816 11458
1764165467010254176 11459
1764165467039508160 11460
1764165467073846176 11461
1764165467111260512 11462
1764165467139639712 11463
1764165467178604192 11464
1764165467205349504 11465
1764165467240489312 11466
1764165467278325216 11467
1764165467305254400 11468
1764165467341628512 11469
1764165467377174784 11470
1764165467415373984 11471
1764165467447262976 11472
1764165467478126016 11473
1764165467508936800 11474
1764165467542598528 11475
1764165467579956032 11476
1764165467608576128 11477
1764165467642851936 11478
1764165467679218720 11479
1764165467714812800 11480
1764165467751368224 11481
1764165467775588480 11482
1764165467809589504 11483
1764165467842967424 11484
1764165467876953472 11485
1764165467912897600 11486
1764165467940716800 11487
1764165467975511296 11488
1764165468010171136 11489
1764165468044293344 11490
1764165468071907424 11491
1764165468107751072 11492
1764165468142871648 11493
1764165468179618304 11494
1764165468205560480 11495
1764165468239780256 11496
1764165468274610720 11497
1764165468308782752 11498
1764165468344098368 11499
1764165468372505440 11500
1764165468407221120 11501
1764165468443947200 11502
1764165468471655104 11503
1764165468510886240 11504
1764165468540821024 11505
1764165468575330976 11506
1764165468609834624 11507
1764165468645701632 11508
1764165468671947712 11509
1764165468705824032 11510
1764165468740802624 11511
1764165468776239680 11512
1764165468810044320 11513
1764165468844039520 11514
1764165468872151200 11515
1764165468907207968 11516
1764165468942728736 11517
1764165468977837088 11518
1764165469007702784 11519
1764165469044657216 11520
1764165469081941248 11521
1764165469112399200 11522
1764165469139735872 11523
1764165469174785120 11524
1764165469209462912 11525
1764165469244592704 11526
1764165469283333856 11527
1764165469309195872 11528
1764165469345844768 11529
1764165469371631360 11530
1764165469407315072 11531
1764165469445387264 11532
1764165469482536320 11533
1764165469509676256 11534
1764165469542748960 11535
1764165469579818496 11536
1764165469607947232 11537
1764165469642207872 11538
1764165469676252832 11539
1764165469712867104 11540
1764165469738800608 11541
1764165469773112672 11542
1764165469808138176 11543
1764165469839033408 11544
1764165469876636640 11545
1764165469906227680 11546
1764165469942636160 11547
1764165469976242400 11548
1764165470009141568 11549
1764165470043035808 11550
1764165470076524960 11551
1764165470109926944 11552
1764165470145980128 11553
1764165470182735360 11554
1764165470216056672 11555
1764165470250300800 11556
1764165470281731584 11557
1764165470309965888 11558
1764165470338430272 11559
1764165470373458432 11560
1764165470409698144 11561
1764165470444005856 11562
1764165470472313280 11563
1764165470507769664 11564
1764165470543778336 11565
1764165470576585984 11566
1764165470609853728 11567
1764165470643412064 11568
1764165470677459488 11569
1764165470706901344 11570
1764165470741397344 11571
1764165470777359744 11572
1764165470806471360 11573
1764165470847534816 11574
1764165470876103264 11575
1764165470909921600 11576
1764165470943220064 11577
1764165470976791776 11578
1764165471010940960 11579
1764165471043708064 11580
1764165471072730624 11581
1764165471108587776 11582
1764165471143506784 11583
1764165471181650816 11584
1764165471207827776 11585
1764165471243851584 11586
1764165471277260800 11587
1764165471310276416 11588
1764165471352402784 11589
1764165471377140672 11590
1764165471410197984 11591
1764165471438485376 11592
1764165471472518304 11593
1764165471507968160 11594
1764165471543277920 11595
1764165471576975360 11596
1764165471610023296 11597
1764165471642607584 11598
1764165471680064416 11599
1764165471711319072 11600
1764165471753304448 11601
1764165471781889120 11602
1764165471815006720 11603
1764165471843618368 11604
1764165471876429696 11605
1764165471910467808 11606
1764165471942829600 11607
1764165471976894624 11608
1764165472009488608 11609
1764165472043071520 11610
1764165472076703520 11611
1764165472109327008 11612
1764165472147321184 11613
1764165472171796800 11614
1764165472206751872 11615
1764165472242676224 11616
1764165472276628640 11617
1764165472311774752 11618
1764165472339499136 11619
1764165472374884192 11620
1764165472409232096 11621
1764165472444750688 11622
1764165472471680608 11623
1764165472511501568 11624
1764165472549062336 11625
1764165472576610688 11626
1764165472609514464 11627
1764165472644960608 11628
1764165472671117504 11629
1764165472707466912 11630
1764165472741831104 11631
1764165472776606976 11632
1764165472810142144 11633
1764165472843899808 11634
1764165472877416800 11635
1764165472909417920 11636
1764165472942988096 11637
1764165472976321504 11638
1764165473009789152 11639
1764165473037816288 11640
1764165473071050720 11641
1764165473111633984 11642
1764165473142597120 11643
1764165473176815136 11644
1764165473204453504 11645
1764165473239305184 11646
1764165473275578720 11647
1764165473311792576 11648
1764165473343966080 11649
1764165473382676416 11650
1764165473413030144 11651
1764165473444335744 11652
1764165473472595104 11653
1764165473507534528 11654
1764165473543795328 11655
1764165473577062304 11656
1764165473607017600 11657
1764165473643156640 11658
1764165473676391744 11659
1764165473710763104 11660
1764165473741849312 11661
1764165473776866496 11662
1764165473809470400 11663
1764165473842427520 11664
1764165473879111520 11665
1764165473917470048 11666
1764165473947125216 11667
1764165473972289280 11668
1764165474006771936 11669
1764165474041950656 11670
1764165474076396320 11671
1764165474109910944 11672
1764165474142900768 11673
1764165474175736800 11674
1764165474209195360 11675
1764165474244998720 11676
1764165474272078368 11677
1764165474307309056 11678
1764165474342185664 11679
1764165474376025504 11680
1764165474411490048 11681
1764165474448768352 11682
1764165474475352896 11683
1764165474510008448 11684
1764165474542693792 11685
1764165474576345504 11686
1764165474604874592 11687
1764165474639977216 11688
1764165474675748320 11689
1764165474710150944 11690
1764165474737705728 11691
1764165474772442656 11692
1764165474807209952 11693
1764165474842821568 11694
1764165474877672448 11695
1764165474904819616 11696
1764165474939502176 11697
1764165474976939456 11698
1764165475012073280 11699
1764165475038735904 11700
1764165475072896384 11701
1764165475108618080 11702
1764165475142459744 11703
1764165475175852960 11704
1764165475209075680 11705
1764165475242475488 11706
1764165475275702720 11707
1764165475311305632 11708
1764165475338348320 11709
1764165475378737952 11710
1764165475415844640 11711
1764165475453697792 11712
1764165475475859520 11713
1764165475509326752 11714
1764165475543047936 11715
1764165475576227456 11716
1764165475604245792 11717
1764165475637926816 11718
1764165475672661504 11719
1764165475707171168 11720
1764165475741421664 11721
1764165475776671936 11722
1764165475804367872 11723
1764165475856223744 11724
1764165475880401024 11725
1764165475910282912 11726
1764165475948292352 11727
1764165475974942560 11728
1764165476009070944 11729
1764165476044084384 11730
1764165476074150944 11731
1764165476109816352 11732
1764165476158370720 11733
1764165476179019968 11734
1764165476208691744 11735
1764165476242573472 11736
1764165476276388736 11737
1764165476311442272 11738
1764165476338870720 11739
1764165476374879392 11740
1764165476408570112 11741
1764165476441949632 11742
1764165476476202560 11743
1764165476511781408 11744
1764165476538394976 11745
1764165476573254816 11746
1764165476614402784 11747
1764165476641964736 11748
1764165476676557120 11749
1764165476711761664 11750
1764165476738432320 11751
1764165476772351840 11752
1764165476810466496 11753
1764165476839186464 11754
1764165476874131232 11755
1764165476908463008 11756
1764165476943048704 11757
1764165476972481952 11758
1764165477010456960 11759
1764165477044336288 11760
1764165477070803936 11761
1764165477106139872 11762
1764165477140506880 11763
1764165477179500768 11764
1764165477207066496 11765
1764165477243502080 11766
1764165477277402080 11767
1764165477304348416 11768
1764165477346159616 11769
1764165477371561856 11770
1764165477406851552 11771
1764165477447164448 11772
1764165477471953920 11773
1764165477508242016 11774
1764165477542595680 11775
1764165477580064896 11776
1764165477612820608 11777
1764165477642996352 11778
1764165477676018976 11779
1764165477709001440 11780
1764165477742448160 11781
1764165477776380160 11782
1764165477814865440 11783
1764165477853140256 11784
1764165477882602944 11785
1764165477917043552 11786
1764165477944838848 11787
1764165477971219200 11788
1764165478005582080 11789
1764165478044617024 11790
1764165478073567648 11791
1764165478107920288 11792
1764165478142834432 11793
1764165478179511712 11794
1764165478205277344 11795
1764165478243642240 11796
1764165478274767904 11797
1764165478308984352 11798
1764165478345933312 11799
1764165478371275904 11800
1764165478406760832 11801
1764165478443526688 11802
1764165478479371136 11803
1764165478507108928 11804
1764165478543794144 11805
1764165478577568512 11806
1764165478608586784 11807
1764165478642971872 11808
1764165478679465792 11809
1764165478711602624 11810
1764165478748274048 11811
1764165478782987552 11812
1764165478808463136 11813
1764165478837963424 11814
1764165478873762912 11815
1764165478913201280 11816
1764165478945279712 11817
1764165478970888448 11818
1764165479007328064 11819
1764165479043819008 11820
1764165479071672864 11821
1764165479113224992 11822
1764165479138794880 11823
1764165479174111808 11824
1764165479209339008 11825
1764165479247527104 11826
1764165479276135872 11827
1764165479311125376 11828
1764165479339446752 11829
1764165479376041344 11830
1764165479410696384 11831
1764165479437977280 11832
1764165479472648800 11833
1764165479508463584 11834
1764165479551731552 11835
1764165479577422784 11836
1764165479616326016 11837
1764165479642272672 11838
1764165479676256224 11839
1764165479709574336 11840
1764165479743115808 11841
1764165479775851936 11842
1764165479810698304 11843
1764165479844176448 11844
1764165479872184640 11845
1764165479907535072 11846
1764165479942451904 11847
1764165479977581024 11848
1764165480004984224 11849
1764165480041985952 11850
1764165480075397920 11851
1764165480109291328 11852
1764165480143189184 11853
1764165480171212704 11854
1764165480206638784 11855
1764165480248356960 11856
1764165480286371200 11857
1764165480309953024 11858
1764165480342793632 11859
1764165480375955008 11860
1764165480409690912 11861
1764165480443571392 11862
1764165480476351072 11863
1764165480515038400 11864
1764165480543957312 11865
1764165480575052544 11866
1764165480609014240 11867
1764165480643315456 11868
1764165480675882208 11869
1764165480709117824 11870
1764165480743291264 11871
1764165480778897120 11872
1764165480805934464 11873
1764165480846455424 11874
1764165480871899712 11875
1764165480909251392 11876
1764165480942577088 11877
1764165480976158944 11878
1764165481011008672 11879
1764165481040317088 11880
1764165481076902048 11881
1764165481111742432 11882
1764165481138896512 11883
1764165481175009760 11884
1764165481209264000 11885
1764165481247231232 11886
1764165481272142208 11887
1764165481306701088 11888
1764165481348138752 11889
1764165481376601600 11890
1764165481411727168 11891
1764165481441772800 11892
1764165481479387008 11893
1764165481505589024 11894
1764165481539789120 11895
1764165481574926784 11896
1764165481611432224 11897
1764165481647755584 11898
1764165481676227232 11899
1764165481709264960 11900
1764165481743304064 11901
1764165481776578624 11902
1764165481809455136 11903
1764165481842810176 11904
1764165481880354560 11905
1764165481908624896 11906
1764165481943112992 11907
1764165481977172224 11908
1764165482010325184 11909
1764165482043130464 11910
1764165482076166144 11911
1764165482111638912 11912
1764165482140242112 11913
1764165482174287232 11914
1764165482208764576 11915
1764165482242611264 11916
1764165482276982944 11917
1764165482311892256 11918
1764165482338731680 11919
1764165482380896576 11920
1764165482411289984 11921
1764165482446035616 11922
1764165482482549664 11923
1764165482517926080 11924
1764165482543605888 11925
1764165482576560288 11926
1764165482609766912 11927
1764165482642840672 11928
1764165482679317696 11929
1764165482716828192 11930
1764165482753276288 11931
1764165482787372768 11932
1764165482809582272 11933
1764165482841633440 11934
1764165482878790752 11935
1764165482911943104 11936
1764165482944335392 11937
1764165482971468896 11938
1764165483009070720 11939
1764165483042511232 11940
1764165483076332992 11941
1764165483111513984 11942
1764165483143962048 11943
1764165483177507552 11944
1764165483215213440 11945
1764165483243944608 11946
1764165483282651552 11947
1764165483310807168 11948
1764165483351195328 11949
1764165483386031904 11950
1764165483414073888 11951
1764165483439532352 11952
1764165483481294560 11953
1764165483519630688 11954
1764165483549644352 11955
1764165483576624096 11956
1764165483608993664 11957
1764165483643133600 11958
1764165483676898528 11959
1764165483709777184 11960
1764165483743552864 11961
1764165483776623488 11962
1764165483809866496 11963
1764165483843400128 11964
1764165483882407040 11965
1764165483909313856 11966
1764165483943678464 11967
1764165483980086912 11968
1764165484005535872 11969
1764165484040486496 11970
1764165484082422144 11971
1764165484112704704 11972
1764165484139023328 11973
1764165484174457312 11974
1764165484211480704 11975
1764165484238548864 11976
1764165484277350112 11977
1764165484311517056 11978
1764165484339176384 11979
1764165484373626208 11980
1764165484409026208 11981
1764165484443525408 11982
1764165484479173440 11983
1764165484506983712 11984
1764165484541815136 11985
1764165484576719616 11986
1764165484610729024 11987
1764165484648664064 11988
1764165484675636288 11989
1764165484710372768 11990
1764165484744007712 11991
1764165484776559232 11992
1764165484815513568 11993
1764165484843175552 11994
1764165484878683808 11995
1764165484906736512 11996
1764165484941453984 11997
1764165484976325056 11998
1764165485014445152 11999
1764165485049637184 12000
1764165485076489792 12001
1764165485105754112 12002
1764165485141154848 12003
1764165485175594848 12004
1764165485209554592 12005
1764165485243192736 12006
1764165485282464224 12007
1764165485318874112 12008
1764165485344096576 12009
1764165485371471488 12010
1764165485415542400 12011
1764165485444946112 12012
1764165485487215936 12013
1764165485510321824 12014
1764165485539166912 12015
1764165485582459168 12016
1764165485609972480 12017
1764165485638465472 12018
1764165485673192992 12019
1764165485713347360 12020
1764165485740282912 12021
1764165485779136192 12022
1764165485805121728 12023
1764165485839206528 12024
1764165485875461664 12025
1764165485915270784 12026
1764165485943969568 12027
1764165485977890688 12028
1764165486004783200 12029
1764165486047769024 12030
1764165486073081504 12031
1764165486107145280 12032
1764165486143323168 12033
1764165486188769728 12034
1764165486209819264 12035
1764165486247610944 12036
1764165486287082912 12037
1764165486309078496 12038
1764165486349809344 12039
1764165486375732992 12040
1764165486410463296 12041
1764165486448755200 12042
1764165486480465920 12043
1764165486521156256 12044
1764165486542634464 12045
1764165486576576448 12046
1764165486612601824 12047
1764165486651298272 12048
1764165486678477152 12049
1764165486705533472 12050
1764165486739617856 12051
1764165486774526688 12052
1764165486811954400 12053
1764165486838502560 12054
1764165486872261728 12055
1764165486912555040 12056
1764165486939504864 12057
1764165486975308544 12058
1764165487011478688 12059
1764165487039390560 12060
1764165487084212288 12061
1764165487109722336 12062
1764165487144141568 12063
1764165487171942752 12064
1764165487206771488 12065
1764165487242897856 12066
1764165487283652320 12067
1764165487309081952 12068
1764165487342750496 12069
1764165487377115456 12070
1764165487410028000 12071
1764165487443236384 12072
1764165487479410880 12073
1764165487509211232 12074
1764165487547522368 12075
1764165487572272640 12076
1764165487609564096 12077
1764165487643518496 12078
1764165487683025440 12079
1764165487718177472 12080
1764165487744429248 12081
1764165487772195776 12082
1764165487807642080 12083
1764165487842676224 12084
1764165487876086560 12085
1764165487910271200 12086
1764165487945671520 12087
1764165487972185408 12088
1764165488011064448 12089
1764165488038437632 12090
1764165488075731648 12091
1764165488116783840 12092
1764165488144895744 12093
1764165488171931328 12094
1764165488207269600 12095
1764165488246619264 12096
1764165488278785440 12097
1764165488305095136 12098
1764165488339129600 12099
1764165488375528000 12100
1764165488412612672 12101
1764165488440208256 12102
1764165488478453216 12103
1764165488505082464 12104
1764165488539093408 12105
1764165488574940096 12106
1764165488611668000 12107
1764165488640377120 12108
1764165488683854528 12109
1764165488710302304 12110
1764165488743794048 12111
1764165488778726592 12112
1764165488805023552 12113
1764165488850122816 12114
1764165488877160800 12115
1764165488919065600 12116
1764165488943863744 12117
1764165488980342112 12118
1764165489005125696 12119
1764165489038865280 12120
1764165489074941984 12121
1764165489117768032 12122
1764165489147986560 12123
1764165489184161664 12124
1764165489209865504 12125
1764165489247022592 12126
1764165489278324640 12127
1764165489316637600 12128
1764165489343222912 12129
1764165489378452576 12130
1764165489417709888 12131
1764165489443906784 12132
1764165489482456000 12133
1764165489509238688 12134
1764165489543535616 12135
1764165489583586752 12136
1764165489609329536 12137
1764165489643970272 12138
1764165489682464352 12139
1764165489714696544 12140
1764165489741129920 12141
1764165489778226208 12142
1764165489817241664 12143
1764165489858806208 12144
1764165489876812768 12145
1764165489917670976 12146
1764165489942872320 12147
1764165489978454688 12148
1764165490011394432 12149
1764165490039983648 12150
1764165490075928032 12151
1764165490111039776 12152
1764165490147419488 12153
1764165490173501248 12154
1764165490208588608 12155
1764165490243052832 12156
1764165490272419808 12157
1764165490310894336 12158
1764165490338910144 12159
1764165490377994976 12160
1764165490405351584 12161
1764165490440210464 12162
1764165490478206240 12163
1764165490504960064 12164
1764165490546460512 12165
1764165490573683616 12166
1764165490608822400 12167
1764165490647005696 12168
1764165490675142464 12169
1764165490711374592 12170
1764165490739212768 12171
1764165490776784000 12172
1764165490812097888 12173
1764165490839006688 12174
1764165490882534784 12175
1764165490909994848 12176
1764165490939147840 12177
1764165490983514784 12178
1764165491009274944 12179
1764165491043153504 12180
1764165491083188224 12181
1764165491120592000 12182
1764165491145362880 12183
1764165491172835136 12184
1764165491208306784 12185
1764165491242357760 12186
1764165491273687200 12187
1764165491314008736 12188
1764165491338970432 12189
1764165491384519328 12190
1764165491409922176 12191
1764165491446899552 12192
1764165491471757728 12193
1764165491510470208 12194
1764165491551743424 12195
1764165491586909280 12196
1764165491610275392 12197
1764165491650473920 12198
1764165491676529280 12199
