1764165913803507264 24863
1764165913829254240 24864
1764165913865366528 24865
1764165913900148448 24866
1764165913933247904 24867
1764165913967114656 24868
1764165914005569312 24869
1764165914032948832 24870
1764165914062217504 24871
1764165914098875968 24872
1764165914134447552 24873
1764165914167424448 24874
1764165914203887680 24875
1764165914228761920 24876
1764165914267859744 24877
1764165914294948096 24878
1764165914332125824 24879
1764165914366474304 24880
1764165914400996288 24881
1764165914428571296 24882
1764165914464420320 24883
1764165914498653184 24884
1764165914533209952 24885
1764165914567904896 24886
1764165914594798656 24887
1764165914629899552 24888
1764165914666566048 24889
1764165914695693984 24890
1764165914733533632 24891
1764165914769580672 24892
1764165914795143776 24893
1764165914829980832 24894
1764165914872205760 24895
1764165914910622176 24896
1764165914932691616 24897
1764165914966138464 24898
1764165915009668128 24899
1764165915034412096 24900
1764165915061602528 24901
1764165915100577120 24902
1764165915127565792 24903
1764165915165847104 24904
1764165915200409632 24905
1764165915233563232 24906
1764165915278455616 24907
1764165915298342592 24908
1764165915334454016 24909
1764165915361580992 24910
1764165915398660128 24911
1764165915432688480 24912
1764165915475550176 24913
1764165915500206624 24914
1764165915528800256 24915
1764165915562705696 24916
1764165915602451040 24917
1764165915637783328 24918
1764165915668298272 24919
1764165915696679840 24920
1764165915731220000 24921
1764165915761356256 24922
1764165915795836672 24923
1764165915831303040 24924
1764165915871245696 24925
1764165915898335968 24926
1764165915932102080 24927
1764165915972757600 24928
1764165915999228960 24929
1764165916036278368 24930
1764165916061595808 24931
1764165916096420672 24932
1764165916130813280 24933
1764165916165484224 24934
1764165916200830432 24935
1764165916230832544 24936
1764165916274464256 24937
1764165916323437312 24938
1764165916340479712 24939
1764165916366803040 24940
1764165916399526208 24941
1764165916435521856 24942
1764165916462533920 24943
1764165916496594752 24944
1764165916527855200 24945
1764165916571273536 24946
1764165916598130912 24947
1764165916632608768 24948
1764165916665258624 24949
1764165916701875104 24950
1764165916731218112 24951
1764165916765319456 24952
1764165916798961376 24953
1764165916832111360 24954
1764165916876007040 24955
1764165916911764224 24956
1764165916931603104 24957
1764165916966613536 24958
1764165916993831040 24959
1764165917029017920 24960
1764165917065159200 24961
1764165917100075808 24962
1764165917131176896 24963
1764165917166053312 24964
1764165917194351264 24965
1764165917230591584 24966
1764165917265689376 24967
1764165917295465088 24968
1764165917338471584 24969
1764165917364579104 24970
1764165917409141920 24971
1764165917432870304 24972
1764165917467807232 24973
1764165917495312704 24974
1764165917530227904 24975
1764165917575868736 24976
1764165917598097088 24977
1764165917632629408 24978
1764165917666078816 24979
1764165917700236768 24980
1764165917727740768 24981
1764165917762420128 24982
1764165917798370944 24983
1764165917837342112 24984
1764165917873672064 24985
1764165917898530848 24986
1764165917936197248 24987
1764165917964347104 24988
1764165917998017088 24989
1764165918032373152 24990
1764165918061400608 24991
1764165918093796992 24992
1764165918130519776 24993
1764165918165737952 24994
1764165918194941440 24995
1764165918230573440 24996
1764165918260710624 24997
1764165918307430912 24998
1764165918343134976 24999
1764165918365220256 25000
1764165918393290944 25001
1764165918442473184 25002
1764165918475808192 25003
1764165918501446272 25004
1764165918528344384 25005
1764165918575810848 25006
1764165918599164320 25007
1764165918627184736 25008
1764165918661419104 25009
1764165918696065824 25010
1764165918734872512 25011
1764165918760735648 25012
1764165918796192128 25013
1764165918831377792 25014
1764165918866436320 25015
1764165918896030976 25016
1764165918930492992 25017
1764165918964624096 25018
1764165918998427168 25019
1764165919032479808 25020
1764165919065611520 25021
1764165919098643456 25022
1764165919132012544 25023
1764165919165939072 25024
1764165919195290624 25025
1764165919229643360 25026
1764165919266449984 25027
1764165919294153440 25028
1764165919329840128 25029
1764165919363651808 25030
1764165919398321664 25031
1764165919432320480 25032
1764165919471413216 25033
1764165919501584928 25034
1764165919531701696 25035
1764165919573886880 25036
1764165919597817792 25037
1764165919631218432 25038
1764165919665221856 25039
1764165919697798080 25040
1764165919731575584 25041
1764165919765642592 25042
1764165919799414240 25043
1764165919828104224 25044
1764165919863580416 25045
1764165919906466720 25046
1764165919930975968 25047
1764165919964813696 25048
1764165920002474976 25049
1764165920027204672 25050
1764165920062439744 25051
1764165920097812928 25052
1764165920131633952 25053
1764165920164889120 25054
1764165920199182464 25055
1764165920229552064 25056
1764165920259695360 25057
1764165920295641856 25058
1764165920331495040 25059
1764165920365507008 25060
1764165920398007360 25061
1764165920432037920 25062
1764165920476508224 25063
1764165920497327008 25064
1764165920530529216 25065
1764165920564516896 25066
1764165920598226528 25067
1764165920631445600 25068
1764165920665369536 25069
1764165920698241632 25070
1764165920732749728 25071
1764165920759368512 25072
1764165920796624800 25073
1764165920839420096 25074
1764165920864527808 25075
1764165920899705632 25076
1764165920935673984 25077
1764165920962480000 25078
1764165920996697664 25079
1764165921031587552 25080
1764165921065161440 25081
1764165921099339904 25082
1764165921126399936 25083
1764165921166105120 25084
1764165921199589824 25085
1764165921228625792 25086
1764165921263267008 25087
1764165921298167776 25088
1764165921331624160 25089
1764165921369531008 25090
1764165921395345184 25091
1764165921430046784 25092
1764165921476221152 25093
1764165921496944128 25094
1764165921530816192 25095
1764165921565456032 25096
1764165921592927072 25097
1764165921629590816 25098
1764165921663737728 25099
1764165921697445696 25100
1764165921731610816 25101
1764165921765716672 25102
1764165921793460512 25103
1764165921829247040 25104
1764165921860901760 25105
1764165921893153664 25106
1764165921927845664 25107
1764165921964382080 25108
1764165921995231360 25109
1764165922041834208 25110
1764165922069362944 25111
1764165922099132352 25112
1764165922128961856 25113
1764165922163102656 25114
1764165922197077152 25115
1764165922230396608 25116
1764165922265356960 25117
1764165922317361568 25118
1764165922336086976 25119
1764165922366086080 25120
1764165922393454464 25121
1764165922430670848 25122
1764165922470862368 25123
1764165922496551456 25124
1764165922531687968 25125
1764165922559292576 25126
1764165922596790272 25127
1764165922628081824 25128
1764165922663140480 25129
1764165922699427840 25130
1764165922727356544 25131
1764165922761394624 25132
1764165922795007712 25133
1764165922832104320 25134
1764165922859350944 25135
1764165922894013600 25136
1764165922947622112 25137
1764165922966184032 25138
1764165922998409376 25139
1764165923030757632 25140
1764165923065031456 25141
1764165923098439040 25142
1764165923129672096 25143
1764165923164144704 25144
1764165923197862976 25145
1764165923231531104 25146
1764165923264942080 25147
1764165923317804992 25148
1764165923346461376 25149
1764165923364598272 25150
1764165923405342400 25151
1764165923430059104 25152
1764165923462780416 25153
1764165923497882624 25154
1764165923525734496 25155
1764165923564255616 25156
1764165923594256224 25157
1764165923640857824 25158
1764165923664254208 25159
1764165923699615584 25160
1764165923727811360 25161
1764165923763606016 25162
1764165923796735040 25163
1764165923831977440 25164
1764165923861906080 25165
1764165923898272960 25166
1764165923926000320 25167
1764165923963190112 25168
1764165923997011200 25169
1764165924030450560 25170
1764165924063964992 25171
1764165924098015264 25172
1764165924131960864 25173
1764165924159526144 25174
1764165924199243104 25175
1764165924225466720 25176
1764165924261355136 25177
1764165924296546016 25178
1764165924330686880 25179
1764165924363161408 25180
1764165924397999648 25181
1764165924425629312 25182
1764165924460430496 25183
1764165924495873664 25184
1764165924530152736 25185
1764165924563665120 25186
1764165924596422208 25187
1764165924631197632 25188
1764165924664231840 25189
1764165924696833952 25190
1764165924737595616 25191
1764165924768574816 25192
1764165924804048768 25193
1764165924851997376 25194
1764165924876172992 25195
1764165924914370464 25196
1764165924931930528 25197
1764165924958569696 25198
1764165925002453152 25199
1764165925031151840 25200
1764165925066295648 25201
1764165925092726208 25202
1764165925127159392 25203
1764165925163138272 25204
1764165925197619136 25205
1764165925230944544 25206
1764165925262321280 25207
1764165925306935008 25208
1764165925329971872 25209
1764165925360480672 25210
1764165925394400896 25211
1764165925429590368 25212
1764165925463660928 25213
1764165925497080384 25214
1764165925530131328 25215
1764165925562950912 25216
1764165925596811936 25217
1764165925630924032 25218
1764165925665447360 25219
1764165925696517664 25220
1764165925728687104 25221
1764165925762980864 25222
1764165925796345216 25223
1764165925832111392 25224
1764165925858270080 25225
1764165925893363840 25226
1764165925928761920 25227
1764165925963207808 25228
1764165925996143296 25229
1764165926028641312 25230
1764165926065298880 25231
1764165926095693920 25232
1764165926125425920 25233
1764165926160730560 25234
1764165926196794016 25235
1764165926227095552 25236
1764165926265316640 25237
1764165926292056768 25238
1764165926329146208 25239
1764165926363873376 25240
1764165926391530848 25241
1764165926430942816 25242
1764165926461671936 25243
1764165926497275360 25244
1764165926529624192 25245
1764165926562302592 25246
1764165926595068992 25247
1764165926629647968 25248
1764165926661481632 25249
1764165926695133536 25250
1764165926731938432 25251
1764165926758961280 25252
1764165926793759776 25253
1764165926828920320 25254
1764165926860079712 25255
1764165926895782688 25256
1764165926930830912 25257
1764165926966189344 25258
1764165926996752832 25259
1764165927031846560 25260
1764165927063799328 25261
1764165927096874368 25262
1764165927125857728 25263
1764165927160688704 25264
1764165927196825792 25265
1764165927231518272 25266
1764165927260677088 25267
1764165927294997440 25268
1764165927329594048 25269
1764165927363963712 25270
1764165927396991200 25271
1764165927432111648 25272
1764165927463312416 25273
1764165927492240128 25274
1764165927530288896 25275
1764165927564247392 25276
1764165927591351520 25277
1764165927629145344 25278
1764165927662090848 25279
1764165927697849056 25280
1764165927730192832 25281
1764165927758290528 25282
1764165927798713504 25283
1764165927826461184 25284
1764165927861822784 25285
1764165927897899296 25286
1764165927926328256 25287
1764165927962157344 25288
1764165927997242176 25289
1764165928026861088 25290
1764165928060899776 25291
1764165928096757440 25292
1764165928130323328 25293
1764165928163087168 25294
1764165928199636608 25295
1764165928225369920 25296
1764165928260867136 25297
1764165928297306208 25298
1764165928325041248 25299
1764165928361214080 25300
1764165928396604256 25301
1764165928427367232 25302
1764165928471289632 25303
1764165928499102496 25304
1764165928526832416 25305
1764165928561922144 25306
1764165928591739840 25307
1764165928629352000 25308
1764165928666464896 25309
1764165928693461632 25310
1764165928728236736 25311
1764165928762743392 25312
1764165928797863744 25313
1764165928824792192 25314
1764165928862142848 25315
1764165928895603264 25316
1764165928929806016 25317
1764165928958734112 25318
1764165928994670368 25319
1764165929029469760 25320
1764165929057166656 25321
1764165929092864544 25322
1764165929130044288 25323
1764165929170467424 25324
1764165929195452960 25325
1764165929230200704 25326
1764165929257918336 25327
1764165929296430208 25328
1764165929326920064 25329
1764165929361543360 25330
1764165929395266112 25331
1764165929430051840 25332
1764165929457964288 25333
1764165929493051968 25334
1764165929529654464 25335
1764165929565039392 25336
1764165929592445152 25337
1764165929626296480 25338
1764165929660654528 25339
1764165929695877216 25340
1764165929729585824 25341
1764165929757683200 25342
1764165929794137696 25343
1764165929834713728 25344
1764165929862105088 25345
1764165929895492128 25346
1764165929932435168 25347
1764165929959677536 25348
1764165929994165664 25349
1764165930029401600 25350
1764165930062606080 25351
1764165930095926528 25352
1764165930129028128 25353
1764165930165302464 25354
1764165930215220480 25355
1764165930232801536 25356
1764165930263717248 25357
1764165930294556896 25358
1764165930328893184 25359
1764165930356840608 25360
1764165930392826560 25361
1764165930428147392 25362
1764165930462707424 25363
1764165930490499200 25364
1764165930526154112 25365
1764165930561272960 25366
1764165930595916800 25367
1764165930624344320 25368
1764165930659365792 25369
1764165930695093024 25370
1764165930728710976 25371
1764165930763386016 25372
1764165930796556800 25373
1764165930831091744 25374
1764165930858440864 25375
1764165930894317952 25376
1764165930928881952 25377
1764165930962203584 25378
1764165931006534496 25379
1764165931034629440 25380
1764165931072686496 25381
1764165931099120736 25382
1764165931130679264 25383
1764165931161273568 25384
1764165931195503296 25385
1764165931225178048 25386
1764165931262832864 25387
1764165931297474336 25388
1764165931325284320 25389
1764165931361524448 25390
1764165931395421952 25391
1764165931429519456 25392
1764165931461812256 25393
1764165931495943360 25394
1764165931528581216 25395
1764165931585429152 25396
1764165931602579552 25397
1764165931631241632 25398
1764165931660402080 25399
1764165931694077920 25400
1764165931729623552 25401
1764165931756742272 25402
1764165931793413664 25403
1764165931827579936 25404
1764165931862012160 25405
1764165931895334752 25406
1764165931931356544 25407
1764165931964219008 25408
1764165931990515904 25409
1764165932029250848 25410
1764165932058904384 25411
1764165932093953376 25412
1764165932129036960 25413
1764165932162985568 25414
1764165932191059552 25415
1764165932230440192 25416
1764165932258989504 25417
1764165932294972864 25418
1764165932330264384 25419
1764165932357864896 25420
1764165932395863552 25421
1764165932423484928 25422
1764165932462439808 25423
1764165932496259424 25424
1764165932524280352 25425
1764165932561684896 25426
1764165932603797280 25427
1764165932628720064 25428
1764165932661311232 25429
1764165932707751232 25430
1764165932735252480 25431
1764165932761547328 25432
1764165932796293504 25433
1764165932824637952 25434
1764165932861571904 25435
1764165932894720736 25436
1764165932927592480 25437
1764165932961208608 25438
1764165932994797280 25439
1764165933028073440 25440
1764165933061623968 25441
1764165933094928544 25442
1764165933129560320 25443
1764165933169418560 25444
1764165933194716704 25445
1764165933229321216 25446
1764165933257381184 25447
1764165933299503744 25448
1764165933336265984 25449
1764165933368851200 25450
1764165933394437664 25451
1764165933428933856 25452
1764165933459228032 25453
1764165933493491936 25454
1764165933533435872 25455
1764165933564411584 25456
1764165933594166976 25457
1764165933627121504 25458
1764165933664159104 25459
1764165933692996416 25460
1764165933728344928 25461
1764165933761897696 25462
1764165933796095584 25463
1764165933824190336 25464
1764165933868018656 25465
1764165933905161920 25466
1764165933928151104 25467
1764165933961952672 25468
1764165933995382720 25469
1764165934027891488 25470
1764165934062522112 25471
1764165934094270688 25472
1764165934125858848 25473
1764165934161512160 25474
1764165934194631488 25475
1764165934227209440 25476
1764165934271597056 25477
1764165934295038048 25478
1764165934324412224 25479
1764165934360802016 25480
1764165934395114080 25481
1764165934427996928 25482
1764165934462636000 25483
1764165934490994336 25484
1764165934526981504 25485
1764165934561632736 25486
1764165934592626592 25487
1764165934629240576 25488
1764165934656329792 25489
1764165934693023040 25490
1764165934728145824 25491
1764165934764789728 25492
1764165934789970464 25493
1764165934829477696 25494
1764165934861645952 25495
1764165934896643680 25496
1764165934922665056 25497
1764165934964072704 25498
1764165934992357152 25499
1764165935026743264 25500
1764165935064462592 25501
1764165935095379616 25502
1764165935140492608 25503
1764165935159872480 25504
1764165935194221344 25505
1764165935227594560 25506
1764165935261495680 25507
1764165935288930112 25508
1764165935325218336 25509
1764165935367094752 25510
1764165935394507840 25511
1764165935423261152 25512
1764165935458137280 25513
1764165935493813152 25514
1764165935528097376 25515
1764165935561165088 25516
1764165935590863840 25517
1764165935626149280 25518
1764165935663956160 25519
1764165935694343456 25520
1764165935729739040 25521
1764165935757754368 25522
1764165935792315296 25523
1764165935831852224 25524
1764165935858185920 25525
1764165935893212064 25526
1764165935926817600 25527
1764165935960657248 25528
1764165935994514944 25529
1764165936027618112 25530
1764165936063012256 25531
1764165936096688384 25532
1764165936123032384 25533
1764165936161623968 25534
1764165936189162144 25535
1764165936229270080 25536
1764165936261807200 25537
1764165936293846560 25538
1764165936327813376 25539
1764165936361803072 25540
1764165936392189664 25541
1764165936426299840 25542
1764165936460353248 25543
1764165936494443840 25544
1764165936527647392 25545
1764165936568392608 25546
1764165936593607232 25547
1764165936628236864 25548
1764165936657093984 25549
1764165936692625376 25550
1764165936728362208 25551
1764165936755620864 25552
1764165936793057920 25553
1764165936831346048 25554
1764165936862875936 25555
1764165936902103264 25556
1764165936926470560 25557
1764165936960338208 25558
1764165936997639488 25559
1764165937023050464 25560
1764165937059748320 25561
1764165937095015776 25562
1764165937128578816 25563
1764165937156274816 25564
1764165937192635936 25565
1764165937227103200 25566
1764165937259828928 25567
1764165937295900704 25568
1764165937331980608 25569
1764165937361705280 25570
1764165937396114176 25571
1764165937424800352 25572
1764165937460102304 25573
1764165937493755680 25574
1764165937529721792 25575
1764165937564866528 25576
1764165937596892736 25577
1764165937631935200 25578
1764165937657391296 25579
1764165937692359456 25580
1764165937727325248 25581
1764165937760345120 25582
1764165937793659584 25583
1764165937826638944 25584
1764165937861076864 25585
1764165937894166144 25586
1764165937922969088 25587
1764165937958780384 25588
1764165937993815136 25589
1764165938030190400 25590
1764165938064831712 25591
1764165938092344960 25592
1764165938126922816 25593
1764165938155230112 25594
1764165938193838144 25595
1764165938224887872 25596
1764165938260391648 25597
1764165938292900544 25598
1764165938326604640 25599
1764165938363909536 25600
1764165938391243136 25601
1764165938424690240 25602
1764165938463132416 25603
1764165938496890880 25604
1764165938523574592 25605
1764165938558605952 25606
1764165938594097248 25607
1764165938627362880 25608
1764165938661095744 25609
1764165938693066976 25610
1764165938727508608 25611
1764165938760491328 25612
1764165938790829856 25613
1764165938825566944 25614
1764165938861411808 25615
1764165938891690464 25616
1764165938928366560 25617
1764165938956436320 25618
1764165938991536352 25619
1764165939029683552 25620
1764165939055532160 25621
1764165939095301920 25622
1764165939122212864 25623
1764165939157881472 25624
1764165939194368768 25625
1764165939232796576 25626
1764165939269288704 25627
1764165939293895552 25628
1764165939326841504 25629
1764165939360413696 25630
1764165939393552928 25631
1764165939429922784 25632
1764165939455971200 25633
1764165939492056096 25634
1764165939526777504 25635
1764165939558943360 25636
1764165939592981472 25637
1764165939638960864 25638
1764165939659354816 25639
1764165939693129152 25640
1764165939727269344 25641
1764165939777951680 25642
1764165939797468800 25643
1764165939823495488 25644
1764165939858503904 25645
1764165939893238016 25646
1764165939928125120 25647
1764165939955996128 25648
1764165939991135072 25649
1764165940029555488 25650
1764165940058556448 25651
1764165940092583808 25652
1764165940127000512 25653
1764165940161105504 25654
1764165940188114624 25655
1764165940225611648 25656
1764165940260205792 25657
1764165940295721568 25658
1764165940325858368 25659
1764165940359431040 25660
1764165940394976352 25661
1764165940422355072 25662
1764165940458364576 25663
1764165940493900096 25664
1764165940531327648 25665
1764165940559199296 25666
1764165940592231904 25667
1764165940625602176 25668
1764165940661725696 25669
1764165940689861344 25670
1764165940729576992 25671
1764165940761535520 25672
1764165940790887104 25673
1764165940826114624 25674
1764165940859578720 25675
1764165940892577312 25676
1764165940925517792 25677
1764165940960705632 25678
1764165940989090464 25679
1764165941023861120 25680
1764165941058580160 25681
1764165941100100864 25682
1764165941131087968 25683
1764165941173412096 25684
1764165941218639296 25685
1764165941235371552 25686
1764165941262755328 25687
1764165941288609216 25688
1764165941325849728 25689
1764165941360232320 25690
1764165941393680384 25691
1764165941426027936 25692
1764165941459028992 25693
1764165941494975744 25694
1764165941527274560 25695
1764165941557627136 25696
1764165941592549344 25697
1764165941629572736 25698
1764165941666270464 25699
1764165941693667104 25700
1764165941723078400 25701
1764165941757849376 25702
1764165941792743232 25703
1764165941825857056 25704
1764165941859197088 25705
1764165941895548768 25706
1764165941921661696 25707
1764165941957910656 25708
1764165941992530176 25709
1764165942025447680 25710
1764165942061720512 25711
1764165942088931872 25712
1764165942125692032 25713
1764165942159328160 25714
1764165942194292032 25715
1764165942221222080 25716
1764165942259771936 25717
1764165942291606048 25718
1764165942326718336 25719
1764165942355067168 25720
1764165942390999872 25721
1764165942425871872 25722
1764165942459544800 25723
1764165942492714688 25724
1764165942522997408 25725
1764165942558470368 25726
1764165942593454592 25727
1764165942625389024 25728
1764165942658966496 25729
1764165942692066432 25730
1764165942730221120 25731
1764165942757162496 25732
1764165942791690816 25733
1764165942826270400 25734
1764165942862524352 25735
1764165942889908320 25736
1764165942924265504 25737
1764165942959456256 25738
1764165942993864352 25739
1764165943024119936 25740
1764165943058676224 25741
1764165943092597984 25742
1764165943126897664 25743
1764165943160514112 25744
1764165943189535232 25745
1764165943225921312 25746
1764165943263917792 25747
1764165943298873792 25748
1764165943346822816 25749
1764165943364372928 25750
1764165943396055872 25751
1764165943421497536 25752
1764165943457580256 25753
1764165943492921568 25754
1764165943521328576 25755
1764165943558501312 25756
1764165943588204128 25757
1764165943623944736 25758
1764165943660804864 25759
1764165943689100224 25760
1764165943724144352 25761
1764165943758654112 25762
1764165943792434336 25763
1764165943832518400 25764
1764165943865676672 25765
1764165943909574368 25766
1764165943937040000 25767
1764165943961431904 25768
1764165943987318080 25769
1764165944022266752 25770
1764165944058669280 25771
1764165944093063744 25772
1764165944124107136 25773
1764165944163042496 25774
1764165944198540096 25775
1764165944235008288 25776
1764165944269619104 25777
1764165944300275072 25778
1764165944327347136 25779
1764165944353451872 25780
1764165944390420096 25781
1764165944425869984 25782
1764165944458941248 25783
1764165944492227776 25784
1764165944525621088 25785
1764165944558032000 25786
1764165944591634944 25787
1764165944627755648 25788
1764165944654438816 25789
1764165944694475968 25790
1764165944720974336 25791
1764165944761249760 25792
1764165944788312224 25793
1764165944822696672 25794
1764165944859647040 25795
1764165944898331712 25796
1764165944927154752 25797
1764165944954201216 25798
1764165944988827008 25799
1764165945028109312 25800
1764165945055451040 25801
1764165945091535104 25802
1764165945124153632 25803
1764165945159320448 25804
1764165945187012544 25805
1764165945223193056 25806
1764165945258958048 25807
1764165945291595104 25808
1764165945325614368 25809
1764165945359225376 25810
1764165945390116256 25811
1764165945424010368 25812
1764165945458358240 25813
1764165945492074080 25814
1764165945525885440 25815
1764165945559028704 25816
1764165945591943616 25817
1764165945625245760 25818
1764165945659282784 25819
1764165945688375968 25820
1764165945727618624 25821
1764165945757360832 25822
1764165945791210528 25823
1764165945824904096 25824
1764165945858638592 25825
1764165945889595520 25826
1764165945924024128 25827
1764165945958231424 25828
1764165945991815552 25829
1764165946024715552 25830
1764165946059006272 25831
1764165946091643104 25832
1764165946124374016 25833
1764165946157460896 25834
1764165946192101088 25835
1764165946223616992 25836
1764165946258663648 25837
1764165946292113696 25838
1764165946325627360 25839
1764165946359771616 25840
1764165946387678752 25841
1764165946427544192 25842
1764165946457431488 25843
1764165946492991136 25844
1764165946521405216 25845
1764165946557905344 25846
1764165946591780640 25847
1764165946624618368 25848
1764165946657806880 25849
1764165946691036352 25850
1764165946724320160 25851
1764165946758064608 25852
1764165946791786688 25853
1764165946829061024 25854
1764165946855162368 25855
1764165946891312256 25856
1764165946928363136 25857
1764165946959856160 25858
1764165946990496480 25859
1764165947024914976 25860
1764165947057505504 25861
1764165947090980416 25862
1764165947124853600 25863
1764165947157155808 25864
1764165947192250176 25865
1764165947220675648 25866
1764165947258256576 25867
