1764165667817999776 17483
1764165667853850528 17484
1764165667879199136 17485
1764165667915507680 17486
1764165667942709984 17487
1764165667978102016 17488
1764165668012848768 17489
1764165668045740512 17490
1764165668078949536 17491
1764165668115562016 17492
1764165668141445408 17493
1764165668178936960 17494
1764165668213440768 17495
1764165668249416928 17496
1764165668278304128 17497
1764165668315485376 17498
1764165668351136192 17499
1764165668378903136 17500
1764165668412185792 17501
1764165668445918848 17502
1764165668479746464 17503
1764165668512823872 17504
1764165668547143392 17505
1764165668574872160 17506
1764165668610473792 17507
1764165668647349632 17508
1764165668681047296 17509
1764165668709230176 17510
1764165668744283072 17511
1764165668779086464 17512
1764165668813179840 17513
1764165668848375872 17514
1764165668875424448 17515
1764165668911563360 17516
1764165668946456160 17517
1764165668980009664 17518
1764165669016823392 17519
1764165669043276064 17520
1764165669078800992 17521
1764165669113291328 17522
1764165669146476992 17523
1764165669179344192 17524
1764165669214010624 17525
1764165669247051456 17526
1764165669279897440 17527
1764165669313187328 17528
1764165669350460288 17529
1764165669375248512 17530
1764165669409333280 17531
1764165669443983904 17532
1764165669481686816 17533
1764165669513889472 17534
1764165669542540992 17535
1764165669581845696 17536
1764165669609123840 17537
1764165669643361344 17538
1764165669679671488 17539
1764165669715216416 17540
1764165669742097888 17541
1764165669782224992 17542
1764165669818870432 17543
1764165669853804736 17544
1764165669888614912 17545
1764165669916362752 17546
1764165669957620928 17547
1764165669980689024 17548
1764165670007649536 17549
1764165670042229152 17550
1764165670077897856 17551
1764165670112149280 17552
1764165670146899904 17553
1764165670175375712 17554
1764165670210093888 17555
1764165670247345184 17556
1764165670284980416 17557
1764165670311912128 17558
1764165670347490624 17559
1764165670380118784 17560
1764165670413486592 17561
1764165670446850464 17562
1764165670480976448 17563
1764165670521084896 17564
1764165670545965216 17565
1764165670580557600 17566
1764165670612217984 17567
1764165670648227136 17568
1764165670685728640 17569
1764165670714050080 17570
1764165670743427040 17571
1764165670777846080 17572
1764165670813238784 17573
1764165670846848320 17574
1764165670881681728 17575
1764165670908768704 17576
1764165670943786528 17577
1764165670979378208 17578
1764165671012805728 17579
1764165671046429728 17580
1764165671079971968 17581
1764165671113424864 17582
1764165671148093120 17583
1764165671186243136 17584
1764165671222945760 17585
1764165671246423456 17586
1764165671283263104 17587
1764165671316130624 17588
1764165671343013024 17589
1764165671378754208 17590
1764165671413922272 17591
1764165671447683136 17592
1764165671485077696 17593
1764165671514595712 17594
1764165671550687296 17595
1764165671587003392 17596
1764165671613860864 17597
1764165671646485408 17598
1764165671681154592 17599
1764165671713011264 17600
1764165671751492576 17601
1764165671785204064 17602
1764165671824543456 17603
1764165671857676416 17604
1764165671883952032 17605
1764165671920006176 17606
1764165671946594080 17607
1764165671979501152 17608
1764165672015941376 17609
1764165672044859872 17610
1764165672080851904 17611
1764165672122350560 17612
1764165672152688768 17613
1764165672186910592 17614
1764165672226729120 17615
1764165672262825504 17616
1764165672290719712 17617
1764165672317783136 17618
1764165672342113184 17619
1764165672377443072 17620
1764165672411872576 17621
1764165672445705728 17622
1764165672479602400 17623
1764165672512951328 17624
1764165672550735456 17625
1764165672587650944 17626
1764165672613548512 17627
1764165672647342272 17628
1764165672686779680 17629
1764165672719767648 17630
1764165672746351712 17631
1764165672782564896 17632
1764165672818034880 17633
1764165672846880896 17634
1764165672885130976 17635
1764165672912710496 17636
1764165672951068896 17637
1764165672976467808 17638
1764165673012548480 17639
1764165673047717568 17640
1764165673075684992 17641
1764165673112238464 17642
1764165673147497216 17643
1764165673185224384 17644
1764165673212822816 17645
1764165673246653440 17646
1764165673282945984 17647
1764165673315431744 17648
1764165673352396928 17649
1764165673378956032 17650
1764165673416400864 17651
1764165673443182528 17652
1764165673479612288 17653
1764165673513734336 17654
1764165673549827040 17655
1764165673576125088 17656
1764165673615751328 17657
1764165673644175328 17658
1764165673677703872 17659
1764165673712243712 17660
1764165673747127712 17661
1764165673778845952 17662
1764165673813191776 17663
1764165673846005696 17664
1764165673878718848 17665
1764165673914755840 17666
1764165673945952512 17667
1764165673978943200 17668
1764165674013944640 17669
1764165674047472736 17670
1764165674079951904 17671
1764165674113021952 17672
1764165674146775584 17673
1764165674180556704 17674
1764165674215067744 17675
1764165674245259680 17676
1764165674279829728 17677
1764165674313348416 17678
1764165674347780640 17679
1764165674388673152 17680
1764165674414496192 17681
1764165674441423712 17682
1764165674485267904 17683
1764165674515317792 17684
1764165674541566912 17685
1764165674576675328 17686
1764165674613457472 17687
1764165674644624768 17688
1764165674679932800 17689
1764165674715055072 17690
1764165674743201536 17691
1764165674779131008 17692
1764165674813671872 17693
1764165674843368096 17694
1764165674878316928 17695
1764165674914018016 17696
1764165674951405152 17697
1764165674981596000 17698
1764165675016182016 17699
1764165675051015648 17700
1764165675079645088 17701
1764165675108115392 17702
1764165675146927840 17703
1764165675174851232 17704
1764165675210425504 17705
1764165675247558080 17706
1764165675279720544 17707
1764165675314444544 17708
1764165675353024160 17709
1764165675381717920 17710
1764165675411991072 17711
1764165675446451072 17712
1764165675479330752 17713
1764165675513809568 17714
1764165675550058752 17715
1764165675578758688 17716
1764165675608439648 17717
1764165675645509280 17718
1764165675682798752 17719
1764165675711303840 17720
1764165675746095104 17721
1764165675779476320 17722
1764165675818950752 17723
1764165675845380224 17724
1764165675883303616 17725
1764165675908840032 17726
1764165675943028704 17727
1764165675980780800 17728
1764165676010299744 17729
1764165676044914208 17730
1764165676079197856 17731
1764165676112415808 17732
1764165676148665440 17733
1764165676186596320 17734
1764165676214875744 17735
1764165676242112576 17736
1764165676279177536 17737
1764165676313587808 17738
1764165676343970816 17739
1764165676383089344 17740
1764165676419580416 17741
1764165676452563616 17742
1764165676483963424 17743
1764165676510082720 17744
1764165676543346048 17745
1764165676577277344 17746
1764165676617360256 17747
1764165676649431744 17748
1764165676681025728 17749
1764165676708498464 17750
1764165676745438528 17751
1764165676779261696 17752
1764165676812697248 17753
1764165676853160928 17754
1764165676880739840 17755
1764165676918611072 17756
1764165676955758688 17757
1764165676985943968 17758
1764165677013318592 17759
1764165677047845984 17760
1764165677079794144 17761
1764165677110768672 17762
1764165677145355104 17763
1764165677178527776 17764
1764165677216501856 17765
1764165677241486464 17766
1764165677275606016 17767
1764165677311268096 17768
1764165677346563936 17769
1764165677382657728 17770
1764165677425217536 17771
1764165677459863904 17772
1764165677492154112 17773
1764165677519890624 17774
1764165677559370944 17775
1764165677593150656 17776
1764165677617899552 17777
1764165677643942272 17778
1764165677677925824 17779
1764165677716875136 17780
1764165677741524704 17781
1764165677778685664 17782
1764165677817588448 17783
1764165677841731008 17784
1764165677883132896 17785
1764165677911206592 17786
1764165677951110176 17787
1764165677978978720 17788
1764165678018181216 17789
1764165678045980960 17790
1764165678079681280 17791
1764165678117172928 17792
1764165678152542880 17793
1764165678179056864 17794
1764165678212736576 17795
1764165678246961728 17796
1764165678282748320 17797
1764165678312216448 17798
1764165678346890016 17799
1764165678383184192 17800
1764165678408786144 17801
1764165678443061056 17802
1764165678479811136 17803
1764165678513240224 17804
1764165678545714688 17805
1764165678579746528 17806
1764165678613481280 17807
1764165678646784192 17808
1764165678683353952 17809
1764165678719069184 17810
1764165678750021792 17811
1764165678776987392 17812
1764165678812218112 17813
1764165678847449920 17814
1764165678874767360 17815
1764165678910000832 17816
1764165678949584960 17817
1764165678980551520 17818
1764165679009541792 17819
1764165679046771520 17820
1764165679079741408 17821
1764165679112570656 17822
1764165679146927776 17823
1764165679179408960 17824
1764165679212935648 17825
1764165679247036288 17826
1764165679281113984 17827
1764165679308356992 17828
1764165679344650592 17829
1764165679379001312 17830
1764165679412347488 17831
1764165679445673152 17832
1764165679484076320 17833
1764165679509816064 17834
1764165679548027104 17835
1764165679584955744 17836
1764165679622283968 17837
1764165679645845248 17838
1764165679679517568 17839
1764165679715871040 17840
1764165679761864576 17841
1764165679784328896 17842
1764165679824336768 17843
1764165679846341504 17844
1764165679878199840 17845
1764165679918312032 17846
1764165679956247968 17847
1764165679981636064 17848
1764165680019960736 17849
1764165680055715840 17850
1764165680090284224 17851
1764165680129014560 17852
1764165680146327104 17853
1764165680174909088 17854
1764165680213496768 17855
1764165680247209600 17856
1764165680282948448 17857
1764165680314551360 17858
1764165680343477088 17859
1764165680377989504 17860
1764165680415566880 17861
1764165680441983744 17862
1764165680477236384 17863
1764165680514451392 17864
1764165680547444512 17865
1764165680579861952 17866
1764165680614877408 17867
1764165680641266688 17868
1764165680677064896 17869
1764165680719108608 17870
1764165680747412736 17871
1764165680785570528 17872
1764165680829219712 17873
1764165680850999712 17874
1764165680875531168 17875
1764165680915670080 17876
1764165680941821632 17877
1764165680979787584 17878
1764165681017477920 17879
1764165681044528064 17880
1764165681078958464 17881
1764165681112405376 17882
1764165681145970912 17883
1764165681178783232 17884
1764165681216047296 17885
1764165681242164064 17886
1764165681276034688 17887
1764165681316053408 17888
1764165681342563072 17889
1764165681378591616 17890
1764165681412727552 17891
1764165681445418368 17892
1764165681479516352 17893
1764165681513146912 17894
1764165681547419520 17895
1764165681585361152 17896
1764165681623860960 17897
1764165681647905824 17898
1764165681674285728 17899
1764165681710720224 17900
1764165681746913152 17901
1764165681780085152 17902
1764165681807527872 17903
1764165681843278560 17904
1764165681879806720 17905
1764165681914903424 17906
1764165681940713792 17907
1764165681975245536 17908
1764165682013425760 17909
1764165682047995264 17910
1764165682075267392 17911
1764165682111771008 17912
1764165682145296768 17913
1764165682179381728 17914
1764165682212247072 17915
1764165682247269408 17916
1764165682278575808 17917
1764165682314767488 17918
1764165682344282400 17919
1764165682384816416 17920
1764165682411717056 17921
1764165682446456448 17922
1764165682478681632 17923
1764165682515509696 17924
1764165682552084576 17925
1764165682579488256 17926
1764165682608000672 17927
1764165682651620960 17928
1764165682688230496 17929
1764165682721688896 17930
1764165682745977216 17931
1764165682780280416 17932
1764165682818441120 17933
1764165682861336192 17934
1764165682895184352 17935
1764165682914600576 17936
1764165682941281632 17937
1764165682979226240 17938
1764165683018563584 17939
1764165683055683680 17940
1764165683090039872 17941
1764165683111755648 17942
1764165683144834560 17943
1764165683179063232 17944
1764165683212680512 17945
1764165683252312704 17946
1764165683278736128 17947
1764165683314466336 17948
1764165683345746336 17949
1764165683379518144 17950
1764165683418462208 17951
1764165683444859520 17952
1764165683492703456 17953
1764165683515290368 17954
1764165683546341408 17955
1764165683574039392 17956
1764165683611325664 17957
1764165683647178432 17958
1764165683684452640 17959
1764165683711410016 17960
1764165683746443936 17961
1764165683783755904 17962
1764165683817095104 17963
1764165683846320832 17964
1764165683880699456 17965
1764165683918457312 17966
1764165683946271584 17967
1764165683982871936 17968
1764165684011562048 17969
1764165684047009760 17970
1764165684076924320 17971
1764165684118795488 17972
1764165684145761152 17973
1764165684175069472 17974
1764165684212297216 17975
1764165684251655200 17976
1764165684279462976 17977
1764165684318725024 17978
1764165684345773216 17979
1764165684375402912 17980
1764165684411790368 17981
1764165684447497888 17982
1764165684477904896 17983
1764165684512714912 17984
1764165684546417536 17985
1764165684585854048 17986
1764165684612012928 17987
1764165684645819360 17988
1764165684687443232 17989
1764165684712386400 17990
1764165684746085056 17991
1764165684778530656 17992
1764165684812663904 17993
1764165684847675328 17994
1764165684874516992 17995
1764165684911396640 17996
1764165684946022880 17997
1764165684978850016 17998
1764165685014845568 17999
1764165685045831328 18000
1764165685086633056 18001
1764165685119275968 18002
1764165685146610976 18003
1764165685175632288 18004
1764165685218224672 18005
1764165685245724512 18006
1764165685274090208 18007
1764165685317782432 18008
1764165685345491616 18009
1764165685380226176 18010
1764165685410812960 18011
1764165685447418144 18012
1764165685479625856 18013
1764165685508624160 18014
1764165685545681312 18015
1764165685583454848 18016
1764165685609051360 18017
1764165685647526720 18018
1764165685673834016 18019
1764165685708585440 18020
1764165685749153856 18021
1764165685775450400 18022
1764165685814891456 18023
1764165685841590208 18024
1764165685885882720 18025
1764165685914367648 18026
1764165685941261536 18027
1764165685986855264 18028
1764165686011167488 18029
1764165686051218048 18030
1764165686077912640 18031
1764165686107222496 18032
1764165686146198912 18033
1764165686184305856 18034
1764165686212102880 18035
1764165686251498080 18036
1764165686284866560 18037
1764165686311769984 18038
1764165686347513344 18039
1764165686374886080 18040
1764165686408798944 18041
1764165686444519744 18042
1764165686478558048 18043
1764165686512396256 18044
1764165686546452832 18045
1764165686582086752 18046
1764165686607408448 18047
1764165686650266656 18048
1764165686684824448 18049
1764165686722048832 18050
1764165686745922528 18051
1764165686779795424 18052
1764165686819777568 18053
1764165686848798752 18054
1764165686876090304 18055
1764165686911516864 18056
1764165686947739968 18057
1764165686984731136 18058
1764165687012091872 18059
1764165687048858432 18060
1764165687075185184 18061
1764165687112292544 18062
1764165687150459168 18063
1764165687189045984 18064
1764165687224186240 18065
1764165687244306976 18066
1764165687279022112 18067
1764165687319667968 18068
1764165687346120768 18069
1764165687375400704 18070
1764165687410448480 18071
1764165687446934528 18072
1764165687475940256 18073
1764165687513012288 18074
1764165687546741440 18075
1764165687574751264 18076
1764165687609909536 18077
1764165687649732608 18078
1764165687675222464 18079
1764165687715399488 18080
1764165687753188384 18081
1764165687777846656 18082
1764165687819354208 18083
1764165687853663680 18084
1764165687878747616 18085
1764165687910692032 18086
1764165687945004416 18087
1764165687974508448 18088
1764165688011327680 18089
1764165688041421664 18090
1764165688077416032 18091
1764165688118080192 18092
1764165688147211296 18093
1764165688177925536 18094
1764165688215967584 18095
1764165688252046688 18096
1764165688278918528 18097
1764165688308116288 18098
1764165688354450048 18099
1764165688377557568 18100
1764165688411528064 18101
1764165688450459392 18102
1764165688480680800 18103
1764165688507843808 18104
1764165688539862880 18105
1764165688576460608 18106
1764165688618457408 18107
1764165688644942880 18108
1764165688682949952 18109
1764165688708087040 18110
1764165688743703328 18111
1764165688778674592 18112
1764165688814878144 18113
1764165688840511264 18114
1764165688879520320 18115
1764165688914448832 18116
1764165688939912512 18117
1764165688975636576 18118
1764165689011602592 18119
1764165689047529728 18120
1764165689076625120 18121
1764165689112886880 18122
1764165689140800064 18123
1764165689175994688 18124
1764165689215455904 18125
1764165689243172384 18126
1764165689286726656 18127
1764165689312302912 18128
1764165689353916448 18129
1764165689378346336 18130
1764165689418457504 18131
1764165689444445792 18132
1764165689479818272 18133
1764165689515551872 18134
1764165689540747392 18135
1764165689575967936 18136
1764165689611894144 18137
1764165689644804704 18138
1764165689682130464 18139
1764165689720813312 18140
1764165689745092384 18141
1764165689778453728 18142
1764165689812120192 18143
1764165689851295712 18144
1764165689878281696 18145
1764165689920619744 18146
1764165689950560512 18147
1764165689978771456 18148
1764165690013861984 18149
1764165690048221856 18150
1764165690074234304 18151
1764165690108227840 18152
1764165690146537472 18153
1764165690174049824 18154
1764165690209110560 18155
1764165690240151424 18156
1764165690275757984 18157
1764165690314460224 18158
1764165690352247040 18159
1764165690389433888 18160
1764165690422081856 18161
1764165690456614880 18162
1764165690489871744 18163
1764165690517373088 18164
1764165690544249568 18165
1764165690584588448 18166
1764165690621860512 18167
1764165690646371584 18168
1764165690673631200 18169
1764165690708914272 18170
1764165690747770080 18171
1764165690779185536 18172
1764165690820294112 18173
1764165690844456736 18174
1764165690873071040 18175
1764165690909152608 18176
1764165690944311648 18177
1764165690983144192 18178
1764165691012584192 18179
1764165691046451712 18180
1764165691076306432 18181
1764165691122647872 18182
1764165691145044352 18183
1764165691179429216 18184
1764165691211571424 18185
1764165691246695360 18186
1764165691274236608 18187
1764165691309840384 18188
1764165691344456128 18189
1764165691382456032 18190
1764165691407877568 18191
1764165691446428160 18192
1764165691483987712 18193
1764165691513616288 18194
1764165691539919584 18195
1764165691576477760 18196
1764165691611810080 18197
1764165691647158368 18198
1764165691678918432 18199
1764165691711649760 18200
1764165691750332704 18201
1764165691778153216 18202
1764165691811756256 18203
1764165691845750144 18204
1764165691875854656 18205
1764165691914604608 18206
1764165691940561856 18207
1764165691974836544 18208
1764165692007622240 18209
1764165692049984832 18210
1764165692082454016 18211
1764165692107374176 18212
1764165692143376992 18213
1764165692177376480 18214
1764165692215524576 18215
1764165692241820160 18216
1764165692277646528 18217
1764165692312600352 18218
1764165692352578720 18219
1764165692378110784 18220
1764165692411292192 18221
1764165692445931712 18222
1764165692479851616 18223
1764165692508691680 18224
1764165692554883488 18225
1764165692577111680 18226
1764165692620610816 18227
1764165692644410496 18228
1764165692697777792 18229
1764165692719535616 18230
1764165692743618816 18231
1764165692776471552 18232
1764165692820969632 18233
1764165692847681568 18234
1764165692876479648 18235
1764165692911474240 18236
1764165692945990720 18237
1764165692980005984 18238
1764165693019270784 18239
1764165693044920160 18240
1764165693082454208 18241
1764165693106932096 18242
1764165693145200640 18243
1764165693173188512 18244
1764165693210551136 18245
1764165693247255584 18246
1764165693279284672 18247
1764165693312579520 18248
1764165693345880576 18249
1764165693378456992 18250
1764165693411225344 18251
1764165693448430496 18252
1764165693474512992 18253
1764165693514467776 18254
1764165693543034912 18255
1764165693574966720 18256
1764165693608801440 18257
1764165693640950272 18258
1764165693675655328 18259
1764165693707209248 18260
1764165693742470240 18261
1764165693778534752 18262
1764165693811407264 18263
1764165693845136288 18264
1764165693874441760 18265
1764165693913587008 18266
1764165693940884608 18267
1764165693975739936 18268
1764165694010882624 18269
1764165694046792416 18270
1764165694087738624 18271
1764165694121240256 18272
1764165694153500992 18273
1764165694179413792 18274
1764165694206087840 18275
1764165694241430240 18276
1764165694281045728 18277
1764165694308886208 18278
1764165694347104608 18279
1764165694384182656 18280
1764165694413531776 18281
1764165694444480096 18282
1764165694479239264 18283
1764165694506915424 18284
1764165694543687104 18285
1764165694587200352 18286
1764165694614239456 18287
1764165694640778208 18288
1764165694679044096 18289
1764165694707354912 18290
1764165694743507648 18291
1764165694784645472 18292
1764165694810881728 18293
1764165694850637696 18294
1764165694881966944 18295
1764165694910516320 18296
1764165694943743584 18297
1764165694979855520 18298
1764165695009497152 18299
1764165695044748320 18300
1764165695078179968 18301
1764165695115074816 18302
1764165695143746944 18303
1764165695177210816 18304
1764165695206941088 18305
1764165695246993152 18306
1764165695274593216 18307
1764165695311668960 18308
1764165695340406080 18309
1764165695376150560 18310
1764165695421122208 18311
1764165695455880384 18312
1764165695478378848 18313
1764165695515093504 18314
1764165695543837824 18315
1764165695578047232 18316
1764165695621305632 18317
1764165695645641536 18318
1764165695688616736 18319
1764165695710429952 18320
1764165695745598944 18321
1764165695774339712 18322
1764165695811040416 18323
1764165695861260384 18324
1764165695881929504 18325
1764165695907309984 18326
1764165695943971520 18327
1764165695979232544 18328
1764165696011249920 18329
1764165696061840448 18330
1764165696088327520 18331
1764165696112958720 18332
1764165696140129920 18333
1764165696176121344 18334
1764165696207414176 18335
1764165696243993376 18336
1764165696278466112 18337
1764165696312509408 18338
1764165696345459648 18339
1764165696379971008 18340
1764165696413174976 18341
1764165696439677440 18342
1764165696475295776 18343
1764165696512436448 18344
1764165696546420992 18345
1764165696574029600 18346
1764165696606325376 18347
1764165696641626848 18348
1764165696677629184 18349
1764165696706172384 18350
1764165696743574816 18351
1764165696775633184 18352
1764165696810782528 18353
1764165696845228832 18354
1764165696879211232 18355
1764165696906781792 18356
1764165696946470848 18357
1764165696973509408 18358
1764165697007362336 18359
1764165697043488352 18360
1764165697079453728 18361
1764165697107005184 18362
1764165697147128768 18363
1764165697185351040 18364
1764165697211637312 18365
1764165697245184192 18366
1764165697278095840 18367
1764165697321680032 18368
1764165697346371008 18369
1764165697374052768 18370
1764165697411727360 18371
1764165697446726016 18372
1764165697473613536 18373
1764165697524085408 18374
1764165697545850592 18375
1764165697576119744 18376
1764165697610795904 18377
1764165697640010752 18378
1764165697674726496 18379
1764165697706648064 18380
1764165697743020640 18381
1764165697778249696 18382
1764165697816937568 18383
1764165697844773696 18384
1764165697892135072 18385
1764165697914884640 18386
1764165697940285120 18387
1764165697983101792 18388
1764165698010965344 18389
1764165698049218304 18390
1764165698073699008 18391
1764165698107917184 18392
1764165698146458592 18393
1764165698175463744 18394
1764165698209217888 18395
1764165698247130240 18396
1764165698274413440 18397
1764165698318457760 18398
1764165698374612736 18399
1764165698395440032 18400
1764165698430463712 18401
1764165698449449632 18402
1764165698477560384 18403
1764165698516834688 18404
1764165698548135008 18405
1764165698576082560 18406
1764165698611570208 18407
1764165698640624640 18408
1764165698676845280 18409
1764165698710232000 18410
1764165698756062528 18411
1764165698784064928 18412
1764165698822051392 18413
1764165698859929856 18414
1764165698884029856 18415
1764165698915766688 18416
1764165698947563392 18417
1764165698976733440 18418
1764165699011806336 18419
1764165699061737120 18420
1764165699077999808 18421
1764165699112074208 18422
1764165699145837696 18423
1764165699179508384 18424
1764165699211144000 18425
1764165699246254688 18426
1764165699289665920 18427
1764165699310442560 18428
1764165699344653184 18429
1764165699380322336 18430
1764165699405748896 18431
1764165699453384128 18432
1764165699477326976 18433
1764165699505734112 18434
1764165699547164224 18435
1764165699575318272 18436
1764165699612085760 18437
1764165699649136256 18438
1764165699673587584 18439
