1764164868910598656 112523
1764164868938743424 112524
1764164868972501184 112525
1764164869011686784 112526
1764164869039476832 112527
1764164869073340192 112528
1764164869111341312 112529
1764164869137043616 112530
1764164869174858976 112531
1764164869208361984 112532
1764164869240277888 112533
1764164869280622048 112534
1764164869307540320 112535
1764164869343213152 112536
1764164869370997280 112537
1764164869407742464 112538
1764164869441497824 112539
1764164869481300352 112540
1764164869507381728 112541
1764164869543513280 112542
1764164869573712288 112543
1764164869611098976 112544
1764164869638201024 112545
1764164869672310304 112546
1764164869708004320 112547
1764164869741307616 112548
1764164869776966848 112549
1764164869805727648 112550
1764164869843091520 112551
1764164869881134464 112552
1764164869907804928 112553
1764164869943935136 112554
1764164869970571648 112555
1764164870006699488 112556
1764164870042667424 112557
1764164870080678720 112558
1764164870114464512 112559
1764164870142192768 112560
1764164870173472768 112561
1764164870214747232 112562
1764164870242136736 112563
1764164870273380224 112564
1764164870311286336 112565
1764164870339173504 112566
1764164870375835616 112567
1764164870403917088 112568
1764164870444373920 112569
1764164870477643296 112570
1764164870507481728 112571
1764164870541300000 112572
1764164870574512288 112573
1764164870608620448 112574
1764164870641745248 112575
1764164870675757088 112576
1764164870703080064 112577
1764164870743534848 112578
1764164870771467328 112579
1764164870806446304 112580
1764164870844531072 112581
1764164870870612928 112582
1764164870913647840 112583
1764164870941392800 112584
1764164870975106432 112585
1764164871007985920 112586
1764164871047514752 112587
1764164871074135712 112588
1764164871113702976 112589
1764164871141225280 112590
1764164871174749856 112591
1764164871208563520 112592
1764164871243831136 112593
1764164871270624032 112594
1764164871305324032 112595
1764164871341937888 112596
1764164871376094720 112597
1764164871417112192 112598
1764164871449197568 112599
1764164871476880512 112600
1764164871505982816 112601
1764164871547789088 112602
1764164871574300960 112603
1764164871603326400 112604
1764164871638812704 112605
1764164871680429696 112606
1764164871707758400 112607
1764164871742217856 112608
1764164871770067360 112609
1764164871810485344 112610
1764164871837228288 112611
1764164871875700576 112612
1764164871905918336 112613
1764164871940988160 112614
1764164871975497248 112615
1764164872012481664 112616
1764164872038293696 112617
1764164872083713280 112618
1764164872107592960 112619
1764164872147421376 112620
1764164872173760416 112621
1764164872202940512 112622
1764164872242755744 112623
1764164872270495904 112624
1764164872302801536 112625
1764164872337954304 112626
1764164872378087712 112627
1764164872405057632 112628
1764164872447780640 112629
1764164872473721568 112630
1764164872513811264 112631
1764164872540861248 112632
1764164872575886560 112633
1764164872604912192 112634
1764164872639298656 112635
1764164872673853376 112636
1764164872711046048 112637
1764164872736911776 112638
1764164872773407808 112639
1764164872807886208 112640
1764164872847446400 112641
1764164872873687616 112642
1764164872907861760 112643
1764164872941972992 112644
1764164872976404160 112645
1764164873003538784 112646
1764164873041660928 112647
1764164873073015840 112648
1764164873115240256 112649
1764164873139874944 112650
1764164873175518464 112651
1764164873203957920 112652
1764164873240689792 112653
1764164873273726240 112654
1764164873307913888 112655
1764164873343460416 112656
1764164873372340640 112657
1764164873411707136 112658
1764164873442450336 112659
1764164873469474496 112660
1764164873506455136 112661
1764164873542231584 112662
1764164873570101824 112663
1764164873604236928 112664
1764164873639365568 112665
1764164873673967136 112666
1764164873710754016 112667
1764164873736941504 112668
1764164873772448800 112669
1764164873808320832 112670
1764164873849833888 112671
1764164873873658208 112672
1764164873908449536 112673
1764164873941602496 112674
1764164873974772256 112675
1764164874011132064 112676
1764164874042900448 112677
1764164874071616768 112678
1764164874106979744 112679
1764164874140623520 112680
1764164874173772544 112681
1764164874208959296 112682
1764164874236392032 112683
1764164874274961984 112684
1764164874310448416 112685
1764164874336563488 112686
1764164874370838432 112687
1764164874411084512 112688
1764164874438005856 112689
1764164874472937216 112690
1764164874507141408 112691
1764164874541211872 112692
1764164874575398400 112693
1764164874603655488 112694
1764164874642449280 112695
1764164874670667168 112696
1764164874706909376 112697
1764164874741060416 112698
1764164874774775776 112699
1764164874804337920 112700
1764164874843228672 112701
1764164874871215936 112702
1764164874906816960 112703
1764164874942226208 112704
1764164874979775424 112705
1764164875007353920 112706
1764164875043092128 112707
1764164875069310688 112708
1764164875102801696 112709
1764164875143117664 112710
1764164875169267360 112711
1764164875203286048 112712
1764164875242452768 112713
1764164875283499296 112714
1764164875308183232 112715
1764164875337310784 112716
1764164875372307936 112717
1764164875411056352 112718
1764164875436752928 112719
1764164875471514240 112720
1764164875506445696 112721
1764164875546688032 112722
1764164875576179424 112723
1764164875602969504 112724
1764164875639968672 112725
1764164875672387424 112726
1764164875706445728 112727
1764164875742416704 112728
1764164875769570176 112729
1764164875811173536 112730
1764164875843888480 112731
1764164875870858336 112732
1764164875905420992 112733
1764164875942764544 112734
1764164875969893568 112735
1764164876009783456 112736
1764164876036599936 112737
1764164876072733600 112738
1764164876107516000 112739
1764164876140487968 112740
1764164876176379616 112741
1764164876202914400 112742
1764164876237703776 112743
1764164876275538432 112744
1764164876303772768 112745
1764164876342475136 112746
1764164876373896704 112747
1764164876408206816 112748
1764164876447068992 112749
1764164876474616096 112750
1764164876511621920 112751
1764164876544920096 112752
1764164876573547712 112753
1764164876618730944 112754
1764164876640863008 112755
1764164876675606048 112756
1764164876703435168 112757
1764164876736066912 112758
1764164876773109088 112759
1764164876808559136 112760
1764164876840737408 112761
1764164876875365216 112762
1764164876905480832 112763
1764164876940168128 112764
1764164876970658080 112765
1764164877014457440 112766
1764164877049860352 112767
1764164877079250016 112768
1764164877106077216 112769
1764164877146361280 112770
1764164877174302656 112771
1764164877208110848 112772
1764164877238841728 112773
1764164877272709888 112774
1764164877309021888 112775
1764164877339439296 112776
1764164877383003648 112777
1764164877409706720 112778
1764164877435967872 112779
1764164877472028640 112780
1764164877506843168 112781
1764164877540486400 112782
1764164877572906880 112783
1764164877610864800 112784
1764164877639413376 112785
1764164877673694624 112786
1764164877707295104 112787
1764164877740981408 112788
1764164877774476576 112789
1764164877806958432 112790
1764164877840454624 112791
1764164877874179616 112792
1764164877911191616 112793
1764164877937491936 112794
1764164877971480864 112795
1764164878006450688 112796
1764164878040389216 112797
1764164878079525984 112798
1764164878107107552 112799
1764164878141063584 112800
1764164878175032480 112801
1764164878207969056 112802
1764164878237075328 112803
1764164878272168096 112804
1764164878306452704 112805
1764164878340260896 112806
1764164878373775520 112807
1764164878418462176 112808
1764164878439922944 112809
1764164878475435808 112810
1764164878501864704 112811
1764164878536208032 112812
1764164878571648672 112813
1764164878606578400 112814
1764164878641353696 112815
1764164878674627200 112816
1764164878707182048 112817
1764164878750953376 112818
1764164878773147456 112819
1764164878808217600 112820
1764164878841430304 112821
1764164878874885856 112822
1764164878910791904 112823
1764164878935954880 112824
1764164878970880576 112825
1764164879006770112 112826
1764164879049429056 112827
1764164879073383808 112828
1764164879106232448 112829
1764164879139868576 112830
1764164879173892352 112831
1764164879211253888 112832
1764164879236082368 112833
1764164879271325056 112834
1764164879310746464 112835
1764164879337051488 112836
1764164879372133632 112837
1764164879406613280 112838
1764164879440724736 112839
1764164879476246240 112840
1764164879502568000 112841
1764164879549305760 112842
1764164879575405248 112843
1764164879602326592 112844
1764164879635762112 112845
1764164879671919520 112846
1764164879707370144 112847
1764164879743798368 112848
1764164879768994240 112849
1764164879804689728 112850
1764164879840304800 112851
1764164879879532736 112852
1764164879905964768 112853
1764164879934941152 112854
1764164879970559712 112855
1764164880007536288 112856
1764164880040208416 112857
1764164880068902848 112858
1764164880107802336 112859
1764164880135405088 112860
1764164880169980864 112861
1764164880217348448 112862
1764164880240110688 112863
1764164880283505088 112864
1764164880305789280 112865
1764164880341715968 112866
1764164880371923520 112867
1764164880402133024 112868
1764164880436587200 112869
1764164880472887744 112870
1764164880507556800 112871
1764164880541968416 112872
1764164880578866816 112873
1764164880606334368 112874
1764164880643863872 112875
1764164880669725824 112876
1764164880705474144 112877
1764164880740923808 112878
1764164880775534112 112879
1764164880801921376 112880
1764164880838198336 112881
1764164880879119584 112882
1764164880905662624 112883
1764164880946459488 112884
1764164880972821504 112885
1764164881012680160 112886
1764164881039533664 112887
1764164881084489632 112888
1764164881107715040 112889
1764164881143841888 112890
1764164881171886272 112891
1764164881206584448 112892
1764164881240100448 112893
1764164881279681600 112894
1764164881306586976 112895
1764164881340972704 112896
1764164881374399136 112897
1764164881413111840 112898
1764164881441416896 112899
1764164881473660544 112900
1764164881507311488 112901
1764164881540124448 112902
1764164881574487264 112903
1764164881609522592 112904
1764164881642311520 112905
1764164881672745600 112906
1764164881706749888 112907
1764164881750498752 112908
1764164881772946944 112909
1764164881815073056 112910
1764164881840066144 112911
1764164881874024320 112912
1764164881908834400 112913
1764164881935597920 112914
1764164881969816224 112915
1764164882006493504 112916
1764164882041258080 112917
1764164882074306112 112918
1764164882117091296 112919
1764164882139092608 112920
1764164882174449504 112921
1764164882212345664 112922
1764164882240007584 112923
1764164882280402144 112924
1764164882307170048 112925
1764164882350693312 112926
1764164882384109984 112927
1764164882410371648 112928
1764164882445906688 112929
1764164882474556576 112930
1764164882508164960 112931
1764164882540882112 112932
1764164882575658368 112933
1764164882607097888 112934
1764164882643979072 112935
1764164882668860480 112936
1764164882707964768 112937
1764164882735226656 112938
1764164882768996992 112939
1764164882807076992 112940
1764164882835411712 112941
1764164882875048544 112942
1764164882903978784 112943
1764164882938004192 112944
1764164882972829600 112945
1764164883007430880 112946
1764164883040358304 112947
1764164883073747584 112948
1764164883111571008 112949
1764164883136832192 112950
1764164883170964864 112951
1764164883205252608 112952
1764164883240030624 112953
1764164883278947424 112954
1764164883305484896 112955
1764164883339873056 112956
1764164883379801600 112957
1764164883406725440 112958
1764164883442428896 112959
1764164883468751072 112960
1764164883503700672 112961
1764164883539515776 112962
1764164883574462240 112963
1764164883611778272 112964
1764164883636904480 112965
1764164883671547392 112966
1764164883706267296 112967
1764164883740006336 112968
1764164883773650336 112969
1764164883807040608 112970
1764164883838101312 112971
1764164883875050336 112972
1764164883902530560 112973
1764164883951557312 112974
1764164883979471840 112975
1764164884006943488 112976
1764164884043423008 112977
1764164884068983776 112978
1764164884103469792 112979
1764164884146455328 112980
1764164884172858560 112981
1764164884206458464 112982
1764164884240066656 112983
1764164884273327264 112984
1764164884307432352 112985
1764164884335617440 112986
1764164884374757088 112987
1764164884402290432 112988
1764164884437196416 112989
1764164884468337472 112990
1764164884503442336 112991
1764164884546153600 112992
1764164884577217888 112993
1764164884603185408 112994
1764164884635182880 112995
1764164884669219072 112996
1764164884706428672 112997
1764164884740612256 112998
1764164884774768672 112999
1764164884802595360 113000
1764164884837112672 113001
1764164884872014944 113002
1764164884907737024 113003
1764164884936937312 113004
1764164884971684032 113005
1764164885008668832 113006
1764164885035962176 113007
1764164885071918272 113008
1764164885110128384 113009
1764164885138981152 113010
1764164885173798720 113011
1764164885207403264 113012
1764164885235576928 113013
1764164885271311552 113014
1764164885306609280 113015
1764164885334991776 113016
1764164885369079680 113017
1764164885404942304 113018
1764164885441028928 113019
1764164885468128032 113020
1764164885504797952 113021
1764164885538610624 113022
1764164885574036576 113023
1764164885601469728 113024
1764164885635640736 113025
1764164885671444320 113026
1764164885707436960 113027
1764164885735328992 113028
1764164885771477632 113029
1764164885801366048 113030
1764164885853883424 113031
1764164885879810720 113032
1764164885921182432 113033
1764164885942313280 113034
1764164885983552672 113035
1764164886009203424 113036
1764164886034189312 113037
1764164886071116992 113038
1764164886106203520 113039
1764164886140877600 113040
1764164886174493760 113041
1764164886204999840 113042
1764164886238603488 113043
1764164886273479584 113044
1764164886307338592 113045
1764164886340902688 113046
1764164886374508736 113047
1764164886401786336 113048
1764164886443512160 113049
1764164886475923616 113050
1764164886506627872 113051
1764164886539893312 113052
1764164886572859648 113053
1764164886607123296 113054
1764164886635351872 113055
1764164886669987968 113056
1764164886708676832 113057
1764164886743241856 113058
1764164886769015040 113059
1764164886803818432 113060
1764164886841294368 113061
1764164886871965344 113062
1764164886905882592 113063
1764164886935328448 113064
1764164886970278080 113065
1764164887011092736 113066
1764164887036202112 113067
1764164887078981184 113068
1764164887121135712 113069
1764164887139038400 113070
1764164887173695808 113071
1764164887206598464 113072
1764164887234623968 113073
1764164887268800288 113074
1764164887303963680 113075
1764164887339762368 113076
1764164887373253792 113077
1764164887407104096 113078
1764164887440318112 113079
1764164887474141760 113080
1764164887503878080 113081
1764164887550481568 113082
1764164887573986688 113083
1764164887618713536 113084
1764164887640307840 113085
1764164887669054432 113086
1764164887704673824 113087
1764164887740532352 113088
1764164887777339584 113089
1764164887803324704 113090
1764164887838667648 113091
1764164887873547712 113092
1764164887906918848 113093
1764164887938994304 113094
1764164887973777600 113095
1764164888005097856 113096
1764164888040574912 113097
1764164888068649376 113098
1764164888103550048 113099
1764164888141229216 113100
1764164888176962080 113101
1764164888203503584 113102
1764164888241127136 113103
1764164888273864256 113104
1764164888307482368 113105
1764164888341216384 113106
1764164888379281056 113107
1764164888407205696 113108
1764164888441679680 113109
1764164888473710272 113110
1764164888515115872 113111
1764164888538138112 113112
1764164888573465440 113113
1764164888613528416 113114
1764164888641104512 113115
1764164888683346720 113116
1764164888719863744 113117
1764164888744342272 113118
1764164888767412928 113119
1764164888803909856 113120
1764164888839165216 113121
1764164888873207040 113122
1764164888906377568 113123
1764164888940502432 113124
1764164888974600448 113125
1764164889010529152 113126
1764164889039235488 113127
1764164889072955680 113128
1764164889110777792 113129
1764164889139498400 113130
1764164889174249088 113131
1764164889216518560 113132
1764164889246702912 113133
1764164889273475232 113134
1764164889305474976 113135
1764164889339907680 113136
1764164889374215584 113137
1764164889402331008 113138
1764164889436848480 113139
1764164889485641152 113140
1764164889521400800 113141
1764164889538146688 113142
1764164889573213312 113143
1764164889606584128 113144
1764164889640372064 113145
1764164889670883648 113146
1764164889709663168 113147
1764164889746987552 113148
1764164889774911232 113149
1764164889816131552 113150
1764164889850045056 113151
1764164889883915520 113152
1764164889906955776 113153
1764164889933496512 113154
1764164889971771136 113155
1764164890007751616 113156
1764164890036362432 113157
1764164890071465984 113158
1764164890105918368 113159
1764164890138787616 113160
1764164890173647584 113161
1764164890207862720 113162
1764164890240606752 113163
1764164890268058368 113164
1764164890302752896 113165
1764164890338302464 113166
1764164890372853344 113167
1764164890401770912 113168
1764164890436031680 113169
1764164890475022912 113170
1764164890501834624 113171
1764164890536006368 113172
1764164890570318944 113173
1764164890605686016 113174
1764164890639773664 113175
1764164890673394368 113176
1764164890707532480 113177
1764164890741346464 113178
1764164890775115200 113179
1764164890815220640 113180
1764164890838632544 113181
1764164890873300096 113182
1764164890914831296 113183
1764164890941948608 113184
1764164890980045312 113185
1764164891008028672 113186
1764164891048065088 113187
1764164891071884288 113188
1764164891106308832 113189
1764164891139287872 113190
1764164891173077632 113191
1764164891205779296 113192
1764164891235389728 113193
1764164891270470912 113194
1764164891306730880 113195
1764164891334679968 113196
1764164891369410240 113197
1764164891405384608 113198
1764164891440362016 113199
1764164891473137440 113200
1764164891501453568 113201
1764164891535679200 113202
1764164891571206720 113203
1764164891605862432 113204
1764164891639185312 113205
1764164891674036544 113206
1764164891701965728 113207
1764164891737029536 113208
1764164891771438688 113209
1764164891821525472 113210
1764164891838034112 113211
1764164891871716864 113212
1764164891908161024 113213
1764164891935877824 113214
1764164891969774720 113215
1764164892005748320 113216
1764164892034421600 113217
1764164892068428320 113218
1764164892104261760 113219
1764164892151132288 113220
1764164892186308512 113221
1764164892215724512 113222
1764164892242075232 113223
1764164892267950336 113224
1764164892303924288 113225
1764164892339013376 113226
1764164892372708736 113227
1764164892405890656 113228
1764164892452968992 113229
1764164892474212672 113230
1764164892505356064 113231
1764164892545533088 113232
1764164892572456864 113233
1764164892604990336 113234
1764164892643027232 113235
1764164892668339712 113236
1764164892704066848 113237
1764164892739308032 113238
1764164892773627168 113239
1764164892806753184 113240
1764164892839898336 113241
1764164892869467104 113242
1764164892904295776 113243
1764164892939372032 113244
1764164892973497920 113245
1764164893006996832 113246
1764164893034193344 113247
1764164893068234624 113248
1764164893103096064 113249
1764164893138096256 113250
1764164893168499808 113251
1764164893207296288 113252
1764164893237281696 113253
1764164893267124320 113254
1764164893305104480 113255
1764164893340289632 113256
1764164893374859616 113257
1764164893400124800 113258
1764164893435331200 113259
1764164893470009472 113260
1764164893508246592 113261
1764164893533580704 113262
1764164893568072288 113263
1764164893605168224 113264
1764164893640577632 113265
1764164893668625984 113266
1764164893702711552 113267
1764164893738835552 113268
1764164893773276608 113269
1764164893806033952 113270
1764164893839541920 113271
1764164893866801504 113272
1764164893901524320 113273
1764164893936173248 113274
1764164893972120800 113275
1764164894006581280 113276
1764164894038859488 113277
1764164894071660672 113278
1764164894106185504 113279
1764164894140313120 113280
1764164894171360352 113281
1764164894205901568 113282
1764164894239230144 113283
1764164894273309184 113284
1764164894306365440 113285
1764164894334460800 113286
1764164894368668800 113287
1764164894404822240 113288
1764164894439584768 113289
1764164894471028832 113290
1764164894506098080 113291
1764164894540015232 113292
1764164894573021760 113293
1764164894602077536 113294
1764164894637819776 113295
1764164894673019040 113296
1764164894707607104 113297
1764164894734681472 113298
1764164894770309280 113299
1764164894805266432 113300
1764164894835425248 113301
1764164894870839328 113302
1764164894906965088 113303
1764164894941459744 113304
1764164894968031712 113305
1764164895005785440 113306
1764164895035779328 113307
1764164895069646816 113308
1764164895107037088 113309
1764164895135688448 113310
1764164895170003936 113311
1764164895205125344 113312
1764164895246519872 113313
1764164895271928736 113314
1764164895306328736 113315
1764164895339447136 113316
1764164895368641280 113317
1764164895406525568 113318
1764164895435336064 113319
1764164895470413152 113320
1764164895505093632 113321
1764164895538976064 113322
1764164895567854752 113323
1764164895603294656 113324
1764164895638545696 113325
1764164895668595200 113326
1764164895704050016 113327
1764164895744074080 113328
1764164895772050624 113329
1764164895807213376 113330
1764164895843982720 113331
1764164895882997888 113332
1764164895903640288 113333
1764164895937341856 113334
1764164895972773312 113335
1764164896001173568 113336
1764164896037549728 113337
1764164896072294560 113338
1764164896106000384 113339
1764164896141076832 113340
1764164896171720064 113341
1764164896205411264 113342
1764164896240103488 113343
1764164896268203968 113344
1764164896303931968 113345
1764164896341288480 113346
1764164896367631584 113347
1764164896403409216 113348
1764164896438305856 113349
1764164896472582240 113350
1764164896506149376 113351
1764164896538866112 113352
1764164896569587840 113353
1764164896604267424 113354
1764164896638685472 113355
1764164896672906368 113356
1764164896700874464 113357
1764164896735783872 113358
1764164896771286272 113359
1764164896802059040 113360
1764164896839455232 113361
1764164896873310016 113362
1764164896901035456 113363
1764164896935760032 113364
1764164896970075136 113365
1764164897006488768 113366
1764164897041687904 113367
1764164897070817088 113368
1764164897104173120 113369
1764164897138760512 113370
1764164897173203520 113371
1764164897207224640 113372
1764164897235407488 113373
1764164897269215904 113374
1764164897318785472 113375
1764164897340054752 113376
1764164897378870208 113377
1764164897404900672 113378
1764164897438951584 113379
1764164897471743808 113380
1764164897518425312 113381
1764164897540829888 113382
1764164897566457824 113383
1764164897599743168 113384
1764164897634555840 113385
1764164897670777792 113386
1764164897705572960 113387
1764164897738915808 113388
1764164897773227104 113389
1764164897801274208 113390
1764164897838977344 113391
1764164897872732032 113392
1764164897906340096 113393
1764164897933952384 113394
1764164897968297152 113395
1764164898003542272 113396
