69758 1999365310 1764167409938.922607 1764167409939 1764167409946
69759 1999398654 1764167409972.270996 1764167409973 1764167409980
69760 1999431998 1764167410005.619385 1764167410006 1764167410013
69761 1999465342 1764167410038.967773 1764167410039 1764167410046
69762 1999498686 1764167410072.316162 1764167410073 1764167410080
69763 1999532030 1764167410105.664551 1764167410105 1764167410113
69764 1999565374 1764167410139.012939 1764167410139 1764167410146
69765 1999598717 1764167410172.360352 1764167410173 1764167410180
69766 1999632061 1764167410205.708984 1764167410205 1764167410213
69767 1999665405 1764167410239.057373 1764167410239 1764167410246
69768 1999698749 1764167410272.406006 1764167410273 1764167410280
69769 1999732093 1764167410305.754395 1764167410305 1764167410313
69770 1999765437 1764167410339.103027 1764167410339 1764167410346
69771 1999798781 1764167410372.451660 1764167410373 1764167410380
69772 1999832125 1764167410405.800293 1764167410405 1764167410413
69773 1999865469 1764167410439.148926 1764167410439 1764167410446
69774 1999898813 1764167410472.497559 1764167410473 1764167410480
69775 1999932157 1764167410505.846436 1764167410505 1764167410513
69776 1999965501 1764167410539.195068 1764167410539 1764167410546
69777 1999998845 1764167410572.543945 1764167410573 1764167410580
69778 2000032188 1764167410605.891602 1764167410606 1764167410613
69779 2000065532 1764167410639.240479 1764167410639 1764167410646
69780 2000098876 1764167410672.589111 1764167410673 1764167410680
69781 2000132220 1764167410705.937500 1764167410706 1764167410713
69782 2000165564 1764167410739.286133 1764167410740 1764167410747
69783 2000198908 1764167410772.635010 1764167410773 1764167410780
69784 2000232252 1764167410805.983643 1764167410806 1764167410813
69785 2000265596 1764167410839.332275 1764167410840 1764167410847
69786 2000298940 1764167410872.681152 1764167410872 1764167410880
69787 2000332284 1764167410906.029785 1764167410906 1764167410913
69788 2000365628 1764167410939.378662 1764167410940 1764167410947
69789 2000398972 1764167410972.727539 1764167410972 1764167410980
69790 2000432316 1764167411006.076416 1764167411006 1764167411013
69791 2000465659 1764167411039.424316 1764167411040 1764167411047
69792 2000499003 1764167411072.773193 1764167411072 1764167411080
69793 2000532347 1764167411106.122070 1764167411106 1764167411113
69794 2000565691 1764167411139.470947 1764167411140 1764167411147
69795 2000599035 1764167411172.820068 1764167411172 1764167411180
69796 2000632379 1764167411206.168945 1764167411206 1764167411213
69797 2000665723 1764167411239.518066 1764167411240 1764167411247
69798 2000699067 1764167411272.867188 1764167411272 1764167411280
69799 2000732411 1764167411306.216309 1764167411306 1764167411313
69800 2000765755 1764167411339.565430 1764167411340 1764167411347
69801 2000799099 1764167411372.914551 1764167411373 1764167411380
69802 2000832443 1764167411406.263672 1764167411406 1764167411413
69803 2000865787 1764167411439.612793 1764167411440 1764167411447
69804 2000899131 1764167411472.962158 1764167411473 1764167411480
69805 2000932474 1764167411506.310303 1764167411507 1764167411514
69806 2000965818 1764167411539.659668 1764167411540 1764167411547
69807 2000999162 1764167411573.009033 1764167411573 1764167411580
69808 2001032506 1764167411606.358398 1764167411607 1764167411614
69809 2001065850 1764167411639.707764 1764167411640 1764167411647
69810 2001099194 1764167411673.055420 1764167411673 1764167411682
69811 2001132538 1764167411706.403320 1764167411707 1764167411714
69812 2001165882 1764167411739.751221 1764167411739 1764167411747
69813 2001199226 1764167411773.099121 1764167411773 1764167411780
69814 2001232570 1764167411806.447021 1764167411807 1764167411814
69815 2001265914 1764167411839.795166 1764167411839 1764167411847
69816 2001299258 1764167411873.143066 1764167411873 1764167411880
69817 2001332602 1764167411906.490967 1764167411906 1764167411914
69818 2001365945 1764167411939.837891 1764167411939 1764167411947
69819 2001399289 1764167411973.186035 1764167411974 1764167411982
69820 2001432633 1764167412006.533936 1764167412007 1764167412014
69821 2001465977 1764167412039.882080 1764167412040 1764167412047
69822 2001499321 1764167412073.230225 1764167412073 1764167412080
69823 2001532665 1764167412106.578125 1764167412107 1764167412114
69824 2001566009 1764167412139.926270 1764167412140 1764167412147
69825 2001599353 1764167412173.274414 1764167412173 1764167412180
69826 2001632697 1764167412206.622559 1764167412207 1764167412214
69827 2001666041 1764167412239.970703 1764167412240 1764167412247
69828 2001699385 1764167412273.318848 1764167412274 1764167412281
69829 2001732729 1764167412306.666992 1764167412307 1764167412314
69830 2001766073 1764167412340.015137 1764167412340 1764167412347
69831 2001799416 1764167412373.362305 1764167412373 1764167412381
69832 2001832760 1764167412406.710693 1764167412407 1764167412414
69833 2001866104 1764167412440.058838 1764167412440 1764167412447
69834 2001899448 1764167412473.406982 1764167412474 1764167412481
69835 2001932792 1764167412506.755371 1764167412507 1764167412514
69836 2001966136 1764167412540.103760 1764167412540 1764167412547
69837 2001999480 1764167412573.451904 1764167412574 1764167412581
69838 2002032824 1764167412606.800293 1764167412606 1764167412614
69839 2002066168 1764167412640.148682 1764167412640 1764167412647
69840 2002099512 1764167412673.496582 1764167412674 1764167412681
69841 2002132856 1764167412706.844727 1764167412706 1764167412714
69842 2002166200 1764167412740.192871 1764167412740 1764167412747
69843 2002199544 1764167412773.540771 1764167412773 1764167412782
69844 2002232888 1764167412806.888916 1764167412807 1764167412814
69845 2002266231 1764167412840.236084 1764167412840 1764167412847
69846 2002299575 1764167412873.584229 1764167412874 1764167412881
69847 2002332919 1764167412906.932373 1764167412907 1764167412914
69848 2002366263 1764167412940.280518 1764167412940 1764167412948
69849 2002399607 1764167412973.628662 1764167412974 1764167412981
69850 2002432951 1764167413006.976807 1764167413007 1764167413014
69851 2002466295 1764167413040.324951 1764167413040 1764167413047
69852 2002499639 1764167413073.673096 1764167413074 1764167413081
69853 2002532983 1764167413107.021484 1764167413107 1764167413114
69854 2002566327 1764167413140.369629 1764167413140 1764167413147
69855 2002599671 1764167413173.718018 1764167413174 1764167413181
69856 2002633015 1764167413207.066162 1764167413207 1764167413214
69857 2002666359 1764167413240.414551 1764167413241 1764167413248
69858 2002699702 1764167413273.761719 1764167413273 1764167413281
69859 2002733046 1764167413307.110107 1764167413307 1764167413314
69860 2002766390 1764167413340.458496 1764167413341 1764167413348
69861 2002799734 1764167413373.806641 1764167413373 1764167413381
69862 2002833078 1764167413407.155029 1764167413407 1764167413414
69863 2002866422 1764167413440.503418 1764167413441 1764167413448
69864 2002899766 1764167413473.851807 1764167413473 1764167413481
69865 2002933110 1764167413507.200195 1764167413507 1764167413514
69866 2002966454 1764167413540.548584 1764167413541 1764167413548
69867 2002999798 1764167413573.896973 1764167413573 1764167413581
69868 2003033142 1764167413607.245605 1764167413607 1764167413614
69869 2003066486 1764167413640.593994 1764167413641 1764167413648
69870 2003099830 1764167413673.941406 1764167413673 1764167413681
69871 2003133173 1764167413707.287842 1764167413707 1764167413714
69872 2003166517 1764167413740.635498 1764167413741 1764167413748
69873 2003199861 1764167413773.982910 1764167413774 1764167413782
69874 2003233205 1764167413807.330322 1764167413807 1764167413814
69875 2003266549 1764167413840.677979 1764167413841 1764167413848
69876 2003299893 1764167413874.025391 1764167413874 1764167413881
69877 2003333237 1764167413907.373047 1764167413907 1764167413914
69878 2003366581 1764167413940.720459 1764167413941 1764167413948
69879 2003399925 1764167413974.068115 1764167413974 1764167413981
69880 2003433269 1764167414007.415771 1764167414007 1764167414014
69881 2003466613 1764167414040.763184 1764167414041 1764167414048
69882 2003499957 1764167414074.110840 1764167414074 1764167414081
69883 2003533301 1764167414107.458496 1764167414108 1764167414115
69884 2003566645 1764167414140.805908 1764167414141 1764167414148
69885 2003599988 1764167414174.152588 1764167414174 1764167414181
69886 2003633332 1764167414207.500244 1764167414208 1764167414215
69887 2003666676 1764167414240.847900 1764167414240 1764167414248
69888 2003700020 1764167414274.195312 1764167414274 1764167414281
69889 2003733364 1764167414307.542969 1764167414308 1764167414315
69890 2003766708 1764167414340.890625 1764167414340 1764167414348
69891 2003800052 1764167414374.238281 1764167414374 1764167414381
69892 2003833396 1764167414407.585938 1764167414408 1764167414415
69893 2003866740 1764167414440.933594 1764167414440 1764167414448
69894 2003900084 1764167414474.281250 1764167414474 1764167414481
69895 2003933428 1764167414507.628906 1764167414508 1764167414515
69896 2003966772 1764167414540.976562 1764167414540 1764167414548
69897 2004000116 1764167414574.324463 1764167414574 1764167414581
69898 2004033459 1764167414607.671143 1764167414607 1764167414615
69899 2004066803 1764167414641.018799 1764167414641 1764167414648
69900 2004100147 1764167414674.365723 1764167414674 1764167414681
69901 2004133491 1764167414707.713135 1764167414708 1764167414715
69902 2004166835 1764167414741.060303 1764167414741 1764167414748
69903 2004200179 1764167414774.407471 1764167414774 1764167414781
69904 2004233523 1764167414807.754883 1764167414808 1764167414815
69905 2004266867 1764167414841.102051 1764167414841 1764167414848
69906 2004300211 1764167414874.449219 1764167414875 1764167414882
69907 2004333555 1764167414907.796631 1764167414908 1764167414915
69908 2004366899 1764167414941.143799 1764167414941 1764167414948
69909 2004400243 1764167414974.491211 1764167414975 1764167414982
69910 2004433587 1764167415007.838379 1764167415007 1764167415015
69911 2004466930 1764167415041.184570 1764167415041 1764167415048
69912 2004500274 1764167415074.531982 1764167415075 1764167415082
69913 2004533618 1764167415107.879150 1764167415107 1764167415115
69914 2004566962 1764167415141.226562 1764167415141 1764167415148
69915 2004600306 1764167415174.573730 1764167415175 1764167415182
69916 2004633650 1764167415207.921143 1764167415207 1764167415218
69917 2004666994 1764167415241.268311 1764167415241 1764167415248
69918 2004700338 1764167415274.615479 1764167415275 1764167415282
69919 2004733682 1764167415307.962891 1764167415308 1764167415315
69920 2004767026 1764167415341.310059 1764167415341 1764167415348
69921 2004800370 1764167415374.657471 1764167415375 1764167415382
69922 2004833714 1764167415408.004883 1764167415407 1764167415415
69923 2004867058 1764167415441.352051 1764167415441 1764167415448
69924 2004900402 1764167415474.699463 1764167415475 1764167415482
69925 2004933745 1764167415508.045654 1764167415508 1764167415515
69926 2004967089 1764167415541.393066 1764167415541 1764167415548
69927 2005000433 1764167415574.740234 1764167415574 1764167415582
69928 2005033777 1764167415608.087646 1764167415608 1764167415615
69929 2005067121 1764167415641.434814 1764167415641 1764167415649
69930 2005100465 1764167415674.782227 1764167415674 1764167415682
69931 2005133809 1764167415708.130371 1764167415708 1764167415715
69932 2005167153 1764167415741.478516 1764167415742 1764167415749
69933 2005200497 1764167415774.826660 1764167415774 1764167415782
69934 2005233841 1764167415808.174805 1764167415808 1764167415815
69935 2005267185 1764167415841.522949 1764167415842 1764167415849
69936 2005300529 1764167415874.871094 1764167415875 1764167415883
69937 2005333873 1764167415908.219238 1764167415908 1764167415915
69938 2005367216 1764167415941.566406 1764167415942 1764167415949
69939 2005400560 1764167415974.914795 1764167415974 1764167415982
69940 2005433904 1764167416008.262939 1764167416008 1764167416015
69941 2005467248 1764167416041.611084 1764167416042 1764167416049
69942 2005500592 1764167416074.959229 1764167416074 1764167416082
69943 2005533936 1764167416108.307617 1764167416108 1764167416115
69944 2005567280 1764167416141.655762 1764167416142 1764167416149
69945 2005600624 1764167416175.003906 1764167416174 1764167416182
69946 2005633968 1764167416208.352051 1764167416208 1764167416215
69947 2005667312 1764167416241.700439 1764167416241 1764167416249
69948 2005700656 1764167416275.048584 1764167416275 1764167416282
69949 2005734000 1764167416308.396973 1764167416308 1764167416315
69950 2005767344 1764167416341.745117 1764167416342 1764167416349
69951 2005800687 1764167416375.092529 1764167416375 1764167416382
69952 2005834031 1764167416408.440674 1764167416408 1764167416415
69953 2005867375 1764167416441.789062 1764167416442 1764167416449
69954 2005900719 1764167416475.137207 1764167416475 1764167416482
69955 2005934063 1764167416508.485596 1764167416508 1764167416515
69956 2005967407 1764167416541.833740 1764167416542 1764167416549
69957 2006000751 1764167416575.182129 1764167416575 1764167416582
69958 2006034095 1764167416608.530518 1764167416609 1764167416616
69959 2006067439 1764167416641.878662 1764167416641 1764167416649
69960 2006100783 1764167416675.227051 1764167416675 1764167416682
69961 2006134127 1764167416708.573486 1764167416709 1764167416716
69962 2006167471 1764167416741.919678 1764167416741 1764167416749
69963 2006200815 1764167416775.266113 1764167416775 1764167416782
69964 2006234159 1764167416808.612305 1764167416809 1764167416816
69965 2006267502 1764167416841.957764 1764167416841 1764167416849
69966 2006300846 1764167416875.303955 1764167416875 1764167416882
69967 2006334190 1764167416908.650391 1764167416909 1764167416916
69968 2006367534 1764167416941.996582 1764167416941 1764167416949
69969 2006400878 1764167416975.343018 1764167416975 1764167416982
69970 2006434222 1764167417008.689209 1764167417009 1764167417016
69971 2006467566 1764167417042.035645 1764167417042 1764167417049
69972 2006500910 1764167417075.381836 1764167417075 1764167417082
69973 2006534254 1764167417108.728027 1764167417109 1764167417116
69974 2006567598 1764167417142.074463 1764167417142 1764167417149
69975 2006600942 1764167417175.420654 1764167417175 1764167417182
69976 2006634286 1764167417208.766846 1764167417209 1764167417216
69977 2006667630 1764167417242.113281 1764167417242 1764167417249
69978 2006700973 1764167417275.458496 1764167417275 1764167417282
69979 2006734317 1764167417308.804688 1764167417309 1764167417316
69980 2006767661 1764167417342.150879 1764167417342 1764167417349
69981 2006801005 1764167417375.497070 1764167417376 1764167417383
69982 2006834349 1764167417408.843262 1764167417408 1764167417416
69983 2006867693 1764167417442.189697 1764167417442 1764167417449
69984 2006901037 1764167417475.535889 1764167417476 1764167417483
69985 2006934381 1764167417508.882080 1764167417508 1764167417516
69986 2006967725 1764167417542.228271 1764167417542 1764167417549
69987 2007001069 1764167417575.574463 1764167417576 1764167417583
69988 2007034413 1764167417608.920654 1764167417608 1764167417616
69989 2007067757 1764167417642.266846 1764167417642 1764167417649
69990 2007101101 1764167417675.613037 1764167417676 1764167417683
69991 2007134444 1764167417708.965332 1764167417708 1764167417716
69992 2007167788 1764167417742.318604 1764167417742 1764167417749
69993 2007201132 1764167417775.671875 1764167417776 1764167417783
69994 2007234476 1764167417809.025146 1764167417808 1764167417816
69995 2007267820 1764167417842.378662 1764167417842 1764167417849
69996 2007301164 1764167417875.731934 1764167417876 1764167417883
69997 2007334508 1764167417909.085449 1764167417909 1764167417916
69998 2007367852 1764167417942.438965 1764167417942 1764167417949
69999 2007401196 1764167417975.792480 1764167417976 1764167417983
70000 2007434540 1764167418009.146240 1764167418009 1764167418016
70001 2007467884 1764167418042.499756 1764167418042 1764167418049
70002 2007501228 1764167418075.853516 1764167418076 1764167418083
70003 2007534572 1764167418109.207031 1764167418109 1764167418116
70004 2007567916 1764167418142.560791 1764167418142 1764167418150
70005 2007601259 1764167418175.913574 1764167418176 1764167418183
70006 2007634603 1764167418209.267334 1764167418209 1764167418216
70007 2007667947 1764167418242.621338 1764167418243 1764167418250
70008 2007701291 1764167418275.975098 1764167418276 1764167418283
70009 2007734635 1764167418309.329102 1764167418309 1764167418316
70010 2007767979 1764167418342.683105 1764167418343 1764167418350
70011 2007801323 1764167418376.037109 1764167418375 1764167418383
70012 2007834667 1764167418409.391113 1764167418409 1764167418416
70013 2007868011 1764167418442.745117 1764167418443 1764167418450
70014 2007901355 1764167418476.099365 1764167418475 1764167418483
70015 2007934699 1764167418509.453369 1764167418509 1764167418516
70016 2007968043 1764167418542.807617 1764167418543 1764167418550
70017 2008001387 1764167418576.161865 1764167418575 1764167418583
70018 2008034730 1764167418609.515137 1764167418609 1764167418616
70019 2008068074 1764167418642.869385 1764167418643 1764167418650
70020 2008101418 1764167418676.223877 1764167418676 1764167418683
70021 2008134762 1764167418709.569580 1764167418709 1764167418716
70022 2008168106 1764167418742.915283 1764167418743 1764167418750
70023 2008201450 1764167418776.261230 1764167418776 1764167418783
70024 2008234794 1764167418809.606934 1764167418809 1764167418816
70025 2008268138 1764167418842.952637 1764167418843 1764167418850
70026 2008301482 1764167418876.298340 1764167418876 1764167418883
70027 2008334826 1764167418909.644287 1764167418909 1764167418916
70028 2008368170 1764167418942.989990 1764167418943 1764167418950
70029 2008401514 1764167418976.335693 1764167418976 1764167418983
70030 2008434858 1764167419009.681396 1764167419010 1764167419017
70031 2008468201 1764167419043.026123 1764167419043 1764167419050
70032 2008501545 1764167419076.371582 1764167419076 1764167419083
70033 2008534889 1764167419109.717285 1764167419110 1764167419117
70034 2008568233 1764167419143.062988 1764167419142 1764167419150
70035 2008601577 1764167419176.408691 1764167419176 1764167419183
70036 2008634921 1764167419209.754395 1764167419210 1764167419217
70037 2008668265 1764167419243.099854 1764167419242 1764167419250
70038 2008701609 1764167419276.445557 1764167419276 1764167419283
70039 2008734953 1764167419309.791260 1764167419310 1764167419317
70040 2008768297 1764167419343.136719 1764167419342 1764167419350
70041 2008801641 1764167419376.482422 1764167419376 1764167419383
70042 2008834985 1764167419409.827881 1764167419410 1764167419417
70043 2008868329 1764167419443.173584 1764167419442 1764167419450
70044 2008901673 1764167419476.519043 1764167419476 1764167419483
70045 2008935016 1764167419509.863525 1764167419509 1764167419517
70046 2008968360 1764167419543.209229 1764167419543 1764167419550
70047 2009001704 1764167419576.554688 1764167419576 1764167419583
70048 2009035048 1764167419609.900146 1764167419610 1764167419617
70049 2009068392 1764167419643.245605 1764167419643 1764167419650
70050 2009101736 1764167419676.591064 1764167419676 1764167419683
70051 2009135080 1764167419709.937012 1764167419710 1764167419717
70052 2009168424 1764167419743.282959 1764167419743 1764167419750
70053 2009201768 1764167419776.628906 1764167419776 1764167419784
70054 2009235112 1764167419809.974854 1764167419810 1764167419817
70055 2009268456 1764167419843.320801 1764167419843 1764167419850
70056 2009301800 1764167419876.666748 1764167419877 1764167419884
70057 2009335144 1764167419910.012451 1764167419909 1764167419917
70058 2009368487 1764167419943.357422 1764167419943 1764167419950
70059 2009401831 1764167419976.703369 1764167419977 1764167419984
70060 2009435175 1764167420010.049072 1764167420009 1764167420017
70061 2009468519 1764167420043.395020 1764167420043 1764167420050
70062 2009501863 1764167420076.740967 1764167420077 1764167420084
70063 2009535207 1764167420110.086670 1764167420109 1764167420117
70064 2009568551 1764167420143.432617 1764167420144 1764167420151
70065 2009601895 1764167420176.778320 1764167420177 1764167420184
70066 2009635239 1764167420210.124268 1764167420209 1764167420217
70067 2009668583 1764167420243.469971 1764167420243 1764167420250
70068 2009701927 1764167420276.815918 1764167420277 1764167420284
70069 2009735271 1764167420310.161621 1764167420309 1764167420317
70070 2009768615 1764167420343.507324 1764167420343 1764167420350
70071 2009801958 1764167420376.852295 1764167420377 1764167420384
70072 2009835302 1764167420410.197998 1764167420410 1764167420417
70073 2009868646 1764167420443.543701 1764167420443 1764167420450
70074 2009901990 1764167420476.889404 1764167420477 1764167420484
70075 2009935334 1764167420510.235352 1764167420510 1764167420517
70076 2009968678 1764167420543.581055 1764167420543 1764167420550
70077 2010002022 1764167420576.926758 1764167420577 1764167420584
70078 2010035366 1764167420610.272461 1764167420610 1764167420617
70079 2010068710 1764167420643.618164 1764167420644 1764167420651
70080 2010102054 1764167420676.963867 1764167420676 1764167420684
70081 2010135398 1764167420710.310303 1764167420710 1764167420717
70082 2010168742 1764167420743.656494 1764167420744 1764167420751
70083 2010202086 1764167420777.002686 1764167420776 1764167420784
70084 2010235430 1764167420810.348877 1764167420810 1764167420817
70085 2010268773 1764167420843.694092 1764167420844 1764167420851
70086 2010302117 1764167420877.040527 1764167420876 1764167420884
70087 2010335461 1764167420910.386719 1764167420910 1764167420917
70088 2010368805 1764167420943.732910 1764167420944 1764167420951
70089 2010402149 1764167420977.079102 1764167420976 1764167420984
70090 2010435493 1764167421010.425293 1764167421010 1764167421017
70091 2010468837 1764167421043.771484 1764167421044 1764167421051
70092 2010502181 1764167421077.117676 1764167421076 1764167421084
70093 2010535525 1764167421110.463867 1764167421110 1764167421117
70094 2010568869 1764167421143.810059 1764167421144 1764167421151
70095 2010602213 1764167421177.156250 1764167421176 1764167421184
70096 2010635557 1764167421210.502441 1764167421210 1764167421217
70097 2010668901 1764167421243.848633 1764167421244 1764167421251
70098 2010702244 1764167421277.193848 1764167421277 1764167421284
70099 2010735588 1764167421310.540039 1764167421310 1764167421317
70100 2010768932 1764167421343.885986 1764167421343 1764167421351
70101 2010802276 1764167421377.232178 1764167421377 1764167421384
70102 2010835620 1764167421410.578369 1764167421410 1764167421417
70103 2010868964 1764167421443.924561 1764167421444 1764167421451
70104 2010902308 1764167421477.270752 1764167421477 1764167421484
70105 2010935652 1764167421510.616699 1764167421510 1764167421517
70106 2010968996 1764167421543.962891 1764167421544 1764167421551
70107 2011002340 1764167421577.309082 1764167421577 1764167421584
70108 2011035684 1764167421610.655029 1764167421611 1764167421618
70109 2011069028 1764167421644.001221 1764167421644 1764167421651
70110 2011102372 1764167421677.347412 1764167421677 1764167421684
70111 2011135715 1764167421710.691406 1764167421711 1764167421718
70112 2011169059 1764167421744.036377 1764167421744 1764167421751
70113 2011202403 1764167421777.381592 1764167421777 1764167421784
70114 2011235747 1764167421810.726562 1764167421811 1764167421818
70115 2011269091 1764167421844.071533 1764167421844 1764167421851
70116 2011302435 1764167421877.416504 1764167421877 1764167421884
70117 2011335779 1764167421910.761475 1764167421911 1764167421918
70118 2011369123 1764167421944.106445 1764167421943 1764167421951
70119 2011402467 1764167421977.451416 1764167421977 1764167421984
70120 2011435811 1764167422010.796387 1764167422011 1764167422018
70121 2011469155 1764167422044.141113 1764167422043 1764167422051
70122 2011502499 1764167422077.486084 1764167422077 1764167422084
70123 2011535843 1764167422110.831055 1764167422111 1764167422118
70124 2011569187 1764167422144.175781 1764167422143 1764167422151
70125 2011602530 1764167422177.519775 1764167422177 1764167422184
70126 2011635874 1764167422210.864502 1764167422211 1764167422218
70127 2011669218 1764167422244.209473 1764167422243 1764167422251
70128 2011702562 1764167422277.554199 1764167422277 1764167422284
70129 2011735906 1764167422310.898926 1764167422311 1764167422318
70130 2011769250 1764167422344.243896 1764167422343 1764167422351
70131 2011802594 1764167422377.588623 1764167422377 1764167422384
70132 2011835938 1764167422410.933350 1764167422411 1764167422418
70133 2011869282 1764167422444.278076 1764167422443 1764167422451
70134 2011902626 1764167422477.622803 1764167422477 1764167422484
70135 2011935970 1764167422510.967529 1764167422511 1764167422518
70136 2011969314 1764167422544.312256 1764167422544 1764167422551
70137 2012002658 1764167422577.656738 1764167422577 1764167422584
70138 2012036001 1764167422611.000488 1764167422611 1764167422618
70139 2012069345 1764167422644.345215 1764167422644 1764167422651
70140 2012102689 1764167422677.689697 1764167422677 1764167422684
70141 2012136033 1764167422711.033936 1764167422711 1764167422718
70142 2012169377 1764167422744.378174 1764167422744 1764167422751
70143 2012202721 1764167422777.722168 1764167422777 1764167422784
70144 2012236065 1764167422811.066162 1764167422811 1764167422818
70145 2012269409 1764167422844.410400 1764167422844 1764167422851
70146 2012302753 1764167422877.754395 1764167422877 1764167422884
70147 2012336097 1764167422911.098389 1764167422911 1764167422918
70148 2012369441 1764167422944.442383 1764167422944 1764167422951
70149 2012402785 1764167422977.786377 1764167422978 1764167422985
70150 2012436129 1764167423011.130371 1764167423011 1764167423018
70151 2012469472 1764167423044.473145 1764167423044 1764167423051
70152 2012502816 1764167423077.817139 1764167423078 1764167423085
70153 2012536160 1764167423111.161133 1764167423110 1764167423118
70154 2012569504 1764167423144.504883 1764167423144 1764167423151
70155 2012602848 1764167423177.848877 1764167423178 1764167423185
70156 2012636192 1764167423211.192627 1764167423210 1764167423218
70157 2012669536 1764167423244.536377 1764167423244 1764167423251
70158 2012702880 1764167423277.880127 1764167423278 1764167423285
70159 2012736224 1764167423311.224121 1764167423310 1764167423318
70160 2012769568 1764167423344.567871 1764167423344 1764167423351
70161 2012802912 1764167423377.911621 1764167423378 1764167423385
70162 2012836256 1764167423411.255127 1764167423410 1764167423418
70163 2012869600 1764167423444.598877 1764167423444 1764167423451
70164 2012902944 1764167423477.942627 1764167423478 1764167423485
70165 2012936287 1764167423511.285156 1764167423510 1764167423518
70166 2012969631 1764167423544.628906 1764167423544 1764167423551
70167 2013002975 1764167423577.972412 1764167423578 1764167423585
70168 2013036319 1764167423611.316162 1764167423610 1764167423618
70169 2013069663 1764167423644.659668 1764167423645 1764167423652
70170 2013103007 1764167423678.003174 1764167423678 1764167423685
70171 2013136351 1764167423711.347412 1764167423710 1764167423718
70172 2013169695 1764167423744.691406 1764167423744 1764167423751
70173 2013203039 1764167423778.035400 1764167423778 1764167423785
70174 2013236383 1764167423811.379395 1764167423811 1764167423818
70175 2013269727 1764167423844.723633 1764167423844 1764167423851
70176 2013303071 1764167423878.067627 1764167423878 1764167423885
70177 2013336415 1764167423911.411621 1764167423911 1764167423918
70178 2013369758 1764167423944.754395 1764167423944 1764167423951
70179 2013403102 1764167423978.098389 1764167423978 1764167423985
70180 2013436446 1764167424011.442383 1764167424011 1764167424018
70181 2013469790 1764167424044.786377 1764167424044 1764167424051
70182 2013503134 1764167424078.130371 1764167424078 1764167424085
70183 2013536478 1764167424111.474121 1764167424111 1764167424118
70184 2013569822 1764167424144.818115 1764167424145 1764167424152
70185 2013603166 1764167424178.161865 1764167424178 1764167424185
70186 2013636510 1764167424211.505859 1764167424211 1764167424218
70187 2013669854 1764167424244.849609 1764167424245 1764167424252
70188 2013703198 1764167424278.193359 1764167424277 1764167424285
70189 2013736542 1764167424311.537354 1764167424311 1764167424319
70190 2013769886 1764167424344.881104 1764167424345 1764167424352
70191 2013803229 1764167424378.223877 1764167424377 1764167424385
70192 2013836573 1764167424411.567627 1764167424411 1764167424418
70193 2013869917 1764167424444.911377 1764167424445 1764167424452
70194 2013903261 1764167424478.255127 1764167424477 1764167424485
70195 2013936605 1764167424511.598877 1764167424511 1764167424518
70196 2013969949 1764167424544.942627 1764167424545 1764167424552
70197 2014003293 1764167424578.286133 1764167424577 1764167424585
70198 2014036637 1764167424611.629883 1764167424611 1764167424618
70199 2014069981 1764167424644.973633 1764167424645 1764167424652
70200 2014103325 1764167424678.317383 1764167424678 1764167424685
70201 2014136669 1764167424711.660645 1764167424711 1764167424718
70202 2014170013 1764167424745.004150 1764167424745 1764167424752
70203 2014203357 1764167424778.347412 1764167424778 1764167424785
70204 2014236701 1764167424811.690918 1764167424811 1764167424818
70205 2014270044 1764167424845.033203 1764167424845 1764167424852
70206 2014303388 1764167424878.376465 1764167424878 1764167424885
70207 2014336732 1764167424911.719727 1764167424911 1764167424918
70208 2014370076 1764167424945.062988 1764167424945 1764167424952
70209 2014403420 1764167424978.406250 1764167424978 1764167424985
70210 2014436764 1764167425011.749512 1764167425012 1764167425019
70211 2014470108 1764167425045.092773 1764167425045 1764167425052
70212 2014503452 1764167425078.435791 1764167425078 1764167425085
70213 2014536796 1764167425111.779053 1764167425112 1764167425119
70214 2014570140 1764167425145.122070 1764167425144 1764167425152
70215 2014603484 1764167425178.465332 1764167425178 1764167425185
70216 2014636828 1764167425211.808350 1764167425212 1764167425219
70217 2014670172 1764167425245.151367 1764167425244 1764167425252
70218 2014703515 1764167425278.493408 1764167425278 1764167425285
70219 2014736859 1764167425311.836426 1764167425312 1764167425319
70220 2014770203 1764167425345.179443 1764167425344 1764167425352
70221 2014803547 1764167425378.522461 1764167425378 1764167425385
70222 2014836891 1764167425411.865234 1764167425412 1764167425419
70223 2014870235 1764167425445.208252 1764167425444 1764167425452
70224 2014903579 1764167425478.551270 1764167425478 1764167425485
70225 2014936923 1764167425511.894043 1764167425512 1764167425519
70226 2014970267 1764167425545.236816 1764167425545 1764167425552
70227 2015003611 1764167425578.579834 1764167425578 1764167425585
70228 2015036955 1764167425611.922607 1764167425612 1764167425619
70229 2015070299 1764167425645.265381 1764167425645 1764167425652
70230 2015103643 1764167425678.608154 1764167425678 1764167425685
70231 2015136986 1764167425711.951416 1764167425712 1764167425719
70232 2015170330 1764167425745.295654 1764167425745 1764167425752
70233 2015203674 1764167425778.639893 1764167425779 1764167425786
70234 2015237018 1764167425811.984375 1764167425812 1764167425819
70235 2015270362 1764167425845.328613 1764167425845 1764167425852
70236 2015303706 1764167425878.672607 1764167425879 1764167425886
70237 2015337050 1764167425912.016846 1764167425911 1764167425919
70238 2015370394 1764167425945.361084 1764167425945 1764167425952
70239 2015403738 1764167425978.705322 1764167425979 1764167425986
70240 2015437082 1764167426012.049561 1764167426011 1764167426019
70241 2015470426 1764167426045.393555 1764167426045 1764167426052
70242 2015503770 1764167426078.737793 1764167426079 1764167426086
70243 2015537114 1764167426112.081787 1764167426111 1764167426119
70244 2015570458 1764167426145.425781 1764167426145 1764167426152
70245 2015603801 1764167426178.769043 1764167426179 1764167426186
70246 2015637145 1764167426212.113037 1764167426211 1764167426219
70247 2015670489 1764167426245.457031 1764167426245 1764167426252
70248 2015703833 1764167426278.801025 1764167426278 1764167426290
70249 2015737177 1764167426312.145020 1764167426312 1764167426319
70250 2015770521 1764167426345.489014 1764167426346 1764167426353
70251 2015803865 1764167426378.833008 1764167426379 1764167426386
70252 2015837209 1764167426412.177002 1764167426412 1764167426419
70253 2015870553 1764167426445.520752 1764167426445 1764167426452
70254 2015903897 1764167426478.864746 1764167426479 1764167426486
70255 2015937241 1764167426512.208740 1764167426512 1764167426519
70256 2015970585 1764167426545.552490 1764167426546 1764167426553
70257 2016003929 1764167426578.896484 1764167426579 1764167426586
70258 2016037272 1764167426612.239258 1764167426612 1764167426619
70259 2016070616 1764167426645.583008 1764167426646 1764167426653
70260 2016103960 1764167426678.927002 1764167426679 1764167426686
70261 2016137304 1764167426712.279785 1764167426712 1764167426719
70262 2016170648 1764167426745.632568 1764167426746 1764167426753
70263 2016203992 1764167426778.985352 1764167426778 1764167426786
70264 2016237336 1764167426812.338379 1764167426812 1764167426819
70265 2016270680 1764167426845.691162 1764167426846 1764167426853
70266 2016304024 1764167426879.044189 1764167426878 1764167426886
70267 2016337368 1764167426912.397217 1764167426912 1764167426919
70268 2016370712 1764167426945.750244 1764167426946 1764167426953
70269 2016404056 1764167426979.103516 1764167426978 1764167426986
70270 2016437400 1764167427012.456543 1764167427012 1764167427019
70271 2016470743 1764167427045.808838 1764167427046 1764167427053
70272 2016504087 1764167427079.162109 1764167427078 1764167427086
70273 2016537431 1764167427112.515381 1764167427112 1764167427119
70274 2016570775 1764167427145.868652 1764167427146 1764167427153
70275 2016604119 1764167427179.221924 1764167427179 1764167427186
70276 2016637463 1764167427212.575439 1764167427212 1764167427219
70277 2016670807 1764167427245.928711 1764167427246 1764167427253
70278 2016704151 1764167427279.282227 1764167427279 1764167427286
70279 2016737495 1764167427312.635742 1764167427312 1764167427319
70280 2016770839 1764167427345.989258 1764167427346 1764167427353
70281 2016804183 1764167427379.342773 1764167427379 1764167427386
70282 2016837527 1764167427412.696533 1764167427413 1764167427420
70283 2016870871 1764167427446.050049 1764167427446 1764167427453
70284 2016904215 1764167427479.403809 1764167427479 1764167427486
70285 2016937558 1764167427512.756592 1764167427513 1764167427520
70286 2016970902 1764167427546.110352 1764167427545 1764167427553
70287 2017004246 1764167427579.464111 1764167427579 1764167427586
70288 2017037590 1764167427612.817871 1764167427613 1764167427620
70289 2017070934 1764167427646.171875 1764167427645 1764167427653
70290 2017104278 1764167427679.525635 1764167427679 1764167427686
70291 2017137622 1764167427712.869385 1764167427713 1764167427720
70292 2017170966 1764167427746.213135 1764167427745 1764167427753
70293 2017204310 1764167427779.556885 1764167427779 1764167427786
70294 2017237654 1764167427812.900635 1764167427813 1764167427820
70295 2017270998 1764167427846.244385 1764167427845 1764167427853
70296 2017304342 1764167427879.588135 1764167427879 1764167427886
70297 2017337686 1764167427912.931641 1764167427913 1764167427920
70298 2017371029 1764167427946.274414 1764167427946 1764167427953
70299 2017404373 1764167427979.617920 1764167427979 1764167427986
70300 2017437717 1764167428012.961426 1764167428013 1764167428020
70301 2017471061 1764167428046.305176 1764167428046 1764167428053
70302 2017504405 1764167428079.648682 1764167428080 1764167428087
70303 2017537749 1764167428112.992188 1764167428113 1764167428120
70304 2017571093 1764167428146.335693 1764167428146 1764167428153
70305 2017604437 1764167428179.679199 1764167428179 1764167428186
70306 2017637781 1764167428213.022705 1764167428213 1764167428220
70307 2017671125 1764167428246.365967 1764167428246 1764167428253
70308 2017704469 1764167428279.709473 1764167428280 1764167428287
70309 2017737813 1764167428313.052734 1764167428312 1764167428320
70310 2017771157 1764167428346.396240 1764167428346 1764167428353
70311 2017804500 1764167428379.738525 1764167428380 1764167428387
70312 2017837844 1764167428413.082031 1764167428412 1764167428420
70313 2017871188 1764167428446.425293 1764167428446 1764167428453
70314 2017904532 1764167428479.768555 1764167428480 1764167428487
70315 2017937876 1764167428513.111816 1764167428512 1764167428520
70316 2017971220 1764167428546.455078 1764167428546 1764167428553
70317 2018004564 1764167428579.798340 1764167428580 1764167428587
70318 2018037908 1764167428613.141357 1764167428612 1764167428620
70319 2018071252 1764167428646.484619 1764167428646 1764167428653
70320 2018104596 1764167428679.827881 1764167428680 1764167428687
70321 2018137940 1764167428713.171631 1764167428713 1764167428720
70322 2018171284 1764167428746.515625 1764167428746 1764167428753
70323 2018204628 1764167428779.859375 1764167428780 1764167428787
70324 2018237972 1764167428813.203125 1764167428813 1764167428820
70325 2018271315 1764167428846.545898 1764167428846 1764167428853
70326 2018304659 1764167428879.889648 1764167428880 1764167428887
70327 2018338003 1764167428913.233398 1764167428913 1764167428920
70328 2018371347 1764167428946.577148 1764167428946 1764167428953
70329 2018404691 1764167428979.920898 1764167428980 1764167428987
70330 2018438035 1764167429013.264648 1764167429013 1764167429020
70331 2018471379 1764167429046.608154 1764167429046 1764167429053
70332 2018504723 1764167429079.951904 1764167429080 1764167429087
70333 2018538067 1764167429113.295410 1764167429113 1764167429120
70334 2018571411 1764167429146.639160 1764167429147 1764167429154
70335 2018604755 1764167429179.982666 1764167429179 1764167429187
70336 2018638099 1764167429213.326172 1764167429213 1764167429220
70337 2018671443 1764167429246.669922 1764167429247 1764167429254
70338 2018704786 1764167429280.012451 1764167429279 1764167429287
70339 2018738130 1764167429313.355957 1764167429313 1764167429320
70340 2018771474 1764167429346.699463 1764167429347 1764167429354
70341 2018804818 1764167429380.042969 1764167429379 1764167429387
70342 2018838162 1764167429413.386230 1764167429413 1764167429420
70343 2018871506 1764167429446.729736 1764167429447 1764167429454
70344 2018904850 1764167429480.073242 1764167429479 1764167429487
70345 2018938194 1764167429513.416504 1764167429513 1764167429520
70346 2018971538 1764167429546.760010 1764167429547 1764167429554
70347 2019004882 1764167429580.103271 1764167429580 1764167429587
70348 2019038226 1764167429613.446777 1764167429613 1764167429620
70349 2019071570 1764167429646.790039 1764167429647 1764167429654
70350 2019104914 1764167429680.133301 1764167429680 1764167429687
70351 2019138257 1764167429713.476562 1764167429713 1764167429720
70352 2019171601 1764167429746.820557 1764167429747 1764167429754
70353 2019204945 1764167429780.164795 1764167429780 1764167429787
70354 2019238289 1764167429813.508789 1764167429814 1764167429821
70355 2019271633 1764167429846.852783 1764167429846 1764167429854
70356 2019304977 1764167429880.196777 1764167429880 1764167429887
70357 2019338321 1764167429913.541016 1764167429914 1764167429921
70358 2019371665 1764167429946.885010 1764167429947 1764167429954
70359 2019405009 1764167429980.229004 1764167429980 1764167429987
70360 2019438353 1764167430013.572998 1764167430014 1764167430021
70361 2019471697 1764167430046.916992 1764167430046 1764167430054
70362 2019505041 1764167430080.260742 1764167430080 1764167430087
70363 2019538385 1764167430113.604736 1764167430114 1764167430121
70364 2019571729 1764167430146.948730 1764167430146 1764167430154
70365 2019605072 1764167430180.291504 1764167430180 1764167430187
70366 2019638416 1764167430213.635498 1764167430214 1764167430221
70367 2019671760 1764167430246.979248 1764167430246 1764167430254
70368 2019705104 1764167430280.323242 1764167430280 1764167430287
70369 2019738448 1764167430313.666992 1764167430314 1764167430321
70370 2019771792 1764167430347.010742 1764167430346 1764167430354
70371 2019805136 1764167430380.354492 1764167430380 1764167430387
70372 2019838480 1764167430413.698486 1764167430414 1764167430421
70373 2019871824 1764167430447.042236 1764167430447 1764167430454
70374 2019905168 1764167430480.385986 1764167430481 1764167430488
70375 2019938512 1764167430513.729492 1764167430514 1764167430521
70376 2019971856 1764167430547.073242 1764167430548 1764167430555
70377 2020005200 1764167430580.416992 1764167430580 1764167430587
70378 2020038543 1764167430613.759766 1764167430614 1764167430621
70379 2020071887 1764167430647.103271 1764167430647 1764167430654
70380 2020105231 1764167430680.447021 1764167430681 1764167430688
70381 2020138575 1764167430713.791504 1764167430714 1764167430721
70382 2020171919 1764167430747.135742 1764167430747 1764167430754
70383 2020205263 1764167430780.480225 1764167430781 1764167430788
70384 2020238607 1764167430813.824463 1764167430813 1764167430821
70385 2020271951 1764167430847.168701 1764167430847 1764167430854
70386 2020305295 1764167430880.513184 1764167430881 1764167430888
70387 2020338639 1764167430913.857422 1764167430913 1764167430921
70388 2020371983 1764167430947.201660 1764167430947 1764167430954
70389 2020405327 1764167430980.545898 1764167430981 1764167430988
70390 2020438671 1764167431013.890137 1764167431013 1764167431021
70391 2020472014 1764167431047.233398 1764167431047 1764167431054
70392 2020505358 1764167431080.577637 1764167431081 1764167431088
70393 2020538702 1764167431113.921875 1764167431113 1764167431121
70394 2020572046 1764167431147.266113 1764167431147 1764167431154
70395 2020605390 1764167431180.610352 1764167431181 1764167431188
70396 2020638734 1764167431213.954590 1764167431213 1764167431221
70397 2020672078 1764167431247.298584 1764167431247 1764167431254
70398 2020705422 1764167431280.642822 1764167431281 1764167431288
70399 2020738766 1764167431313.986816 1764167431314 1764167431321
70400 2020772110 1764167431347.331055 1764167431347 1764167431354
70401 2020805454 1764167431380.675049 1764167431381 1764167431388
70402 2020838798 1764167431414.019287 1764167431414 1764167431421
70403 2020872142 1764167431447.363281 1764167431447 1764167431454
70404 2020905486 1764167431480.707520 1764167431481 1764167431488
70405 2020938829 1764167431514.050537 1764167431514 1764167431521
70406 2020972173 1764167431547.394531 1764167431548 1764167431555
70407 2021005517 1764167431580.738525 1764167431580 1764167431588
70408 2021038861 1764167431614.082520 1764167431615 1764167431622
70409 2021072205 1764167431647.426514 1764167431648 1764167431655
70410 2021105549 1764167431680.770508 1764167431680 1764167431688
70411 2021138893 1764167431714.115967 1764167431715 1764167431722
70412 2021172237 1764167431747.461426 1764167431748 1764167431755
70413 2021205581 1764167431780.806885 1764167431780 1764167431788
70414 2021238925 1764167431814.152344 1764167431814 1764167431821
70415 2021272269 1764167431847.497803 1764167431848 1764167431855
70416 2021305613 1764167431880.843262 1764167431880 1764167431888
70417 2021338957 1764167431914.188721 1764167431914 1764167431921
70418 2021372300 1764167431947.533203 1764167431948 1764167431955
70419 2021405644 1764167431980.878662 1764167431980 1764167431988
70420 2021438988 1764167432014.224121 1764167432014 1764167432021
70421 2021472332 1764167432047.569580 1764167432047 1764167432055
70422 2021505676 1764167432080.915039 1764167432081 1764167432088
70423 2021539020 1764167432114.260498 1764167432115 1764167432122
70424 2021572364 1764167432147.605957 1764167432148 1764167432155
70425 2021605708 1764167432180.951416 1764167432181 1764167432188
70426 2021639052 1764167432214.296875 1764167432214 1764167432222
70427 2021672396 1764167432247.642334 1764167432248 1764167432255
70428 2021705740 1764167432280.987793 1764167432281 1764167432288
70429 2021739084 1764167432314.333252 1764167432315 1764167432322
70430 2021772428 1764167432347.678711 1764167432347 1764167432355
70431 2021805771 1764167432381.023193 1764167432381 1764167432388
70432 2021839115 1764167432414.368652 1764167432415 1764167432422
70433 2021872459 1764167432447.714111 1764167432447 1764167432455
70434 2021905803 1764167432481.059570 1764167432481 1764167432488
70435 2021939147 1764167432514.405029 1764167432515 1764167432522
70436 2021972491 1764167432547.750488 1764167432547 1764167432555
70437 2022005835 1764167432581.095703 1764167432581 1764167432588
70438 2022039179 1764167432614.441162 1764167432615 1764167432622
70439 2022072523 1764167432647.786621 1764167432647 1764167432655
70440 2022105867 1764167432681.132080 1764167432681 1764167432688
70441 2022139211 1764167432714.477051 1764167432715 1764167432722
70442 2022172555 1764167432747.822021 1764167432747 1764167432755
70443 2022205899 1764167432781.166992 1764167432781 1764167432788
70444 2022239243 1764167432814.511963 1764167432815 1764167432822
70445 2022272586 1764167432847.855957 1764167432847 1764167432855
70446 2022305930 1764167432881.200928 1764167432881 1764167432888
70447 2022339274 1764167432914.545898 1764167432915 1764167432922
70448 2022372618 1764167432947.890869 1764167432948 1764167432955
70449 2022405962 1764167432981.235840 1764167432981 1764167432988
70450 2022439306 1764167433014.580811 1764167433015 1764167433022
70451 2022472650 1764167433047.925781 1764167433048 1764167433055
70452 2022505994 1764167433081.270508 1764167433081 1764167433088
70453 2022539338 1764167433114.615479 1764167433115 1764167433122
70454 2022572682 1764167433147.960449 1764167433148 1764167433155
70455 2022606026 1764167433181.305176 1764167433182 1764167433189
70456 2022639370 1764167433214.650146 1764167433215 1764167433222
70457 2022672714 1764167433247.994873 1764167433248 1764167433255
70458 2022706057 1764167433281.338867 1764167433282 1764167433289
70459 2022739401 1764167433314.683594 1764167433314 1764167433322
70460 2022772745 1764167433348.028564 1764167433348 1764167433355
70461 2022806089 1764167433381.373291 1764167433382 1764167433389
70462 2022839433 1764167433414.718018 1764167433414 1764167433422
70463 2022872777 1764167433448.062988 1764167433448 1764167433455
70464 2022906121 1764167433481.407715 1764167433482 1764167433489
70465 2022939465 1764167433514.752441 1764167433514 1764167433522
70466 2022972809 1764167433548.097168 1764167433548 1764167433555
70467 2023006153 1764167433581.442139 1764167433582 1764167433589
70468 2023039497 1764167433614.786865 1764167433614 1764167433622
70469 2023072841 1764167433648.131592 1764167433648 1764167433655
70470 2023106185 1764167433681.476318 1764167433682 1764167433689
70471 2023139528 1764167433714.824463 1764167433715 1764167433722
70472 2023172872 1764167433748.173584 1764167433748 1764167433755
70473 2023206216 1764167433781.522949 1764167433782 1764167433789
70474 2023239560 1764167433814.872314 1764167433815 1764167433822
70475 2023272904 1764167433848.221680 1764167433849 1764167433856
70476 2023306248 1764167433881.571045 1764167433881 1764167433889
70477 2023339592 1764167433914.920410 1764167433915 1764167433922
70478 2023372936 1764167433948.270020 1764167433949 1764167433956
70479 2023406280 1764167433981.619385 1764167433981 1764167433989
70480 2023439624 1764167434014.968994 1764167434015 1764167434022
70481 2023472968 1764167434048.318604 1764167434049 1764167434056
70482 2023506312 1764167434081.668213 1764167434081 1764167434089
70483 2023539656 1764167434115.018066 1764167434115 1764167434122
70484 2023573000 1764167434148.367676 1764167434149 1764167434156
70485 2023606343 1764167434181.716553 1764167434181 1764167434189
70486 2023639687 1764167434215.066406 1764167434215 1764167434222
70487 2023673031 1764167434248.416260 1764167434249 1764167434256
70488 2023706375 1764167434281.766357 1764167434282 1764167434291
70489 2023739719 1764167434315.116211 1764167434315 1764167434322
70490 2023773063 1764167434348.466309 1764167434349 1764167434356
70491 2023806407 1764167434381.816406 1764167434381 1764167434389
70492 2023839751 1764167434415.166504 1764167434415 1764167434422
70493 2023873095 1764167434448.516602 1764167434449 1764167434456
70494 2023906439 1764167434481.866699 1764167434482 1764167434489
70495 2023939783 1764167434515.217041 1764167434515 1764167434522
70496 2023973127 1764167434548.567383 1764167434549 1764167434556
70497 2024006471 1764167434581.917725 1764167434582 1764167434589
70498 2024039814 1764167434615.267090 1764167434615 1764167434622
70499 2024073158 1764167434648.617432 1764167434649 1764167434656
70500 2024106502 1764167434681.967773 1764167434682 1764167434689
70501 2024139846 1764167434715.313721 1764167434715 1764167434722
70502 2024173190 1764167434748.660400 1764167434749 1764167434756
70503 2024206534 1764167434782.006836 1764167434782 1764167434789
70504 2024239878 1764167434815.353271 1764167434816 1764167434823
70505 2024273222 1764167434848.699707 1764167434849 1764167434856
70506 2024306566 1764167434882.046387 1764167434882 1764167434889
70507 2024339910 1764167434915.392822 1764167434916 1764167434923
70508 2024373254 1764167434948.739258 1764167434948 1764167434956
70509 2024406598 1764167434982.085693 1764167434982 1764167434989
70510 2024439942 1764167435015.432373 1764167435016 1764167435023
70511 2024473285 1764167435048.777832 1764167435048 1764167435056
70512 2024506629 1764167435082.124268 1764167435082 1764167435089
70513 2024539973 1764167435115.470947 1764167435116 1764167435123
70514 2024573317 1764167435148.817383 1764167435148 1764167435156
70515 2024606661 1764167435182.164062 1764167435182 1764167435189
70516 2024640005 1764167435215.510498 1764167435216 1764167435223
70517 2024673349 1764167435248.856934 1764167435249 1764167435257
70518 2024706693 1764167435282.203613 1764167435282 1764167435289
70519 2024740037 1764167435315.550049 1764167435316 1764167435323
70520 2024773381 1764167435348.896729 1764167435349 1764167435356
70521 2024806725 1764167435382.243164 1764167435383 1764167435390
70522 2024840069 1764167435415.589844 1764167435415 1764167435423
70523 2024873413 1764167435448.936279 1764167435449 1764167435456
70524 2024906757 1764167435482.282959 1764167435482 1764167435489
70525 2024940100 1764167435515.628418 1764167435516 1764167435523
70526 2024973444 1764167435548.975098 1764167435549 1764167435556
70527 2025006788 1764167435582.321777 1764167435583 1764167435590
70528 2025040132 1764167435615.668213 1764167435616 1764167435623
70529 2025073476 1764167435649.014893 1764167435649 1764167435656
70530 2025106820 1764167435682.361328 1764167435683 1764167435690
70531 2025140164 1764167435715.708008 1764167435715 1764167435723
70532 2025173508 1764167435749.054688 1764167435749 1764167435756
70533 2025206852 1764167435782.401611 1764167435782 1764167435790
70534 2025240196 1764167435815.748291 1764167435815 1764167435823
70535 2025273540 1764167435849.094971 1764167435849 1764167435856
70536 2025306884 1764167435882.441650 1764167435883 1764167435890
70537 2025340228 1764167435915.788574 1764167435915 1764167435923
70538 2025373571 1764167435949.134277 1764167435949 1764167435956
70539 2025406915 1764167435982.480957 1764167435983 1764167435990
70540 2025440259 1764167436015.827881 1764167436015 1764167436023
70541 2025473603 1764167436049.174561 1764167436049 1764167436056
70542 2025506947 1764167436082.521240 1764167436082 1764167436090
70543 2025540291 1764167436115.868164 1764167436115 1764167436123
70544 2025573635 1764167436149.214844 1764167436149 1764167436156
70545 2025606979 1764167436182.561768 1764167436183 1764167436190
70546 2025640323 1764167436215.908447 1764167436216 1764167436223
70547 2025673667 1764167436249.255371 1764167436249 1764167436256
70548 2025707011 1764167436282.602051 1764167436283 1764167436290
70549 2025740355 1764167436315.948975 1764167436316 1764167436323
70550 2025773699 1764167436349.295898 1764167436349 1764167436356
70551 2025807042 1764167436382.641602 1764167436382 1764167436390
70552 2025840386 1764167436415.988525 1764167436416 1764167436423
70553 2025873730 1764167436449.335205 1764167436449 1764167436457
70554 2025907074 1764167436482.682129 1764167436483 1764167436490
70555 2025940418 1764167436516.029053 1764167436516 1764167436523
70556 2025973762 1764167436549.375977 1764167436550 1764167436557
70557 2026007106 1764167436582.722656 1764167436582 1764167436590
70558 2026040450 1764167436616.069580 1764167436616 1764167436623
70559 2026073794 1764167436649.416504 1764167436650 1764167436657
70560 2026107138 1764167436682.763428 1764167436682 1764167436690
70561 2026140482 1764167436716.110352 1764167436716 1764167436723
70562 2026173826 1764167436749.457275 1764167436750 1764167436757
70563 2026207170 1764167436782.804443 1764167436782 1764167436790
70564 2026240514 1764167436816.151611 1764167436816 1764167436823
70565 2026273857 1764167436849.497803 1764167436850 1764167436857
70566 2026307201 1764167436882.844727 1764167436882 1764167436890
70567 2026340545 1764167436916.191895 1764167436916 1764167436923
70568 2026373889 1764167436949.539062 1764167436950 1764167436957
70569 2026407233 1764167436982.886230 1764167436983 1764167436990
70570 2026440577 1764167437016.233398 1764167437016 1764167437023
70571 2026473921 1764167437049.580566 1764167437050 1764167437057
70572 2026507265 1764167437082.927734 1764167437083 1764167437090
70573 2026540609 1764167437116.274902 1764167437116 1764167437123
70574 2026573953 1764167437149.622070 1764167437150 1764167437157
70575 2026607297 1764167437182.969482 1764167437183 1764167437190
70576 2026640641 1764167437216.316650 1764167437216 1764167437223
70577 2026673985 1764167437249.663818 1764167437250 1764167437257
70578 2026707328 1764167437283.010010 1764167437283 1764167437290
70579 2026740672 1764167437316.357422 1764167437317 1764167437324
70580 2026774016 1764167437349.704590 1764167437349 1764167437357
70581 2026807360 1764167437383.052002 1764167437383 1764167437390
70582 2026840704 1764167437416.399170 1764167437417 1764167437424
70583 2026874048 1764167437449.746582 1764167437449 1764167437457
70584 2026907392 1764167437483.093750 1764167437483 1764167437490
70585 2026940736 1764167437516.441162 1764167437517 1764167437526
70586 2026974080 1764167437549.788330 1764167437549 1764167437557
70587 2027007424 1764167437583.135742 1764167437584 1764167437591
70588 2027040768 1764167437616.483154 1764167437616 1764167437624
70589 2027074112 1764167437649.830566 1764167437649 1764167437657
70590 2027107456 1764167437683.177734 1764167437683 1764167437690
70591 2027140799 1764167437716.524170 1764167437717 1764167437724
70592 2027174143 1764167437749.871338 1764167437749 1764167437757
70593 2027207487 1764167437783.218506 1764167437783 1764167437790
70594 2027240831 1764167437816.565674 1764167437816 1764167437825
70595 2027274175 1764167437849.912842 1764167437850 1764167437857
70596 2027307519 1764167437883.260010 1764167437883 1764167437890
70597 2027340863 1764167437916.607422 1764167437917 1764167437924
70598 2027374207 1764167437949.954590 1764167437950 1764167437957
70599 2027407551 1764167437983.301758 1764167437983 1764167437990
70600 2027440895 1764167438016.648926 1764167438016 1764167438024
70601 2027474239 1764167438049.996338 1764167438050 1764167438057
70602 2027507583 1764167438083.343506 1764167438084 1764167438091
70603 2027540927 1764167438116.690674 1764167438117 1764167438124
70604 2027574271 1764167438150.038086 1764167438150 1764167438157
70605 2027607614 1764167438183.384277 1764167438184 1764167438191
70606 2027640958 1764167438216.731689 1764167438216 1764167438224
70607 2027674302 1764167438250.078857 1764167438250 1764167438257
70608 2027707646 1764167438283.426270 1764167438283 1764167438291
70609 2027740990 1764167438316.773438 1764167438316 1764167438324
70610 2027774334 1764167438350.120850 1764167438350 1764167438357
70611 2027807678 1764167438383.468018 1764167438383 1764167438394
70612 2027841022 1764167438416.815430 1764167438416 1764167438425
70613 2027874366 1764167438450.162842 1764167438450 1764167438457
70614 2027907710 1764167438483.510010 1764167438484 1764167438491
70615 2027941054 1764167438516.857422 1764167438517 1764167438524
70616 2027974398 1764167438550.204834 1764167438550 1764167438557
70617 2028007742 1764167438583.552246 1764167438584 1764167438591
70618 2028041085 1764167438616.898438 1764167438617 1764167438624
70619 2028074429 1764167438650.245850 1764167438650 1764167438657
70620 2028107773 1764167438683.593262 1764167438684 1764167438691
70621 2028141117 1764167438716.940674 1764167438717 1764167438724
70622 2028174461 1764167438750.287598 1764167438750 1764167438757
70623 2028207805 1764167438783.634277 1764167438784 1764167438791
70624 2028241149 1764167438816.981201 1764167438817 1764167438824
70625 2028274493 1764167438850.328125 1764167438851 1764167438858
70626 2028307837 1764167438883.675049 1764167438884 1764167438891
70627 2028341181 1764167438917.021973 1764167438917 1764167438924
70628 2028374525 1764167438950.368652 1764167438951 1764167438958
70629 2028407869 1764167438983.715576 1764167438983 1764167438991
70630 2028441213 1764167439017.062500 1764167439017 1764167439024
70631 2028474556 1764167439050.408447 1764167439051 1764167439058
70632 2028507900 1764167439083.755371 1764167439083 1764167439091
70633 2028541244 1764167439117.102295 1764167439117 1764167439124
70634 2028574588 1764167439150.448975 1764167439151 1764167439158
70635 2028607932 1764167439183.795898 1764167439183 1764167439191
70636 2028641276 1764167439217.142822 1764167439217 1764167439224
70637 2028674620 1764167439250.489746 1764167439251 1764167439258
70638 2028707964 1764167439283.836670 1764167439283 1764167439291
70639 2028741308 1764167439317.183594 1764167439317 1764167439324
70640 2028774652 1764167439350.530518 1764167439351 1764167439358
70641 2028807996 1764167439383.877441 1764167439383 1764167439391
70642 2028841340 1764167439417.224365 1764167439417 1764167439424
70643 2028874684 1764167439450.571289 1764167439451 1764167439458
70644 2028908028 1764167439483.917969 1764167439484 1764167439491
70645 2028941371 1764167439517.263916 1764167439517 1764167439524
