92804 3132179514 1764164210392.291992 1764164210392 1764164210399
92805 3132212858 1764164210425.638672 1764164210426 1764164210433
92806 3132246201 1764164210458.984375 1764164210459 1764164210466
92807 3132279545 1764164210492.331055 1764164210492 1764164210499
92808 3132312889 1764164210525.677734 1764164210526 1764164210533
92809 3132346233 1764164210559.024414 1764164210559 1764164210566
92810 3132379577 1764164210592.371094 1764164210592 1764164210599
92811 3132412921 1764164210625.717773 1764164210626 1764164210633
92812 3132446265 1764164210659.064453 1764164210659 1764164210666
92813 3132479609 1764164210692.411133 1764164210693 1764164210700
92814 3132512953 1764164210725.757812 1764164210726 1764164210733
92815 3132546297 1764164210759.104492 1764164210759 1764164210766
92816 3132579641 1764164210792.451172 1764164210793 1764164210800
92817 3132612985 1764164210825.797852 1764164210825 1764164210833
92818 3132646329 1764164210859.144531 1764164210859 1764164210866
92819 3132679672 1764164210892.490234 1764164210893 1764164210900
92820 3132713016 1764164210925.837158 1764164210925 1764164210933
92821 3132746360 1764164210959.183838 1764164210959 1764164210966
92822 3132779704 1764164210992.530762 1764164210993 1764164211000
92823 3132813048 1764164211025.877441 1764164211025 1764164211033
92824 3132846392 1764164211059.224121 1764164211059 1764164211066
92825 3132879736 1764164211092.571045 1764164211093 1764164211100
92826 3132913080 1764164211125.917725 1764164211125 1764164211133
92827 3132946424 1764164211159.264404 1764164211159 1764164211166
92828 3132979768 1764164211192.611328 1764164211192 1764164211200
92829 3133013112 1764164211225.958008 1764164211226 1764164211233
92830 3133046456 1764164211259.304688 1764164211259 1764164211266
92831 3133079800 1764164211292.651367 1764164211293 1764164211300
92832 3133113143 1764164211325.997314 1764164211326 1764164211333
92833 3133146487 1764164211359.343994 1764164211359 1764164211366
92834 3133179831 1764164211392.690674 1764164211393 1764164211400
92835 3133213175 1764164211426.037354 1764164211426 1764164211433
92836 3133246519 1764164211459.384277 1764164211460 1764164211467
92837 3133279863 1764164211492.730957 1764164211493 1764164211500
92838 3133313207 1764164211526.077637 1764164211526 1764164211533
92839 3133346551 1764164211559.424316 1764164211560 1764164211567
92840 3133379895 1764164211592.771240 1764164211592 1764164211600
92841 3133413239 1764164211626.117920 1764164211626 1764164211633
92842 3133446583 1764164211659.464600 1764164211660 1764164211667
92843 3133479927 1764164211692.811279 1764164211692 1764164211700
92844 3133513271 1764164211726.157959 1764164211726 1764164211733
92845 3133546615 1764164211759.504883 1764164211760 1764164211767
92846 3133579958 1764164211792.850586 1764164211792 1764164211800
92847 3133613302 1764164211826.197266 1764164211826 1764164211833
92848 3133646646 1764164211859.544189 1764164211860 1764164211867
92849 3133679990 1764164211892.891113 1764164211892 1764164211900
92850 3133713334 1764164211926.238037 1764164211926 1764164211933
92851 3133746678 1764164211959.584961 1764164211960 1764164211967
92852 3133780022 1764164211992.932129 1764164211993 1764164212001
92853 3133813366 1764164212026.279053 1764164212026 1764164212033
92854 3133846710 1764164212059.625977 1764164212060 1764164212067
92855 3133880054 1764164212092.972900 1764164212093 1764164212100
92856 3133913398 1764164212126.319824 1764164212126 1764164212133
92857 3133946742 1764164212159.666992 1764164212160 1764164212167
92858 3133980086 1764164212193.013916 1764164212193 1764164212200
92859 3134013429 1764164212226.359863 1764164212226 1764164212233
92860 3134046773 1764164212259.706787 1764164212260 1764164212267
92861 3134080117 1764164212293.053955 1764164212293 1764164212300
92862 3134113461 1764164212326.400879 1764164212327 1764164212334
92863 3134146805 1764164212359.747803 1764164212360 1764164212367
92864 3134180149 1764164212393.094727 1764164212393 1764164212400
92865 3134213493 1764164212426.441895 1764164212427 1764164212434
92866 3134246837 1764164212459.788818 1764164212459 1764164212467
92867 3134280181 1764164212493.135742 1764164212493 1764164212500
92868 3134313525 1764164212526.482910 1764164212527 1764164212534
92869 3134346869 1764164212559.829834 1764164212559 1764164212567
92870 3134380213 1764164212593.176758 1764164212593 1764164212600
92871 3134413557 1764164212626.523926 1764164212627 1764164212634
92872 3134446900 1764164212659.869873 1764164212659 1764164212667
92873 3134480244 1764164212693.216797 1764164212693 1764164212700
92874 3134513588 1764164212726.563965 1764164212727 1764164212734
92875 3134546932 1764164212759.910889 1764164212760 1764164212767
92876 3134580276 1764164212793.257812 1764164212793 1764164212800
92877 3134613620 1764164212826.604980 1764164212827 1764164212834
92878 3134646964 1764164212859.951660 1764164212860 1764164212867
92879 3134680308 1764164212893.298340 1764164212893 1764164212900
92880 3134713652 1764164212926.644775 1764164212927 1764164212934
92881 3134746996 1764164212959.991455 1764164212960 1764164212967
92882 3134780340 1764164212993.338135 1764164212993 1764164213000
92883 3134813684 1764164213026.684814 1764164213027 1764164213034
92884 3134847028 1764164213060.031494 1764164213060 1764164213067
92885 3134880372 1764164213093.378174 1764164213093 1764164213100
92886 3134913715 1764164213126.723633 1764164213127 1764164213134
92887 3134947059 1764164213160.070312 1764164213160 1764164213167
92888 3134980403 1764164213193.416992 1764164213194 1764164213201
92889 3135013747 1764164213226.763672 1764164213227 1764164213234
92890 3135047091 1764164213260.110352 1764164213260 1764164213267
92891 3135080435 1764164213293.456787 1764164213294 1764164213301
92892 3135113779 1764164213326.803467 1764164213326 1764164213334
92893 3135147123 1764164213360.150146 1764164213360 1764164213367
92894 3135180467 1764164213393.496826 1764164213394 1764164213401
92895 3135213811 1764164213426.843262 1764164213426 1764164213434
92896 3135247155 1764164213460.189941 1764164213460 1764164213467
92897 3135280499 1764164213493.536621 1764164213494 1764164213501
92898 3135313843 1764164213526.883301 1764164213526 1764164213534
92899 3135347186 1764164213560.228760 1764164213560 1764164213567
92900 3135380530 1764164213593.575439 1764164213594 1764164213601
92901 3135413874 1764164213626.922119 1764164213627 1764164213634
92902 3135447218 1764164213660.268555 1764164213660 1764164213667
92903 3135480562 1764164213693.615234 1764164213694 1764164213701
92904 3135513906 1764164213726.961914 1764164213727 1764164213734
92905 3135547250 1764164213760.308350 1764164213760 1764164213767
92906 3135580594 1764164213793.655029 1764164213794 1764164213801
92907 3135613938 1764164213827.001709 1764164213827 1764164213834
92908 3135647282 1764164213860.348389 1764164213860 1764164213867
92909 3135680626 1764164213893.778076 1764164213894 1764164213901
92910 3135713970 1764164213927.208008 1764164213927 1764164213934
92911 3135747314 1764164213960.638672 1764164213961 1764164213968
92912 3135780657 1764164213994.068604 1764164213994 1764164214001
92913 3135814001 1764164214027.500244 1764164214027 1764164214034
92914 3135847345 1764164214060.932617 1764164214061 1764164214068
92915 3135880689 1764164214094.365234 1764164214093 1764164214101
92916 3135914033 1764164214127.798584 1764164214127 1764164214134
92917 3135947377 1764164214161.232178 1764164214161 1764164214168
92918 3135980721 1764164214194.666504 1764164214193 1764164214201
92919 3136014065 1764164214228.101318 1764164214227 1764164214234
92920 3136047409 1764164214261.536865 1764164214261 1764164214268
92921 3136080753 1764164214294.972656 1764164214293 1764164214301
92922 3136114097 1764164214328.409180 1764164214327 1764164214334
92923 3136147441 1764164214361.846191 1764164214361 1764164214368
92924 3136180785 1764164214395.283691 1764164214393 1764164214401
92925 3136214129 1764164214428.721680 1764164214427 1764164214434
92926 3136247472 1764164214462.159180 1764164214461 1764164214468
92927 3136280816 1764164214495.598389 1764164214494 1764164214501
92928 3136314160 1764164214529.038086 1764164214527 1764164214534
92929 3136347504 1764164214562.478271 1764164214561 1764164214568
92930 3136380848 1764164214595.918945 1764164214594 1764164214601
92931 3136414192 1764164214629.360107 1764164214627 1764164214634
92932 3136447536 1764164214662.802002 1764164214660 1764164214668
92933 3136480880 1764164214696.244141 1764164214694 1764164214701
92934 3136514224 1764164214729.687012 1764164214728 1764164214735
92935 3136547568 1764164214763.130371 1764164214761 1764164214768
92936 3136580912 1764164214796.574219 1764164214794 1764164214801
92937 3136614256 1764164214830.018799 1764164214828 1764164214835
92938 3136647600 1764164214863.462891 1764164214861 1764164214868
92939 3136680943 1764164214896.800537 1764164214894 1764164214901
92940 3136714287 1764164214930.139404 1764164214928 1764164214935
92941 3136747631 1764164214963.478027 1764164214960 1764164214968
92942 3136780975 1764164214996.816650 1764164214994 1764164215001
92943 3136814319 1764164215030.155029 1764164215028 1764164215036
92944 3136847663 1764164215063.493652 1764164215060 1764164215068
92945 3136881007 1764164215096.832031 1764164215094 1764164215101
92946 3136914351 1764164215130.170166 1764164215128 1764164215135
92947 3136947695 1764164215163.508545 1764164215160 1764164215168
92948 3136981039 1764164215196.846680 1764164215194 1764164215201
92949 3137014383 1764164215230.184814 1764164215228 1764164215235
92950 3137047727 1764164215263.522705 1764164215260 1764164215268
92951 3137081071 1764164215296.860596 1764164215294 1764164215301
92952 3137114414 1764164215330.197510 1764164215328 1764164215335
92953 3137147758 1764164215363.535400 1764164215361 1764164215368
92954 3137181102 1764164215396.873047 1764164215394 1764164215401
92955 3137214446 1764164215430.210693 1764164215428 1764164215435
92956 3137247790 1764164215463.548340 1764164215461 1764164215468
92957 3137281134 1764164215496.885986 1764164215494 1764164215501
92958 3137314478 1764164215530.223389 1764164215528 1764164215535
92959 3137347822 1764164215563.560791 1764164215561 1764164215568
92960 3137381166 1764164215596.897949 1764164215595 1764164215602
92961 3137414510 1764164215630.235352 1764164215628 1764164215635
92962 3137447854 1764164215663.572510 1764164215661 1764164215668
92963 3137481198 1764164215696.909424 1764164215695 1764164215702
92964 3137514542 1764164215730.246582 1764164215727 1764164215735
92965 3137547886 1764164215763.583496 1764164215761 1764164215768
92966 3137581229 1764164215796.919434 1764164215795 1764164215802
92967 3137614573 1764164215830.256104 1764164215827 1764164215835
92968 3137647917 1764164215863.593018 1764164215861 1764164215868
92969 3137681261 1764164215896.931885 1764164215895 1764164215902
92970 3137714605 1764164215930.270752 1764164215927 1764164215935
92971 3137747949 1764164215963.609375 1764164215961 1764164215968
92972 3137781293 1764164215996.947998 1764164215995 1764164216002
92973 3137814637 1764164216030.286377 1764164216027 1764164216035
92974 3137847981 1764164216063.625000 1764164216061 1764164216068
92975 3137881325 1764164216096.963379 1764164216095 1764164216102
92976 3137914669 1764164216130.301514 1764164216128 1764164216135
92977 3137948013 1764164216163.639893 1764164216161 1764164216168
92978 3137981357 1764164216196.978027 1764164216195 1764164216202
92979 3138014700 1764164216230.315186 1764164216228 1764164216235
92980 3138048044 1764164216263.653076 1764164216261 1764164216268
92981 3138081388 1764164216296.991211 1764164216295 1764164216302
92982 3138114732 1764164216330.329102 1764164216328 1764164216335
92983 3138148076 1764164216363.666748 1764164216361 1764164216368
92984 3138181420 1764164216397.004639 1764164216395 1764164216402
92985 3138214764 1764164216430.342285 1764164216428 1764164216435
92986 3138248108 1764164216463.679688 1764164216462 1764164216469
92987 3138281452 1764164216497.017334 1764164216494 1764164216502
92988 3138314796 1764164216530.354736 1764164216528 1764164216535
92989 3138348140 1764164216563.692139 1764164216562 1764164216569
92990 3138381484 1764164216597.029541 1764164216594 1764164216602
92991 3138414828 1764164216630.366699 1764164216628 1764164216635
92992 3138448171 1764164216663.702881 1764164216662 1764164216669
92993 3138481515 1764164216697.040039 1764164216694 1764164216702
92994 3138514859 1764164216730.376953 1764164216728 1764164216735
92995 3138548203 1764164216763.713867 1764164216762 1764164216769
92996 3138581547 1764164216797.050781 1764164216794 1764164216802
92997 3138614891 1764164216830.387695 1764164216829 1764164216836
92998 3138648235 1764164216863.724609 1764164216862 1764164216869
92999 3138681579 1764164216897.063477 1764164216894 1764164216902
93000 3138714923 1764164216930.402344 1764164216929 1764164216936
93001 3138748267 1764164216963.740967 1764164216962 1764164216969
93002 3138781611 1764164216997.079590 1764164216995 1764164217002
93003 3138814955 1764164217030.418213 1764164217028 1764164217035
93004 3138848299 1764164217063.756836 1764164217062 1764164217069
93005 3138881643 1764164217097.095459 1764164217095 1764164217102
93006 3138914986 1764164217130.432861 1764164217128 1764164217135
93007 3138948330 1764164217163.770996 1764164217161 1764164217169
93008 3138981674 1764164217197.109375 1764164217195 1764164217202
93009 3139015018 1764164217230.447510 1764164217229 1764164217236
93010 3139048362 1764164217263.785645 1764164217262 1764164217269
93011 3139081706 1764164217297.123779 1764164217295 1764164217302
93012 3139115050 1764164217330.461670 1764164217329 1764164217336
93013 3139148394 1764164217363.799561 1764164217361 1764164217369
93014 3139181738 1764164217397.137451 1764164217395 1764164217402
93015 3139215082 1764164217430.475342 1764164217429 1764164217436
93016 3139248426 1764164217463.812988 1764164217461 1764164217469
93017 3139281770 1764164217497.150635 1764164217495 1764164217502
93018 3139315114 1764164217530.488281 1764164217529 1764164217536
93019 3139348457 1764164217563.824707 1764164217561 1764164217569
93020 3139381801 1764164217597.162109 1764164217596 1764164217603
93021 3139415145 1764164217630.499512 1764164217629 1764164217636
93022 3139448489 1764164217663.836914 1764164217661 1764164217669
93023 3139481833 1764164217697.174072 1764164217695 1764164217702
93024 3139515177 1764164217730.511230 1764164217729 1764164217736
93025 3139548521 1764164217763.848389 1764164217762 1764164217769
93026 3139581865 1764164217797.185303 1764164217795 1764164217802
93027 3139615209 1764164217830.522217 1764164217829 1764164217836
93028 3139648553 1764164217863.859131 1764164217862 1764164217869
93029 3139681897 1764164217897.198242 1764164217895 1764164217902
93030 3139715241 1764164217930.537109 1764164217929 1764164217936
93031 3139748585 1764164217963.875977 1764164217962 1764164217969
93032 3139781928 1764164217997.213623 1764164217995 1764164218002
93033 3139815272 1764164218030.552246 1764164218029 1764164218036
93034 3139848616 1764164218063.890869 1764164218062 1764164218069
93035 3139881960 1764164218097.229492 1764164218096 1764164218103
93036 3139915304 1764164218130.567871 1764164218128 1764164218136
93037 3139948648 1764164218163.906250 1764164218162 1764164218169
93038 3139981992 1764164218197.244629 1764164218196 1764164218203
93039 3140015336 1764164218230.582764 1764164218228 1764164218236
93040 3140048680 1764164218263.921143 1764164218262 1764164218269
93041 3140082024 1764164218297.259277 1764164218296 1764164218303
93042 3140115368 1764164218330.597168 1764164218328 1764164218336
93043 3140148712 1764164218363.935059 1764164218362 1764164218369
93044 3140182056 1764164218397.273193 1764164218396 1764164218403
93045 3140215400 1764164218430.610840 1764164218428 1764164218436
93046 3140248743 1764164218463.947754 1764164218462 1764164218469
93047 3140282087 1764164218497.285400 1764164218496 1764164218503
93048 3140315431 1764164218530.623047 1764164218528 1764164218536
93049 3140348775 1764164218563.960449 1764164218562 1764164218569
93050 3140382119 1764164218597.298096 1764164218596 1764164218603
93051 3140415463 1764164218630.635498 1764164218629 1764164218636
93052 3140448807 1764164218663.972900 1764164218662 1764164218669
93053 3140482151 1764164218697.310059 1764164218696 1764164218703
93054 3140515495 1764164218730.647217 1764164218729 1764164218736
93055 3140548839 1764164218763.984375 1764164218762 1764164218769
93056 3140582183 1764164218797.321533 1764164218796 1764164218803
93057 3140615527 1764164218830.658447 1764164218829 1764164218836
93058 3140648871 1764164218863.995605 1764164218862 1764164218870
93059 3140682214 1764164218897.333740 1764164218896 1764164218903
93060 3140715558 1764164218930.672852 1764164218929 1764164218936
93061 3140748902 1764164218964.011963 1764164218963 1764164218970
93062 3140782246 1764164218997.350830 1764164218995 1764164219003
93063 3140815590 1764164219030.689941 1764164219029 1764164219036
93064 3140848934 1764164219064.028809 1764164219063 1764164219070
93065 3140882278 1764164219097.367432 1764164219095 1764164219103
93066 3140915622 1764164219130.706299 1764164219129 1764164219136
93067 3140948966 1764164219164.044922 1764164219163 1764164219170
93068 3140982310 1764164219197.383545 1764164219195 1764164219203
93069 3141015654 1764164219230.721924 1764164219229 1764164219236
93070 3141048998 1764164219264.060547 1764164219263 1764164219270
93071 3141082342 1764164219297.398926 1764164219295 1764164219303
93072 3141115685 1764164219330.736328 1764164219329 1764164219336
93073 3141149029 1764164219364.074463 1764164219363 1764164219370
93074 3141182373 1764164219397.412598 1764164219396 1764164219403
93075 3141215717 1764164219430.750732 1764164219429 1764164219436
93076 3141249061 1764164219464.088867 1764164219463 1764164219470
93077 3141282405 1764164219497.427002 1764164219496 1764164219503
93078 3141315749 1764164219530.764893 1764164219529 1764164219536
93079 3141349093 1764164219564.102783 1764164219563 1764164219570
93080 3141382437 1764164219597.440430 1764164219596 1764164219603
93081 3141415781 1764164219630.778320 1764164219629 1764164219637
93082 3141449125 1764164219664.115967 1764164219663 1764164219670
93083 3141482469 1764164219697.453369 1764164219696 1764164219703
93084 3141515813 1764164219730.791016 1764164219730 1764164219737
93085 3141549157 1764164219764.128418 1764164219763 1764164219770
93086 3141582500 1764164219797.464844 1764164219796 1764164219803
93087 3141615844 1764164219830.802246 1764164219830 1764164219837
93088 3141649188 1764164219864.139648 1764164219862 1764164219870
93089 3141682532 1764164219897.478760 1764164219896 1764164219903
93090 3141715876 1764164219930.817871 1764164219930 1764164219937
93091 3141749220 1764164219964.156738 1764164219962 1764164219970
93092 3141782564 1764164219997.495850 1764164219996 1764164220003
93093 3141815908 1764164220030.834717 1764164220030 1764164220037
93094 3141849252 1764164220064.173340 1764164220062 1764164220070
93095 3141882596 1764164220097.512207 1764164220096 1764164220103
93096 3141915940 1764164220130.850830 1764164220130 1764164220137
93097 3141949284 1764164220164.189453 1764164220162 1764164220170
93098 3141982628 1764164220197.527832 1764164220196 1764164220203
93099 3142015971 1764164220230.865479 1764164220230 1764164220237
93100 3142049315 1764164220264.203857 1764164220263 1764164220270
93101 3142082659 1764164220297.541992 1764164220296 1764164220303
93102 3142116003 1764164220330.880371 1764164220329 1764164220337
93103 3142149347 1764164220364.218506 1764164220363 1764164220370
93104 3142182691 1764164220397.556641 1764164220396 1764164220403
93105 3142216035 1764164220430.894775 1764164220430 1764164220437
93106 3142249379 1764164220464.232666 1764164220463 1764164220470
93107 3142282723 1764164220497.570557 1764164220497 1764164220504
93108 3142316067 1764164220530.908447 1764164220530 1764164220537
93109 3142349411 1764164220564.246094 1764164220563 1764164220570
93110 3142382755 1764164220597.583984 1764164220597 1764164220604
93111 3142416099 1764164220630.921631 1764164220630 1764164220637
93112 3142449442 1764164220664.258057 1764164220663 1764164220670
93113 3142482786 1764164220697.595703 1764164220697 1764164220704
93114 3142516130 1764164220730.933105 1764164220729 1764164220737
93115 3142549474 1764164220764.270508 1764164220763 1764164220770
93116 3142582818 1764164220797.607666 1764164220797 1764164220804
93117 3142616162 1764164220830.944824 1764164220829 1764164220837
93118 3142649506 1764164220864.282227 1764164220863 1764164220870
93119 3142682850 1764164220897.621338 1764164220897 1764164220904
93120 3142716194 1764164220930.960449 1764164220929 1764164220937
93121 3142749538 1764164220964.299561 1764164220963 1764164220970
93122 3142782882 1764164220997.638428 1764164220997 1764164221004
93123 3142816226 1764164221030.977295 1764164221029 1764164221037
93124 3142849570 1764164221064.316162 1764164221063 1764164221070
93125 3142882914 1764164221097.655029 1764164221097 1764164221104
93126 3142916257 1764164221130.992676 1764164221130 1764164221137
93127 3142949601 1764164221164.331299 1764164221163 1764164221170
93128 3142982945 1764164221197.669678 1764164221197 1764164221204
93129 3143016289 1764164221231.008301 1764164221230 1764164221237
93130 3143049633 1764164221264.346680 1764164221263 1764164221270
93131 3143082977 1764164221297.685059 1764164221297 1764164221304
93132 3143116321 1764164221331.023193 1764164221330 1764164221339
93133 3143149665 1764164221364.361572 1764164221364 1764164221371
93134 3143183009 1764164221397.699707 1764164221397 1764164221404
93135 3143216353 1764164221431.037598 1764164221430 1764164221437
93136 3143249697 1764164221464.375732 1764164221464 1764164221471
93137 3143283041 1764164221497.713623 1764164221496 1764164221504
93138 3143316385 1764164221531.051514 1764164221530 1764164221537
93139 3143349728 1764164221564.388184 1764164221564 1764164221571
93140 3143383072 1764164221597.725830 1764164221596 1764164221604
93141 3143416416 1764164221631.063477 1764164221630 1764164221637
93142 3143449760 1764164221664.401123 1764164221664 1764164221671
93143 3143483104 1764164221697.738770 1764164221696 1764164221704
93144 3143516448 1764164221731.076172 1764164221730 1764164221737
93145 3143549792 1764164221764.413574 1764164221764 1764164221771
93146 3143583136 1764164221797.750732 1764164221796 1764164221804
93147 3143616480 1764164221831.088135 1764164221831 1764164221838
93148 3143649824 1764164221864.425293 1764164221864 1764164221871
93149 3143683168 1764164221897.764404 1764164221897 1764164221904
93150 3143716512 1764164221931.103271 1764164221930 1764164221937
93151 3143749856 1764164221964.442139 1764164221964 1764164221971
93152 3143783199 1764164221997.779785 1764164221997 1764164222004
93153 3143816543 1764164222031.118408 1764164222031 1764164222038
93154 3143849887 1764164222064.457031 1764164222064 1764164222071
93155 3143883231 1764164222097.795654 1764164222097 1764164222104
93156 3143916575 1764164222131.134277 1764164222131 1764164222138
93157 3143949919 1764164222164.472656 1764164222164 1764164222171
93158 3143983263 1764164222197.811035 1764164222197 1764164222204
93159 3144016607 1764164222231.149170 1764164222231 1764164222238
93160 3144049951 1764164222264.487549 1764164222264 1764164222271
93161 3144083295 1764164222297.825684 1764164222297 1764164222304
93162 3144116639 1764164222331.163574 1764164222331 1764164222338
93163 3144149983 1764164222364.501709 1764164222363 1764164222371
93164 3144183327 1764164222397.839600 1764164222397 1764164222404
93165 3144216671 1764164222431.177490 1764164222431 1764164222438
93166 3144250014 1764164222464.514160 1764164222463 1764164222471
93167 3144283358 1764164222497.851807 1764164222497 1764164222504
93168 3144316702 1764164222531.189453 1764164222531 1764164222538
93169 3144350046 1764164222564.527100 1764164222563 1764164222571
93170 3144383390 1764164222597.864502 1764164222597 1764164222604
93171 3144416734 1764164222631.202148 1764164222631 1764164222638
93172 3144450078 1764164222664.539307 1764164222663 1764164222671
93173 3144483422 1764164222697.876709 1764164222697 1764164222704
93174 3144516766 1764164222731.213867 1764164222731 1764164222738
93175 3144550110 1764164222764.551025 1764164222764 1764164222771
93176 3144583454 1764164222797.888184 1764164222797 1764164222804
93177 3144616798 1764164222831.225098 1764164222831 1764164222838
93178 3144650142 1764164222864.562256 1764164222864 1764164222871
93179 3144683485 1764164222897.901123 1764164222897 1764164222904
93180 3144716829 1764164222931.241211 1764164222930 1764164222938
93181 3144750173 1764164222964.581055 1764164222964 1764164222971
93182 3144783517 1764164222997.920898 1764164222998 1764164223005
93183 3144816861 1764164223031.260498 1764164223031 1764164223038
93184 3144850205 1764164223064.600342 1764164223064 1764164223071
93185 3144883549 1764164223097.939941 1764164223098 1764164223105
93186 3144916893 1764164223131.279541 1764164223130 1764164223138
93187 3144950237 1764164223164.618896 1764164223164 1764164223171
93188 3144983581 1764164223197.958496 1764164223198 1764164223205
93189 3145016925 1764164223231.297852 1764164223230 1764164223238
93190 3145050269 1764164223264.636963 1764164223264 1764164223271
93191 3145083613 1764164223297.976318 1764164223298 1764164223305
93192 3145116956 1764164223331.314453 1764164223331 1764164223339
93193 3145150300 1764164223364.653564 1764164223364 1764164223371
93194 3145183644 1764164223397.992676 1764164223398 1764164223405
93195 3145216988 1764164223431.331543 1764164223430 1764164223438
93196 3145250332 1764164223464.670654 1764164223464 1764164223471
93197 3145283676 1764164223498.009521 1764164223498 1764164223505
93198 3145317020 1764164223531.348145 1764164223531 1764164223538
93199 3145350364 1764164223564.687012 1764164223564 1764164223571
93200 3145383708 1764164223598.025635 1764164223598 1764164223605
93201 3145417052 1764164223631.364258 1764164223631 1764164223638
93202 3145450396 1764164223664.702881 1764164223664 1764164223671
93203 3145483740 1764164223698.041260 1764164223698 1764164223705
93204 3145517084 1764164223731.379639 1764164223731 1764164223738
93205 3145550428 1764164223764.718018 1764164223764 1764164223771
93206 3145583771 1764164223798.055420 1764164223798 1764164223805
93207 3145617115 1764164223831.393555 1764164223831 1764164223838
93208 3145650459 1764164223864.731934 1764164223865 1764164223872
93209 3145683803 1764164223898.071045 1764164223898 1764164223905
93210 3145717147 1764164223931.410156 1764164223931 1764164223938
93211 3145750491 1764164223964.749023 1764164223965 1764164223972
93212 3145783835 1764164223998.087891 1764164223997 1764164224005
93213 3145817179 1764164224031.426758 1764164224031 1764164224038
93214 3145850523 1764164224064.765625 1764164224065 1764164224072
93215 3145883867 1764164224098.104492 1764164224097 1764164224105
93216 3145917211 1764164224131.443115 1764164224131 1764164224138
93217 3145950555 1764164224164.781738 1764164224165 1764164224172
93218 3145983899 1764164224198.120117 1764164224197 1764164224205
93219 3146017242 1764164224231.457520 1764164224231 1764164224238
93220 3146050586 1764164224264.795898 1764164224265 1764164224272
93221 3146083930 1764164224298.134277 1764164224297 1764164224305
93222 3146117274 1764164224331.472656 1764164224331 1764164224338
93223 3146150618 1764164224364.810791 1764164224365 1764164224372
93224 3146183962 1764164224398.148926 1764164224398 1764164224405
93225 3146217306 1764164224431.486816 1764164224431 1764164224438
93226 3146250650 1764164224464.824951 1764164224465 1764164224472
93227 3146283994 1764164224498.162842 1764164224498 1764164224505
93228 3146317338 1764164224531.500488 1764164224531 1764164224538
93229 3146350682 1764164224564.838379 1764164224564 1764164224574
93230 3146384026 1764164224598.176025 1764164224598 1764164224605
93231 3146417370 1764164224631.513672 1764164224632 1764164224639
93232 3146450713 1764164224664.850098 1764164224665 1764164224672
93233 3146484057 1764164224698.187744 1764164224699 1764164224706
93234 3146517401 1764164224731.525146 1764164224732 1764164224739
93235 3146550745 1764164224764.862305 1764164224764 1764164224772
93236 3146584089 1764164224798.199707 1764164224798 1764164224805
93237 3146617433 1764164224831.536865 1764164224832 1764164224839
93238 3146650777 1764164224864.874023 1764164224864 1764164224872
93239 3146684121 1764164224898.212891 1764164224898 1764164224905
93240 3146717465 1764164224931.551514 1764164224932 1764164224939
93241 3146750809 1764164224964.890137 1764164224964 1764164224972
93242 3146784153 1764164224998.228516 1764164224998 1764164225005
93243 3146817497 1764164225031.567139 1764164225032 1764164225040
93244 3146850841 1764164225064.905518 1764164225064 1764164225072
93245 3146884185 1764164225098.243896 1764164225098 1764164225105
93246 3146917528 1764164225131.581055 1764164225132 1764164225139
93247 3146950872 1764164225164.919189 1764164225164 1764164225172
93248 3146984216 1764164225198.257324 1764164225198 1764164225205
93249 3147017560 1764164225231.595215 1764164225232 1764164225239
93250 3147050904 1764164225264.933350 1764164225265 1764164225272
93251 3147084248 1764164225298.271240 1764164225298 1764164225305
93252 3147117592 1764164225331.608887 1764164225332 1764164225339
93253 3147150936 1764164225364.946777 1764164225365 1764164225372
93254 3147184280 1764164225398.284424 1764164225398 1764164225405
93255 3147217624 1764164225431.621826 1764164225432 1764164225439
93256 3147250968 1764164225464.959473 1764164225465 1764164225472
93257 3147284312 1764164225498.296875 1764164225499 1764164225506
93258 3147317656 1764164225531.634277 1764164225531 1764164225539
93259 3147350999 1764164225564.970459 1764164225565 1764164225572
93260 3147384343 1764164225598.307861 1764164225599 1764164225606
93261 3147417687 1764164225631.645020 1764164225631 1764164225639
93262 3147451031 1764164225664.981934 1764164225665 1764164225672
93263 3147484375 1764164225698.319092 1764164225699 1764164225706
93264 3147517719 1764164225731.656006 1764164225731 1764164225739
93265 3147551063 1764164225764.992920 1764164225765 1764164225772
93266 3147584407 1764164225798.329590 1764164225799 1764164225806
93267 3147617751 1764164225831.666260 1764164225831 1764164225839
93268 3147651095 1764164225865.002930 1764164225865 1764164225872
93269 3147684439 1764164225898.341797 1764164225899 1764164225906
93270 3147717783 1764164225931.680664 1764164225931 1764164225939
93271 3147751127 1764164225965.019287 1764164225966 1764164225973
93272 3147784470 1764164225998.356934 1764164225999 1764164226006
93273 3147817814 1764164226031.695312 1764164226032 1764164226039
93274 3147851158 1764164226065.033936 1764164226065 1764164226072
93275 3147884502 1764164226098.372314 1764164226099 1764164226106
93276 3147917846 1764164226131.710449 1764164226132 1764164226139
93277 3147951190 1764164226165.048828 1764164226165 1764164226172
93278 3147984534 1764164226198.386963 1764164226199 1764164226206
93279 3148017878 1764164226231.725098 1764164226232 1764164226239
93280 3148051222 1764164226265.062988 1764164226265 1764164226273
93281 3148084566 1764164226298.401123 1764164226298 1764164226306
93282 3148117910 1764164226331.738770 1764164226332 1764164226339
93283 3148151254 1764164226365.076660 1764164226366 1764164226373
93284 3148184598 1764164226398.414551 1764164226398 1764164226406
93285 3148217942 1764164226431.752197 1764164226432 1764164226439
93286 3148251285 1764164226465.088623 1764164226466 1764164226473
93287 3148284629 1764164226498.426270 1764164226498 1764164226506
93288 3148317973 1764164226531.763672 1764164226532 1764164226539
93289 3148351317 1764164226565.101074 1764164226566 1764164226573
93290 3148384661 1764164226598.438477 1764164226598 1764164226606
93291 3148418005 1764164226631.775635 1764164226632 1764164226639
93292 3148451349 1764164226665.112793 1764164226666 1764164226673
93293 3148484693 1764164226698.449951 1764164226698 1764164226706
93294 3148518037 1764164226731.786865 1764164226732 1764164226739
93295 3148551381 1764164226765.123779 1764164226766 1764164226773
93296 3148584725 1764164226798.460693 1764164226799 1764164226806
93297 3148618069 1764164226831.797607 1764164226832 1764164226839
93298 3148651413 1764164226865.134277 1764164226866 1764164226873
93299 3148684756 1764164226898.472900 1764164226899 1764164226906
93300 3148718100 1764164226931.812500 1764164226932 1764164226939
93301 3148751444 1764164226965.151855 1764164226966 1764164226973
93302 3148784788 1764164226998.491211 1764164226999 1764164227006
93303 3148818132 1764164227031.830566 1764164227032 1764164227039
93304 3148851476 1764164227065.169922 1764164227066 1764164227073
93305 3148884820 1764164227098.509033 1764164227099 1764164227106
93306 3148918164 1764164227131.848145 1764164227133 1764164227140
93307 3148951508 1764164227165.187256 1764164227166 1764164227173
93308 3148984852 1764164227198.526123 1764164227199 1764164227206
93309 3149018196 1764164227231.864990 1764164227233 1764164227240
93310 3149051540 1764164227265.203857 1764164227265 1764164227273
93311 3149084884 1764164227298.542725 1764164227299 1764164227306
93312 3149118227 1764164227331.880371 1764164227333 1764164227340
93313 3149151571 1764164227365.218994 1764164227365 1764164227373
93314 3149184915 1764164227398.557617 1764164227399 1764164227406
93315 3149218259 1764164227431.896240 1764164227433 1764164227440
93316 3149251603 1764164227465.234619 1764164227465 1764164227473
93317 3149284947 1764164227498.572998 1764164227499 1764164227506
93318 3149318291 1764164227531.911377 1764164227533 1764164227540
93319 3149351635 1764164227565.249512 1764164227565 1764164227573
93320 3149384979 1764164227598.587646 1764164227599 1764164227606
93321 3149418323 1764164227631.925781 1764164227633 1764164227640
93322 3149451667 1764164227665.263916 1764164227666 1764164227673
93323 3149485011 1764164227698.601807 1764164227699 1764164227706
93324 3149518355 1764164227731.939941 1764164227733 1764164227740
93325 3149551698 1764164227765.276611 1764164227766 1764164227773
93326 3149585042 1764164227798.614502 1764164227799 1764164227806
93327 3149618386 1764164227831.952148 1764164227833 1764164227840
93328 3149651730 1764164227865.289795 1764164227866 1764164227873
93329 3149685074 1764164227898.628662 1764164227899 1764164227906
93330 3149718418 1764164227931.967285 1764164227933 1764164227940
93331 3149751762 1764164227965.305908 1764164227966 1764164227973
93332 3149785106 1764164227998.644531 1764164228000 1764164228007
93333 3149818450 1764164228031.982910 1764164228032 1764164228040
93334 3149851794 1764164228065.321289 1764164228066 1764164228073
93335 3149885138 1764164228098.659668 1764164228100 1764164228107
93336 3149918482 1764164228131.997803 1764164228132 1764164228140
93337 3149951826 1764164228165.336182 1764164228166 1764164228173
93338 3149985170 1764164228198.674316 1764164228200 1764164228207
93339 3150018513 1764164228232.011230 1764164228232 1764164228240
93340 3150051857 1764164228265.349121 1764164228266 1764164228273
93341 3150085201 1764164228298.687012 1764164228300 1764164228307
93342 3150118545 1764164228332.024902 1764164228332 1764164228340
93343 3150151889 1764164228365.362549 1764164228366 1764164228373
93344 3150185233 1764164228398.700195 1764164228400 1764164228407
93345 3150218577 1764164228432.037842 1764164228433 1764164228441
93346 3150251921 1764164228465.375488 1764164228466 1764164228473
93347 3150285265 1764164228498.712891 1764164228500 1764164228507
93348 3150318609 1764164228532.050293 1764164228533 1764164228540
93349 3150351953 1764164228565.387451 1764164228566 1764164228573
93350 3150385297 1764164228598.724854 1764164228600 1764164228607
93351 3150418641 1764164228632.062012 1764164228633 1764164228640
93352 3150451984 1764164228665.397949 1764164228666 1764164228673
93353 3150485328 1764164228698.735107 1764164228699 1764164228707
93354 3150518672 1764164228732.072021 1764164228733 1764164228740
93355 3150552016 1764164228765.408691 1764164228767 1764164228774
93356 3150585360 1764164228798.745605 1764164228799 1764164228807
93357 3150618704 1764164228832.082275 1764164228833 1764164228840
93358 3150652048 1764164228865.418945 1764164228867 1764164228874
93359 3150685392 1764164228898.757812 1764164228899 1764164228907
93360 3150718736 1764164228932.096680 1764164228933 1764164228940
93361 3150752080 1764164228965.435303 1764164228967 1764164228974
93362 3150785424 1764164228998.773926 1764164228999 1764164229007
93363 3150818768 1764164229032.112549 1764164229033 1764164229040
93364 3150852112 1764164229065.450928 1764164229067 1764164229074
93365 3150885456 1764164229098.789551 1764164229099 1764164229107
93366 3150918799 1764164229132.126709 1764164229133 1764164229140
93367 3150952143 1764164229165.465088 1764164229167 1764164229174
93368 3150985487 1764164229198.803223 1764164229199 1764164229207
93369 3151018831 1764164229232.141357 1764164229233 1764164229240
93370 3151052175 1764164229265.479492 1764164229267 1764164229274
93371 3151085519 1764164229298.817383 1764164229300 1764164229307
93372 3151118863 1764164229332.155273 1764164229334 1764164229341
93373 3151152207 1764164229365.493164 1764164229367 1764164229374
93374 3151185551 1764164229398.831055 1764164229400 1764164229407
93375 3151218895 1764164229432.168701 1764164229433 1764164229440
93376 3151252239 1764164229465.506348 1764164229467 1764164229474
93377 3151285583 1764164229498.843750 1764164229500 1764164229507
93378 3151318927 1764164229532.181396 1764164229533 1764164229540
93379 3151352270 1764164229565.517822 1764164229567 1764164229574
93380 3151385614 1764164229598.854980 1764164229600 1764164229607
93381 3151418958 1764164229632.192383 1764164229634 1764164229641
93382 3151452302 1764164229665.529541 1764164229666 1764164229674
93383 3151485646 1764164229698.866699 1764164229700 1764164229707
93384 3151518990 1764164229732.203613 1764164229734 1764164229741
93385 3151552334 1764164229765.540527 1764164229766 1764164229774
93386 3151585678 1764164229798.877441 1764164229800 1764164229807
93387 3151619022 1764164229832.214355 1764164229834 1764164229841
93388 3151652366 1764164229865.551270 1764164229866 1764164229874
93389 3151685710 1764164229898.935059 1764164229900 1764164229907
93390 3151719054 1764164229932.319336 1764164229934 1764164229941
93391 3151752398 1764164229965.704346 1764164229966 1764164229974
93392 3151785741 1764164229999.088867 1764164230000 1764164230007
93393 3151819085 1764164230032.474854 1764164230034 1764164230041
93394 3151852429 1764164230065.861328 1764164230066 1764164230074
93395 3151885773 1764164230099.248291 1764164230100 1764164230107
93396 3151919117 1764164230132.635986 1764164230134 1764164230141
93397 3151952461 1764164230166.023926 1764164230167 1764164230174
93398 3151985805 1764164230199.412598 1764164230200 1764164230207
93399 3152019149 1764164230232.801758 1764164230234 1764164230241
93400 3152052493 1764164230266.191406 1764164230267 1764164230274
93401 3152085837 1764164230299.581543 1764164230300 1764164230307
93402 3152119181 1764164230332.972412 1764164230334 1764164230341
93403 3152152525 1764164230366.363525 1764164230367 1764164230374
93404 3152185869 1764164230399.755371 1764164230401 1764164230408
93405 3152219213 1764164230433.147705 1764164230434 1764164230441
93406 3152252556 1764164230466.539551 1764164230467 1764164230474
93407 3152285900 1764164230499.932861 1764164230501 1764164230508
93408 3152319244 1764164230533.326660 1764164230533 1764164230541
93409 3152352588 1764164230566.721191 1764164230567 1764164230574
93410 3152385932 1764164230600.116211 1764164230601 1764164230608
93411 3152419276 1764164230633.511475 1764164230633 1764164230641
93412 3152452620 1764164230666.907471 1764164230667 1764164230674
93413 3152485964 1764164230700.304199 1764164230701 1764164230708
93414 3152519308 1764164230733.701172 1764164230733 1764164230741
93415 3152552652 1764164230767.098877 1764164230767 1764164230774
93416 3152585996 1764164230800.496826 1764164230801 1764164230808
93417 3152619340 1764164230833.895508 1764164230833 1764164230841
93418 3152652684 1764164230867.294189 1764164230867 1764164230874
93419 3152686027 1764164230900.643799 1764164230901 1764164230908
93420 3152719371 1764164230933.994629 1764164230934 1764164230941
93421 3152752715 1764164230967.345459 1764164230967 1764164230974
93422 3152786059 1764164231000.696289 1764164231001 1764164231008
93423 3152819403 1764164231034.047119 1764164231034 1764164231041
93424 3152852747 1764164231067.397949 1764164231067 1764164231074
93425 3152886091 1764164231100.748779 1764164231101 1764164231108
93426 3152919435 1764164231134.099609 1764164231134 1764164231141
93427 3152952779 1764164231167.450684 1764164231168 1764164231175
93428 3152986123 1764164231200.801514 1764164231201 1764164231208
93429 3153019467 1764164231234.152588 1764164231234 1764164231241
93430 3153052811 1764164231267.503418 1764164231268 1764164231275
93431 3153086155 1764164231300.854492 1764164231300 1764164231308
93432 3153119498 1764164231334.204590 1764164231334 1764164231341
93433 3153152842 1764164231367.555664 1764164231368 1764164231375
93434 3153186186 1764164231400.906738 1764164231400 1764164231408
93435 3153219530 1764164231434.257812 1764164231434 1764164231441
93436 3153252874 1764164231467.608887 1764164231468 1764164231475
93437 3153286218 1764164231500.959961 1764164231500 1764164231508
93438 3153319562 1764164231534.311279 1764164231534 1764164231541
93439 3153352906 1764164231567.662354 1764164231568 1764164231575
93440 3153386250 1764164231601.013672 1764164231600 1764164231608
93441 3153419594 1764164231634.364990 1764164231634 1764164231641
93442 3153452938 1764164231667.716064 1764164231668 1764164231675
93443 3153486282 1764164231701.067383 1764164231701 1764164231708
93444 3153519626 1764164231734.418701 1764164231734 1764164231741
93445 3153552970 1764164231767.770020 1764164231768 1764164231775
93446 3153586313 1764164231801.120605 1764164231801 1764164231808
93447 3153619657 1764164231834.471924 1764164231834 1764164231841
93448 3153653001 1764164231867.823242 1764164231868 1764164231875
93449 3153686345 1764164231901.171875 1764164231901 1764164231908
93450 3153719689 1764164231934.520752 1764164231934 1764164231941
93451 3153753033 1764164231967.869385 1764164231968 1764164231975
93452 3153786377 1764164232001.218018 1764164232001 1764164232008
93453 3153819721 1764164232034.566895 1764164232035 1764164232042
93454 3153853065 1764164232067.915527 1764164232068 1764164232075
93455 3153886409 1764164232101.264404 1764164232101 1764164232108
93456 3153919753 1764164232134.613037 1764164232135 1764164232142
93457 3153953097 1764164232167.961914 1764164232167 1764164232175
93458 3153986441 1764164232201.310547 1764164232201 1764164232208
93459 3154019784 1764164232234.658447 1764164232235 1764164232242
93460 3154053128 1764164232268.007080 1764164232267 1764164232278
93461 3154086472 1764164232301.355957 1764164232301 1764164232308
93462 3154119816 1764164232334.704834 1764164232335 1764164232342
93463 3154153160 1764164232368.053711 1764164232367 1764164232375
93464 3154186504 1764164232401.402588 1764164232401 1764164232408
93465 3154219848 1764164232434.751221 1764164232435 1764164232442
93466 3154253192 1764164232468.100098 1764164232467 1764164232475
93467 3154286536 1764164232501.448975 1764164232501 1764164232508
93468 3154319880 1764164232534.797852 1764164232535 1764164232542
93469 3154353224 1764164232568.146729 1764164232567 1764164232575
93470 3154386568 1764164232601.495605 1764164232601 1764164232608
93471 3154419912 1764164232634.844727 1764164232634 1764164232642
93472 3154453255 1764164232668.192627 1764164232668 1764164232675
93473 3154486599 1764164232701.541504 1764164232701 1764164232708
93474 3154519943 1764164232734.890381 1764164232735 1764164232742
93475 3154553287 1764164232768.239258 1764164232768 1764164232775
93476 3154586631 1764164232801.588379 1764164232801 1764164232808
93477 3154619975 1764164232834.937256 1764164232835 1764164232842
93478 3154653319 1764164232868.286377 1764164232868 1764164232875
93479 3154686663 1764164232901.632568 1764164232902 1764164232909
93480 3154720007 1764164232934.978760 1764164232935 1764164232942
93481 3154753351 1764164232968.324951 1764164232968 1764164232975
93482 3154786695 1764164233001.671143 1764164233002 1764164233009
93483 3154820039 1764164233035.017578 1764164233034 1764164233042
93484 3154853383 1764164233068.363770 1764164233068 1764164233075
93485 3154886727 1764164233101.709961 1764164233102 1764164233109
93486 3154920070 1764164233135.055176 1764164233134 1764164233142
93487 3154953414 1764164233168.401367 1764164233168 1764164233175
93488 3154986758 1764164233201.747559 1764164233202 1764164233209
93489 3155020102 1764164233235.093750 1764164233234 1764164233242
93490 3155053446 1764164233268.439941 1764164233268 1764164233275
93491 3155086790 1764164233301.786133 1764164233302 1764164233309
93492 3155120134 1764164233335.132324 1764164233334 1764164233342
93493 3155153478 1764164233368.478516 1764164233368 1764164233375
93494 3155186822 1764164233401.824463 1764164233402 1764164233409
93495 3155220166 1764164233435.170654 1764164233435 1764164233442
93496 3155253510 1764164233468.516846 1764164233468 1764164233475
93497 3155286854 1764164233501.863037 1764164233502 1764164233509
93498 3155320198 1764164233535.209229 1764164233535 1764164233542
93499 3155353541 1764164233568.554199 1764164233568 1764164233575
93500 3155386885 1764164233601.900391 1764164233602 1764164233609
93501 3155420229 1764164233635.246582 1764164233635 1764164233642
93502 3155453573 1764164233668.592529 1764164233668 1764164233675
93503 3155486917 1764164233701.938721 1764164233701 1764164233709
93504 3155520261 1764164233735.284912 1764164233735 1764164233742
93505 3155553605 1764164233768.630859 1764164233769 1764164233776
93506 3155586949 1764164233801.977051 1764164233801 1764164233809
93507 3155620293 1764164233835.322998 1764164233835 1764164233842
93508 3155653637 1764164233868.669189 1764164233869 1764164233876
93509 3155686981 1764164233902.015137 1764164233901 1764164233909
93510 3155720325 1764164233935.361084 1764164233936 1764164233943
93511 3155753669 1764164233968.706787 1764164233969 1764164233976
93512 3155787012 1764164234002.051758 1764164234001 1764164234009
93513 3155820356 1764164234035.397705 1764164234035 1764164234042
93514 3155853700 1764164234068.743652 1764164234069 1764164234076
93515 3155887044 1764164234102.089600 1764164234101 1764164234109
93516 3155920388 1764164234135.435303 1764164234135 1764164234142
93517 3155953732 1764164234168.781250 1764164234169 1764164234176
93518 3155987076 1764164234202.127197 1764164234201 1764164234209
93519 3156020420 1764164234235.472900 1764164234235 1764164234242
93520 3156053764 1764164234268.818848 1764164234269 1764164234276
93521 3156087108 1764164234302.164551 1764164234302 1764164234309
93522 3156120452 1764164234335.510498 1764164234335 1764164234342
93523 3156153796 1764164234368.856201 1764164234369 1764164234376
93524 3156187140 1764164234402.202148 1764164234402 1764164234409
93525 3156220484 1764164234435.547852 1764164234435 1764164234442
93526 3156253827 1764164234468.892578 1764164234469 1764164234476
93527 3156287171 1764164234502.238525 1764164234502 1764164234509
93528 3156320515 1764164234535.584229 1764164234536 1764164234543
93529 3156353859 1764164234568.929932 1764164234568 1764164234576
93530 3156387203 1764164234602.275879 1764164234602 1764164234609
93531 3156420547 1764164234635.621582 1764164234636 1764164234643
93532 3156453891 1764164234668.967285 1764164234668 1764164234676
93533 3156487235 1764164234702.312988 1764164234702 1764164234709
93534 3156520579 1764164234735.658691 1764164234736 1764164234743
93535 3156553923 1764164234769.004395 1764164234768 1764164234776
93536 3156587267 1764164234802.350098 1764164234802 1764164234809
93537 3156620611 1764164234835.695801 1764164234836 1764164234843
93538 3156653955 1764164234869.041504 1764164234868 1764164234876
93539 3156687298 1764164234902.387695 1764164234902 1764164234909
93540 3156720642 1764164234935.733887 1764164234936 1764164234943
93541 3156753986 1764164234969.080078 1764164234968 1764164234976
93542 3156787330 1764164235002.426270 1764164235002 1764164235009
93543 3156820674 1764164235035.772461 1764164235036 1764164235043
93544 3156854018 1764164235069.118652 1764164235070 1764164235078
93545 3156887362 1764164235102.464600 1764164235102 1764164235109
93546 3156920706 1764164235135.810791 1764164235136 1764164235143
93547 3156954050 1764164235169.156982 1764164235169 1764164235176
93548 3156987394 1764164235202.502930 1764164235202 1764164235209
93549 3157020738 1764164235235.849121 1764164235235 1764164235243
93550 3157054082 1764164235269.195312 1764164235269 1764164235276
93551 3157087426 1764164235302.541260 1764164235302 1764164235309
93552 3157120769 1764164235335.886230 1764164235336 1764164235343
93553 3157154113 1764164235369.232422 1764164235369 1764164235376
93554 3157187457 1764164235402.578369 1764164235403 1764164235410
93555 3157220801 1764164235435.924561 1764164235435 1764164235443
93556 3157254145 1764164235469.270508 1764164235469 1764164235476
93557 3157287489 1764164235502.616699 1764164235502 1764164235510
93558 3157320833 1764164235535.962646 1764164235535 1764164235543
93559 3157354177 1764164235569.308594 1764164235569 1764164235576
93560 3157387521 1764164235602.654785 1764164235603 1764164235610
93561 3157420865 1764164235636.000732 1764164235635 1764164235643
93562 3157454209 1764164235669.346680 1764164235669 1764164235676
93563 3157487553 1764164235702.692627 1764164235703 1764164235710
93564 3157520897 1764164235736.038818 1764164235735 1764164235743
93565 3157554241 1764164235769.384766 1764164235769 1764164235776
93566 3157587584 1764164235802.729736 1764164235803 1764164235810
93567 3157620928 1764164235836.075684 1764164235835 1764164235843
93568 3157654272 1764164235869.421631 1764164235870 1764164235877
93569 3157687616 1764164235902.767578 1764164235903 1764164235910
93570 3157720960 1764164235936.113770 1764164235936 1764164235943
93571 3157754304 1764164235969.459961 1764164235969 1764164235976
93572 3157787648 1764164236002.806152 1764164236002 1764164236010
93573 3157820992 1764164236036.152344 1764164236036 1764164236043
93574 3157854336 1764164236069.498779 1764164236069 1764164236076
93575 3157887680 1764164236102.844971 1764164236103 1764164236110
93576 3157921024 1764164236136.191162 1764164236136 1764164236143
93577 3157954368 1764164236169.537354 1764164236169 1764164236177
93578 3157987712 1764164236202.883301 1764164236203 1764164236210
93579 3158021055 1764164236236.228516 1764164236236 1764164236243
93580 3158054399 1764164236269.574707 1764164236270 1764164236277
93581 3158087743 1764164236302.920898 1764164236302 1764164236310
93582 3158121087 1764164236336.267090 1764164236336 1764164236343
93583 3158154431 1764164236369.613281 1764164236370 1764164236377
93584 3158187775 1764164236402.959473 1764164236402 1764164236411
93585 3158221119 1764164236436.305420 1764164236436 1764164236443
93586 3158254463 1764164236469.651611 1764164236470 1764164236477
93587 3158287807 1764164236502.997803 1764164236502 1764164236510
93588 3158321151 1764164236536.343994 1764164236536 1764164236543
93589 3158354495 1764164236569.689941 1764164236570 1764164236577
93590 3158387839 1764164236603.036133 1764164236602 1764164236610
93591 3158421183 1764164236636.382080 1764164236636 1764164236643
93592 3158454526 1764164236669.727295 1764164236670 1764164236677
93593 3158487870 1764164236703.073486 1764164236703 1764164236710
93594 3158521214 1764164236736.419434 1764164236736 1764164236743
93595 3158554558 1764164236769.765625 1764164236770 1764164236777
93596 3158587902 1764164236803.111572 1764164236803 1764164236810
93597 3158621246 1764164236836.457764 1764164236837 1764164236844
93598 3158654590 1764164236869.803711 1764164236870 1764164236877
93599 3158687934 1764164236903.149658 1764164236903 1764164236910
93600 3158721278 1764164236936.498291 1764164236936 1764164236943
93601 3158754622 1764164236969.846680 1764164236970 1764164236977
93602 3158787966 1764164237003.195068 1764164237003 1764164237010
93603 3158821310 1764164237036.543457 1764164237037 1764164237044
93604 3158854654 1764164237069.892090 1764164237070 1764164237077
93605 3158887998 1764164237103.240479 1764164237103 1764164237110
93606 3158921341 1764164237136.587891 1764164237137 1764164237144
93607 3158954685 1764164237169.936523 1764164237169 1764164237177
93608 3158988029 1764164237203.284912 1764164237203 1764164237210
93609 3159021373 1764164237236.633545 1764164237237 1764164237244
93610 3159054717 1764164237269.981934 1764164237269 1764164237277
93611 3159088061 1764164237303.330566 1764164237303 1764164237310
93612 3159121405 1764164237336.678955 1764164237337 1764164237344
93613 3159154749 1764164237370.027588 1764164237369 1764164237377
93614 3159188093 1764164237403.376221 1764164237403 1764164237410
93615 3159221437 1764164237436.724609 1764164237437 1764164237444
93616 3159254781 1764164237470.073242 1764164237469 1764164237477
93617 3159288125 1764164237503.421875 1764164237503 1764164237510
93618 3159321469 1764164237536.770508 1764164237537 1764164237544
93619 3159354812 1764164237570.117920 1764164237570 1764164237577
93620 3159388156 1764164237603.466553 1764164237603 1764164237610
93621 3159421500 1764164237636.815186 1764164237637 1764164237644
93622 3159454844 1764164237670.163818 1764164237670 1764164237677
93623 3159488188 1764164237703.512451 1764164237703 1764164237710
93624 3159521532 1764164237736.861084 1764164237737 1764164237744
93625 3159554876 1764164237770.209717 1764164237770 1764164237777
93626 3159588220 1764164237803.558350 1764164237804 1764164237811
93627 3159621564 1764164237836.906982 1764164237837 1764164237844
93628 3159654908 1764164237870.255615 1764164237870 1764164237877
93629 3159688252 1764164237903.604248 1764164237904 1764164237911
93630 3159721596 1764164237936.950195 1764164237936 1764164237944
93631 3159754940 1764164237970.295898 1764164237970 1764164237977
93632 3159788283 1764164238003.640625 1764164238004 1764164238011
93633 3159821627 1764164238036.986572 1764164238036 1764164238044
93634 3159854971 1764164238070.332275 1764164238070 1764164238077
93635 3159888315 1764164238103.677979 1764164238104 1764164238111
93636 3159921659 1764164238137.023682 1764164238136 1764164238144
93637 3159955003 1764164238170.369629 1764164238170 1764164238177
93638 3159988347 1764164238203.715332 1764164238204 1764164238211
93639 3160021691 1764164238237.061035 1764164238236 1764164238244
93640 3160055035 1764164238270.406738 1764164238270 1764164238277
93641 3160088379 1764164238303.752441 1764164238304 1764164238311
93642 3160121723 1764164238337.098145 1764164238336 1764164238344
93643 3160155067 1764164238370.443848 1764164238370 1764164238377
93644 3160188411 1764164238403.789551 1764164238404 1764164238411
93645 3160221755 1764164238437.135254 1764164238437 1764164238444
93646 3160255098 1764164238470.479736 1764164238470 1764164238477
93647 3160288442 1764164238503.825439 1764164238504 1764164238511
93648 3160321786 1764164238537.171143 1764164238537 1764164238544
93649 3160355130 1764164238570.516602 1764164238570 1764164238578
93650 3160388474 1764164238603.862305 1764164238604 1764164238611
93651 3160421818 1764164238637.208008 1764164238637 1764164238644
93652 3160455162 1764164238670.553467 1764164238671 1764164238678
93653 3160488506 1764164238703.899170 1764164238704 1764164238711
93654 3160521850 1764164238737.244629 1764164238737 1764164238744
93655 3160555194 1764164238770.590332 1764164238770 1764164238778
93656 3160588538 1764164238803.935791 1764164238803 1764164238811
93657 3160621882 1764164238837.281250 1764164238837 1764164238844
93658 3160655226 1764164238870.626953 1764164238871 1764164238878
93659 3160688569 1764164238903.971436 1764164238903 1764164238911
93660 3160721913 1764164238937.317871 1764164238937 1764164238944
93661 3160755257 1764164238970.664307 1764164238971 1764164238978
93662 3160788601 1764164239004.010742 1764164239003 1764164239011
93663 3160821945 1764164239037.357422 1764164239037 1764164239044
93664 3160855289 1764164239070.703857 1764164239071 1764164239078
93665 3160888633 1764164239104.050293 1764164239103 1764164239111
93666 3160921977 1764164239137.396729 1764164239137 1764164239144
93667 3160955321 1764164239170.743164 1764164239171 1764164239178
93668 3160988665 1764164239204.089600 1764164239204 1764164239211
93669 3161022009 1764164239237.436035 1764164239237 1764164239244
93670 3161055353 1764164239270.782471 1764164239271 1764164239278
93671 3161088697 1764164239304.128906 1764164239304 1764164239311
93672 3161122040 1764164239337.474365 1764164239337 1764164239344
93673 3161155384 1764164239370.820801 1764164239371 1764164239378
93674 3161188728 1764164239404.167236 1764164239404 1764164239411
93675 3161222072 1764164239437.513672 1764164239438 1764164239445
93676 3161255416 1764164239470.860352 1764164239471 1764164239478
93677 3161288760 1764164239504.206787 1764164239504 1764164239511
93678 3161322104 1764164239537.553223 1764164239538 1764164239545
93679 3161355448 1764164239570.899658 1764164239570 1764164239578
93680 3161388792 1764164239604.246094 1764164239604 1764164239611
93681 3161422136 1764164239637.592529 1764164239638 1764164239645
93682 3161455480 1764164239670.938965 1764164239670 1764164239678
93683 3161488824 1764164239704.285400 1764164239704 1764164239711
93684 3161522168 1764164239737.631836 1764164239738 1764164239745
93685 3161555512 1764164239770.978271 1764164239770 1764164239778
93686 3161588855 1764164239804.323486 1764164239804 1764164239811
93687 3161622199 1764164239837.669922 1764164239838 1764164239845
93688 3161655543 1764164239871.016357 1764164239870 1764164239878
93689 3161688887 1764164239904.362793 1764164239904 1764164239911
93690 3161722231 1764164239937.708984 1764164239938 1764164239945
93691 3161755575 1764164239971.055176 1764164239970 1764164239978
93692 3161788919 1764164240004.401367 1764164240004 1764164240011
93693 3161822263 1764164240037.747314 1764164240038 1764164240045
93694 3161855607 1764164240071.093506 1764164240071 1764164240078
93695 3161888951 1764164240104.439697 1764164240104 1764164240111
93696 3161922295 1764164240137.785645 1764164240138 1764164240145
93697 3161955639 1764164240171.131836 1764164240171 1764164240178
93698 3161988983 1764164240204.478027 1764164240204 1764164240211
93699 3162022326 1764164240237.822998 1764164240238 1764164240245
93700 3162055670 1764164240271.169189 1764164240271 1764164240278
93701 3162089014 1764164240304.515137 1764164240305 1764164240312
93702 3162122358 1764164240337.861328 1764164240338 1764164240345
93703 3162155702 1764164240371.207275 1764164240371 1764164240378
93704 3162189046 1764164240404.553467 1764164240405 1764164240412
93705 3162222390 1764164240437.899414 1764164240437 1764164240445
93706 3162255734 1764164240471.245361 1764164240471 1764164240478
93707 3162289078 1764164240504.591553 1764164240505 1764164240512
93708 3162322422 1764164240537.937500 1764164240537 1764164240545
93709 3162355766 1764164240571.283447 1764164240571 1764164240578
93710 3162389110 1764164240604.629639 1764164240605 1764164240612
93711 3162422454 1764164240637.975586 1764164240637 1764164240645
93712 3162455797 1764164240671.320557 1764164240671 1764164240678
93713 3162489141 1764164240704.666504 1764164240705 1764164240712
93714 3162522485 1764164240738.012451 1764164240737 1764164240745
93715 3162555829 1764164240771.358643 1764164240771 1764164240778
93716 3162589173 1764164240804.704590 1764164240805 1764164240812
93717 3162622517 1764164240838.050537 1764164240838 1764164240845
93718 3162655861 1764164240871.396484 1764164240871 1764164240878
93719 3162689205 1764164240904.742432 1764164240905 1764164240912
93720 3162722549 1764164240938.088379 1764164240938 1764164240945
93721 3162755893 1764164240971.434082 1764164240971 1764164240978
93722 3162789237 1764164241004.780029 1764164241005 1764164241012
93723 3162822581 1764164241038.125732 1764164241038 1764164241045
93724 3162855925 1764164241071.471436 1764164241071 1764164241078
93725 3162889269 1764164241104.817383 1764164241104 1764164241112
93726 3162922612 1764164241138.162109 1764164241138 1764164241145
93727 3162955956 1764164241171.507812 1764164241172 1764164241179
93728 3162989300 1764164241204.853760 1764164241204 1764164241212
93729 3163022644 1764164241238.199463 1764164241238 1764164241245
93730 3163055988 1764164241271.545166 1764164241272 1764164241279
93731 3163089332 1764164241304.890869 1764164241304 1764164241312
93732 3163122676 1764164241338.236572 1764164241338 1764164241345
93733 3163156020 1764164241371.582520 1764164241372 1764164241379
93734 3163189364 1764164241404.928223 1764164241404 1764164241412
93735 3163222708 1764164241438.273926 1764164241438 1764164241445
93736 3163256052 1764164241471.619629 1764164241472 1764164241479
93737 3163289396 1764164241504.965332 1764164241504 1764164241512
93738 3163322740 1764164241538.310791 1764164241538 1764164241545
93739 3163356083 1764164241571.655518 1764164241572 1764164241579
93740 3163389427 1764164241605.001221 1764164241604 1764164241612
93741 3163422771 1764164241638.346924 1764164241638 1764164241645
93742 3163456115 1764164241671.692627 1764164241672 1764164241679
93743 3163489459 1764164241705.038086 1764164241705 1764164241712
93744 3163522803 1764164241738.383789 1764164241738 1764164241745
93745 3163556147 1764164241771.729492 1764164241772 1764164241779
93746 3163589491 1764164241805.074951 1764164241805 1764164241812
93747 3163622835 1764164241838.420654 1764164241838 1764164241845
93748 3163656179 1764164241871.766113 1764164241872 1764164241879
93749 3163689523 1764164241905.111816 1764164241905 1764164241912
93750 3163722867 1764164241938.457520 1764164241939 1764164241946
93751 3163756211 1764164241971.803223 1764164241971 1764164241979
93752 3163789554 1764164242005.148193 1764164242005 1764164242012
93753 3163822898 1764164242038.493896 1764164242039 1764164242046
93754 3163856242 1764164242071.839600 1764164242071 1764164242079
93755 3163889586 1764164242105.185303 1764164242105 1764164242112
93756 3163922930 1764164242138.531006 1764164242139 1764164242146
93757 3163956274 1764164242171.876709 1764164242171 1764164242179
93758 3163989618 1764164242205.222412 1764164242205 1764164242212
93759 3164022962 1764164242238.568115 1764164242239 1764164242246
93760 3164056306 1764164242271.913818 1764164242271 1764164242279
93761 3164089650 1764164242305.259521 1764164242305 1764164242312
93762 3164122994 1764164242338.605225 1764164242339 1764164242346
93763 3164156338 1764164242371.950928 1764164242371 1764164242379
93764 3164189682 1764164242405.296631 1764164242405 1764164242412
93765 3164223026 1764164242438.642090 1764164242439 1764164242446
93766 3164256369 1764164242471.986816 1764164242472 1764164242479
93767 3164289713 1764164242505.332520 1764164242506 1764164242513
93768 3164323057 1764164242538.677979 1764164242539 1764164242546
93769 3164356401 1764164242572.023682 1764164242572 1764164242579
93770 3164389745 1764164242605.369141 1764164242605 1764164242612
93771 3164423089 1764164242638.714844 1764164242639 1764164242646
93772 3164456433 1764164242672.060303 1764164242672 1764164242679
93773 3164489777 1764164242705.406006 1764164242706 1764164242713
93774 3164523121 1764164242738.751465 1764164242739 1764164242746
93775 3164556465 1764164242772.096924 1764164242772 1764164242779
93776 3164589809 1764164242805.442627 1764164242805 1764164242813
93777 3164623153 1764164242838.788086 1764164242839 1764164242846
93778 3164656497 1764164242872.133545 1764164242872 1764164242879
93779 3164689840 1764164242905.478027 1764164242906 1764164242913
93780 3164723184 1764164242938.824463 1764164242938 1764164242946
93781 3164756528 1764164242972.170654 1764164242972 1764164242979
93782 3164789872 1764164243005.517090 1764164243006 1764164243013
93783 3164823216 1764164243038.863281 1764164243038 1764164243046
93784 3164856560 1764164243072.209473 1764164243072 1764164243079
93785 3164889904 1764164243105.555908 1764164243106 1764164243113
93786 3164923248 1764164243138.902100 1764164243138 1764164243146
93787 3164956592 1764164243172.248291 1764164243172 1764164243179
93788 3164989936 1764164243205.594482 1764164243206 1764164243213
93789 3165023280 1764164243238.940918 1764164243238 1764164243246
93790 3165056624 1764164243272.287109 1764164243272 1764164243279
93791 3165089968 1764164243305.633301 1764164243305 1764164243314
93792 3165123311 1764164243338.978516 1764164243339 1764164243346
93793 3165156655 1764164243372.324951 1764164243372 1764164243379
93794 3165189999 1764164243405.671143 1764164243406 1764164243413
93795 3165223343 1764164243439.017334 1764164243439 1764164243446
93796 3165256687 1764164243472.363525 1764164243472 1764164243479
93797 3165290031 1764164243505.709717 1764164243506 1764164243513
93798 3165323375 1764164243539.055908 1764164243539 1764164243546
93799 3165356719 1764164243572.402100 1764164243573 1764164243580
93800 3165390063 1764164243605.748535 1764164243606 1764164243613
93801 3165423407 1764164243639.094727 1764164243639 1764164243646
93802 3165456751 1764164243672.440918 1764164243673 1764164243680
93803 3165490095 1764164243705.787109 1764164243705 1764164243713
93804 3165523439 1764164243739.133301 1764164243739 1764164243746
93805 3165556783 1764164243772.479492 1764164243773 1764164243780
93806 3165590126 1764164243805.824707 1764164243805 1764164243813
93807 3165623470 1764164243839.170898 1764164243839 1764164243846
93808 3165656814 1764164243872.517090 1764164243873 1764164243880
93809 3165690158 1764164243905.863281 1764164243905 1764164243913
93810 3165723502 1764164243939.209229 1764164243939 1764164243946
93811 3165756846 1764164243972.555176 1764164243973 1764164243980
93812 3165790190 1764164244005.901123 1764164244005 1764164244013
93813 3165823534 1764164244039.247070 1764164244039 1764164244046
93814 3165856878 1764164244072.593018 1764164244073 1764164244080
93815 3165890222 1764164244105.938965 1764164244106 1764164244113
93816 3165923566 1764164244139.284912 1764164244139 1764164244146
93817 3165956910 1764164244172.630859 1764164244173 1764164244180
93818 3165990254 1764164244205.976807 1764164244206 1764164244213
93819 3166023597 1764164244239.321777 1764164244239 1764164244246
93820 3166056941 1764164244272.667725 1764164244273 1764164244280
93821 3166090285 1764164244306.013672 1764164244306 1764164244313
93822 3166123629 1764164244339.359375 1764164244339 1764164244346
93823 3166156973 1764164244372.705322 1764164244373 1764164244380
93824 3166190317 1764164244406.051270 1764164244406 1764164244413
93825 3166223661 1764164244439.397217 1764164244440 1764164244447
93826 3166257005 1764164244472.742920 1764164244473 1764164244480
93827 3166290349 1764164244506.088867 1764164244506 1764164244513
93828 3166323693 1764164244539.434814 1764164244540 1764164244547
93829 3166357037 1764164244572.780518 1764164244572 1764164244580
93830 3166390381 1764164244606.126465 1764164244606 1764164244613
93831 3166423725 1764164244639.472168 1764164244640 1764164244647
93832 3166457068 1764164244672.817139 1764164244672 1764164244680
93833 3166490412 1764164244706.162842 1764164244706 1764164244713
93834 3166523756 1764164244739.508545 1764164244740 1764164244747
93835 3166557100 1764164244772.854492 1764164244772 1764164244780
93836 3166590444 1764164244806.200195 1764164244806 1764164244813
93837 3166623788 1764164244839.545898 1764164244840 1764164244847
93838 3166657132 1764164244872.891846 1764164244872 1764164244880
93839 3166690476 1764164244906.237549 1764164244906 1764164244913
93840 3166723820 1764164244939.583496 1764164244940 1764164244947
93841 3166757164 1764164244972.929688 1764164244973 1764164244980
93842 3166790508 1764164245006.275635 1764164245006 1764164245013
93843 3166823852 1764164245039.621582 1764164245040 1764164245047
93844 3166857196 1764164245072.967529 1764164245073 1764164245080
93845 3166890540 1764164245106.313721 1764164245106 1764164245113
93846 3166923883 1764164245139.658691 1764164245140 1764164245147
93847 3166957227 1764164245173.004639 1764164245173 1764164245180
93848 3166990571 1764164245206.350586 1764164245207 1764164245214
93849 3167023915 1764164245239.696533 1764164245240 1764164245247
93850 3167057259 1764164245273.042480 1764164245273 1764164245280
93851 3167090603 1764164245306.388428 1764164245307 1764164245314
93852 3167123947 1764164245339.734375 1764164245339 1764164245347
93853 3167157291 1764164245373.080322 1764164245373 1764164245380
93854 3167190635 1764164245406.426270 1764164245407 1764164245414
93855 3167223979 1764164245439.772217 1764164245439 1764164245447
93856 3167257323 1764164245473.118164 1764164245473 1764164245480
93857 3167290667 1764164245506.463867 1764164245507 1764164245514
93858 3167324011 1764164245539.809814 1764164245539 1764164245547
93859 3167357354 1764164245573.154785 1764164245573 1764164245580
93860 3167390698 1764164245606.500732 1764164245606 1764164245614
93861 3167424042 1764164245639.846436 1764164245639 1764164245647
93862 3167457386 1764164245673.192383 1764164245673 1764164245680
93863 3167490730 1764164245706.538330 1764164245707 1764164245714
93864 3167524074 1764164245739.884033 1764164245739 1764164245747
93865 3167557418 1764164245773.229980 1764164245773 1764164245780
93866 3167590762 1764164245806.575684 1764164245807 1764164245814
93867 3167624106 1764164245839.921631 1764164245840 1764164245847
93868 3167657450 1764164245873.267334 1764164245873 1764164245880
93869 3167690794 1764164245906.613281 1764164245907 1764164245914
93870 3167724138 1764164245939.959229 1764164245941 1764164245948
93871 3167757482 1764164245973.305176 1764164245974 1764164245981
93872 3167790825 1764164246006.650146 1764164246007 1764164246014
93873 3167824169 1764164246039.996094 1764164246040 1764164246047
93874 3167857513 1764164246073.342041 1764164246074 1764164246081
93875 3167890857 1764164246106.687988 1764164246106 1764164246114
93876 3167924201 1764164246140.033936 1764164246140 1764164246147
93877 3167957545 1764164246173.379883 1764164246174 1764164246181
93878 3167990889 1764164246206.725830 1764164246206 1764164246214
93879 3168024233 1764164246240.071777 1764164246240 1764164246247
93880 3168057577 1764164246273.417725 1764164246274 1764164246281
93881 3168090921 1764164246306.763672 1764164246306 1764164246314
93882 3168124265 1764164246340.109375 1764164246340 1764164246347
93883 3168157609 1764164246373.455322 1764164246374 1764164246381
93884 3168190953 1764164246406.801270 1764164246406 1764164246414
93885 3168224297 1764164246440.147217 1764164246440 1764164246447
93886 3168257640 1764164246473.491943 1764164246473 1764164246482
93887 3168290984 1764164246506.837891 1764164246506 1764164246514
93888 3168324328 1764164246540.183594 1764164246540 1764164246547
93889 3168357672 1764164246573.529541 1764164246574 1764164246581
93890 3168391016 1764164246606.875244 1764164246607 1764164246614
93891 3168424360 1764164246640.221191 1764164246640 1764164246647
93892 3168457704 1764164246673.566895 1764164246674 1764164246681
93893 3168491048 1764164246706.912842 1764164246707 1764164246714
93894 3168524392 1764164246740.258545 1764164246740 1764164246747
93895 3168557736 1764164246773.604248 1764164246774 1764164246781
93896 3168591080 1764164246806.950195 1764164246807 1764164246814
93897 3168624424 1764164246840.295898 1764164246841 1764164246848
93898 3168657768 1764164246873.641602 1764164246874 1764164246881
93899 3168691111 1764164246906.986328 1764164246907 1764164246914
93900 3168724455 1764164246940.334961 1764164246941 1764164246948
93901 3168757799 1764164246973.683594 1764164246974 1764164246981
93902 3168791143 1764164247007.032227 1764164247007 1764164247014
93903 3168824487 1764164247040.381104 1764164247041 1764164247048
93904 3168857831 1764164247073.729736 1764164247073 1764164247081
93905 3168891175 1764164247107.078369 1764164247107 1764164247114
93906 3168924519 1764164247140.427246 1764164247141 1764164247148
93907 3168957863 1764164247173.775879 1764164247173 1764164247181
93908 3168991207 1764164247207.124756 1764164247207 1764164247214
93909 3169024551 1764164247240.473633 1764164247241 1764164247248
93910 3169057895 1764164247273.822510 1764164247273 1764164247281
93911 3169091239 1764164247307.171387 1764164247307 1764164247314
93912 3169124582 1764164247340.519287 1764164247341 1764164247348
93913 3169157926 1764164247373.868164 1764164247373 1764164247381
93914 3169191270 1764164247407.217041 1764164247407 1764164247414
93915 3169224614 1764164247440.566162 1764164247441 1764164247448
93916 3169257958 1764164247473.915039 1764164247473 1764164247481
93917 3169291302 1764164247507.264160 1764164247507 1764164247514
93918 3169324646 1764164247540.613037 1764164247541 1764164247548
93919 3169357990 1764164247573.962158 1764164247573 1764164247581
93920 3169391334 1764164247607.311279 1764164247608 1764164247615
93921 3169424678 1764164247640.660400 1764164247641 1764164247648
93922 3169458022 1764164247674.009521 1764164247674 1764164247681
93923 3169491366 1764164247707.358643 1764164247707 1764164247714
93924 3169524710 1764164247740.707764 1764164247741 1764164247748
93925 3169558054 1764164247774.057129 1764164247774 1764164247781
93926 3169591397 1764164247807.405273 1764164247807 1764164247814
93927 3169624741 1764164247840.754639 1764164247841 1764164247848
93928 3169658085 1764164247874.103760 1764164247874 1764164247881
93929 3169691429 1764164247907.453125 1764164247907 1764164247914
93930 3169724773 1764164247940.800049 1764164247941 1764164247948
93931 3169758117 1764164247974.146973 1764164247974 1764164247981
93932 3169791461 1764164248007.493896 1764164248007 1764164248015
93933 3169824805 1764164248040.840820 1764164248041 1764164248048
93934 3169858149 1764164248074.187744 1764164248074 1764164248081
93935 3169891493 1764164248107.534668 1764164248108 1764164248115
93936 3169924837 1764164248140.881592 1764164248141 1764164248148
93937 3169958181 1764164248174.228516 1764164248175 1764164248183
93938 3169991525 1764164248207.575439 1764164248208 1764164248215
93939 3170024868 1764164248240.921387 1764164248240 1764164248248
93940 3170058212 1764164248274.268311 1764164248274 1764164248281
93941 3170091556 1764164248307.615234 1764164248308 1764164248315
93942 3170124900 1764164248340.962402 1764164248340 1764164248348
93943 3170158244 1764164248374.309326 1764164248374 1764164248381
93944 3170191588 1764164248407.656250 1764164248408 1764164248415
93945 3170224932 1764164248441.003418 1764164248440 1764164248448
93946 3170258276 1764164248474.350342 1764164248474 1764164248481
93947 3170291620 1764164248507.697266 1764164248508 1764164248515
93948 3170324964 1764164248541.044434 1764164248540 1764164248548
93949 3170358308 1764164248574.391357 1764164248574 1764164248581
93950 3170391652 1764164248607.738525 1764164248608 1764164248615
93951 3170424996 1764164248641.085449 1764164248640 1764164248648
93952 3170458339 1764164248674.431641 1764164248674 1764164248681
93953 3170491683 1764164248707.778564 1764164248708 1764164248715
93954 3170525027 1764164248741.125732 1764164248740 1764164248748
93955 3170558371 1764164248774.472656 1764164248774 1764164248781
93956 3170591715 1764164248807.819824 1764164248808 1764164248815
93957 3170625059 1764164248841.166992 1764164248840 1764164248848
93958 3170658403 1764164248874.514160 1764164248874 1764164248881
