1764166087809536480 30084
1764166087843940768 30085
1764166087887111520 30086
1764166087919960960 30087
1764166087943735296 30088
1764166087977048448 30089
1764166088011387840 30090
1764166088039296544 30091
1764166088077000512 30092
1764166088111082560 30093
1764166088145307936 30094
1764166088178828416 30095
1764166088206909568 30096
1764166088250481024 30097
1764166088281342400 30098
1764166088308488064 30099
1764166088342503488 30100
1764166088381472352 30101
1764166088407461920 30102
1764166088439752544 30103
1764166088472060896 30104
1764166088511737024 30105
1764166088543581216 30106
1764166088578574848 30107
1764166088620886656 30108
1764166088643596864 30109
1764166088678263168 30110
1764166088705668288 30111
1764166088742860640 30112
1764166088778457984 30113
1764166088819881408 30114
1764166088862344480 30115
1764166088879304384 30116
1764166088905370720 30117
1764166088942809344 30118
1764166088986455104 30119
1764166089011279168 30120
1764166089044883680 30121
1764166089072575200 30122
1764166089107834176 30123
1764166089142916256 30124
1764166089173551296 30125
1764166089220547776 30126
1764166089253150880 30127
1764166089288754368 30128
1764166089321055040 30129
1764166089344186304 30130
1764166089377353696 30131
1764166089410330816 30132
1764166089453586080 30133
1764166089476513152 30134
1764166089507925984 30135
1764166089542944128 30136
1764166089583733728 30137
1764166089614222176 30138
1764166089651673536 30139
1764166089682707264 30140
1764166089712704288 30141
1764166089739423712 30142
1764166089775996000 30143
1764166089806922016 30144
1764166089846486624 30145
1764166089872164640 30146
1764166089910467328 30147
1764166089944206848 30148
1764166089977317664 30149
1764166090027436736 30150
1764166090059071712 30151
1764166090083112192 30152
1764166090123860512 30153
1764166090160567232 30154
1764166090185171904 30155
1764166090219347456 30156
1764166090243068800 30157
1764166090276485216 30158
1764166090311523936 30159
1764166090345636320 30160
1764166090372935136 30161
1764166090409727648 30162
1764166090445272768 30163
1764166090472870976 30164
1764166090511429344 30165
1764166090546468160 30166
1764166090578742272 30167
1764166090611131456 30168
1764166090646142720 30169
1764166090682953824 30170
1764166090714696672 30171
1764166090739207200 30172
1764166090774293696 30173
1764166090820721568 30174
1764166090847805088 30175
1764166090876523200 30176
1764166090910870528 30177
1764166090943959168 30178
1764166090977497568 30179
1764166091015875776 30180
1764166091042541984 30181
1764166091076250176 30182
1764166091110994688 30183
1764166091144433920 30184
1764166091177956704 30185
1764166091211031456 30186
1764166091243848768 30187
1764166091277039456 30188
1764166091318479488 30189
1764166091342708416 30190
1764166091383235520 30191
1764166091426021024 30192
1764166091453152800 30193
1764166091475984064 30194
1764166091507125664 30195
1764166091543288576 30196
1764166091578330336 30197
1764166091605714912 30198
1764166091641081952 30199
1764166091676806304 30200
1764166091705396000 30201
1764166091742994336 30202
1764166091777681120 30203
1764166091811415808 30204
1764166091843400384 30205
1764166091876729184 30206
1764166091912014368 30207
1764166091941988704 30208
1764166091972827072 30209
1764166092008649088 30210
1764166092042735968 30211
1764166092080957088 30212
1764166092105737056 30213
1764166092152600832 30214
1764166092186771136 30215
1764166092210338144 30216
1764166092238844768 30217
1764166092277285792 30218
1764166092314418208 30219
1764166092340200512 30220
1764166092374861984 30221
1764166092405754528 30222
1764166092443430176 30223
1764166092492337536 30224
1764166092509044608 30225
1764166092547120256 30226
1764166092575403520 30227
1764166092609100384 30228
1764166092643320320 30229
1764166092677530144 30230
1764166092705356000 30231
1764166092742464608 30232
1764166092776689472 30233
1764166092819207712 30234
1764166092859757792 30235
1764166092877165152 30236
1764166092910319456 30237
1764166092944704032 30238
1764166092971839840 30239
1764166093006320928 30240
1764166093041477120 30241
1764166093077111872 30242
1764166093110890656 30243
1764166093150805184 30244
1764166093178161312 30245
1764166093210965856 30246
1764166093244143488 30247
1764166093282094240 30248
1764166093326751552 30249
1764166093350505824 30250
1764166093377304000 30251
1764166093425239936 30252
1764166093443162464 30253
1764166093475632640 30254
1764166093521377184 30255
1764166093542438464 30256
1764166093584987616 30257
1764166093620238528 30258
1764166093658431072 30259
1764166093683182944 30260
1764166093722668416 30261
1764166093742126016 30262
1764166093783033408 30263
1764166093809936832 30264
1764166093838679136 30265
1764166093874913216 30266
1764166093909697760 30267
1764166093940009024 30268
1764166093980595808 30269
1764166094011829408 30270
1764166094039754560 30271
1764166094077009632 30272
1764166094119601504 30273
1764166094147040032 30274
1764166094175053312 30275
1764166094209957248 30276
1764166094244254560 30277
1764166094288928448 30278
1764166094314097664 30279
1764166094343018016 30280
1764166094377899040 30281
1764166094411108736 30282
1764166094438637280 30283
1764166094472444768 30284
1764166094508840192 30285
1764166094544643584 30286
1764166094577779136 30287
1764166094612362432 30288
1764166094639202336 30289
1764166094675316224 30290
1764166094707624384 30291
1764166094744560640 30292
1764166094786663488 30293
1764166094809135808 30294
1764166094844513440 30295
1764166094884678912 30296
1764166094909249024 30297
1764166094955407968 30298
1764166094975747616 30299
1764166095005174208 30300
1764166095048081856 30301
1764166095073304224 30302
1764166095111787840 30303
1764166095140157376 30304
1764166095176506720 30305
1764166095206456224 30306
1764166095244137152 30307
1764166095279765952 30308
1764166095305917280 30309
1764166095347074880 30310
1764166095379824160 30311
1764166095421710112 30312
1764166095453651040 30313
1764166095476245728 30314
1764166095505107392 30315
1764166095540244832 30316
1764166095576181344 30317
1764166095605531360 30318
1764166095640364256 30319
1764166095678466912 30320
1764166095709528608 30321
1764166095744293440 30322
1764166095771966016 30323
1764166095806890688 30324
1764166095844325888 30325
1764166095882452672 30326
1764166095909792384 30327
1764166095940792672 30328
1764166095975238208 30329
1764166096010783360 30330
1764166096043411616 30331
1764166096077428384 30332
1764166096106986208 30333
1764166096141412032 30334
1764166096180651168 30335
1764166096206141792 30336
1764166096246845152 30337
1764166096273005824 30338
1764166096310303104 30339
1764166096345457280 30340
1764166096380790080 30341
1764166096405281600 30342
1764166096440973600 30343
1764166096475941792 30344
1764166096506752512 30345
1764166096540895424 30346
1764166096576906592 30347
1764166096604714912 30348
1764166096641828224 30349
1764166096676146144 30350
1764166096715076448 30351
1764166096744197728 30352
1764166096777073216 30353
1764166096805998912 30354
1764166096842925504 30355
1764166096876895744 30356
1764166096905440672 30357
1764166096943507072 30358
1764166096977236672 30359
1764166097010453408 30360
1764166097045113920 30361
1764166097071568064 30362
1764166097111231616 30363
1764166097138365888 30364
1764166097174454976 30365
1764166097208820032 30366
1764166097243368288 30367
1764166097277032320 30368
1764166097312260992 30369
1764166097339645664 30370
1764166097381474368 30371
1764166097409811168 30372
1764166097458030304 30373
1764166097476582624 30374
1764166097509118400 30375
1764166097544706112 30376
1764166097577543776 30377
1764166097605284448 30378
1764166097645124544 30379
1764166097672613472 30380
1764166097707700352 30381
1764166097743275264 30382
1764166097776556064 30383
1764166097811438880 30384
1764166097843642880 30385
1764166097877257888 30386
1764166097910226336 30387
1764166097942839616 30388
1764166097977153312 30389
1764166098009686336 30390
1764166098046884928 30391
1764166098075766912 30392
1764166098115908672 30393
1764166098142779712 30394
1764166098175804096 30395
1764166098210487200 30396
1764166098244609280 30397
1764166098274016992 30398
1764166098311541184 30399
1764166098339946336 30400
1764166098375522336 30401
1764166098414619840 30402
1764166098452773024 30403
1764166098473431232 30404
1764166098514464032 30405
1764166098540533344 30406
1764166098576752736 30407
1764166098609423360 30408
1764166098639351904 30409
1764166098673986976 30410
1764166098711123104 30411
1764166098743454080 30412
1764166098788013536 30413
1764166098809645952 30414
1764166098848032288 30415
1764166098875525248 30416
1764166098912693216 30417
1764166098942825024 30418
1764166098971400320 30419
1764166099008025376 30420
1764166099050755456 30421
1764166099075275680 30422
1764166099109630880 30423
1764166099137779872 30424
1764166099172576320 30425
1764166099213526656 30426
1764166099243058048 30427
1764166099281506368 30428
1764166099315401888 30429
1764166099343179712 30430
1764166099377972160 30431
1764166099407727936 30432
1764166099446089280 30433
1764166099471408448 30434
1764166099506418912 30435
1764166099545312448 30436
1764166099582798464 30437
1764166099612059776 30438
1764166099644476416 30439
1764166099679862528 30440
1764166099705256960 30441
1764166099741106560 30442
1764166099776634720 30443
1764166099811615296 30444
1764166099839483584 30445
1764166099874718432 30446
1764166099910917344 30447
1764166099939576672 30448
1764166099976584768 30449
1764166100011197088 30450
1764166100037988736 30451
1764166100078445920 30452
1764166100104586496 30453
1764166100139886336 30454
1764166100176653856 30455
1764166100211023648 30456
1764166100238274400 30457
1764166100281632608 30458
1764166100308654816 30459
1764166100343702112 30460
1764166100390361440 30461
1764166100407228224 30462
1764166100441029344 30463
1764166100481631776 30464
1764166100508485664 30465
1764166100544140288 30466
1764166100575167232 30467
1764166100612044064 30468
1764166100645400704 30469
1764166100673677120 30470
1764166100711086944 30471
1764166100739630560 30472
1764166100781780672 30473
1764166100810026208 30474
1764166100846466560 30475
1764166100884663104 30476
1764166100909504576 30477
1764166100944293344 30478
1764166100972809728 30479
1764166101008046016 30480
1764166101043616768 30481
1764166101078075808 30482
1764166101106557856 30483
1764166101140574368 30484
1764166101176778816 30485
1764166101209912960 30486
1764166101254248384 30487
1764166101291027584 30488
1764166101308350944 30489
1764166101343268352 30490
1764166101371307904 30491
1764166101406954400 30492
1764166101442413056 30493
1764166101471667520 30494
1764166101506153088 30495
1764166101542435008 30496
1764166101579199840 30497
1764166101608083232 30498
1764166101642535200 30499
1764166101682028096 30500
1764166101709264736 30501
1764166101739437536 30502
1764166101775160288 30503
1764166101823908192 30504
1764166101843495008 30505
1764166101870770112 30506
1764166101906056352 30507
1764166101943211744 30508
1764166101971379456 30509
1764166102018454368 30510
1764166102053630784 30511
1764166102075639296 30512
1764166102118472000 30513
1764166102140947008 30514
1764166102179762592 30515
1764166102205277664 30516
1764166102240780096 30517
1764166102275619616 30518
1764166102310921600 30519
1764166102337822144 30520
1764166102372981088 30521
1764166102411358176 30522
1764166102437824384 30523
1764166102474803712 30524
1764166102513433440 30525
1764166102546711616 30526
1764166102575721696 30527
1764166102612626880 30528
1764166102640718144 30529
1764166102676042688 30530
1764166102706220160 30531
1764166102741221984 30532
1764166102777198208 30533
1764166102806852896 30534
1764166102845900320 30535
1764166102876299456 30536
1764166102917744224 30537
1764166102944433760 30538
1764166102988479872 30539
1764166103021312384 30540
1764166103061142656 30541
1764166103083061248 30542
1764166103110654752 30543
1764166103137266368 30544
1764166103170569824 30545
1764166103207568768 30546
1764166103243324480 30547
1764166103270989856 30548
1764166103306632416 30549
1764166103341797696 30550
1764166103376923552 30551
1764166103405088384 30552
1764166103443243424 30553
1764166103477110784 30554
1764166103505459424 30555
1764166103542412928 30556
1764166103579812000 30557
1764166103608123968 30558
1764166103644075680 30559
1764166103671868160 30560
1764166103711454592 30561
1764166103748332800 30562
1764166103773716800 30563
1764166103811529120 30564
1764166103839409824 30565
1764166103879629952 30566
1764166103908073216 30567
1764166103942443168 30568
1764166103975723648 30569
1764166104010507232 30570
1764166104040336672 30571
1764166104082904800 30572
1764166104108847232 30573
1764166104138867232 30574
1764166104173350624 30575
1764166104210907904 30576
1764166104238065408 30577
1764166104282469856 30578
1764166104332339296 30579
1764166104348368352 30580
1764166104375619136 30581
1764166104408331104 30582
1764166104443008480 30583
1764166104479618944 30584
1764166104508445728 30585
1764166104543125344 30586
1764166104576856160 30587
1764166104604914752 30588
1764166104643375392 30589
1764166104671086752 30590
1764166104708919040 30591
1764166104743154976 30592
1764166104771477504 30593
1764166104805926400 30594
1764166104842442880 30595
1764166104883089984 30596
1764166104909952512 30597
1764166104936841120 30598
1764166104973225760 30599
1764166105009045344 30600
1764166105047253856 30601
1764166105071480416 30602
1764166105106470880 30603
1764166105143665440 30604
1764166105185443808 30605
1764166105208293024 30606
1764166105243452256 30607
1764166105270498560 30608
1764166105305514112 30609
1764166105349458752 30610
1764166105372601472 30611
1764166105404954240 30612
1764166105439971200 30613
1764166105479296320 30614
1764166105505944000 30615
1764166105550481344 30616
1764166105575208032 30617
1764166105604288256 30618
1764166105639099104 30619
1764166105692250304 30620
1764166105719345504 30621
1764166105742745024 30622
1764166105772769696 30623
1764166105833038400 30624
1764166105849117760 30625
1764166105882730496 30626
1764166105934203584 30627
1764166105964029376 30628
1764166105981531008 30629
1764166106018950272 30630
1764166106042649664 30631
1764166106073408160 30632
1764166106114294464 30633
1764166106141618912 30634
1764166106178406304 30635
1764166106204064512 30636
1764166106239313984 30637
1764166106274144064 30638
1764166106311757760 30639
1764166106338587712 30640
1764166106383062560 30641
1764166106409028736 30642
1764166106451371456 30643
1764166106485036608 30644
1764166106507887040 30645
1764166106543066112 30646
1764166106577189792 30647
1764166106611082112 30648
1764166106637195200 30649
1764166106682507872 30650
1764166106708267264 30651
1764166106743309856 30652
1764166106773525696 30653
1764166106816618368 30654
1764166106853659680 30655
1764166106875965088 30656
1764166106909035872 30657
1764166106943082336 30658
1764166106975979424 30659
1764166107012255904 30660
1764166107039382016 30661
1764166107079449984 30662
1764166107106499680 30663
1764166107140523392 30664
1764166107175415456 30665
1764166107214464224 30666
1764166107239213152 30667
1764166107283379872 30668
1764166107313537504 30669
1764166107343375968 30670
1764166107376208032 30671
1764166107406000960 30672
1764166107440812800 30673
1764166107478445184 30674
1764166107505087072 30675
1764166107543559392 30676
1764166107574763296 30677
1764166107610465024 30678
1764166107637511520 30679
1764166107675714912 30680
1764166107717646432 30681
1764166107742284416 30682
1764166107775123360 30683
1764166107811186688 30684
1764166107837410432 30685
1764166107875183232 30686
1764166107909207232 30687
1764166107937338432 30688
1764166107975463776 30689
1764166108003674240 30690
1764166108043236000 30691
1764166108077212320 30692
1764166108103528384 30693
1764166108145884416 30694
1764166108171832320 30695
1764166108207382880 30696
1764166108238276256 30697
1764166108279279584 30698
1764166108310922944 30699
1764166108337921856 30700
1764166108377395168 30701
1764166108403861600 30702
1764166108440514400 30703
1764166108478843936 30704
1764166108504557664 30705
1764166108539098912 30706
1764166108574323584 30707
1764166108610222816 30708
1764166108636831904 30709
1764166108674230208 30710
1764166108708959488 30711
1764166108748571680 30712
1764166108774537152 30713
1764166108808741504 30714
1764166108837575680 30715
1764166108871242080 30716
1764166108911281216 30717
1764166108942374368 30718
1764166108977537216 30719
1764166109004600032 30720
1764166109047829568 30721
1764166109081160032 30722
1764166109111434560 30723
1764166109137262752 30724
1764166109175245792 30725
1764166109211459264 30726
1764166109237393920 30727
1764166109274025568 30728
1764166109311014176 30729
1764166109344295744 30730
1764166109372789664 30731
1764166109407132192 30732
1764166109442567072 30733
1764166109475823968 30734
1764166109517131648 30735
1764166109540854880 30736
1764166109574492384 30737
1764166109611952896 30738
1764166109642283904 30739
1764166109670261760 30740
1764166109709933664 30741
1764166109742326272 30742
1764166109783172736 30743
1764166109809557056 30744
1764166109837446848 30745
1764166109874813760 30746
1764166109917543040 30747
1764166109942179392 30748
1764166109975341632 30749
1764166110008469120 30750
1764166110050481056 30751
1764166110074977856 30752
1764166110115629824 30753
1764166110142008832 30754
1764166110183873120 30755
1764166110207494528 30756
1764166110246450816 30757
1764166110272076928 30758
1764166110307034240 30759
1764166110350467968 30760
1764166110375392352 30761
1764166110408705856 30762
1764166110442411232 30763
1764166110471405216 30764
1764166110508303424 30765
1764166110545734784 30766
1764166110571570368 30767
1764166110619001696 30768
1764166110641367520 30769
1764166110676181792 30770
1764166110710797600 30771
1764166110746497632 30772
1764166110775326592 30773
1764166110805985408 30774
1764166110839960768 30775
1764166110885792640 30776
1764166110908261792 30777
1764166110942806752 30778
1764166110971895136 30779
1764166111007925024 30780
1764166111042950656 30781
1764166111072053728 30782
1764166111107335360 30783
1764166111141758592 30784
1764166111175414752 30785
1764166111203625248 30786
1764166111240996288 30787
1764166111279484544 30788
1764166111304081952 30789
1764166111340451008 30790
1764166111388796224 30791
1764166111408309344 30792
1764166111442426048 30793
1764166111476172704 30794
1764166111504003008 30795
1764166111541452256 30796
1764166111574956416 30797
1764166111610155296 30798
1764166111637452256 30799
1764166111675105952 30800
1764166111709931872 30801
1764166111736738656 30802
1764166111785316736 30803
1764166111808321984 30804
1764166111842665696 30805
1764166111880289600 30806
1764166111907618784 30807
1764166111941519040 30808
1764166111977467104 30809
1764166112003547264 30810
1764166112039985440 30811
1764166112075439264 30812
1764166112108601312 30813
1764166112141490688 30814
1764166112176150624 30815
1764166112203896448 30816
1764166112236797184 30817
1764166112282475008 30818
1764166112307257472 30819
1764166112336973376 30820
1764166112385390592 30821
1764166112408414656 30822
1764166112442831872 30823
1764166112473110176 30824
1764166112506749088 30825
1764166112548143456 30826
1764166112575068384 30827
1764166112609707744 30828
1764166112648326176 30829
1764166112683232640 30830
1764166112707370816 30831
1764166112741048544 30832
1764166112776046048 30833
1764166112804123936 30834
1764166112841838016 30835
1764166112874823584 30836
1764166112910450720 30837
1764166112936610752 30838
1764166112977263520 30839
1764166113006617280 30840
1764166113041982048 30841
1764166113076425888 30842
1764166113103613504 30843
1764166113140683776 30844
1764166113176098336 30845
1764166113203448832 30846
1764166113241652832 30847
1764166113274504000 30848
1764166113308570592 30849
1764166113342200640 30850
1764166113375316256 30851
1764166113407243776 30852
1764166113440772512 30853
1764166113476794656 30854
1764166113505394080 30855
1764166113548369024 30856
1764166113574294240 30857
1764166113607842944 30858
1764166113640385280 30859
1764166113675125472 30860
1764166113703633056 30861
1764166113746471392 30862
1764166113778634112 30863
1764166113806108704 30864
1764166113839673856 30865
1764166113885273952 30866
1764166113907192640 30867
1764166113941923776 30868
1764166113976481888 30869
1764166114005237792 30870
1764166114040798208 30871
1764166114076112544 30872
1764166114111816864 30873
1764166114137000832 30874
1764166114174410528 30875
1764166114205651488 30876
1764166114243213664 30877
1764166114270476800 30878
1764166114305590688 30879
1764166114341843360 30880
1764166114374294080 30881
1764166114409363840 30882
1764166114440959232 30883
1764166114478791776 30884
1764166114504015168 30885
1764166114540356224 30886
1764166114575130048 30887
1764166114608383488 30888
1764166114642100320 30889
1764166114674779712 30890
1764166114707664128 30891
1764166114741854240 30892
1764166114774700352 30893
1764166114808767648 30894
1764166114842405120 30895
1764166114877507776 30896
1764166114905643200 30897
1764166114941587552 30898
1764166114969824384 30899
1764166115020960416 30900
1764166115042226944 30901
1764166115075717664 30902
1764166115103540064 30903
1764166115140264288 30904
1764166115178913248 30905
1764166115206983136 30906
1764166115241335744 30907
1764166115274679776 30908
1764166115308231008 30909
1764166115341429024 30910
1764166115373877088 30911
1764166115407631072 30912
1764166115441704928 30913
1764166115474564224 30914
1764166115503656992 30915
1764166115552603200 30916
1764166115575608320 30917
1764166115608660928 30918
1764166115644680160 30919
1764166115671182560 30920
1764166115706804256 30921
1764166115742550976 30922
1764166115769671648 30923
1764166115805417056 30924
1764166115842561280 30925
1764166115875944192 30926
1764166115908012128 30927
1764166115942493504 30928
1764166115970103744 30929
1764166116015688288 30930
1764166116046665088 30931
1764166116089153952 30932
1764166116112369792 30933
1764166116138082720 30934
1764166116175045120 30935
1764166116203270688 30936
1764166116239770880 30937
1764166116276379232 30938
1764166116304074112 30939
1764166116341406624 30940
1764166116369911008 30941
1764166116409487360 30942
1764166116438996064 30943
1764166116474026144 30944
1764166116508288064 30945
1764166116543775584 30946
1764166116570124608 30947
1764166116618369376 30948
1764166116641130368 30949
1764166116673783968 30950
1764166116707368416 30951
1764166116741998336 30952
1764166116778310208 30953
1764166116804380672 30954
1764166116840543872 30955
1764166116875337696 30956
1764166116915965312 30957
1764166116942271648 30958
1764166116969051936 30959
1764166117002584000 30960
1764166117039557216 30961
1764166117075207424 30962
1764166117106152672 30963
1764166117141517728 30964
1764166117175357152 30965
1764166117209172512 30966
1764166117237679264 30967
1764166117269362272 30968
1764166117305040384 30969
1764166117341270112 30970
1764166117375039232 30971
1764166117407994528 30972
1764166117441738624 30973
1764166117474464512 30974
1764166117508455296 30975
1764166117542028768 30976
1764166117575190944 30977
1764166117608733696 30978
1764166117642372768 30979
1764166117672377376 30980
1764166117708259904 30981
1764166117741021344 30982
1764166117774865120 30983
1764166117803649056 30984
1764166117839656544 30985
1764166117874991392 30986
1764166117909227680 30987
1764166117950183008 30988
1764166117983132800 30989
1764166118034063136 30990
1764166118060831264 30991
1764166118079009184 30992
1764166118106433216 30993
1764166118141218944 30994
1764166118174666944 30995
1764166118213165728 30996
1764166118240523392 30997
1764166118273599424 30998
1764166118308490784 30999
1764166118341358336 31000
1764166118385669024 31001
1764166118407538400 31002
1764166118442379200 31003
1764166118474919680 31004
1764166118509056288 31005
1764166118536843328 31006
1764166118586274624 31007
1764166118607147808 31008
1764166118636805344 31009
1764166118672382816 31010
1764166118708014912 31011
1764166118741939840 31012
1764166118774306048 31013
1764166118807040224 31014
1764166118841804352 31015
1764166118876322720 31016
1764166118908894816 31017
1764166118950465344 31018
1764166118974219712 31019
1764166119008223840 31020
1764166119041033184 31021
1764166119074505696 31022
1764166119108239424 31023
1764166119141464800 31024
1764166119169813920 31025
1764166119205745632 31026
1764166119236941952 31027
1764166119280208064 31028
1764166119313800128 31029
1764166119341310336 31030
1764166119375245984 31031
1764166119407748480 31032
1764166119441273600 31033
1764166119474804928 31034
1764166119507362656 31035
1764166119545731520 31036
1764166119570347264 31037
1764166119606838272 31038
1764166119641433248 31039
1764166119674660064 31040
1764166119708480768 31041
1764166119741889920 31042
1764166119776285376 31043
1764166119805485952 31044
1764166119840837280 31045
1764166119873828640 31046
1764166119908075008 31047
1764166119937626208 31048
1764166119972777408 31049
1764166120008091360 31050
