35694 867822626 1764166273284.143799 1764166273283 1764166273291
35695 867855970 1764166273317.489746 1764166273317 1764166273324
35696 867889314 1764166273350.835693 1764166273351 1764166273358
35697 867922658 1764166273384.181641 1764166273383 1764166273391
35698 867956002 1764166273417.527588 1764166273417 1764166273424
35699 867989346 1764166273450.873535 1764166273451 1764166273458
35700 868022690 1764166273484.219482 1764166273484 1764166273491
35701 868056033 1764166273517.564453 1764166273517 1764166273524
35702 868089377 1764166273550.910400 1764166273551 1764166273558
35703 868122721 1764166273584.256348 1764166273584 1764166273591
35704 868156065 1764166273617.602295 1764166273617 1764166273624
35705 868189409 1764166273650.948242 1764166273651 1764166273658
35706 868222753 1764166273684.293945 1764166273684 1764166273691
35707 868256097 1764166273717.639893 1764166273717 1764166273724
35708 868289441 1764166273750.985840 1764166273751 1764166273758
35709 868322785 1764166273784.331787 1764166273784 1764166273791
35710 868356129 1764166273817.677490 1764166273818 1764166273825
35711 868389473 1764166273851.023438 1764166273851 1764166273858
35712 868422817 1764166273884.369385 1764166273884 1764166273891
35713 868456161 1764166273917.715088 1764166273918 1764166273925
35714 868489505 1764166273951.061035 1764166273950 1764166273958
35715 868522848 1764166273984.405762 1764166273984 1764166273991
35716 868556192 1764166274017.751709 1764166274018 1764166274025
35717 868589536 1764166274051.097412 1764166274050 1764166274058
35718 868622880 1764166274084.443359 1764166274084 1764166274091
35719 868656224 1764166274117.789062 1764166274118 1764166274125
35720 868689568 1764166274151.134766 1764166274151 1764166274158
35721 868722912 1764166274184.480713 1764166274184 1764166274191
35722 868756256 1764166274217.826660 1764166274218 1764166274225
35723 868789600 1764166274251.172852 1764166274250 1764166274258
35724 868822944 1764166274284.518799 1764166274284 1764166274291
35725 868856288 1764166274317.864990 1764166274318 1764166274325
35726 868889632 1764166274351.211182 1764166274351 1764166274358
35727 868922976 1764166274384.557129 1764166274385 1764166274392
35728 868956319 1764166274417.902100 1764166274418 1764166274425
35729 868989663 1764166274451.248291 1764166274451 1764166274458
35730 869023007 1764166274484.594238 1764166274484 1764166274491
35731 869056351 1764166274517.940430 1764166274518 1764166274525
35732 869089695 1764166274551.286377 1764166274551 1764166274558
35733 869123039 1764166274584.632324 1764166274585 1764166274592
35734 869156383 1764166274617.978271 1764166274618 1764166274625
35735 869189727 1764166274651.324463 1764166274651 1764166274658
35736 869223071 1764166274684.670410 1764166274685 1764166274692
35737 869256415 1764166274718.016357 1764166274717 1764166274725
35738 869289759 1764166274751.362305 1764166274751 1764166274758
35739 869323103 1764166274784.708252 1764166274785 1764166274792
35740 869356447 1764166274818.054199 1764166274817 1764166274825
35741 869389790 1764166274851.399170 1764166274851 1764166274858
35742 869423134 1764166274884.745117 1764166274885 1764166274892
35743 869456478 1764166274918.091309 1764166274917 1764166274925
35744 869489822 1764166274951.437012 1764166274951 1764166274958
35745 869523166 1764166274984.782959 1764166274985 1764166274992
35746 869556510 1764166275018.128906 1764166275017 1764166275025
35747 869589854 1764166275051.474854 1764166275051 1764166275058
35748 869623198 1764166275084.820801 1764166275085 1764166275092
35749 869656542 1764166275118.166748 1764166275118 1764166275125
35750 869689886 1764166275151.512695 1764166275151 1764166275158
35751 869723230 1764166275184.858643 1764166275185 1764166275192
35752 869756574 1764166275218.204834 1764166275218 1764166275225
35753 869789918 1764166275251.551025 1764166275251 1764166275258
35754 869823262 1764166275284.897461 1764166275285 1764166275292
35755 869856605 1764166275318.242676 1764166275318 1764166275325
35756 869889949 1764166275351.588867 1764166275351 1764166275358
35757 869923293 1764166275384.935059 1764166275385 1764166275392
35758 869956637 1764166275418.281250 1764166275418 1764166275425
35759 869989981 1764166275451.627441 1764166275452 1764166275459
35760 870023325 1764166275484.973877 1764166275484 1764166275492
35761 870056669 1764166275518.320068 1764166275518 1764166275525
35762 870090013 1764166275551.666260 1764166275552 1764166275559
35763 870123357 1764166275585.012451 1764166275584 1764166275592
35764 870156701 1764166275618.358643 1764166275618 1764166275625
35765 870190045 1764166275651.704834 1764166275652 1764166275659
35766 870223389 1764166275685.051025 1764166275684 1764166275692
35767 870256733 1764166275718.397217 1764166275718 1764166275725
35768 870290076 1764166275751.742188 1764166275752 1764166275759
35769 870323420 1764166275785.088379 1764166275784 1764166275792
35770 870356764 1764166275818.434570 1764166275818 1764166275825
35771 870390108 1764166275851.780762 1764166275852 1764166275859
35772 870423452 1764166275885.126953 1764166275884 1764166275892
35773 870456796 1764166275918.473145 1764166275918 1764166275925
35774 870490140 1764166275951.819092 1764166275952 1764166275959
35775 870523484 1764166275985.165283 1764166275985 1764166275992
35776 870556828 1764166276018.511475 1764166276018 1764166276025
35777 870590172 1764166276051.857666 1764166276052 1764166276059
35778 870623516 1764166276085.203613 1764166276085 1764166276092
35779 870656860 1764166276118.549805 1764166276118 1764166276125
35780 870690204 1764166276151.895996 1764166276152 1764166276159
35781 870723547 1764166276185.240967 1764166276185 1764166276192
35782 870756891 1764166276218.587646 1764166276218 1764166276225
35783 870790235 1764166276251.934326 1764166276252 1764166276259
35784 870823579 1764166276285.281006 1764166276285 1764166276292
35785 870856923 1764166276318.627441 1764166276319 1764166276326
35786 870890267 1764166276351.974121 1764166276352 1764166276359
35787 870923611 1764166276385.320801 1764166276385 1764166276392
35788 870956955 1764166276418.667480 1764166276419 1764166276426
35789 870990299 1764166276452.014160 1764166276451 1764166276459
35790 871023643 1764166276485.360596 1764166276485 1764166276492
35791 871056987 1764166276518.707275 1764166276519 1764166276526
35792 871090331 1764166276552.053955 1764166276551 1764166276559
35793 871123675 1764166276585.400635 1764166276585 1764166276592
35794 871157019 1764166276618.747070 1764166276619 1764166276626
35795 871190362 1764166276652.092773 1764166276651 1764166276659
35796 871223706 1764166276685.439453 1764166276685 1764166276692
35797 871257050 1764166276718.786133 1764166276719 1764166276726
35798 871290394 1764166276752.132568 1764166276751 1764166276759
35799 871323738 1764166276785.479248 1764166276785 1764166276792
35800 871357082 1764166276818.825928 1764166276819 1764166276826
35801 871390426 1764166276852.172607 1764166276852 1764166276859
35802 871423770 1764166276885.519043 1764166276885 1764166276892
35803 871457114 1764166276918.865723 1764166276919 1764166276926
35804 871490458 1764166276952.212402 1764166276952 1764166276959
35805 871523802 1764166276985.559082 1764166276985 1764166276992
35806 871557146 1764166277018.905518 1764166277019 1764166277026
35807 871590490 1764166277052.252197 1764166277052 1764166277059
35808 871623833 1764166277085.597900 1764166277086 1764166277093
35809 871657177 1764166277118.944580 1764166277119 1764166277126
35810 871690521 1764166277152.291016 1764166277152 1764166277159
35811 871723865 1764166277185.637695 1764166277186 1764166277193
35812 871757209 1764166277218.983887 1764166277218 1764166277226
35813 871790553 1764166277252.330078 1764166277252 1764166277259
35814 871823897 1764166277285.676025 1764166277286 1764166277293
35815 871857241 1764166277319.022217 1764166277318 1764166277326
35816 871890585 1764166277352.368408 1764166277352 1764166277359
35817 871923929 1764166277385.714355 1764166277386 1764166277393
35818 871957273 1764166277419.060547 1764166277418 1764166277426
35819 871990617 1764166277452.406494 1764166277452 1764166277459
35820 872023961 1764166277485.752686 1764166277486 1764166277493
35821 872057304 1764166277519.097656 1764166277519 1764166277526
35822 872090648 1764166277552.443848 1764166277552 1764166277559
35823 872123992 1764166277585.789795 1764166277586 1764166277593
35824 872157336 1764166277619.135986 1764166277619 1764166277626
35825 872190680 1764166277652.481934 1764166277652 1764166277659
35826 872224024 1764166277685.828125 1764166277686 1764166277693
35827 872257368 1764166277719.174072 1764166277719 1764166277726
35828 872290712 1764166277752.520020 1764166277753 1764166277760
35829 872324056 1764166277785.865967 1764166277786 1764166277793
35830 872357400 1764166277819.212158 1764166277819 1764166277826
35831 872390744 1764166277852.558105 1764166277853 1764166277860
35832 872424088 1764166277885.904053 1764166277886 1764166277893
35833 872457432 1764166277919.250000 1764166277919 1764166277926
35834 872490776 1764166277952.595947 1764166277953 1764166277960
35835 872524119 1764166277985.940918 1764166277985 1764166277993
35836 872557463 1764166278019.286865 1764166278019 1764166278026
35837 872590807 1764166278052.633057 1764166278053 1764166278060
35838 872624151 1764166278085.979004 1764166278085 1764166278093
35839 872657495 1764166278119.324951 1764166278119 1764166278126
35840 872690839 1764166278152.670654 1764166278153 1764166278160
35841 872724183 1764166278186.016602 1764166278185 1764166278193
35842 872757527 1764166278219.362793 1764166278219 1764166278226
35843 872790871 1764166278252.708740 1764166278253 1764166278260
35844 872824215 1764166278286.054932 1764166278285 1764166278293
35845 872857559 1764166278319.400879 1764166278319 1764166278326
35846 872890903 1764166278352.746826 1764166278353 1764166278360
35847 872924247 1764166278386.093018 1764166278385 1764166278393
35848 872957590 1764166278419.437988 1764166278419 1764166278426
35849 872990934 1764166278452.783936 1764166278452 1764166278460
35850 873024278 1764166278486.129883 1764166278486 1764166278493
35851 873057622 1764166278519.475830 1764166278519 1764166278526
35852 873090966 1764166278552.821777 1764166278552 1764166278561
35853 873124310 1764166278586.167969 1764166278586 1764166278593
35854 873157654 1764166278619.513916 1764166278619 1764166278626
35855 873190998 1764166278652.859863 1764166278653 1764166278660
35856 873224342 1764166278686.205811 1764166278686 1764166278693
35857 873257686 1764166278719.551758 1764166278720 1764166278727
35858 873291030 1764166278752.897461 1764166278753 1764166278760
35859 873324374 1764166278786.243408 1764166278786 1764166278793
35860 873357718 1764166278819.589355 1764166278820 1764166278827
35861 873391061 1764166278852.934326 1764166278852 1764166278860
35862 873424405 1764166278886.280273 1764166278886 1764166278893
35863 873457749 1764166278919.625977 1764166278920 1764166278927
35864 873491093 1764166278952.971924 1764166278952 1764166278960
35865 873524437 1764166278986.317871 1764166278986 1764166278993
35866 873557781 1764166279019.663574 1764166279020 1764166279027
35867 873591125 1764166279053.009521 1764166279052 1764166279060
35868 873624469 1764166279086.355469 1764166279086 1764166279093
35869 873657813 1764166279119.701172 1764166279120 1764166279127
35870 873691157 1764166279153.047119 1764166279152 1764166279160
35871 873724501 1764166279186.392822 1764166279186 1764166279193
35872 873757845 1764166279219.739258 1764166279219 1764166279227
35873 873791189 1764166279253.085449 1764166279253 1764166279260
35874 873824533 1764166279286.431641 1764166279286 1764166279293
35875 873857876 1764166279319.776855 1764166279320 1764166279327
35876 873891220 1764166279353.123291 1764166279353 1764166279360
35877 873924564 1764166279386.469482 1764166279386 1764166279393
35878 873957908 1764166279419.815674 1764166279420 1764166279427
35879 873991252 1764166279453.161865 1764166279453 1764166279460
35880 874024596 1764166279486.508057 1764166279486 1764166279493
35881 874057940 1764166279519.854248 1764166279520 1764166279527
35882 874091284 1764166279553.200439 1764166279553 1764166279560
35883 874124628 1764166279586.546631 1764166279587 1764166279594
35884 874157972 1764166279619.892822 1764166279620 1764166279627
35885 874191316 1764166279653.239014 1764166279653 1764166279660
35886 874224660 1764166279686.585205 1764166279687 1764166279694
35887 874258004 1764166279719.931396 1764166279719 1764166279727
35888 874291347 1764166279753.276611 1764166279753 1764166279760
35889 874324691 1764166279786.622803 1764166279787 1764166279794
35890 874358035 1764166279819.968994 1764166279819 1764166279827
35891 874391379 1764166279853.315186 1764166279853 1764166279860
35892 874424723 1764166279886.661133 1764166279887 1764166279894
35893 874458067 1764166279920.007324 1764166279919 1764166279927
35894 874491411 1764166279953.353516 1764166279953 1764166279960
35895 874524755 1764166279986.699463 1764166279987 1764166279994
35896 874558099 1764166280020.045654 1764166280019 1764166280027
35897 874591443 1764166280053.391846 1764166280053 1764166280060
35898 874624787 1764166280086.737793 1764166280087 1764166280094
35899 874658131 1764166280120.083984 1764166280120 1764166280127
35900 874691475 1764166280153.430176 1764166280153 1764166280160
35901 874724818 1764166280186.775146 1764166280187 1764166280194
35902 874758162 1764166280220.121338 1764166280220 1764166280227
35903 874791506 1764166280253.467285 1764166280253 1764166280260
35904 874824850 1764166280286.813477 1764166280287 1764166280294
35905 874858194 1764166280320.159424 1764166280320 1764166280327
35906 874891538 1764166280353.505371 1764166280354 1764166280361
35907 874924882 1764166280386.851562 1764166280387 1764166280394
35908 874958226 1764166280420.197510 1764166280420 1764166280427
35909 874991570 1764166280453.543701 1764166280454 1764166280461
35910 875024914 1764166280486.889648 1764166280486 1764166280494
35911 875058258 1764166280520.235596 1764166280520 1764166280527
35912 875091602 1764166280553.581543 1764166280554 1764166280561
35913 875124946 1764166280586.927734 1764166280586 1764166280594
35914 875158290 1764166280620.273682 1764166280621 1764166280628
35915 875191633 1764166280653.618652 1764166280654 1764166280661
35916 875224977 1764166280686.964600 1764166280686 1764166280694
35917 875258321 1764166280720.310547 1764166280720 1764166280727
35918 875291665 1764166280753.656494 1764166280754 1764166280761
35919 875325009 1764166280787.002441 1764166280786 1764166280794
35920 875358353 1764166280820.348389 1764166280821 1764166280828
35921 875391697 1764166280853.694336 1764166280854 1764166280861
35922 875425041 1764166280887.040283 1764166280887 1764166280894
35923 875458385 1764166280920.386230 1764166280920 1764166280927
35924 875491729 1764166280953.731934 1764166280954 1764166280961
35925 875525073 1764166280987.077881 1764166280987 1764166280994
35926 875558417 1764166281020.423828 1764166281020 1764166281027
35927 875591761 1764166281053.769775 1764166281054 1764166281061
35928 875625104 1764166281087.114502 1764166281087 1764166281094
35929 875658448 1764166281120.460449 1764166281120 1764166281127
35930 875691792 1764166281153.806396 1764166281154 1764166281161
35931 875725136 1764166281187.152100 1764166281187 1764166281194
35932 875758480 1764166281220.498291 1764166281221 1764166281228
35933 875791824 1764166281253.844238 1764166281253 1764166281261
35934 875825168 1764166281287.190430 1764166281287 1764166281294
35935 875858512 1764166281320.536377 1764166281321 1764166281328
35936 875891856 1764166281353.882568 1764166281353 1764166281361
35937 875925200 1764166281387.228516 1764166281387 1764166281394
35938 875958544 1764166281420.574463 1764166281421 1764166281428
35939 875991888 1764166281453.920654 1764166281453 1764166281461
35940 876025232 1764166281487.266602 1764166281487 1764166281494
35941 876058575 1764166281520.611572 1764166281521 1764166281528
35942 876091919 1764166281553.957520 1764166281553 1764166281561
35943 876125263 1764166281587.303467 1764166281587 1764166281594
35944 876158607 1764166281620.649658 1764166281621 1764166281628
35945 876191951 1764166281653.995605 1764166281653 1764166281661
35946 876225295 1764166281687.341553 1764166281687 1764166281694
35947 876258639 1764166281720.687500 1764166281721 1764166281728
35948 876291983 1764166281754.033447 1764166281754 1764166281761
35949 876325327 1764166281787.379395 1764166281787 1764166281794
35950 876358671 1764166281820.725342 1764166281821 1764166281828
35951 876392015 1764166281854.071289 1764166281854 1764166281861
35952 876425359 1764166281887.417236 1764166281887 1764166281894
35953 876458703 1764166281920.763184 1764166281921 1764166281928
35954 876492047 1764166281954.109131 1764166281954 1764166281961
35955 876525390 1764166281987.453857 1764166281987 1764166281994
35956 876558734 1764166282020.799805 1764166282021 1764166282028
35957 876592078 1764166282054.145752 1764166282054 1764166282061
35958 876625422 1764166282087.491699 1764166282088 1764166282095
35959 876658766 1764166282120.837402 1764166282121 1764166282128
35960 876692110 1764166282154.183350 1764166282154 1764166282161
35961 876725454 1764166282187.529297 1764166282188 1764166282195
35962 876758798 1764166282220.875244 1764166282220 1764166282228
35963 876792142 1764166282254.221191 1764166282254 1764166282261
35964 876825486 1764166282287.566895 1764166282288 1764166282295
35965 876858830 1764166282320.912842 1764166282320 1764166282328
35966 876892174 1764166282354.258789 1764166282354 1764166282361
35967 876925518 1764166282387.604736 1764166282388 1764166282395
35968 876958861 1764166282420.949463 1764166282420 1764166282428
35969 876992205 1764166282454.295410 1764166282454 1764166282461
35970 877025549 1764166282487.641357 1764166282488 1764166282495
35971 877058893 1764166282520.987061 1764166282521 1764166282528
35972 877092237 1764166282554.333008 1764166282554 1764166282561
35973 877125581 1764166282587.678711 1764166282588 1764166282595
35974 877158925 1764166282621.024658 1764166282621 1764166282628
35975 877192269 1764166282654.370361 1764166282654 1764166282661
35976 877225613 1764166282687.716309 1764166282688 1764166282695
35977 877258957 1764166282721.062012 1764166282721 1764166282728
35978 877292301 1764166282754.407715 1764166282754 1764166282761
35979 877325645 1764166282787.753662 1764166282788 1764166282795
35980 877358989 1764166282821.099365 1764166282821 1764166282828
35981 877392332 1764166282854.444092 1764166282855 1764166282862
35982 877425676 1764166282887.789795 1764166282888 1764166282895
35983 877459020 1764166282921.135498 1764166282921 1764166282928
35984 877492364 1764166282954.481201 1764166282955 1764166282962
35985 877525708 1764166282987.827148 1764166282987 1764166282995
35986 877559052 1764166283021.172852 1764166283021 1764166283028
35987 877592396 1764166283054.518555 1764166283055 1764166283062
35988 877625740 1764166283087.864258 1764166283087 1764166283095
35989 877659084 1764166283121.209717 1764166283121 1764166283128
35990 877692428 1764166283154.555420 1764166283155 1764166283162
35991 877725772 1764166283187.901123 1764166283187 1764166283195
35992 877759116 1764166283221.260498 1764166283221 1764166283228
35993 877792460 1764166283254.620117 1764166283255 1764166283262
35994 877825804 1764166283287.979736 1764166283287 1764166283295
35995 877859147 1764166283321.338135 1764166283321 1764166283328
35996 877892491 1764166283354.697998 1764166283355 1764166283362
35997 877925835 1764166283388.057861 1764166283388 1764166283395
35998 877959179 1764166283421.417725 1764166283421 1764166283428
35999 877992523 1764166283454.777588 1764166283455 1764166283462
36000 878025867 1764166283488.137695 1764166283488 1764166283495
36001 878059211 1764166283521.497559 1764166283521 1764166283528
36002 878092555 1764166283554.857910 1764166283555 1764166283562
36003 878125899 1764166283588.218018 1764166283588 1764166283595
36004 878159243 1764166283621.578369 1764166283622 1764166283629
36005 878192587 1764166283654.938965 1764166283655 1764166283662
36006 878225931 1764166283688.299316 1764166283688 1764166283695
36007 878259275 1764166283721.659912 1764166283722 1764166283729
36008 878292618 1764166283755.019531 1764166283754 1764166283762
36009 878325962 1764166283788.380371 1764166283788 1764166283795
36010 878359306 1764166283821.741211 1764166283822 1764166283829
36011 878392650 1764166283855.102051 1764166283854 1764166283862
36012 878425994 1764166283888.462891 1764166283888 1764166283895
36013 878459338 1764166283921.823975 1764166283922 1764166283929
36014 878492682 1764166283955.185059 1764166283954 1764166283962
36015 878526026 1764166283988.546387 1764166283988 1764166283995
36016 878559370 1764166284021.907471 1764166284022 1764166284029
36017 878592714 1764166284055.268799 1764166284054 1764166284062
36018 878626058 1764166284088.630371 1764166284088 1764166284095
36019 878659402 1764166284121.991943 1764166284122 1764166284129
36020 878692746 1764166284155.353516 1764166284154 1764166284162
36021 878726089 1764166284188.713867 1764166284188 1764166284195
36022 878759433 1764166284222.058838 1764166284222 1764166284229
36023 878792777 1764166284255.403564 1764166284255 1764166284262
36024 878826121 1764166284288.748535 1764166284288 1764166284295
36025 878859465 1764166284322.093262 1764166284322 1764166284329
36026 878892809 1764166284355.437988 1764166284355 1764166284362
36027 878926153 1764166284388.782715 1764166284388 1764166284395
36028 878959497 1764166284422.127441 1764166284422 1764166284429
36029 878992841 1764166284455.472168 1764166284455 1764166284462
36030 879026185 1764166284488.816895 1764166284489 1764166284496
36031 879059529 1764166284522.161621 1764166284522 1764166284529
36032 879092873 1764166284555.506104 1764166284555 1764166284562
36033 879126217 1764166284588.850830 1764166284589 1764166284596
36034 879159561 1764166284622.195557 1764166284621 1764166284629
36035 879192904 1764166284655.539062 1764166284655 1764166284662
36036 879226248 1764166284688.883545 1764166284689 1764166284696
36037 879259592 1764166284722.228271 1764166284721 1764166284729
36038 879292936 1764166284755.572754 1764166284755 1764166284762
36039 879326280 1764166284788.917236 1764166284789 1764166284796
36040 879359624 1764166284822.261719 1764166284821 1764166284829
36041 879392968 1764166284855.606201 1764166284855 1764166284862
36042 879426312 1764166284888.950684 1764166284889 1764166284896
36043 879459656 1764166284922.295166 1764166284921 1764166284929
36044 879493000 1764166284955.639648 1764166284955 1764166284962
36045 879526344 1764166284988.984131 1764166284988 1764166284996
36046 879559688 1764166285022.328369 1764166285022 1764166285029
36047 879593032 1764166285055.672852 1764166285055 1764166285062
36048 879626375 1764166285089.016113 1764166285089 1764166285096
36049 879659719 1764166285122.360596 1764166285122 1764166285129
36050 879693063 1764166285155.704834 1764166285155 1764166285162
36051 879726407 1764166285189.049072 1764166285188 1764166285196
36052 879759751 1764166285222.394043 1764166285222 1764166285229
36053 879793095 1764166285255.738770 1764166285255 1764166285262
36054 879826439 1764166285289.083496 1764166285289 1764166285296
36055 879859783 1764166285322.428223 1764166285322 1764166285329
36056 879893127 1764166285355.772949 1764166285356 1764166285363
36057 879926471 1764166285389.117676 1764166285389 1764166285396
36058 879959815 1764166285422.462402 1764166285422 1764166285429
36059 879993159 1764166285455.807129 1764166285456 1764166285463
36060 880026503 1764166285489.151855 1764166285488 1764166285496
36061 880059846 1764166285522.495361 1764166285522 1764166285529
36062 880093190 1764166285555.840088 1764166285556 1764166285563
36063 880126534 1764166285589.184570 1764166285588 1764166285596
36064 880159878 1764166285622.529297 1764166285622 1764166285629
36065 880193222 1764166285655.873779 1764166285656 1764166285663
36066 880226566 1764166285689.218262 1764166285688 1764166285696
36067 880259910 1764166285722.562744 1764166285722 1764166285729
36068 880293254 1764166285755.907471 1764166285756 1764166285763
36069 880326598 1764166285789.251953 1764166285788 1764166285796
36070 880359942 1764166285822.596436 1764166285822 1764166285829
36071 880393286 1764166285855.940918 1764166285856 1764166285863
36072 880426630 1764166285889.285156 1764166285889 1764166285896
36073 880459974 1764166285922.629639 1764166285922 1764166285929
36074 880493318 1764166285955.974121 1764166285956 1764166285963
36075 880526661 1764166285989.317383 1764166285989 1764166285996
36076 880560005 1764166286022.661865 1764166286022 1764166286029
36077 880593349 1764166286056.006104 1764166286055 1764166286065
36078 880626693 1764166286089.350586 1764166286089 1764166286096
36079 880660037 1764166286122.694824 1764166286123 1764166286130
36080 880693381 1764166286156.039062 1764166286156 1764166286163
36081 880726725 1764166286189.383301 1764166286189 1764166286196
36082 880760069 1764166286222.728271 1764166286222 1764166286230
36083 880793413 1764166286256.072998 1764166286255 1764166286263
36084 880826757 1764166286289.417725 1764166286289 1764166286296
36085 880860101 1764166286322.762451 1764166286323 1764166286330
36086 880893445 1764166286356.107178 1764166286355 1764166286363
36087 880926789 1764166286389.451660 1764166286389 1764166286396
36088 880960132 1764166286422.795410 1764166286423 1764166286430
36089 880993476 1764166286456.140137 1764166286455 1764166286463
36090 881026820 1764166286489.484619 1764166286489 1764166286496
36091 881060164 1764166286522.829346 1764166286523 1764166286530
36092 881093508 1764166286556.173828 1764166286555 1764166286563
36093 881126852 1764166286589.518311 1764166286589 1764166286596
36094 881160196 1764166286622.863037 1764166286623 1764166286630
36095 881193540 1764166286656.207520 1764166286656 1764166286663
36096 881226884 1764166286689.552002 1764166286689 1764166286696
36097 881260228 1764166286722.896484 1764166286723 1764166286730
36098 881293572 1764166286756.240967 1764166286756 1764166286763
36099 881326916 1764166286789.585205 1764166286789 1764166286796
36100 881360260 1764166286822.929688 1764166286823 1764166286830
36101 881393603 1764166286856.273193 1764166286856 1764166286863
36102 881426947 1764166286889.617432 1764166286889 1764166286896
36103 881460291 1764166286922.961914 1764166286923 1764166286930
36104 881493635 1764166286956.306152 1764166286956 1764166286963
36105 881526979 1764166286989.650635 1764166286990 1764166286997
36106 881560323 1764166287022.994873 1764166287022 1764166287030
36107 881593667 1764166287056.339111 1764166287056 1764166287063
36108 881627011 1764166287089.683350 1764166287090 1764166287097
36109 881660355 1764166287123.027588 1764166287122 1764166287130
36110 881693699 1764166287156.371826 1764166287156 1764166287163
36111 881727043 1764166287189.716064 1764166287190 1764166287197
36112 881760387 1764166287223.062988 1764166287222 1764166287230
36113 881793731 1764166287256.407959 1764166287256 1764166287263
36114 881827075 1764166287289.752686 1764166287290 1764166287297
36115 881860418 1764166287323.096436 1764166287322 1764166287330
36116 881893762 1764166287356.441162 1764166287356 1764166287363
36117 881927106 1764166287389.786133 1764166287390 1764166287397
36118 881960450 1764166287423.130859 1764166287422 1764166287430
36119 881993794 1764166287456.475342 1764166287456 1764166287463
36120 882027138 1764166287489.820068 1764166287490 1764166287497
36121 882060482 1764166287523.164795 1764166287523 1764166287530
36122 882093826 1764166287556.509521 1764166287556 1764166287563
36123 882127170 1764166287589.854004 1764166287590 1764166287597
36124 882160514 1764166287623.198730 1764166287623 1764166287630
36125 882193858 1764166287656.543213 1764166287657 1764166287664
36126 882227202 1764166287689.887939 1764166287689 1764166287697
36127 882260546 1764166287723.232422 1764166287723 1764166287730
36128 882293889 1764166287756.575928 1764166287757 1764166287764
36129 882327233 1764166287789.920410 1764166287789 1764166287797
36130 882360577 1764166287823.265137 1764166287823 1764166287831
36131 882393921 1764166287856.609619 1764166287857 1764166287864
36132 882427265 1764166287889.954102 1764166287889 1764166287897
36133 882460609 1764166287923.298340 1764166287923 1764166287930
36134 882493953 1764166287956.642822 1764166287957 1764166287964
36135 882527297 1764166287989.987305 1764166287989 1764166287997
36136 882560641 1764166288023.331787 1764166288023 1764166288030
36137 882593985 1764166288056.676025 1764166288057 1764166288064
36138 882627329 1764166288090.020508 1764166288089 1764166288097
36139 882660673 1764166288123.364746 1764166288123 1764166288130
36140 882694017 1764166288156.708984 1764166288157 1764166288164
36141 882727360 1764166288190.052490 1764166288189 1764166288197
36142 882760704 1764166288223.396729 1764166288223 1764166288230
36143 882794048 1764166288256.746094 1764166288257 1764166288264
36144 882827392 1764166288290.095215 1764166288289 1764166288297
36145 882860736 1764166288323.444580 1764166288323 1764166288330
36146 882894080 1764166288356.793945 1764166288357 1764166288364
36147 882927424 1764166288390.143555 1764166288390 1764166288397
36148 882960768 1764166288423.492920 1764166288423 1764166288430
36149 882994112 1764166288456.842529 1764166288457 1764166288464
36150 883027456 1764166288490.192139 1764166288490 1764166288497
36151 883060800 1764166288523.541748 1764166288523 1764166288530
36152 883094144 1764166288556.891357 1764166288557 1764166288564
36153 883127488 1764166288590.240967 1764166288590 1764166288597
36154 883160832 1764166288623.590820 1764166288624 1764166288631
36155 883194175 1764166288656.939453 1764166288657 1764166288664
36156 883227519 1764166288690.289307 1764166288690 1764166288697
36157 883260863 1764166288723.639160 1764166288724 1764166288731
36158 883294207 1764166288756.989014 1764166288756 1764166288764
36159 883327551 1764166288790.339111 1764166288790 1764166288797
36160 883360895 1764166288823.688965 1764166288824 1764166288831
36161 883394239 1764166288857.039062 1764166288856 1764166288864
36162 883427583 1764166288890.389160 1764166288890 1764166288897
36163 883460927 1764166288923.739258 1764166288924 1764166288931
36164 883494271 1764166288957.089355 1764166288956 1764166288964
36165 883527615 1764166288990.439453 1764166288990 1764166288997
36166 883560959 1764166289023.789795 1764166289024 1764166289031
36167 883594303 1764166289057.140137 1764166289056 1764166289064
36168 883627646 1764166289090.489258 1764166289090 1764166289097
36169 883660990 1764166289123.839600 1764166289124 1764166289131
36170 883694334 1764166289157.190186 1764166289157 1764166289164
36171 883727678 1764166289190.540527 1764166289190 1764166289197
36172 883761022 1764166289223.890869 1764166289224 1764166289231
36173 883794366 1764166289257.237061 1764166289257 1764166289264
36174 883827710 1764166289290.583008 1764166289290 1764166289297
36175 883861054 1764166289323.928955 1764166289324 1764166289331
36176 883894398 1764166289357.274902 1764166289357 1764166289364
36177 883927742 1764166289390.620850 1764166289391 1764166289398
36178 883961086 1764166289423.966797 1764166289424 1764166289431
36179 883994430 1764166289457.312744 1764166289457 1764166289464
36180 884027774 1764166289490.658691 1764166289491 1764166289498
36181 884061117 1764166289524.003662 1764166289523 1764166289531
36182 884094461 1764166289557.349609 1764166289557 1764166289564
36183 884127805 1764166289590.695557 1764166289591 1764166289598
36184 884161149 1764166289624.041504 1764166289623 1764166289631
36185 884194493 1764166289657.387451 1764166289657 1764166289664
36186 884227837 1764166289690.733154 1764166289691 1764166289698
36187 884261181 1764166289724.079102 1764166289723 1764166289731
36188 884294525 1764166289757.425049 1764166289757 1764166289764
36189 884327869 1764166289790.770752 1764166289791 1764166289798
36190 884361213 1764166289824.116699 1764166289824 1764166289831
36191 884394557 1764166289857.462646 1764166289857 1764166289864
36192 884427901 1764166289890.808350 1764166289891 1764166289898
36193 884461245 1764166289924.154297 1764166289924 1764166289931
36194 884494589 1764166289957.500000 1764166289957 1764166289964
36195 884527932 1764166289990.844727 1764166289991 1764166289998
36196 884561276 1764166290024.190674 1764166290024 1764166290031
36197 884594620 1764166290057.536377 1764166290057 1764166290064
36198 884627964 1764166290090.882080 1764166290091 1764166290098
36199 884661308 1764166290124.227783 1764166290124 1764166290131
36200 884694652 1764166290157.573730 1764166290157 1764166290164
36201 884727996 1764166290190.919434 1764166290191 1764166290198
36202 884761340 1764166290224.265137 1764166290224 1764166290231
36203 884794684 1764166290257.610596 1764166290258 1764166290265
36204 884828028 1764166290290.956299 1764166290291 1764166290298
36205 884861372 1764166290324.301758 1764166290324 1764166290331
36206 884894716 1764166290357.647217 1764166290358 1764166290365
36207 884928060 1764166290390.992676 1764166290390 1764166290398
36208 884961403 1764166290424.337158 1764166290424 1764166290431
36209 884994747 1764166290457.682617 1764166290458 1764166290465
36210 885028091 1764166290491.028076 1764166290490 1764166290498
36211 885061435 1764166290524.373535 1764166290524 1764166290531
36212 885094779 1764166290557.718994 1764166290558 1764166290565
36213 885128123 1764166290591.064453 1764166290591 1764166290598
36214 885161467 1764166290624.409668 1764166290624 1764166290631
36215 885194811 1764166290657.755127 1764166290658 1764166290665
36216 885228155 1764166290691.100586 1764166290690 1764166290698
36217 885261499 1764166290724.445801 1764166290724 1764166290731
36218 885294843 1764166290757.791260 1764166290758 1764166290765
36219 885328187 1764166290791.136475 1764166290791 1764166290798
36220 885361531 1764166290824.481934 1764166290824 1764166290831
36221 885394874 1764166290857.826172 1764166290858 1764166290865
36222 885428218 1764166290891.171387 1764166290891 1764166290898
36223 885461562 1764166290924.516846 1764166290924 1764166290931
36224 885494906 1764166290957.862061 1764166290958 1764166290965
36225 885528250 1764166290991.207275 1764166290991 1764166290998
36226 885561594 1764166291024.552490 1764166291024 1764166291031
36227 885594938 1764166291057.897705 1764166291058 1764166291065
36228 885628282 1764166291091.242920 1764166291091 1764166291098
36229 885661626 1764166291124.588135 1764166291125 1764166291132
36230 885694970 1764166291157.933350 1764166291157 1764166291165
36231 885728314 1764166291191.278564 1764166291191 1764166291198
36232 885761658 1764166291224.623779 1764166291225 1764166291232
36233 885795002 1764166291257.969482 1764166291257 1764166291265
36234 885828346 1764166291291.314941 1764166291291 1764166291298
36235 885861689 1764166291324.659424 1764166291325 1764166291332
36236 885895033 1764166291358.004883 1764166291357 1764166291365
36237 885928377 1764166291391.350342 1764166291391 1764166291398
36238 885961721 1764166291424.695801 1764166291425 1764166291432
36239 885995065 1764166291458.041260 1764166291457 1764166291465
36240 886028409 1764166291491.386719 1764166291491 1764166291498
36241 886061753 1764166291524.732178 1764166291525 1764166291532
36242 886095097 1764166291558.077637 1764166291558 1764166291565
36243 886128441 1764166291591.423096 1764166291591 1764166291598
36244 886161785 1764166291624.768555 1764166291625 1764166291632
36245 886195129 1764166291658.113770 1764166291658 1764166291665
36246 886228473 1764166291691.459229 1764166291691 1764166291698
36247 886261817 1764166291724.804688 1764166291725 1764166291732
36248 886295160 1764166291758.148926 1764166291758 1764166291765
36249 886328504 1764166291791.494385 1764166291791 1764166291799
36250 886361848 1764166291824.839600 1764166291825 1764166291832
36251 886395192 1764166291858.185059 1764166291858 1764166291865
36252 886428536 1764166291891.530273 1764166291892 1764166291899
36253 886461880 1764166291924.875488 1764166291925 1764166291932
36254 886495224 1764166291958.220947 1764166291958 1764166291965
36255 886528568 1764166291991.566162 1764166291992 1764166291999
36256 886561912 1764166292024.911377 1764166292024 1764166292032
36257 886595256 1764166292058.256592 1764166292058 1764166292065
36258 886628600 1764166292091.601807 1764166292092 1764166292099
36259 886661944 1764166292124.947021 1764166292124 1764166292132
36260 886695288 1764166292158.292236 1764166292158 1764166292165
36261 886728631 1764166292191.636475 1764166292192 1764166292199
36262 886761975 1764166292224.981689 1764166292224 1764166292232
36263 886795319 1764166292258.327393 1764166292258 1764166292265
36264 886828663 1764166292291.673096 1764166292292 1764166292299
36265 886862007 1764166292325.018555 1764166292324 1764166292332
36266 886895351 1764166292358.364258 1764166292358 1764166292365
36267 886928695 1764166292391.709717 1764166292392 1764166292399
36268 886962039 1764166292425.055420 1764166292425 1764166292432
36269 886995383 1764166292458.400879 1764166292458 1764166292465
36270 887028727 1764166292491.746338 1764166292492 1764166292499
36271 887062071 1764166292525.092041 1764166292525 1764166292532
36272 887095415 1764166292558.437500 1764166292558 1764166292565
36273 887128759 1764166292591.782959 1764166292592 1764166292599
36274 887162103 1764166292625.128418 1764166292625 1764166292632
36275 887195446 1764166292658.472900 1764166292658 1764166292665
36276 887228790 1764166292691.818359 1764166292692 1764166292699
36277 887262134 1764166292725.163818 1764166292725 1764166292732
36278 887295478 1764166292758.509277 1764166292759 1764166292766
36279 887328822 1764166292791.854736 1764166292792 1764166292799
36280 887362166 1764166292825.200195 1764166292825 1764166292832
36281 887395510 1764166292858.545654 1764166292859 1764166292866
36282 887428854 1764166292891.890869 1764166292891 1764166292899
36283 887462198 1764166292925.236328 1764166292925 1764166292932
36284 887495542 1764166292958.581787 1764166292959 1764166292966
36285 887528886 1764166292991.927246 1764166292991 1764166292999
36286 887562230 1764166293025.272461 1764166293025 1764166293032
36287 887595574 1764166293058.617920 1764166293059 1764166293066
36288 887628917 1764166293091.962158 1764166293091 1764166293099
36289 887662261 1764166293125.307373 1764166293125 1764166293132
36290 887695605 1764166293158.652832 1764166293159 1764166293166
36291 887728949 1764166293191.998047 1764166293191 1764166293199
36292 887762293 1764166293225.343506 1764166293226 1764166293233
36293 887795637 1764166293258.689697 1764166293259 1764166293266
36294 887828981 1764166293292.036133 1764166293292 1764166293299
36295 887862325 1764166293325.382568 1764166293325 1764166293332
36296 887895669 1764166293358.729004 1764166293359 1764166293366
36297 887929013 1764166293392.075195 1764166293392 1764166293399
36298 887962357 1764166293425.421631 1764166293425 1764166293432
36299 887995701 1764166293458.767822 1764166293459 1764166293466
36300 888029045 1764166293492.114258 1764166293492 1764166293499
36301 888062388 1764166293525.459473 1764166293526 1764166293533
36302 888095732 1764166293558.805908 1764166293558 1764166293566
36303 888129076 1764166293592.152344 1764166293592 1764166293599
36304 888162420 1764166293625.498535 1764166293626 1764166293633
36305 888195764 1764166293658.844727 1764166293658 1764166293666
36306 888229108 1764166293692.191162 1764166293692 1764166293699
36307 888262452 1764166293725.537354 1764166293726 1764166293733
36308 888295796 1764166293758.883789 1764166293758 1764166293766
36309 888329140 1764166293792.229980 1764166293792 1764166293799
36310 888362484 1764166293825.576172 1764166293826 1764166293833
36311 888395828 1764166293858.922607 1764166293858 1764166293866
36312 888429172 1764166293892.268799 1764166293892 1764166293899
36313 888462516 1764166293925.614990 1764166293926 1764166293933
36314 888495860 1764166293958.961182 1764166293958 1764166293966
36315 888529203 1764166293992.306396 1764166293992 1764166293999
36316 888562547 1764166294025.652588 1764166294026 1764166294033
36317 888595891 1764166294058.999023 1764166294059 1764166294066
36318 888629235 1764166294092.345215 1764166294092 1764166294099
36319 888662579 1764166294125.691406 1764166294126 1764166294133
36320 888695923 1764166294159.037598 1764166294159 1764166294166
36321 888729267 1764166294192.383789 1764166294192 1764166294199
36322 888762611 1764166294225.729980 1764166294226 1764166294233
36323 888795955 1764166294259.076416 1764166294259 1764166294266
36324 888829299 1764166294292.422852 1764166294293 1764166294300
36325 888862643 1764166294325.769287 1764166294326 1764166294333
36326 888895987 1764166294359.115723 1764166294359 1764166294366
36327 888929331 1764166294392.462158 1764166294393 1764166294400
36328 888962674 1764166294425.807617 1764166294425 1764166294433
36329 888996018 1764166294459.154053 1764166294459 1764166294466
36330 889029362 1764166294492.500244 1764166294493 1764166294500
36331 889062706 1764166294525.846680 1764166294525 1764166294533
36332 889096050 1764166294559.193115 1764166294559 1764166294566
36333 889129394 1764166294592.539551 1764166294593 1764166294600
36334 889162738 1764166294625.885986 1764166294625 1764166294633
36335 889196082 1764166294659.232422 1764166294660 1764166294667
36336 889229426 1764166294692.578613 1764166294693 1764166294700
36337 889262770 1764166294725.925049 1764166294725 1764166294733
36338 889296114 1764166294759.271484 1764166294759 1764166294766
36339 889329458 1764166294792.617676 1764166294793 1764166294800
36340 889362802 1764166294825.964111 1764166294825 1764166294833
36341 889396145 1764166294859.309326 1764166294860 1764166294867
36342 889429489 1764166294892.655762 1764166294893 1764166294900
36343 889462833 1764166294926.002197 1764166294926 1764166294933
36344 889496177 1764166294959.348389 1764166294959 1764166294966
36345 889529521 1764166294992.694824 1764166294993 1764166295000
36346 889562865 1764166295026.041016 1764166295026 1764166295033
36347 889596209 1764166295059.387207 1764166295059 1764166295066
36348 889629553 1764166295092.733643 1764166295092 1764166295100
36349 889662897 1764166295126.079834 1764166295126 1764166295133
36350 889696241 1764166295159.426270 1764166295159 1764166295167
36351 889729585 1764166295192.772461 1764166295193 1764166295200
36352 889762929 1764166295226.118652 1764166295226 1764166295233
36353 889796273 1764166295259.464355 1764166295260 1764166295267
36354 889829617 1764166295292.810303 1764166295292 1764166295300
36355 889862960 1764166295326.154785 1764166295326 1764166295333
36356 889896304 1764166295359.500732 1764166295360 1764166295367
36357 889929648 1764166295392.846436 1764166295392 1764166295400
36358 889962992 1764166295426.191895 1764166295426 1764166295433
36359 889996336 1764166295459.537598 1764166295460 1764166295467
36360 890029680 1764166295492.883301 1764166295492 1764166295500
36361 890063024 1764166295526.229004 1764166295526 1764166295533
36362 890096368 1764166295559.574707 1764166295560 1764166295567
36363 890129712 1764166295592.920410 1764166295593 1764166295600
36364 890163056 1764166295626.265869 1764166295626 1764166295633
36365 890196400 1764166295659.611572 1764166295660 1764166295667
36366 890229744 1764166295692.957031 1764166295693 1764166295700
36367 890263088 1764166295726.302734 1764166295726 1764166295733
36368 890329775 1764166295792.992920 1764166295793 1764166295800
36369 890363119 1764166295826.338379 1764166295826 1764166295833
36370 890396463 1764166295859.684082 1764166295860 1764166295867
36371 890429807 1764166295893.029541 1764166295893 1764166295900
36372 890463151 1764166295926.375000 1764166295927 1764166295934
36373 890496495 1764166295959.720703 1764166295960 1764166295967
36374 890529839 1764166295993.066162 1764166295993 1764166296000
36375 890563183 1764166296026.411621 1764166296027 1764166296034
36376 890596527 1764166296059.757080 1764166296060 1764166296067
36377 890629871 1764166296093.102539 1764166296093 1764166296100
36378 890663215 1764166296126.447998 1764166296127 1764166296134
36379 890696559 1764166296159.793457 1764166296159 1764166296167
36380 890729902 1764166296193.137939 1764166296193 1764166296200
36381 890763246 1764166296226.483398 1764166296227 1764166296234
36382 890796590 1764166296259.828613 1764166296259 1764166296267
36383 890829934 1764166296293.173828 1764166296293 1764166296300
36384 890863278 1764166296326.519043 1764166296327 1764166296334
36385 890896622 1764166296359.864258 1764166296359 1764166296367
36386 890929966 1764166296393.209473 1764166296393 1764166296400
36387 890963310 1764166296426.554688 1764166296427 1764166296434
36388 890996654 1764166296459.899902 1764166296459 1764166296467
36389 891029998 1764166296493.245117 1764166296493 1764166296500
36390 891063342 1764166296526.590088 1764166296527 1764166296534
36391 891096686 1764166296559.935303 1764166296560 1764166296567
36392 891130030 1764166296593.280518 1764166296593 1764166296600
36393 891163374 1764166296626.625488 1764166296627 1764166296634
36394 891196717 1764166296659.969482 1764166296660 1764166296667
36395 891230061 1764166296693.314697 1764166296693 1764166296700
36396 891263405 1764166296726.659668 1764166296727 1764166296734
36397 891296749 1764166296760.004639 1764166296760 1764166296767
36398 891330093 1764166296793.349854 1764166296793 1764166296800
36399 891363437 1764166296826.694824 1764166296827 1764166296834
36400 891396781 1764166296860.039795 1764166296860 1764166296867
36401 891430125 1764166296893.384766 1764166296894 1764166296901
36402 891463469 1764166296926.729736 1764166296926 1764166296934
36403 891496813 1764166296960.074707 1764166296960 1764166296967
36404 891530157 1764166296993.419678 1764166296994 1764166297001
36405 891563501 1764166297026.764404 1764166297026 1764166297035
36406 891596845 1764166297060.109375 1764166297060 1764166297067
36407 891630188 1764166297093.453369 1764166297094 1764166297101
36408 891663532 1764166297126.798096 1764166297126 1764166297134
36409 891696876 1764166297160.143066 1764166297160 1764166297167
36410 891730220 1764166297193.487793 1764166297193 1764166297202
36411 891763564 1764166297226.832764 1764166297226 1764166297234
36412 891796908 1764166297260.177979 1764166297260 1764166297270
36413 891830252 1764166297293.523193 1764166297294 1764166297301
36414 891863596 1764166297326.868408 1764166297326 1764166297334
36415 891896940 1764166297360.213623 1764166297360 1764166297367
36416 891930284 1764166297393.558838 1764166297394 1764166297401
36417 891963628 1764166297426.904053 1764166297427 1764166297434
36418 891996972 1764166297460.249023 1764166297460 1764166297467
36419 892030316 1764166297493.594238 1764166297494 1764166297501
36420 892063659 1764166297526.938477 1764166297527 1764166297534
36421 892097003 1764166297560.283447 1764166297560 1764166297567
36422 892130347 1764166297593.628662 1764166297594 1764166297601
36423 892163691 1764166297626.973633 1764166297627 1764166297634
36424 892197035 1764166297660.318848 1764166297661 1764166297668
36425 892230379 1764166297693.663818 1764166297694 1764166297701
36426 892263723 1764166297727.008789 1764166297727 1764166297734
36427 892297067 1764166297760.354004 1764166297761 1764166297768
36428 892330411 1764166297793.698975 1764166297793 1764166297801
36429 892363755 1764166297827.043945 1764166297827 1764166297834
36430 892397099 1764166297860.388916 1764166297861 1764166297868
36431 892430443 1764166297893.733887 1764166297893 1764166297901
36432 892463787 1764166297927.078857 1764166297927 1764166297934
36433 892497131 1764166297960.423828 1764166297961 1764166297968
36434 892530474 1764166297993.767822 1764166297993 1764166298001
36435 892563818 1764166298027.112549 1764166298027 1764166298034
36436 892597162 1764166298060.457520 1764166298061 1764166298068
36437 892630506 1764166298093.802490 1764166298093 1764166298101
36438 892663850 1764166298127.147217 1764166298127 1764166298134
36439 892697194 1764166298160.492188 1764166298161 1764166298168
36440 892730538 1764166298193.836914 1764166298194 1764166298201
36441 892763882 1764166298227.181885 1764166298227 1764166298234
36442 892797226 1764166298260.527100 1764166298261 1764166298268
36443 892830570 1764166298293.872559 1764166298294 1764166298301
36444 892863914 1764166298327.217773 1764166298327 1764166298334
36445 892897258 1764166298360.563232 1764166298361 1764166298368
36446 892930602 1764166298393.908447 1764166298394 1764166298401
36447 892963945 1764166298427.252686 1764166298427 1764166298434
36448 892997289 1764166298460.598145 1764166298461 1764166298468
36449 893030633 1764166298493.943359 1764166298494 1764166298501
36450 893063977 1764166298527.288574 1764166298528 1764166298535
36451 893097321 1764166298560.633789 1764166298560 1764166298568
36452 893130665 1764166298593.979004 1764166298594 1764166298601
36453 893164009 1764166298627.324219 1764166298628 1764166298635
36454 893197353 1764166298660.669434 1764166298660 1764166298668
36455 893230697 1764166298694.014648 1764166298694 1764166298701
36456 893264041 1764166298727.359863 1764166298728 1764166298735
36457 893297385 1764166298760.705078 1764166298760 1764166298768
36458 893330729 1764166298794.050049 1764166298794 1764166298801
36459 893364073 1764166298827.395264 1764166298828 1764166298835
36460 893397416 1764166298860.739502 1764166298860 1764166298868
36461 893430760 1764166298894.084473 1764166298894 1764166298901
36462 893464104 1764166298927.429688 1764166298928 1764166298935
36463 893497448 1764166298960.774658 1764166298960 1764166298968
36464 893530792 1764166298994.119629 1764166298994 1764166299001
36465 893564136 1764166299027.464844 1764166299028 1764166299035
36466 893597480 1764166299060.809814 1764166299061 1764166299068
36467 893630824 1764166299094.154785 1764166299094 1764166299101
36468 893664168 1764166299127.499756 1764166299128 1764166299135
36469 893697512 1764166299160.844727 1764166299161 1764166299168
36470 893730856 1764166299194.189697 1764166299194 1764166299201
36471 893764200 1764166299227.534668 1764166299228 1764166299235
36472 893797544 1764166299260.887207 1764166299261 1764166299268
36473 893830888 1764166299294.239990 1764166299295 1764166299302
36474 893864231 1764166299327.591553 1764166299328 1764166299335
36475 893897575 1764166299360.944336 1764166299361 1764166299368
36476 893930919 1764166299394.297119 1764166299395 1764166299402
36477 893964263 1764166299427.650146 1764166299427 1764166299435
36478 893997607 1764166299461.003174 1764166299461 1764166299468
36479 894030951 1764166299494.356201 1764166299495 1764166299502
36480 894064295 1764166299527.709473 1764166299527 1764166299535
36481 894097639 1764166299561.062744 1764166299561 1764166299568
36482 894130983 1764166299594.416016 1764166299595 1764166299602
36483 894164327 1764166299627.769531 1764166299627 1764166299635
36484 894197671 1764166299661.123047 1764166299661 1764166299668
36485 894231015 1764166299694.476562 1764166299695 1764166299702
36486 894264359 1764166299727.830322 1764166299727 1764166299735
36487 894297702 1764166299761.183105 1764166299761 1764166299768
36488 894331046 1764166299794.536865 1764166299795 1764166299802
36489 894364390 1764166299827.890869 1764166299828 1764166299835
36490 894397734 1764166299861.244873 1764166299861 1764166299868
36491 894431078 1764166299894.598877 1764166299895 1764166299902
36492 894464422 1764166299927.953125 1764166299928 1764166299935
36493 894497766 1764166299961.307373 1764166299961 1764166299968
36494 894531110 1764166299994.661621 1764166299995 1764166300002
36495 894564454 1764166300028.016113 1764166300028 1764166300035
36496 894597798 1764166300061.370605 1764166300061 1764166300068
36497 894631142 1764166300094.725342 1764166300095 1764166300102
36498 894664486 1764166300128.079834 1764166300128 1764166300135
36499 894697830 1764166300161.434570 1764166300162 1764166300169
36500 894731173 1764166300194.788574 1764166300195 1764166300202
36501 894764517 1764166300228.143311 1764166300228 1764166300235
36502 894797861 1764166300261.489990 1764166300262 1764166300269
36503 894831205 1764166300294.836426 1764166300294 1764166300302
36504 894864549 1764166300328.183105 1764166300328 1764166300335
36505 894897893 1764166300361.529541 1764166300362 1764166300369
36506 894931237 1764166300394.876221 1764166300394 1764166300402
36507 894964581 1764166300428.222656 1764166300428 1764166300435
36508 894997925 1764166300461.569336 1764166300462 1764166300469
36509 895031269 1764166300494.915771 1764166300494 1764166300502
36510 895064613 1764166300528.262451 1764166300528 1764166300535
36511 895097957 1764166300561.608887 1764166300562 1764166300569
36512 895131301 1764166300594.955566 1764166300594 1764166300602
36513 895164645 1764166300628.302002 1764166300628 1764166300635
36514 895197988 1764166300661.647705 1764166300662 1764166300669
36515 895231332 1764166300694.994141 1764166300695 1764166300702
36516 895264676 1764166300728.340820 1764166300728 1764166300735
36517 895298020 1764166300761.687256 1764166300762 1764166300769
36518 895331364 1764166300795.033691 1764166300795 1764166300802
36519 895364708 1764166300828.380371 1764166300828 1764166300835
36520 895398052 1764166300861.726807 1764166300862 1764166300869
36521 895431396 1764166300895.073486 1764166300895 1764166300902
36522 895464740 1764166300928.419922 1764166300928 1764166300935
36523 895498084 1764166300961.766357 1764166300962 1764166300969
36524 895531428 1764166300995.113037 1764166300995 1764166301002
36525 895564772 1764166301028.459473 1764166301029 1764166301036
36526 895598116 1764166301061.806152 1764166301061 1764166301069
36527 895631459 1764166301095.151611 1764166301095 1764166301102
36528 895664803 1764166301128.498047 1764166301129 1764166301136
36529 895698147 1764166301161.844482 1764166301161 1764166301169
36530 895731491 1764166301195.191162 1764166301195 1764166301202
36531 895764835 1764166301228.537598 1764166301229 1764166301236
36532 895798179 1764166301261.884277 1764166301261 1764166301269
36533 895831523 1764166301295.230957 1764166301295 1764166301302
36534 895864867 1764166301328.577393 1764166301329 1764166301336
36535 895898211 1764166301361.924072 1764166301361 1764166301369
36536 895931555 1764166301395.270752 1764166301394 1764166301403
36537 895964899 1764166301428.617432 1764166301429 1764166301436
36538 895998243 1764166301461.963867 1764166301461 1764166301469
36539 896031587 1764166301495.310547 1764166301495 1764166301502
36540 896064930 1764166301528.656250 1764166301529 1764166301536
36541 896098274 1764166301562.002686 1764166301562 1764166301569
36542 896131618 1764166301595.349365 1764166301595 1764166301603
36543 896164962 1764166301628.696045 1764166301629 1764166301636
36544 896198306 1764166301662.042480 1764166301662 1764166301669
36545 896231650 1764166301695.389160 1764166301695 1764166301702
36546 896264994 1764166301728.735840 1764166301729 1764166301736
36547 896298338 1764166301762.082275 1764166301762 1764166301769
36548 896331682 1764166301795.428955 1764166301796 1764166301803
36549 896365026 1764166301828.775391 1764166301829 1764166301836
36550 896398370 1764166301862.122070 1764166301862 1764166301869
36551 896431714 1764166301895.468750 1764166301896 1764166301903
36552 896465058 1764166301928.815186 1764166301928 1764166301936
36553 896498402 1764166301962.161865 1764166301962 1764166301969
36554 896531745 1764166301995.507324 1764166301996 1764166302003
36555 896565089 1764166302028.854004 1764166302028 1764166302036
36556 896598433 1764166302062.200439 1764166302062 1764166302069
36557 896631777 1764166302095.547119 1764166302096 1764166302103
36558 896665121 1764166302128.893555 1764166302128 1764166302136
36559 896698465 1764166302162.240234 1764166302162 1764166302169
36560 896731809 1764166302195.586670 1764166302196 1764166302203
36561 896765153 1764166302228.933350 1764166302228 1764166302236
36562 896798497 1764166302262.280029 1764166302262 1764166302269
36563 896831841 1764166302295.626465 1764166302296 1764166302303
36564 896865185 1764166302328.973145 1764166302329 1764166302336
36565 896898529 1764166302362.319824 1764166302362 1764166302369
36566 896931873 1764166302395.666504 1764166302396 1764166302403
36567 896965216 1764166302429.011963 1764166302429 1764166302436
36568 896998560 1764166302462.358643 1764166302463 1764166302470
36569 897031904 1764166302495.705322 1764166302496 1764166302503
36570 897065248 1764166302529.052002 1764166302529 1764166302536
36571 897098592 1764166302562.398438 1764166302563 1764166302570
36572 897131936 1764166302595.745117 1764166302596 1764166302603
36573 897165280 1764166302629.091797 1764166302629 1764166302636
36574 897198624 1764166302662.438232 1764166302663 1764166302670
36575 897231968 1764166302695.784912 1764166302696 1764166302703
36576 897265312 1764166302729.131592 1764166302729 1764166302736
36577 897298656 1764166302762.478027 1764166302763 1764166302770
36578 897332000 1764166302795.824707 1764166302795 1764166302804
36579 897365344 1764166302829.171387 1764166302829 1764166302836
36580 897398687 1764166302862.516846 1764166302863 1764166302870
36581 897432031 1764166302895.863525 1764166302895 1764166302903
36582 897465375 1764166302929.209961 1764166302929 1764166302936
36583 897498719 1764166302962.556641 1764166302963 1764166302970
36584 897532063 1764166302995.903320 1764166302995 1764166303003
36585 897565407 1764166303029.249756 1764166303029 1764166303036
36586 897598751 1764166303062.596436 1764166303063 1764166303070
36587 897632095 1764166303095.942871 1764166303096 1764166303103
36588 897665439 1764166303129.289551 1764166303129 1764166303136
36589 897698783 1764166303162.635986 1764166303163 1764166303170
36590 897732127 1764166303195.982666 1764166303196 1764166303203
36591 897765471 1764166303229.329346 1764166303229 1764166303236
36592 897798815 1764166303262.676025 1764166303262 1764166303270
36593 897832159 1764166303296.022949 1764166303296 1764166303303
36594 897865502 1764166303329.368652 1764166303329 1764166303336
36595 897898846 1764166303362.715576 1764166303363 1764166303370
36596 897932190 1764166303396.062256 1764166303396 1764166303403
36597 897965534 1764166303429.409180 1764166303430 1764166303437
36598 897998878 1764166303462.756104 1764166303463 1764166303470
36599 898032222 1764166303496.102783 1764166303496 1764166303503
36600 898065566 1764166303529.449707 1764166303530 1764166303537
36601 898098910 1764166303562.796387 1764166303562 1764166303570
36602 898132254 1764166303596.143311 1764166303596 1764166303603
36603 898165598 1764166303629.489990 1764166303630 1764166303637
36604 898198942 1764166303662.836914 1764166303662 1764166303670
36605 898232286 1764166303696.183594 1764166303696 1764166303703
36606 898265630 1764166303729.530518 1764166303730 1764166303737
36607 898298973 1764166303762.876221 1764166303762 1764166303770
36608 898332317 1764166303796.223145 1764166303796 1764166303803
36609 898365661 1764166303829.569824 1764166303830 1764166303837
