68093 1948499235 1764167353912.846680 1764167353912 1764167353920
68094 1948532579 1764167353946.193359 1764167353946 1764167353953
68095 1948565923 1764167353979.540283 1764167353980 1764167353987
68096 1948599267 1764167354012.886963 1764167354012 1764167354020
68097 1948632611 1764167354046.233887 1764167354046 1764167354053
68098 1948665955 1764167354079.580566 1764167354080 1764167354087
68099 1948699299 1764167354112.927490 1764167354112 1764167354120
68100 1948732643 1764167354146.274414 1764167354146 1764167354153
68101 1948765987 1764167354179.621094 1764167354180 1764167354187
68102 1948799331 1764167354212.968018 1764167354213 1764167354220
68103 1948832675 1764167354246.314697 1764167354246 1764167354253
68104 1948866018 1764167354279.660645 1764167354280 1764167354287
68105 1948899362 1764167354313.007324 1764167354313 1764167354320
68106 1948932706 1764167354346.354492 1764167354346 1764167354353
68107 1948966050 1764167354379.701660 1764167354380 1764167354387
68108 1948999394 1764167354413.048828 1764167354413 1764167354420
68109 1949032738 1764167354446.395996 1764167354447 1764167354454
68110 1949066082 1764167354479.742920 1764167354480 1764167354487
68111 1949099426 1764167354513.090088 1764167354513 1764167354520
68112 1949132770 1764167354546.437256 1764167354547 1764167354554
68113 1949166114 1764167354579.784424 1764167354579 1764167354587
68114 1949199458 1764167354613.131592 1764167354613 1764167354620
68115 1949232802 1764167354646.478760 1764167354647 1764167354654
68116 1949266146 1764167354679.825928 1764167354679 1764167354687
68117 1949299489 1764167354713.172119 1764167354713 1764167354720
68118 1949332833 1764167354746.519287 1764167354747 1764167354754
68119 1949366177 1764167354779.866211 1764167354779 1764167354787
68120 1949399521 1764167354813.213379 1764167354813 1764167354820
68121 1949432865 1764167354846.560547 1764167354847 1764167354854
68122 1949466209 1764167354879.907715 1764167354879 1764167354887
68123 1949499553 1764167354913.254883 1764167354913 1764167354920
68124 1949532897 1764167354946.602051 1764167354947 1764167354954
68125 1949566241 1764167354979.949219 1764167354979 1764167354987
68126 1949599585 1764167355013.296387 1764167355013 1764167355020
68127 1949632929 1764167355046.643555 1764167355047 1764167355054
68128 1949666273 1764167355079.990723 1764167355080 1764167355087
68129 1949699617 1764167355113.337891 1764167355113 1764167355120
68130 1949732960 1764167355146.684082 1764167355147 1764167355154
68131 1949766304 1764167355180.031250 1764167355180 1764167355187
68132 1949799648 1764167355213.378418 1764167355213 1764167355220
68133 1949832992 1764167355246.725586 1764167355247 1764167355254
68134 1949866336 1764167355280.072754 1764167355280 1764167355287
68135 1949899680 1764167355313.420166 1764167355314 1764167355321
68136 1949933024 1764167355346.767090 1764167355346 1764167355354
68137 1949966368 1764167355380.114014 1764167355380 1764167355387
68138 1949999712 1764167355413.460938 1764167355414 1764167355421
68139 1950033056 1764167355446.807861 1764167355446 1764167355454
68140 1950066400 1764167355480.154785 1764167355480 1764167355487
68141 1950099744 1764167355513.501953 1764167355514 1764167355521
68142 1950133088 1764167355546.848877 1764167355546 1764167355554
68143 1950166432 1764167355580.195801 1764167355580 1764167355587
68144 1950199775 1764167355613.541748 1764167355614 1764167355621
68145 1950233119 1764167355646.888672 1764167355646 1764167355654
68146 1950266463 1764167355680.235596 1764167355680 1764167355687
68147 1950299807 1764167355713.582764 1764167355714 1764167355721
68148 1950333151 1764167355746.929688 1764167355746 1764167355754
68149 1950366495 1764167355780.276611 1764167355780 1764167355787
68150 1950399839 1764167355813.623535 1764167355813 1764167355821
68151 1950433183 1764167355846.970459 1764167355847 1764167355854
68152 1950466527 1764167355880.317627 1764167355880 1764167355887
68153 1950499871 1764167355913.664551 1764167355914 1764167355921
68154 1950533215 1764167355947.011475 1764167355947 1764167355954
68155 1950566559 1764167355980.358398 1764167355980 1764167355987
68156 1950599903 1764167356013.705322 1764167356014 1764167356021
68157 1950633246 1764167356047.051270 1764167356047 1764167356054
68158 1950666590 1764167356080.398193 1764167356080 1764167356088
68159 1950699934 1764167356113.745361 1764167356114 1764167356121
68160 1950733278 1764167356147.092285 1764167356147 1764167356154
68161 1950766622 1764167356180.439209 1764167356181 1764167356188
68162 1950799966 1764167356213.786133 1764167356214 1764167356221
68163 1950833310 1764167356247.133057 1764167356247 1764167356254
68164 1950866654 1764167356280.480225 1764167356281 1764167356288
68165 1950899998 1764167356313.827148 1764167356313 1764167356321
68166 1950933342 1764167356347.174805 1764167356347 1764167356354
68167 1950966686 1764167356380.522461 1764167356381 1764167356388
68168 1951000030 1764167356413.870117 1764167356413 1764167356421
68169 1951033374 1764167356447.217773 1764167356447 1764167356454
68170 1951066717 1764167356480.564453 1764167356481 1764167356488
68171 1951100061 1764167356513.912354 1764167356513 1764167356521
68172 1951133405 1764167356547.260010 1764167356547 1764167356554
68173 1951166749 1764167356580.607666 1764167356581 1764167356588
68174 1951200093 1764167356613.955322 1764167356613 1764167356621
68175 1951233437 1764167356647.303223 1764167356647 1764167356654
68176 1951266781 1764167356680.650879 1764167356681 1764167356688
68177 1951300125 1764167356713.998535 1764167356713 1764167356721
68178 1951333469 1764167356747.346436 1764167356747 1764167356754
68179 1951366813 1764167356780.694092 1764167356781 1764167356788
68180 1951400157 1764167356814.041992 1764167356813 1764167356821
68181 1951433501 1764167356847.389648 1764167356847 1764167356854
68182 1951466845 1764167356880.737549 1764167356881 1764167356888
68183 1951500189 1764167356914.085205 1764167356913 1764167356921
68184 1951533532 1764167356947.431885 1764167356947 1764167356954
68185 1951566876 1764167356980.779785 1764167356981 1764167356988
68186 1951600220 1764167357014.127441 1764167357014 1764167357021
68187 1951633564 1764167357047.475342 1764167357047 1764167357054
68188 1951666908 1764167357080.823242 1764167357081 1764167357088
68189 1951700252 1764167357114.170898 1764167357114 1764167357121
68190 1951733596 1764167357147.518799 1764167357147 1764167357154
68191 1951766940 1764167357180.866455 1764167357181 1764167357188
68192 1951800284 1764167357214.214355 1764167357214 1764167357221
68193 1951833628 1764167357247.562256 1764167357248 1764167357255
68194 1951866972 1764167357280.909912 1764167357281 1764167357288
68195 1951900316 1764167357314.257812 1764167357314 1764167357321
68196 1951933660 1764167357347.603027 1764167357347 1764167357354
68197 1951967003 1764167357380.947266 1764167357381 1764167357388
68198 1952000347 1764167357414.292480 1764167357414 1764167357421
68199 1952033691 1764167357447.637695 1764167357448 1764167357455
68200 1952067035 1764167357480.982666 1764167357481 1764167357488
68201 1952100379 1764167357514.327881 1764167357514 1764167357521
68202 1952133723 1764167357547.673096 1764167357548 1764167357555
68203 1952167067 1764167357581.018066 1764167357580 1764167357588
68204 1952200411 1764167357614.363281 1764167357614 1764167357621
68205 1952233755 1764167357647.708496 1764167357648 1764167357655
68206 1952267099 1764167357681.053467 1764167357680 1764167357688
68207 1952300443 1764167357714.398438 1764167357714 1764167357721
68208 1952333787 1764167357747.743652 1764167357748 1764167357755
68209 1952367131 1764167357781.088623 1764167357780 1764167357788
68210 1952400474 1764167357814.432617 1764167357814 1764167357821
68211 1952433818 1764167357847.777832 1764167357848 1764167357855
68212 1952467162 1764167357881.122803 1764167357880 1764167357888
68213 1952500506 1764167357914.467773 1764167357914 1764167357921
68214 1952533850 1764167357947.812744 1764167357948 1764167357955
68215 1952567194 1764167357981.157715 1764167357980 1764167357988
68216 1952600538 1764167358014.502686 1764167358014 1764167358021
68217 1952633882 1764167358047.847656 1764167358048 1764167358055
68218 1952667226 1764167358081.192627 1764167358080 1764167358088
68219 1952700570 1764167358114.537598 1764167358114 1764167358121
68220 1952733914 1764167358147.882568 1764167358148 1764167358155
68221 1952767258 1764167358181.227295 1764167358180 1764167358188
68222 1952800602 1764167358214.572266 1764167358214 1764167358221
68223 1952833946 1764167358247.917236 1764167358248 1764167358255
68224 1952867289 1764167358281.260986 1764167358281 1764167358288
68225 1952900633 1764167358314.605957 1764167358314 1764167358321
68226 1952933977 1764167358347.950439 1764167358348 1764167358355
68227 1952967321 1764167358381.294922 1764167358381 1764167358388
68228 1953000665 1764167358414.639648 1764167358414 1764167358421
68229 1953034009 1764167358447.984131 1764167358448 1764167358455
68230 1953067353 1764167358481.328613 1764167358481 1764167358488
68231 1953100697 1764167358514.673096 1764167358515 1764167358522
68232 1953134041 1764167358548.017578 1764167358548 1764167358555
68233 1953167385 1764167358581.362061 1764167358581 1764167358588
68234 1953200729 1764167358614.706543 1764167358615 1764167358622
68235 1953234073 1764167358648.051025 1764167358648 1764167358655
68236 1953267417 1764167358681.395264 1764167358681 1764167358688
68237 1953300760 1764167358714.738770 1764167358715 1764167358722
68238 1953334104 1764167358748.083252 1764167358748 1764167358755
68239 1953367448 1764167358781.427490 1764167358781 1764167358788
68240 1953400792 1764167358814.771973 1764167358815 1764167358822
68241 1953434136 1764167358848.116211 1764167358848 1764167358855
68242 1953467480 1764167358881.460449 1764167358881 1764167358888
68243 1953500824 1764167358914.804932 1764167358915 1764167358922
68244 1953534168 1764167358948.149170 1764167358947 1764167358955
68245 1953567512 1764167358981.493408 1764167358981 1764167358988
68246 1953600856 1764167359014.837646 1764167359015 1764167359022
68247 1953634200 1764167359048.182129 1764167359047 1764167359055
68248 1953667544 1764167359081.526367 1764167359081 1764167359088
68249 1953700888 1764167359114.870605 1764167359115 1764167359122
68250 1953734231 1764167359148.213623 1764167359147 1764167359155
68251 1953767575 1764167359181.557861 1764167359181 1764167359188
68252 1953800919 1764167359214.902100 1764167359215 1764167359222
68253 1953834263 1764167359248.246338 1764167359247 1764167359255
68254 1953867607 1764167359281.590332 1764167359281 1764167359288
68255 1953900951 1764167359314.934570 1764167359315 1764167359322
68256 1953934295 1764167359348.278320 1764167359347 1764167359355
68257 1953967639 1764167359381.622070 1764167359381 1764167359388
68258 1954000983 1764167359414.965576 1764167359415 1764167359422
68259 1954034327 1764167359448.309326 1764167359447 1764167359455
68260 1954067671 1764167359481.652832 1764167359481 1764167359488
68261 1954101015 1764167359514.996338 1764167359515 1764167359522
68262 1954134359 1764167359548.340088 1764167359548 1764167359555
68263 1954167703 1764167359581.683594 1764167359581 1764167359588
68264 1954201046 1764167359615.026123 1764167359615 1764167359622
68265 1954234390 1764167359648.369629 1764167359648 1764167359655
68266 1954267734 1764167359681.713135 1764167359681 1764167359688
68267 1954301078 1764167359715.056641 1764167359715 1764167359722
68268 1954334422 1764167359748.399902 1764167359748 1764167359755
68269 1954367766 1764167359781.743408 1764167359781 1764167359788
68270 1954401110 1764167359815.086914 1764167359815 1764167359822
68271 1954434454 1764167359848.430176 1764167359848 1764167359855
68272 1954467798 1764167359881.773682 1764167359881 1764167359888
68273 1954501142 1764167359915.116943 1764167359915 1764167359922
68274 1954534486 1764167359948.460205 1764167359948 1764167359955
68275 1954567830 1764167359981.803711 1764167359982 1764167359989
68276 1954601174 1764167360015.146973 1764167360015 1764167360022
68277 1954634517 1764167360048.489258 1764167360048 1764167360055
68278 1954667861 1764167360081.832520 1764167360082 1764167360089
68279 1954701205 1764167360115.175781 1764167360115 1764167360122
68280 1954734549 1764167360148.519043 1764167360148 1764167360155
68281 1954767893 1764167360181.862061 1764167360182 1764167360189
68282 1954801237 1764167360215.205322 1764167360214 1764167360222
68283 1954834581 1764167360248.548340 1764167360248 1764167360255
68284 1954867925 1764167360281.891602 1764167360282 1764167360289
68285 1954901269 1764167360315.234863 1764167360314 1764167360322
68286 1954934613 1764167360348.578369 1764167360348 1764167360355
68287 1954967957 1764167360381.921875 1764167360382 1764167360389
68288 1955001301 1764167360415.265381 1764167360414 1764167360422
68289 1955034645 1764167360448.608887 1764167360448 1764167360455
68290 1955067988 1764167360481.951172 1764167360482 1764167360489
68291 1955101332 1764167360515.294678 1764167360514 1764167360522
68292 1955134676 1764167360548.638184 1764167360548 1764167360555
68293 1955168020 1764167360581.981445 1764167360582 1764167360589
68294 1955201364 1764167360615.324951 1764167360614 1764167360622
68295 1955234708 1764167360648.668213 1764167360648 1764167360655
68296 1955268052 1764167360682.011475 1764167360682 1764167360689
68297 1955301396 1764167360715.354980 1764167360714 1764167360722
68298 1955334740 1764167360748.698242 1764167360748 1764167360755
68299 1955368084 1764167360782.041504 1764167360782 1764167360789
68300 1955401428 1764167360815.384766 1764167360815 1764167360822
68301 1955434772 1764167360848.728027 1764167360848 1764167360855
68302 1955468116 1764167360882.071289 1764167360882 1764167360889
68303 1955501460 1764167360915.414307 1764167360915 1764167360922
68304 1955534803 1764167360948.756592 1764167360948 1764167360955
68305 1955568147 1764167360982.099609 1764167360982 1764167360989
68306 1955601491 1764167361015.442871 1764167361015 1764167361022
68307 1955634835 1764167361048.785889 1764167361048 1764167361055
68308 1955668179 1764167361082.129150 1764167361082 1764167361089
68309 1955701523 1764167361115.472168 1764167361115 1764167361122
68310 1955734867 1764167361148.815186 1764167361148 1764167361155
68311 1955768211 1764167361182.158203 1764167361181 1764167361189
68312 1955801555 1764167361215.501221 1764167361215 1764167361222
68313 1955834899 1764167361248.844238 1764167361249 1764167361256
68314 1955868243 1764167361282.187256 1764167361282 1764167361289
68315 1955901587 1764167361315.530273 1764167361315 1764167361322
68316 1955934931 1764167361348.872314 1764167361349 1764167361356
68317 1955968274 1764167361382.213623 1764167361382 1764167361389
68318 1956001618 1764167361415.555664 1764167361415 1764167361422
68319 1956034962 1764167361448.897949 1764167361449 1764167361456
68320 1956068306 1764167361482.239990 1764167361481 1764167361489
68321 1956101650 1764167361515.582031 1764167361515 1764167361522
68322 1956134994 1764167361548.924072 1764167361549 1764167361556
68323 1956168338 1764167361582.265869 1764167361581 1764167361589
68324 1956201682 1764167361615.607910 1764167361615 1764167361622
68325 1956235026 1764167361648.949951 1764167361649 1764167361656
68326 1956268370 1764167361682.291748 1764167361681 1764167361689
68327 1956301714 1764167361715.633789 1764167361715 1764167361722
68328 1956335058 1764167361748.975586 1764167361749 1764167361756
68329 1956368402 1764167361782.317383 1764167361781 1764167361789
68330 1956401745 1764167361815.658203 1764167361815 1764167361822
68331 1956435089 1764167361849.000000 1764167361849 1764167361856
68332 1956468433 1764167361882.341553 1764167361881 1764167361889
68333 1956501777 1764167361915.683350 1764167361915 1764167361922
68334 1956535121 1764167361949.025146 1764167361949 1764167361956
68335 1956568465 1764167361982.366699 1764167361981 1764167361989
68336 1956601809 1764167362015.708252 1764167362015 1764167362022
68337 1956635153 1764167362049.050049 1764167362049 1764167362056
68338 1956668497 1764167362082.391602 1764167362082 1764167362089
68339 1956701841 1764167362115.733154 1764167362115 1764167362122
68340 1956735185 1764167362149.074707 1764167362149 1764167362156
68341 1956768529 1764167362182.416016 1764167362182 1764167362189
68342 1956801873 1764167362215.757568 1764167362215 1764167362222
68343 1956835217 1764167362249.098877 1764167362249 1764167362256
68344 1956868560 1764167362282.439453 1764167362282 1764167362289
68345 1956901904 1764167362315.780762 1764167362316 1764167362323
68346 1956935248 1764167362349.122314 1764167362349 1764167362356
68347 1956968592 1764167362382.464111 1764167362382 1764167362389
68348 1957001936 1764167362415.805664 1764167362416 1764167362423
68349 1957035280 1764167362449.146973 1764167362449 1764167362456
68350 1957068624 1764167362482.488525 1764167362482 1764167362489
68351 1957101968 1764167362515.830078 1764167362516 1764167362523
68352 1957135312 1764167362549.171387 1764167362549 1764167362556
68353 1957168656 1764167362582.512939 1764167362582 1764167362589
68354 1957202000 1764167362615.854248 1764167362616 1764167362623
68355 1957235344 1764167362649.195557 1764167362649 1764167362656
68356 1957268688 1764167362682.536865 1764167362682 1764167362689
68357 1957302031 1764167362715.877197 1764167362716 1764167362723
68358 1957335375 1764167362749.218506 1764167362748 1764167362756
68359 1957368719 1764167362782.559570 1764167362782 1764167362789
68360 1957402063 1764167362815.900879 1764167362816 1764167362823
68361 1957435407 1764167362849.241943 1764167362848 1764167362856
68362 1957468751 1764167362882.583252 1764167362882 1764167362890
68363 1957502095 1764167362915.924316 1764167362916 1764167362923
68364 1957535439 1764167362949.265381 1764167362948 1764167362956
68365 1957568783 1764167362982.606445 1764167362982 1764167362989
68366 1957602127 1764167363015.947266 1764167363016 1764167363023
68367 1957635471 1764167363049.288330 1764167363048 1764167363056
68368 1957668815 1764167363082.629395 1764167363082 1764167363089
68369 1957702159 1764167363115.970215 1764167363116 1764167363123
68370 1957735502 1764167363149.310059 1764167363148 1764167363156
68371 1957768846 1764167363182.650879 1764167363182 1764167363189
68372 1957802190 1764167363215.991699 1764167363216 1764167363223
68373 1957835534 1764167363249.332520 1764167363248 1764167363256
68374 1957868878 1764167363282.673340 1764167363282 1764167363289
68375 1957902222 1764167363316.014160 1764167363316 1764167363323
68376 1957935566 1764167363349.355469 1764167363349 1764167363356
68377 1957968910 1764167363382.696777 1764167363382 1764167363389
68378 1958002254 1764167363416.037842 1764167363415 1764167363423
68379 1958035598 1764167363449.379150 1764167363449 1764167363456
68380 1958068942 1764167363482.720459 1764167363482 1764167363489
68381 1958102286 1764167363516.061523 1764167363516 1764167363523
68382 1958135630 1764167363549.402588 1764167363550 1764167363557
68383 1958168974 1764167363582.743652 1764167363582 1764167363589
68384 1958202317 1764167363616.083740 1764167363616 1764167363623
68385 1958235661 1764167363649.424805 1764167363649 1764167363656
68386 1958269005 1764167363682.765869 1764167363682 1764167363690
68387 1958302349 1764167363716.106934 1764167363715 1764167363723
68388 1958335693 1764167363749.447754 1764167363749 1764167363756
68389 1958369037 1764167363782.788818 1764167363783 1764167363790
68390 1958402381 1764167363816.129639 1764167363815 1764167363823
68391 1958435725 1764167363849.470459 1764167363850 1764167363857
68392 1958469069 1764167363882.811279 1764167363883 1764167363890
68393 1958502413 1764167363916.152100 1764167363916 1764167363923
68394 1958535757 1764167363949.492920 1764167363949 1764167363956
68395 1958569101 1764167363982.833496 1764167363983 1764167363990
68396 1958602445 1764167364016.174316 1764167364015 1764167364023
68397 1958635788 1764167364049.513916 1764167364049 1764167364056
68398 1958669132 1764167364082.854736 1764167364083 1764167364090
68399 1958702476 1764167364116.195312 1764167364115 1764167364123
68400 1958735820 1764167364149.535889 1764167364149 1764167364156
68401 1958802508 1764167364216.217041 1764167364215 1764167364223
68402 1958835852 1764167364249.557373 1764167364249 1764167364256
68403 1958869196 1764167364282.897949 1764167364283 1764167364290
68404 1958902540 1764167364316.238281 1764167364315 1764167364323
68405 1958935884 1764167364349.579346 1764167364349 1764167364356
68406 1958969228 1764167364382.920166 1764167364383 1764167364390
68407 1959002572 1764167364416.261230 1764167364415 1764167364423
68408 1959035916 1764167364449.602051 1764167364449 1764167364456
68409 1959069259 1764167364482.941895 1764167364483 1764167364490
68410 1959102603 1764167364516.282471 1764167364515 1764167364523
68411 1959135947 1764167364549.623291 1764167364549 1764167364556
68412 1959169291 1764167364582.964111 1764167364583 1764167364590
68413 1959202635 1764167364616.304688 1764167364616 1764167364623
68414 1959235979 1764167364649.645508 1764167364650 1764167364657
68415 1959269323 1764167364682.986084 1764167364683 1764167364690
68416 1959302667 1764167364716.326660 1764167364716 1764167364723
68417 1959336011 1764167364749.667236 1764167364749 1764167364756
68418 1959369355 1764167364783.007812 1764167364783 1764167364790
68419 1959402699 1764167364816.348389 1764167364816 1764167364823
68420 1959436043 1764167364849.688721 1764167364849 1764167364856
68421 1959469387 1764167364883.029297 1764167364883 1764167364890
68422 1959502731 1764167364916.369629 1764167364916 1764167364923
68423 1959536074 1764167364949.708984 1764167364950 1764167364957
68424 1959569418 1764167364983.049316 1764167364982 1764167364990
68425 1959602762 1764167365016.389648 1764167365016 1764167365023
68426 1959636106 1764167365049.729980 1764167365050 1764167365057
68427 1959669450 1764167365083.070312 1764167365082 1764167365090
68428 1959702794 1764167365116.410400 1764167365116 1764167365123
68429 1959736138 1764167365149.750732 1764167365150 1764167365157
68430 1959769482 1764167365183.090820 1764167365182 1764167365190
68431 1959802826 1764167365216.430908 1764167365216 1764167365223
68432 1959836170 1764167365249.770996 1764167365250 1764167365257
68433 1959869514 1764167365283.111084 1764167365282 1764167365290
68434 1959902858 1764167365316.451172 1764167365316 1764167365323
68435 1959936202 1764167365349.791748 1764167365350 1764167365357
68436 1959969545 1764167365383.131104 1764167365382 1764167365390
68437 1960002889 1764167365416.471436 1764167365416 1764167365423
68438 1960036233 1764167365449.811768 1764167365450 1764167365457
68439 1960069577 1764167365483.152100 1764167365482 1764167365490
68440 1960102921 1764167365516.492432 1764167365516 1764167365523
68441 1960136265 1764167365549.832764 1764167365550 1764167365557
68442 1960169609 1764167365583.173096 1764167365582 1764167365590
68443 1960202953 1764167365616.513184 1764167365616 1764167365623
68444 1960236297 1764167365649.853516 1764167365650 1764167365657
68445 1960269641 1764167365683.193604 1764167365683 1764167365690
68446 1960302985 1764167365716.533691 1764167365716 1764167365723
68447 1960336329 1764167365749.873779 1764167365750 1764167365757
68448 1960369673 1764167365783.213867 1764167365782 1764167365790
68449 1960403016 1764167365816.552979 1764167365816 1764167365823
68450 1960436360 1764167365849.892822 1764167365850 1764167365857
68451 1960469704 1764167365883.232910 1764167365883 1764167365890
68452 1960503048 1764167365916.572754 1764167365916 1764167365923
68453 1960536392 1764167365949.912598 1764167365950 1764167365957
68454 1960569736 1764167365983.252441 1764167365983 1764167365990
68455 1960603080 1764167366016.592285 1764167366016 1764167366023
68456 1960636424 1764167366049.932129 1764167366050 1764167366057
68457 1960669768 1764167366083.271973 1764167366083 1764167366090
68458 1960703112 1764167366116.611572 1764167366117 1764167366124
68459 1960736456 1764167366149.951416 1764167366150 1764167366157
68460 1960769800 1764167366183.291016 1764167366183 1764167366190
68461 1960803144 1764167366216.630615 1764167366217 1764167366224
68462 1960836488 1764167366249.970215 1764167366250 1764167366257
68463 1960869831 1764167366283.308838 1764167366283 1764167366290
68464 1960903175 1764167366316.648438 1764167366316 1764167366323
68465 1960936519 1764167366349.989014 1764167366350 1764167366357
68466 1960969863 1764167366383.329346 1764167366383 1764167366390
68467 1961003207 1764167366416.669922 1764167366417 1764167366424
68468 1961036551 1764167366450.010254 1764167366449 1764167366457
68469 1961069895 1764167366483.350830 1764167366483 1764167366490
68470 1961103239 1764167366516.691162 1764167366517 1764167366524
68471 1961136583 1764167366550.031494 1764167366549 1764167366557
68472 1961169927 1764167366583.371826 1764167366583 1764167366590
68473 1961203271 1764167366616.712158 1764167366617 1764167366624
68474 1961236615 1764167366650.052490 1764167366649 1764167366657
68475 1961269959 1764167366683.392822 1764167366683 1764167366690
68476 1961303302 1764167366716.731934 1764167366717 1764167366724
68477 1961336646 1764167366750.072021 1764167366749 1764167366757
68478 1961369990 1764167366783.412354 1764167366783 1764167366790
68479 1961403334 1764167366816.752441 1764167366817 1764167366824
68480 1961436678 1764167366850.092529 1764167366849 1764167366857
68481 1961470022 1764167366883.432617 1764167366883 1764167366890
68482 1961503366 1764167366916.772705 1764167366917 1764167366924
68483 1961536710 1764167366950.112549 1764167366949 1764167366957
68484 1961570054 1764167366983.452637 1764167366983 1764167366990
68485 1961603398 1764167367016.792480 1764167367017 1764167367024
68486 1961636742 1764167367050.132568 1764167367049 1764167367057
68487 1961670086 1764167367083.472412 1764167367083 1764167367090
68488 1961703430 1764167367116.812256 1764167367117 1764167367124
68489 1961736773 1764167367150.151123 1764167367150 1764167367157
68490 1961770117 1764167367183.490967 1764167367183 1764167367190
68491 1961803461 1764167367216.830566 1764167367217 1764167367224
68492 1961836805 1764167367250.170410 1764167367250 1764167367257
68493 1961870149 1764167367283.510254 1764167367283 1764167367290
68494 1961903493 1764167367316.849854 1764167367317 1764167367324
68495 1961936837 1764167367350.190430 1764167367350 1764167367357
68496 1961970181 1764167367383.531006 1764167367383 1764167367390
68497 1962003525 1764167367416.871582 1764167367417 1764167367424
68498 1962036869 1764167367450.212158 1764167367450 1764167367457
68499 1962070213 1764167367483.552734 1764167367483 1764167367490
68500 1962103557 1764167367516.893066 1764167367517 1764167367524
68501 1962136901 1764167367550.233643 1764167367550 1764167367557
68502 1962170245 1764167367583.573975 1764167367584 1764167367591
68503 1962203588 1764167367616.913330 1764167367616 1764167367624
68504 1962236932 1764167367650.253662 1764167367650 1764167367657
68505 1962270276 1764167367683.593994 1764167367684 1764167367691
68506 1962303620 1764167367716.934326 1764167367716 1764167367724
68507 1962336964 1764167367750.274658 1764167367750 1764167367757
68508 1962370308 1764167367783.614990 1764167367784 1764167367791
68509 1962403652 1764167367816.955078 1764167367816 1764167367824
68510 1962436996 1764167367850.295410 1764167367850 1764167367857
68511 1962470340 1764167367883.635498 1764167367884 1764167367891
68512 1962503684 1764167367916.975830 1764167367916 1764167367924
68513 1962537028 1764167367950.315918 1764167367950 1764167367957
68514 1962570372 1764167367983.656006 1764167367984 1764167367991
68515 1962603716 1764167368016.996094 1764167368016 1764167368024
68516 1962637059 1764167368050.335205 1764167368050 1764167368057
68517 1962670403 1764167368083.675049 1764167368084 1764167368091
68518 1962703747 1764167368117.015137 1764167368116 1764167368124
68519 1962737091 1764167368150.354980 1764167368150 1764167368157
68520 1962770435 1764167368183.695068 1764167368184 1764167368191
68521 1962803779 1764167368217.034912 1764167368216 1764167368224
68522 1962837123 1764167368250.374756 1764167368250 1764167368257
68523 1962870467 1764167368283.714600 1764167368284 1764167368291
68524 1962903811 1764167368317.054443 1764167368316 1764167368324
68525 1962937155 1764167368350.395508 1764167368350 1764167368357
68526 1962970499 1764167368383.736572 1764167368384 1764167368391
68527 1963003843 1764167368417.077637 1764167368417 1764167368424
68528 1963037187 1764167368450.418457 1764167368450 1764167368457
68529 1963070530 1764167368483.758545 1764167368484 1764167368491
68530 1963103874 1764167368517.099365 1764167368517 1764167368524
68531 1963137218 1764167368550.440430 1764167368550 1764167368557
68532 1963170562 1764167368583.781250 1764167368584 1764167368591
68533 1963203906 1764167368617.122070 1764167368617 1764167368624
68534 1963237250 1764167368650.462891 1764167368650 1764167368657
68535 1963270594 1764167368683.803955 1764167368684 1764167368691
68536 1963303938 1764167368717.144531 1764167368717 1764167368724
68537 1963337282 1764167368750.485352 1764167368750 1764167368757
68538 1963370626 1764167368783.826172 1764167368783 1764167368791
68539 1963403970 1764167368817.166992 1764167368817 1764167368824
68540 1963437314 1764167368850.507812 1764167368851 1764167368858
68541 1963470658 1764167368883.848389 1764167368884 1764167368891
68542 1963504002 1764167368917.189209 1764167368917 1764167368924
68543 1963537345 1764167368950.528809 1764167368951 1764167368958
68544 1963570689 1764167368983.869385 1764167368984 1764167368991
68545 1963604033 1764167369017.210205 1764167369017 1764167369024
68546 1963637377 1764167369050.550781 1764167369051 1764167369058
68547 1963670721 1764167369083.891357 1764167369083 1764167369091
68548 1963704065 1764167369117.231934 1764167369117 1764167369124
68549 1963737409 1764167369150.572510 1764167369151 1764167369158
68550 1963770753 1764167369183.912842 1764167369183 1764167369191
68551 1963804097 1764167369217.253418 1764167369217 1764167369224
68552 1963837441 1764167369250.593994 1764167369251 1764167369258
68553 1963870785 1764167369283.934326 1764167369283 1764167369291
68554 1963904129 1764167369317.274902 1764167369317 1764167369324
68555 1963937473 1764167369350.615723 1764167369351 1764167369358
68556 1963970816 1764167369383.955566 1764167369383 1764167369391
68557 1964004160 1764167369417.296387 1764167369417 1764167369424
68558 1964037504 1764167369450.637207 1764167369451 1764167369458
68559 1964070848 1764167369483.978027 1764167369483 1764167369491
68560 1964104192 1764167369517.318848 1764167369517 1764167369524
68561 1964137536 1764167369550.659424 1764167369551 1764167369558
68562 1964170880 1764167369584.000244 1764167369583 1764167369591
68563 1964204224 1764167369617.341064 1764167369617 1764167369624
68564 1964237568 1764167369650.681641 1764167369651 1764167369658
68565 1964270912 1764167369684.022217 1764167369684 1764167369691
68566 1964304256 1764167369717.363037 1764167369717 1764167369724
68567 1964337600 1764167369750.703613 1764167369751 1764167369758
68568 1964370944 1764167369784.044189 1764167369784 1764167369791
68569 1964404287 1764167369817.383789 1764167369817 1764167369824
68570 1964437631 1764167369850.724365 1764167369851 1764167369858
68571 1964470975 1764167369884.064941 1764167369884 1764167369891
68572 1964504319 1764167369917.405518 1764167369917 1764167369924
68573 1964537663 1764167369950.746094 1764167369951 1764167369958
68574 1964571007 1764167369984.086426 1764167369984 1764167369991
68575 1964604351 1764167370017.427002 1764167370017 1764167370024
68576 1964637695 1764167370050.767578 1764167370050 1764167370058
68577 1964671039 1764167370084.107910 1764167370084 1764167370091
68578 1964704383 1764167370117.448242 1764167370117 1764167370124
68579 1964737727 1764167370150.788818 1764167370151 1764167370158
68580 1964771071 1764167370184.129150 1764167370184 1764167370191
68581 1964804415 1764167370217.469482 1764167370218 1764167370225
68582 1964837759 1764167370250.809814 1764167370251 1764167370258
68583 1964871102 1764167370284.149170 1764167370284 1764167370291
68584 1964904446 1764167370317.489502 1764167370318 1764167370325
68585 1964937790 1764167370350.831787 1764167370350 1764167370358
68586 1964971134 1764167370384.173340 1764167370384 1764167370391
68587 1965004478 1764167370417.514893 1764167370418 1764167370425
68588 1965037822 1764167370450.856445 1764167370450 1764167370458
68589 1965071166 1764167370484.197998 1764167370484 1764167370491
68590 1965104510 1764167370517.539307 1764167370518 1764167370525
68591 1965137854 1764167370550.880859 1764167370550 1764167370558
68592 1965171198 1764167370584.222412 1764167370584 1764167370591
68593 1965204542 1764167370617.563965 1764167370617 1764167370625
68594 1965237886 1764167370650.905273 1764167370650 1764167370658
68595 1965271230 1764167370684.246826 1764167370684 1764167370691
68596 1965304573 1764167370717.587158 1764167370718 1764167370725
68597 1965337917 1764167370750.928711 1764167370750 1764167370758
68598 1965371261 1764167370784.270020 1764167370784 1764167370791
68599 1965404605 1764167370817.611328 1764167370818 1764167370825
68600 1965437949 1764167370850.952881 1764167370850 1764167370858
68601 1965471293 1764167370884.294189 1764167370884 1764167370891
68602 1965504637 1764167370917.635498 1764167370918 1764167370925
68603 1965537981 1764167370950.976807 1764167370951 1764167370958
68604 1965571325 1764167370984.318359 1764167370984 1764167370991
68605 1965604669 1764167371017.659668 1764167371018 1764167371025
68606 1965638013 1764167371051.000977 1764167371051 1764167371058
68607 1965671357 1764167371084.342285 1764167371084 1764167371091
68608 1965704701 1764167371117.683594 1764167371118 1764167371125
68609 1965738044 1764167371151.023926 1764167371151 1764167371158
68610 1965771388 1764167371184.365234 1764167371184 1764167371191
68611 1965804732 1764167371217.706299 1764167371218 1764167371225
68612 1965838076 1764167371251.047607 1764167371251 1764167371258
68613 1965871420 1764167371284.388916 1764167371284 1764167371291
68614 1965904764 1764167371317.730225 1764167371318 1764167371325
68615 1965938108 1764167371351.071533 1764167371351 1764167371358
68616 1965971452 1764167371384.413330 1764167371385 1764167371392
68617 1966004796 1764167371417.755127 1764167371418 1764167371425
68618 1966038140 1764167371451.096924 1764167371451 1764167371458
68619 1966071484 1764167371484.438721 1764167371485 1764167371492
68620 1966104828 1764167371517.780518 1764167371517 1764167371525
68621 1966138172 1764167371551.122314 1764167371551 1764167371558
68622 1966171516 1764167371584.464111 1764167371585 1764167371592
68623 1966204859 1764167371617.804932 1764167371617 1764167371625
68624 1966238203 1764167371651.146729 1764167371651 1764167371658
68625 1966271547 1764167371684.488525 1764167371685 1764167371692
68626 1966304891 1764167371717.830322 1764167371717 1764167371725
68627 1966338235 1764167371751.172119 1764167371751 1764167371758
68628 1966371579 1764167371784.513916 1764167371785 1764167371792
68629 1966404923 1764167371817.855713 1764167371817 1764167371825
68630 1966438267 1764167371851.197510 1764167371851 1764167371858
68631 1966471611 1764167371884.539062 1764167371885 1764167371892
68632 1966504955 1764167371917.880859 1764167371917 1764167371925
68633 1966538299 1764167371951.222656 1764167371951 1764167371958
68634 1966571643 1764167371984.564453 1764167371985 1764167371992
68635 1966604987 1764167372017.906250 1764167372017 1764167372025
68636 1966638330 1764167372051.246826 1764167372051 1764167372058
68637 1966671674 1764167372084.588623 1764167372085 1764167372092
68638 1966705018 1764167372117.930420 1764167372117 1764167372125
68639 1966738362 1764167372151.272217 1764167372151 1764167372158
68640 1966771706 1764167372184.613770 1764167372185 1764167372192
68641 1966805050 1764167372217.955566 1764167372218 1764167372225
68642 1966838394 1764167372251.297119 1764167372251 1764167372258
68643 1966871738 1764167372284.638916 1764167372285 1764167372292
68644 1966905082 1764167372317.980713 1764167372318 1764167372325
68645 1966938426 1764167372351.322266 1764167372351 1764167372358
68646 1966971770 1764167372384.664795 1764167372385 1764167372392
68647 1967005114 1764167372418.007324 1764167372418 1764167372425
68648 1967038458 1764167372451.349609 1764167372451 1764167372458
68649 1967071801 1764167372484.691162 1764167372485 1764167372492
68650 1967105145 1764167372518.033691 1764167372518 1764167372525
68651 1967138489 1764167372551.375977 1764167372551 1764167372558
68652 1967171833 1764167372584.718506 1764167372585 1764167372592
68653 1967205177 1764167372618.061035 1764167372618 1764167372625
68654 1967238521 1764167372651.403564 1764167372652 1764167372659
68655 1967271865 1764167372684.746094 1764167372685 1764167372692
68656 1967305209 1764167372718.088623 1764167372718 1764167372725
68657 1967338553 1764167372751.430908 1764167372752 1764167372759
68658 1967371897 1764167372784.773438 1764167372785 1764167372792
68659 1967405241 1764167372818.115967 1764167372818 1764167372825
68660 1967438585 1764167372851.458496 1764167372852 1764167372859
68661 1967471929 1764167372884.801025 1764167372884 1764167372892
68662 1967505273 1764167372918.143555 1764167372918 1764167372925
68663 1967538616 1764167372951.485107 1764167372952 1764167372959
68664 1967571960 1764167372984.827637 1764167372984 1764167372992
68665 1967605304 1764167373018.170166 1764167373018 1764167373025
68666 1967638648 1764167373051.512695 1764167373052 1764167373059
68667 1967671992 1764167373084.855225 1764167373084 1764167373092
68668 1967705336 1764167373118.197998 1764167373118 1764167373125
68669 1967738680 1764167373151.540527 1764167373152 1764167373159
68670 1967772024 1764167373184.883057 1764167373184 1764167373192
68671 1967805368 1764167373218.225586 1764167373218 1764167373225
68672 1967838712 1764167373251.568115 1764167373251 1764167373260
68673 1967872056 1764167373284.910889 1764167373284 1764167373292
68674 1967905400 1764167373318.253418 1764167373318 1764167373325
68675 1967938744 1764167373351.595947 1764167373352 1764167373359
68676 1967972087 1764167373384.937012 1764167373384 1764167373392
68677 1968005431 1764167373418.279053 1764167373418 1764167373425
68678 1968038775 1764167373451.621094 1764167373451 1764167373459
68679 1968072119 1764167373484.963135 1764167373485 1764167373492
68680 1968105463 1764167373518.305176 1764167373518 1764167373525
68681 1968138807 1764167373551.647217 1764167373552 1764167373559
68682 1968172151 1764167373584.989258 1764167373585 1764167373592
68683 1968205495 1764167373618.331299 1764167373618 1764167373625
68684 1968238839 1764167373651.673340 1764167373651 1764167373659
68685 1968272183 1764167373685.015381 1764167373685 1764167373692
68686 1968305527 1764167373718.357422 1764167373718 1764167373725
68687 1968338871 1764167373751.699707 1764167373752 1764167373759
68688 1968372215 1764167373785.041748 1764167373785 1764167373792
68689 1968405558 1764167373818.382568 1764167373818 1764167373825
68690 1968438902 1764167373851.724609 1764167373852 1764167373859
68691 1968472246 1764167373885.066650 1764167373885 1764167373892
68692 1968505590 1764167373918.408691 1764167373918 1764167373926
68693 1968538934 1764167373951.750732 1764167373952 1764167373959
68694 1968572278 1764167373985.092773 1764167373985 1764167373992
68695 1968605622 1764167374018.434814 1764167374019 1764167374026
68696 1968638966 1764167374051.776855 1764167374051 1764167374059
68697 1968672310 1764167374085.118896 1764167374085 1764167374092
68698 1968705654 1764167374118.460938 1764167374119 1764167374126
68699 1968738998 1764167374151.802979 1764167374151 1764167374159
68700 1968772342 1764167374185.145020 1764167374185 1764167374192
68701 1968805686 1764167374218.487061 1764167374219 1764167374226
68702 1968839030 1764167374251.829102 1764167374251 1764167374259
68703 1968872373 1764167374285.170166 1764167374285 1764167374292
68704 1968905717 1764167374318.512207 1764167374319 1764167374326
68705 1968939061 1764167374351.854248 1764167374351 1764167374359
68706 1968972405 1764167374385.196533 1764167374385 1764167374392
68707 1969005749 1764167374418.539062 1764167374419 1764167374426
68708 1969039093 1764167374451.881348 1764167374451 1764167374459
68709 1969072437 1764167374485.223877 1764167374485 1764167374492
68710 1969105781 1764167374518.566162 1764167374519 1764167374526
68711 1969139125 1764167374551.908691 1764167374551 1764167374559
68712 1969172469 1764167374585.250977 1764167374585 1764167374592
68713 1969205813 1764167374618.593506 1764167374619 1764167374626
68714 1969239157 1764167374651.935791 1764167374651 1764167374659
68715 1969272501 1764167374685.278320 1764167374685 1764167374692
68716 1969305844 1764167374718.619629 1764167374719 1764167374726
68717 1969339188 1764167374751.962158 1764167374751 1764167374759
68718 1969372532 1764167374785.304443 1764167374785 1764167374792
68719 1969405876 1764167374818.646973 1764167374819 1764167374826
68720 1969439220 1764167374851.989258 1764167374852 1764167374861
68721 1969472564 1764167374885.331787 1764167374885 1764167374892
68722 1969505908 1764167374918.674072 1764167374919 1764167374926
68723 1969539252 1764167374952.016602 1764167374952 1764167374959
68724 1969572596 1764167374985.358887 1764167374985 1764167374992
68725 1969605940 1764167375018.701416 1764167375019 1764167375026
68726 1969639284 1764167375052.043945 1764167375052 1764167375059
68727 1969672628 1764167375085.386230 1764167375085 1764167375092
68728 1969705972 1764167375118.728760 1764167375119 1764167375126
68729 1969739315 1764167375152.070068 1764167375152 1764167375159
68730 1969772659 1764167375185.412598 1764167375186 1764167375193
68731 1969806003 1764167375218.755127 1764167375219 1764167375226
68732 1969839347 1764167375252.097412 1764167375252 1764167375259
68733 1969872691 1764167375285.439941 1764167375286 1764167375293
68734 1969906035 1764167375318.782227 1764167375318 1764167375326
68735 1969939379 1764167375352.124756 1764167375352 1764167375359
68736 1969972723 1764167375385.466797 1764167375386 1764167375393
68737 1970006067 1764167375418.808838 1764167375418 1764167375426
68738 1970039411 1764167375452.150879 1764167375452 1764167375459
68739 1970072755 1764167375485.492920 1764167375486 1764167375493
68740 1970106099 1764167375518.834961 1764167375518 1764167375526
68741 1970139443 1764167375552.177002 1764167375552 1764167375559
68742 1970172787 1764167375585.518799 1764167375586 1764167375593
68743 1970206130 1764167375618.859863 1764167375618 1764167375627
68744 1970239474 1764167375652.201904 1764167375652 1764167375659
68745 1970272818 1764167375685.543945 1764167375686 1764167375693
68746 1970306162 1764167375718.885986 1764167375718 1764167375726
68747 1970339506 1764167375752.228027 1764167375752 1764167375759
68748 1970372850 1764167375785.570068 1764167375786 1764167375793
68749 1970406194 1764167375818.912109 1764167375818 1764167375826
68750 1970439538 1764167375852.253906 1764167375852 1764167375859
68751 1970472882 1764167375885.595947 1764167375886 1764167375893
68752 1970506226 1764167375918.937988 1764167375918 1764167375926
68753 1970539570 1764167375952.280029 1764167375952 1764167375959
68754 1970572914 1764167375985.622070 1764167375986 1764167375993
68755 1970606258 1764167376018.964111 1764167376019 1764167376026
68756 1970639601 1764167376052.304932 1764167376052 1764167376059
68757 1970672945 1764167376085.646973 1764167376086 1764167376093
68758 1970706289 1764167376118.989014 1764167376119 1764167376126
68759 1970739633 1764167376152.331055 1764167376152 1764167376159
68760 1970772977 1764167376185.673096 1764167376186 1764167376193
68761 1970806321 1764167376219.014893 1764167376219 1764167376226
68762 1970839665 1764167376252.356934 1764167376252 1764167376259
68763 1970873009 1764167376285.698975 1764167376286 1764167376293
68764 1970906353 1764167376319.041016 1764167376319 1764167376326
68765 1970939697 1764167376352.383057 1764167376352 1764167376359
68766 1970973041 1764167376385.725342 1764167376386 1764167376393
68767 1971006385 1764167376419.067627 1764167376419 1764167376426
68768 1971039729 1764167376452.409912 1764167376453 1764167376460
68769 1971073072 1764167376485.751221 1764167376486 1764167376493
68770 1971106416 1764167376519.093506 1764167376519 1764167376526
68771 1971139760 1764167376552.436035 1764167376553 1764167376560
68772 1971173104 1764167376585.778320 1764167376586 1764167376593
68773 1971206448 1764167376619.120605 1764167376619 1764167376626
68774 1971239792 1764167376652.462891 1764167376653 1764167376660
68775 1971273136 1764167376685.805420 1764167376685 1764167376693
68776 1971306480 1764167376719.147705 1764167376719 1764167376726
68777 1971339824 1764167376752.489990 1764167376753 1764167376760
68778 1971373168 1764167376785.832275 1764167376785 1764167376793
68779 1971406512 1764167376819.174805 1764167376819 1764167376826
68780 1971439856 1764167376852.517090 1764167376853 1764167376860
68781 1971473200 1764167376885.859375 1764167376885 1764167376893
68782 1971506544 1764167376919.201904 1764167376919 1764167376926
68783 1971539887 1764167376952.543213 1764167376953 1764167376960
68784 1971573231 1764167376985.885742 1764167376985 1764167376993
68785 1971606575 1764167377019.228027 1764167377019 1764167377026
68786 1971639919 1764167377052.570312 1764167377053 1764167377060
68787 1971673263 1764167377085.912842 1764167377085 1764167377093
68788 1971706607 1764167377119.255127 1764167377119 1764167377126
68789 1971739951 1764167377152.597656 1764167377153 1764167377160
68790 1971773295 1764167377185.939941 1764167377185 1764167377193
68791 1971806639 1764167377219.282471 1764167377219 1764167377226
68792 1971839983 1764167377252.624756 1764167377253 1764167377260
68793 1971873327 1764167377285.967285 1764167377285 1764167377293
68794 1971906671 1764167377319.309570 1764167377319 1764167377326
68795 1971940015 1764167377352.652100 1764167377353 1764167377360
68796 1971973358 1764167377386.027588 1764167377386 1764167377393
68797 1972006702 1764167377419.404297 1764167377419 1764167377426
68798 1972040046 1764167377452.781494 1764167377453 1764167377460
68799 1972073390 1764167377486.158691 1764167377486 1764167377493
68800 1972106734 1764167377519.536133 1764167377519 1764167377526
68801 1972140078 1764167377552.913818 1764167377553 1764167377560
68802 1972173422 1764167377586.291748 1764167377586 1764167377593
68803 1972206766 1764167377619.669922 1764167377619 1764167377626
68804 1972240110 1764167377653.048096 1764167377653 1764167377660
68805 1972273454 1764167377686.426758 1764167377686 1764167377693
68806 1972306798 1764167377719.805664 1764167377719 1764167377726
68807 1972340142 1764167377753.184570 1764167377753 1764167377760
68808 1972373486 1764167377786.563721 1764167377786 1764167377793
68809 1972406829 1764167377819.942383 1764167377820 1764167377827
68810 1972440173 1764167377853.322021 1764167377852 1764167377860
68811 1972473517 1764167377886.701904 1764167377886 1764167377893
68812 1972506861 1764167377920.082031 1764167377920 1764167377927
68813 1972540205 1764167377953.462402 1764167377952 1764167377960
68814 1972573549 1764167377986.842773 1764167377986 1764167377993
68815 1972606893 1764167378020.223633 1764167378020 1764167378027
68816 1972640237 1764167378053.604736 1764167378052 1764167378060
68817 1972673581 1764167378086.985840 1764167378086 1764167378093
68818 1972706925 1764167378120.367432 1764167378120 1764167378127
68819 1972740269 1764167378153.749023 1764167378152 1764167378160
68820 1972773613 1764167378187.130859 1764167378186 1764167378193
68821 1972806957 1764167378220.512939 1764167378220 1764167378227
68822 1972840301 1764167378253.895264 1764167378252 1764167378260
68823 1972873644 1764167378287.276855 1764167378286 1764167378293
68824 1972906988 1764167378320.659668 1764167378320 1764167378327
68825 1972940332 1764167378354.042480 1764167378352 1764167378360
68826 1972973676 1764167378387.381104 1764167378386 1764167378393
68827 1973007020 1764167378420.719727 1764167378420 1764167378427
68828 1973040364 1764167378454.058350 1764167378452 1764167378460
68829 1973073708 1764167378487.396973 1764167378486 1764167378493
68830 1973107052 1764167378520.735352 1764167378520 1764167378527
68831 1973140396 1764167378554.073975 1764167378552 1764167378560
68832 1973173740 1764167378587.412598 1764167378586 1764167378593
68833 1973207084 1764167378620.750977 1764167378620 1764167378627
68834 1973240428 1764167378654.089355 1764167378653 1764167378660
68835 1973273772 1764167378687.427734 1764167378686 1764167378693
68836 1973307115 1764167378720.765137 1764167378720 1764167378727
68837 1973340459 1764167378754.103516 1764167378753 1764167378760
68838 1973373803 1764167378787.441895 1764167378786 1764167378793
68839 1973407147 1764167378820.780029 1764167378820 1764167378827
68840 1973440491 1764167378854.118408 1764167378853 1764167378860
68841 1973473835 1764167378887.456543 1764167378886 1764167378893
68842 1973507179 1764167378920.794678 1764167378920 1764167378927
68843 1973540523 1764167378954.132812 1764167378953 1764167378960
68844 1973573867 1764167378987.470947 1764167378987 1764167378994
68845 1973607211 1764167379020.809082 1764167379020 1764167379027
68846 1973640555 1764167379054.147217 1764167379053 1764167379060
68847 1973673899 1764167379087.485352 1764167379087 1764167379094
68848 1973707243 1764167379120.823242 1764167379119 1764167379127
68849 1973740586 1764167379154.160156 1764167379153 1764167379160
68850 1973773930 1764167379187.498047 1764167379187 1764167379194
68851 1973807274 1764167379220.836182 1764167379219 1764167379227
68852 1973840618 1764167379254.173828 1764167379253 1764167379260
68853 1973873962 1764167379287.511719 1764167379287 1764167379294
68854 1973907306 1764167379320.849609 1764167379320 1764167379327
68855 1973940650 1764167379354.187500 1764167379353 1764167379360
68856 1973973994 1764167379387.526123 1764167379387 1764167379394
68857 1974007338 1764167379420.864990 1764167379419 1764167379427
68858 1974040682 1764167379454.203613 1764167379453 1764167379460
68859 1974074026 1764167379487.542236 1764167379487 1764167379494
68860 1974107370 1764167379520.880859 1764167379519 1764167379527
68861 1974140714 1764167379554.219482 1764167379553 1764167379560
68862 1974174058 1764167379587.558105 1764167379587 1764167379594
68863 1974207401 1764167379620.895752 1764167379619 1764167379627
68864 1974240745 1764167379654.234131 1764167379653 1764167379660
68865 1974274089 1764167379687.572754 1764167379687 1764167379694
68866 1974307433 1764167379720.911133 1764167379719 1764167379727
68867 1974340777 1764167379754.249512 1764167379753 1764167379760
68868 1974374121 1764167379787.587891 1764167379787 1764167379794
68869 1974407465 1764167379820.926270 1764167379820 1764167379827
68870 1974440809 1764167379854.264648 1764167379853 1764167379860
68871 1974474153 1764167379887.602783 1764167379887 1764167379894
68872 1974507497 1764167379920.941162 1764167379920 1764167379927
68873 1974540841 1764167379954.279297 1764167379953 1764167379960
68874 1974574185 1764167379987.617676 1764167379987 1764167379994
68875 1974607529 1764167380020.955811 1764167380020 1764167380027
68876 1974640872 1764167380054.292969 1764167380053 1764167380060
68877 1974674216 1764167380087.631104 1764167380087 1764167380094
68878 1974707560 1764167380120.969238 1764167380120 1764167380127
68879 1974740904 1764167380154.307129 1764167380153 1764167380160
68880 1974774248 1764167380187.645264 1764167380187 1764167380194
68881 1974807592 1764167380220.983154 1764167380220 1764167380227
68882 1974840936 1764167380254.321289 1764167380253 1764167380260
68883 1974874280 1764167380287.659180 1764167380287 1764167380294
68884 1974907624 1764167380320.997070 1764167380320 1764167380327
68885 1974940968 1764167380354.334961 1764167380353 1764167380360
68886 1974974312 1764167380387.688721 1764167380387 1764167380394
68887 1975007656 1764167380421.042480 1764167380420 1764167380427
68888 1975041000 1764167380454.396240 1764167380454 1764167380461
68889 1975074343 1764167380487.749268 1764167380487 1764167380494
68890 1975107687 1764167380521.103271 1764167380520 1764167380527
68891 1975141031 1764167380554.457275 1764167380553 1764167380560
68892 1975174375 1764167380587.811279 1764167380587 1764167380594
68893 1975207719 1764167380621.165527 1764167380620 1764167380627
68894 1975241063 1764167380654.519775 1764167380654 1764167380661
68895 1975274407 1764167380687.874023 1764167380687 1764167380694
68896 1975307751 1764167380721.228271 1764167380720 1764167380727
68897 1975341095 1764167380754.582764 1764167380754 1764167380761
68898 1975374439 1764167380787.937256 1764167380787 1764167380794
68899 1975407783 1764167380821.291748 1764167380820 1764167380827
68900 1975441127 1764167380854.646484 1764167380854 1764167380861
68901 1975474471 1764167380888.001221 1764167380887 1764167380894
68902 1975507815 1764167380921.355957 1764167380920 1764167380927
68903 1975541158 1764167380954.709717 1764167380954 1764167380961
68904 1975574502 1764167380988.064697 1764167380986 1764167380994
68905 1975607846 1764167381021.419678 1764167381020 1764167381027
68906 1975641190 1764167381054.774658 1764167381054 1764167381061
68907 1975674534 1764167381088.129883 1764167381086 1764167381094
68908 1975707878 1764167381121.484863 1764167381120 1764167381127
68909 1975741222 1764167381154.840088 1764167381154 1764167381161
68910 1975774566 1764167381188.195557 1764167381186 1764167381194
68911 1975807910 1764167381221.550781 1764167381220 1764167381227
68912 1975841254 1764167381254.906250 1764167381254 1764167381261
68913 1975874598 1764167381288.261719 1764167381286 1764167381294
68914 1975907942 1764167381321.617432 1764167381320 1764167381327
68915 1975941286 1764167381354.972900 1764167381354 1764167381361
68916 1975974629 1764167381388.307617 1764167381386 1764167381394
68917 1976007973 1764167381421.643311 1764167381420 1764167381427
68918 1976041317 1764167381454.979004 1764167381454 1764167381461
68919 1976074661 1764167381488.314453 1764167381486 1764167381494
68920 1976108005 1764167381521.650146 1764167381520 1764167381527
68921 1976141349 1764167381554.985596 1764167381554 1764167381561
68922 1976174693 1764167381588.321045 1764167381586 1764167381594
68923 1976208037 1764167381621.656250 1764167381620 1764167381627
68924 1976241381 1764167381654.991699 1764167381654 1764167381661
68925 1976274725 1764167381688.326904 1764167381686 1764167381694
68926 1976308069 1764167381721.662109 1764167381720 1764167381727
68927 1976341413 1764167381754.997314 1764167381754 1764167381761
68928 1976374757 1764167381788.332520 1764167381786 1764167381794
68929 1976408100 1764167381821.666504 1764167381820 1764167381827
68930 1976441444 1764167381855.001465 1764167381854 1764167381861
68931 1976474788 1764167381888.336426 1764167381886 1764167381894
68932 1976508132 1764167381921.671387 1764167381920 1764167381927
68933 1976541476 1764167381955.006104 1764167381954 1764167381961
68934 1976574820 1764167381988.341064 1764167381986 1764167381994
68935 1976608164 1764167382021.675781 1764167382020 1764167382027
68936 1976641508 1764167382055.010254 1764167382054 1764167382061
68937 1976674852 1764167382088.344971 1764167382086 1764167382094
68938 1976708196 1764167382121.679443 1764167382120 1764167382127
68939 1976741540 1764167382155.014160 1764167382154 1764167382161
68940 1976774884 1764167382188.348633 1764167382186 1764167382194
68941 1976808228 1764167382221.682861 1764167382220 1764167382227
68942 1976841572 1764167382255.017334 1764167382254 1764167382261
68943 1976874915 1764167382288.350586 1764167382286 1764167382294
68944 1976908259 1764167382321.684814 1764167382320 1764167382327
68945 1976941603 1764167382355.019043 1764167382354 1764167382361
68946 1976974947 1764167382388.355225 1764167382387 1764167382394
68947 1977008291 1764167382421.691162 1764167382420 1764167382427
68948 1977041635 1764167382455.027100 1764167382454 1764167382461
68949 1977074979 1764167382488.363037 1764167382487 1764167382494
68950 1977108323 1764167382521.698730 1764167382520 1764167382527
68951 1977141667 1764167382555.034668 1764167382554 1764167382561
68952 1977175011 1764167382588.370361 1764167382587 1764167382594
68953 1977208355 1764167382621.706055 1764167382620 1764167382627
68954 1977241699 1764167382655.041504 1764167382654 1764167382661
68955 1977275043 1764167382688.377197 1764167382687 1764167382694
68956 1977308386 1764167382721.711670 1764167382720 1764167382727
68957 1977341730 1764167382755.047119 1764167382754 1764167382761
68958 1977375074 1764167382788.382568 1764167382787 1764167382794
68959 1977408418 1764167382821.718018 1764167382820 1764167382827
68960 1977441762 1764167382855.053223 1764167382854 1764167382861
68961 1977475106 1764167382888.388428 1764167382887 1764167382894
68962 1977508450 1764167382921.723633 1764167382920 1764167382927
68963 1977541794 1764167382955.058838 1764167382954 1764167382961
68964 1977575138 1764167382988.394043 1764167382987 1764167382994
68965 1977608482 1764167383021.729004 1764167383020 1764167383027
68966 1977641826 1764167383055.063965 1764167383054 1764167383061
68967 1977675170 1764167383088.398926 1764167383087 1764167383094
68968 1977708514 1764167383121.733887 1764167383120 1764167383127
68969 1977741857 1764167383155.067871 1764167383153 1764167383161
68970 1977775201 1764167383188.402588 1764167383187 1764167383194
68971 1977808545 1764167383221.737305 1764167383220 1764167383228
68972 1977841889 1764167383255.072021 1764167383254 1764167383261
68973 1977875233 1764167383288.406738 1764167383287 1764167383294
68974 1977908577 1764167383321.741211 1764167383321 1764167383328
68975 1977941921 1764167383355.075928 1764167383354 1764167383361
68976 1977975265 1764167383388.409912 1764167383387 1764167383394
68977 1978008609 1764167383421.743652 1764167383421 1764167383428
68978 1978041953 1764167383455.077637 1764167383454 1764167383461
68979 1978075297 1764167383488.411377 1764167383487 1764167383495
68980 1978108641 1764167383521.744873 1764167383521 1764167383528
68981 1978141985 1764167383555.078613 1764167383554 1764167383561
68982 1978175329 1764167383588.412109 1764167383587 1764167383594
68983 1978208672 1764167383621.744629 1764167383621 1764167383628
68984 1978242016 1764167383655.077881 1764167383654 1764167383661
68985 1978275360 1764167383688.411377 1764167383687 1764167383694
68986 1978308704 1764167383721.744629 1764167383721 1764167383728
68987 1978342048 1764167383755.077881 1764167383754 1764167383761
68988 1978375392 1764167383788.410889 1764167383787 1764167383794
68989 1978408736 1764167383821.744141 1764167383821 1764167383828
68990 1978442080 1764167383855.077148 1764167383853 1764167383861
68991 1978475424 1764167383888.409912 1764167383887 1764167383894
68992 1978508768 1764167383921.742920 1764167383920 1764167383928
68993 1978542112 1764167383955.075684 1764167383953 1764167383961
68994 1978575456 1764167383988.408447 1764167383987 1764167383994
68995 1978608800 1764167384021.741211 1764167384021 1764167384028
68996 1978642143 1764167384055.072754 1764167384053 1764167384061
68997 1978675487 1764167384088.405518 1764167384087 1764167384094
68998 1978708831 1764167384121.738037 1764167384121 1764167384128
68999 1978742175 1764167384155.070312 1764167384153 1764167384161
69000 1978775519 1764167384188.402832 1764167384187 1764167384194
69001 1978808863 1764167384221.735107 1764167384221 1764167384228
69002 1978842207 1764167384255.067383 1764167384253 1764167384261
69003 1978875551 1764167384288.399658 1764167384287 1764167384294
69004 1978908895 1764167384321.731689 1764167384321 1764167384328
69005 1978942239 1764167384355.063965 1764167384353 1764167384361
69006 1978975583 1764167384388.396973 1764167384387 1764167384394
69007 1979008927 1764167384421.730225 1764167384421 1764167384428
69008 1979042271 1764167384455.063232 1764167384453 1764167384461
69009 1979075614 1764167384488.395264 1764167384487 1764167384494
69010 1979108958 1764167384521.728271 1764167384521 1764167384528
69011 1979142302 1764167384555.061279 1764167384553 1764167384561
69012 1979175646 1764167384588.394043 1764167384587 1764167384594
69013 1979208990 1764167384621.726807 1764167384621 1764167384628
69014 1979242334 1764167384655.059570 1764167384653 1764167384661
69015 1979275678 1764167384688.392090 1764167384687 1764167384694
69016 1979309022 1764167384721.724609 1764167384721 1764167384728
69017 1979342366 1764167384755.057129 1764167384753 1764167384761
69018 1979375710 1764167384788.389648 1764167384787 1764167384794
69019 1979409054 1764167384821.721924 1764167384821 1764167384828
69020 1979442398 1764167384855.054199 1764167384853 1764167384861
