61157 1717159084 1764167122560.380615 1764167122560 1764167122567
61158 1717192428 1764167122593.727051 1764167122594 1764167122601
61159 1717225771 1764167122627.072510 1764167122627 1764167122634
61160 1717259115 1764167122660.418945 1764167122661 1764167122668
61161 1717292459 1764167122693.765381 1764167122694 1764167122701
61162 1717325803 1764167122727.112061 1764167122727 1764167122734
61163 1717359147 1764167122760.458496 1764167122761 1764167122768
61164 1717392491 1764167122793.804932 1764167122793 1764167122801
61165 1717425835 1764167122827.151611 1764167122827 1764167122834
61166 1717459179 1764167122860.498047 1764167122861 1764167122868
61167 1717492523 1764167122893.843262 1764167122893 1764167122901
61168 1717525867 1764167122927.188477 1764167122927 1764167122934
61169 1717559211 1764167122960.533447 1764167122961 1764167122968
61170 1717592555 1764167122993.878662 1764167122993 1764167123001
61171 1717625899 1764167123027.223877 1764167123027 1764167123034
61172 1717659242 1764167123060.568115 1764167123061 1764167123068
61173 1717692586 1764167123093.913086 1764167123093 1764167123101
61174 1717725930 1764167123127.258301 1764167123127 1764167123134
61175 1717759274 1764167123160.603516 1764167123161 1764167123168
61176 1717792618 1764167123193.948486 1764167123193 1764167123201
61177 1717825962 1764167123227.293701 1764167123227 1764167123234
61178 1717859306 1764167123260.638916 1764167123261 1764167123268
61179 1717892650 1764167123293.983887 1764167123293 1764167123301
61180 1717925994 1764167123327.329102 1764167123327 1764167123334
61181 1717959338 1764167123360.674316 1764167123361 1764167123368
61182 1717992682 1764167123394.019287 1764167123394 1764167123401
61183 1718026026 1764167123427.364502 1764167123427 1764167123434
61184 1718059370 1764167123460.709473 1764167123461 1764167123468
61185 1718092714 1764167123494.054688 1764167123494 1764167123501
61186 1718126057 1764167123527.398682 1764167123527 1764167123534
61187 1718159401 1764167123560.743896 1764167123561 1764167123568
61188 1718192745 1764167123594.088867 1764167123594 1764167123601
61189 1718226089 1764167123627.434082 1764167123628 1764167123635
61190 1718259433 1764167123660.779053 1764167123661 1764167123668
61191 1718292777 1764167123694.124268 1764167123694 1764167123701
61192 1718326121 1764167123727.469238 1764167123727 1764167123734
61193 1718359465 1764167123760.814453 1764167123761 1764167123768
61194 1718392809 1764167123794.159424 1764167123794 1764167123801
61195 1718426153 1764167123827.504639 1764167123827 1764167123834
61196 1718459497 1764167123860.849609 1764167123861 1764167123868
61197 1718492841 1764167123894.193848 1764167123894 1764167123901
61198 1718526185 1764167123927.537842 1764167123928 1764167123935
61199 1718559528 1764167123960.880859 1764167123961 1764167123968
61200 1718592872 1764167123994.224854 1764167123994 1764167124001
61201 1718626216 1764167124027.568848 1764167124028 1764167124035
61202 1718659560 1764167124060.912842 1764167124061 1764167124068
61203 1718692904 1764167124094.256836 1764167124094 1764167124101
61204 1718726248 1764167124127.601074 1764167124128 1764167124135
61205 1718759592 1764167124160.944824 1764167124160 1764167124168
61206 1718792936 1764167124194.288818 1764167124194 1764167124201
61207 1718826280 1764167124227.632812 1764167124228 1764167124235
61208 1718859624 1764167124260.976807 1764167124260 1764167124268
61209 1718892968 1764167124294.320801 1764167124294 1764167124301
61210 1718926312 1764167124327.664795 1764167124328 1764167124335
61211 1718959656 1764167124361.008545 1764167124360 1764167124368
61212 1718992999 1764167124394.351562 1764167124394 1764167124401
61213 1719026343 1764167124427.695557 1764167124428 1764167124435
61214 1719059687 1764167124461.039307 1764167124460 1764167124468
61215 1719093031 1764167124494.383301 1764167124494 1764167124501
61216 1719126375 1764167124527.727051 1764167124528 1764167124535
61217 1719159719 1764167124561.071045 1764167124560 1764167124568
61218 1719193063 1764167124594.414795 1764167124594 1764167124601
61219 1719226407 1764167124627.758545 1764167124628 1764167124635
61220 1719259751 1764167124661.102539 1764167124660 1764167124668
61221 1719293095 1764167124694.446289 1764167124694 1764167124701
61222 1719326439 1764167124727.790039 1764167124728 1764167124735
61223 1719359783 1764167124761.133789 1764167124760 1764167124768
61224 1719393127 1764167124794.477783 1764167124794 1764167124801
61225 1719426471 1764167124827.821533 1764167124828 1764167124835
61226 1719459814 1764167124861.164307 1764167124861 1764167124869
61227 1719493158 1764167124894.507324 1764167124894 1764167124901
61228 1719526502 1764167124927.850586 1764167124928 1764167124935
61229 1719559846 1764167124961.193848 1764167124961 1764167124968
61230 1719593190 1764167124994.536865 1764167124994 1764167125001
61231 1719626534 1764167125027.879883 1764167125028 1764167125035
61232 1719659878 1764167125061.223145 1764167125061 1764167125068
61233 1719693222 1764167125094.566162 1764167125094 1764167125101
61234 1719726566 1764167125127.909180 1764167125128 1764167125135
61235 1719759910 1764167125161.252441 1764167125161 1764167125168
61236 1719793254 1764167125194.595459 1764167125194 1764167125201
61237 1719826598 1764167125227.938477 1764167125228 1764167125235
61238 1719859942 1764167125261.281494 1764167125261 1764167125268
61239 1719893285 1764167125294.623535 1764167125295 1764167125302
61240 1719926629 1764167125327.966309 1764167125328 1764167125335
61241 1719959973 1764167125361.309326 1764167125361 1764167125368
61242 1719993317 1764167125394.652344 1764167125394 1764167125401
61243 1720026661 1764167125427.995361 1764167125428 1764167125435
61244 1720060005 1764167125461.338135 1764167125461 1764167125468
61245 1720093349 1764167125494.681152 1764167125495 1764167125502
61246 1720126693 1764167125528.023926 1764167125528 1764167125535
61247 1720160037 1764167125561.366943 1764167125561 1764167125568
61248 1720193381 1764167125594.709717 1764167125595 1764167125602
61249 1720226725 1764167125628.052490 1764167125627 1764167125635
61250 1720260069 1764167125661.395508 1764167125661 1764167125668
61251 1720293413 1764167125694.738281 1764167125695 1764167125702
61252 1720326756 1764167125728.080078 1764167125727 1764167125735
61253 1720360100 1764167125761.422852 1764167125761 1764167125768
61254 1720393444 1764167125794.765625 1764167125795 1764167125802
61255 1720426788 1764167125828.108398 1764167125827 1764167125835
61256 1720460132 1764167125861.451172 1764167125861 1764167125868
61257 1720493476 1764167125894.793457 1764167125895 1764167125902
61258 1720526820 1764167125928.135742 1764167125927 1764167125935
61259 1720560164 1764167125961.478027 1764167125961 1764167125968
61260 1720593508 1764167125994.820312 1764167125995 1764167126002
61261 1720626852 1764167126028.162598 1764167126027 1764167126035
61262 1720660196 1764167126061.504883 1764167126061 1764167126068
61263 1720693540 1764167126094.846924 1764167126095 1764167126102
61264 1720726884 1764167126128.189209 1764167126128 1764167126135
61265 1720760228 1764167126161.531250 1764167126161 1764167126168
61266 1720793571 1764167126194.872559 1764167126195 1764167126202
61267 1720826915 1764167126228.214600 1764167126227 1764167126235
61268 1720860259 1764167126261.556641 1764167126261 1764167126268
61269 1720893603 1764167126294.898926 1764167126295 1764167126302
61270 1720926947 1764167126328.240967 1764167126327 1764167126335
61271 1720960291 1764167126361.583008 1764167126361 1764167126368
61272 1720993635 1764167126394.925049 1764167126395 1764167126402
61273 1721026979 1764167126428.266846 1764167126428 1764167126435
61274 1721060323 1764167126461.608887 1764167126461 1764167126468
61275 1721093667 1764167126494.950928 1764167126495 1764167126502
61276 1721127011 1764167126528.292725 1764167126528 1764167126535
61277 1721160355 1764167126561.634766 1764167126561 1764167126568
61278 1721193699 1764167126594.976562 1764167126595 1764167126602
61279 1721227042 1764167126628.317383 1764167126628 1764167126635
61280 1721260386 1764167126661.659180 1764167126661 1764167126668
61281 1721293730 1764167126695.001221 1764167126695 1764167126702
61282 1721327074 1764167126728.343018 1764167126728 1764167126735
61283 1721360418 1764167126761.684570 1764167126762 1764167126769
61284 1721393762 1764167126795.026367 1764167126795 1764167126802
61285 1721427106 1764167126828.368164 1764167126828 1764167126835
61286 1721460450 1764167126861.709961 1764167126862 1764167126869
61287 1721493794 1764167126895.051270 1764167126895 1764167126902
61288 1721527138 1764167126928.392822 1764167126928 1764167126935
61289 1721560482 1764167126961.734375 1764167126962 1764167126969
61290 1721593826 1764167126995.075684 1764167126995 1764167127002
61291 1721627170 1764167127028.416992 1764167127028 1764167127035
61292 1721660513 1764167127061.757324 1764167127062 1764167127069
61293 1721693857 1764167127095.098633 1764167127095 1764167127102
61294 1721727201 1764167127128.439941 1764167127128 1764167127135
61295 1721760545 1764167127161.781250 1764167127162 1764167127169
61296 1721793889 1764167127195.122559 1764167127194 1764167127202
61297 1721827233 1764167127228.463623 1764167127228 1764167127235
61298 1721860577 1764167127261.804932 1764167127262 1764167127269
61299 1721893921 1764167127295.145996 1764167127294 1764167127302
61300 1721927265 1764167127328.487061 1764167127328 1764167127335
61301 1721960609 1764167127361.828369 1764167127362 1764167127369
61302 1721993953 1764167127395.169434 1764167127394 1764167127402
61303 1722027297 1764167127428.510498 1764167127428 1764167127435
61304 1722060641 1764167127461.851562 1764167127462 1764167127469
61305 1722093985 1764167127495.192383 1764167127494 1764167127502
61306 1722127328 1764167127528.532471 1764167127528 1764167127535
61307 1722160672 1764167127561.873291 1764167127562 1764167127569
61308 1722194016 1764167127595.214355 1764167127594 1764167127602
61309 1722227360 1764167127628.555176 1764167127628 1764167127635
61310 1722260704 1764167127661.895996 1764167127662 1764167127669
61311 1722294048 1764167127695.236816 1764167127694 1764167127702
61312 1722327392 1764167127728.577637 1764167127728 1764167127735
61313 1722360736 1764167127761.918457 1764167127762 1764167127769
61314 1722394080 1764167127795.259277 1764167127794 1764167127802
61315 1722427424 1764167127828.600098 1764167127828 1764167127835
61316 1722460768 1764167127861.940674 1764167127862 1764167127869
61317 1722494112 1764167127895.281738 1764167127895 1764167127902
61318 1722527456 1764167127928.622559 1764167127928 1764167127935
61319 1722560799 1764167127961.962402 1764167127962 1764167127969
61320 1722594143 1764167127995.303223 1764167127995 1764167128002
61321 1722627487 1764167128028.644043 1764167128028 1764167128035
61322 1722660831 1764167128061.984619 1764167128062 1764167128069
61323 1722694175 1764167128095.325439 1764167128095 1764167128102
61324 1722727519 1764167128128.666260 1764167128128 1764167128135
61325 1722760863 1764167128162.006836 1764167128162 1764167128169
61326 1722794207 1764167128195.347412 1764167128195 1764167128202
61327 1722827551 1764167128228.687988 1764167128228 1764167128235
61328 1722860895 1764167128262.028564 1764167128262 1764167128269
61329 1722894239 1764167128295.369141 1764167128295 1764167128302
61330 1722927583 1764167128328.709717 1764167128328 1764167128335
61331 1722960927 1764167128362.050293 1764167128362 1764167128369
61332 1722994270 1764167128395.389648 1764167128395 1764167128402
61333 1723027614 1764167128428.729980 1764167128428 1764167128435
61334 1723060958 1764167128462.070557 1764167128462 1764167128469
61335 1723094302 1764167128495.410889 1764167128495 1764167128502
61336 1723127646 1764167128528.751221 1764167128529 1764167128536
61337 1723160990 1764167128562.091553 1764167128562 1764167128569
61338 1723194334 1764167128595.431885 1764167128595 1764167128602
61339 1723227678 1764167128628.771973 1764167128629 1764167128636
61340 1723261022 1764167128662.112305 1764167128661 1764167128669
61341 1723294366 1764167128695.452393 1764167128695 1764167128702
61342 1723327710 1764167128728.792725 1764167128729 1764167128736
61343 1723361054 1764167128762.132812 1764167128761 1764167128769
61344 1723394398 1764167128795.472900 1764167128795 1764167128802
61345 1723427742 1764167128828.812988 1764167128829 1764167128836
61346 1723461085 1764167128862.152100 1764167128861 1764167128869
61347 1723494429 1764167128895.496094 1764167128895 1764167128902
61348 1723527773 1764167128928.840332 1764167128929 1764167128936
61349 1723561117 1764167128962.184570 1764167128961 1764167128969
61350 1723594461 1764167128995.528564 1764167128995 1764167129002
61351 1723627805 1764167129028.872803 1764167129029 1764167129036
61352 1723661149 1764167129062.217041 1764167129061 1764167129069
61353 1723694493 1764167129095.561279 1764167129095 1764167129102
61354 1723727837 1764167129128.905273 1764167129129 1764167129136
61355 1723761181 1764167129162.249512 1764167129161 1764167129169
61356 1723794525 1764167129195.593750 1764167129195 1764167129202
61357 1723827869 1764167129228.937988 1764167129229 1764167129236
61358 1723861213 1764167129262.282471 1764167129261 1764167129269
61359 1723894556 1764167129295.625732 1764167129295 1764167129302
61360 1723927900 1764167129328.969971 1764167129329 1764167129336
61361 1723961244 1764167129362.314209 1764167129361 1764167129369
61362 1723994588 1764167129395.658447 1764167129395 1764167129402
61363 1724027932 1764167129429.002930 1764167129429 1764167129436
61364 1724061276 1764167129462.347168 1764167129462 1764167129469
61365 1724094620 1764167129495.691650 1764167129495 1764167129502
61366 1724127964 1764167129529.035889 1764167129529 1764167129536
61367 1724161308 1764167129562.380371 1764167129562 1764167129569
61368 1724194652 1764167129595.724854 1764167129595 1764167129602
61369 1724227996 1764167129629.069092 1764167129629 1764167129636
61370 1724261340 1764167129662.413574 1764167129662 1764167129669
61371 1724294684 1764167129695.758057 1764167129695 1764167129702
61372 1724328027 1764167129729.101562 1764167129729 1764167129736
61373 1724361371 1764167129762.446045 1764167129762 1764167129769
61374 1724394715 1764167129795.790527 1764167129795 1764167129802
61375 1724428059 1764167129829.135010 1764167129829 1764167129836
61376 1724461403 1764167129862.479492 1764167129862 1764167129869
61377 1724494747 1764167129895.819824 1764167129896 1764167129903
61378 1724528091 1764167129929.160156 1764167129929 1764167129936
61379 1724561435 1764167129962.500244 1764167129962 1764167129969
61380 1724594779 1764167129995.840576 1764167129996 1764167130003
61381 1724628123 1764167130029.180664 1764167130029 1764167130036
61382 1724661467 1764167130062.520752 1764167130062 1764167130069
61383 1724694811 1764167130095.860840 1764167130096 1764167130103
61384 1724728155 1764167130129.200928 1764167130128 1764167130136
61385 1724761499 1764167130162.541016 1764167130162 1764167130169
61386 1724794842 1764167130195.880127 1764167130196 1764167130203
61387 1724828186 1764167130229.219971 1764167130228 1764167130236
61388 1724861530 1764167130262.560059 1764167130262 1764167130269
61389 1724894874 1764167130295.899902 1764167130296 1764167130303
61390 1724928218 1764167130329.239990 1764167130328 1764167130336
61391 1724961562 1764167130362.579834 1764167130362 1764167130369
61392 1724994906 1764167130395.919678 1764167130396 1764167130403
61393 1725028250 1764167130429.259521 1764167130428 1764167130436
61394 1725061594 1764167130462.599365 1764167130462 1764167130469
61395 1725094938 1764167130495.938965 1764167130496 1764167130503
61396 1725128282 1764167130529.278809 1764167130528 1764167130536
61397 1725161626 1764167130562.618408 1764167130562 1764167130569
61398 1725194970 1764167130595.958252 1764167130596 1764167130603
61399 1725228313 1764167130629.296875 1764167130628 1764167130636
61400 1725261657 1764167130662.636475 1764167130662 1764167130669
61401 1725295001 1764167130695.976074 1764167130696 1764167130703
61402 1725328345 1764167130729.315430 1764167130728 1764167130736
61403 1725361689 1764167130762.655029 1764167130762 1764167130769
61404 1725395033 1764167130795.994629 1764167130796 1764167130803
61405 1725428377 1764167130829.333984 1764167130828 1764167130836
61406 1725461721 1764167130862.673584 1764167130862 1764167130869
61407 1725495065 1764167130896.014404 1764167130896 1764167130903
61408 1725528409 1764167130929.355225 1764167130929 1764167130936
61409 1725561753 1764167130962.696045 1764167130962 1764167130969
61410 1725595097 1764167130996.036621 1764167130996 1764167131003
61411 1725628441 1764167131029.377441 1764167131029 1764167131036
61412 1725661784 1764167131062.717041 1764167131062 1764167131069
61413 1725695128 1764167131096.057861 1764167131095 1764167131103
61414 1725728472 1764167131129.398438 1764167131129 1764167131136
61415 1725761816 1764167131162.739014 1764167131162 1764167131169
61416 1725795160 1764167131196.079590 1764167131196 1764167131203
61417 1725828504 1764167131229.420166 1764167131229 1764167131236
61418 1725861848 1764167131262.760742 1764167131262 1764167131269
61419 1725895192 1764167131296.101318 1764167131296 1764167131303
61420 1725928536 1764167131329.441895 1764167131329 1764167131336
61421 1725961880 1764167131362.782227 1764167131363 1764167131370
61422 1725995224 1764167131396.122803 1764167131396 1764167131403
61423 1726028568 1764167131429.463135 1764167131429 1764167131436
61424 1726061912 1764167131462.803711 1764167131463 1764167131470
61425 1726095256 1764167131496.144043 1764167131496 1764167131503
61426 1726128599 1764167131529.483398 1764167131529 1764167131536
61427 1726161943 1764167131562.823730 1764167131562 1764167131570
61428 1726195287 1764167131596.164062 1764167131595 1764167131603
61429 1726228631 1764167131629.504395 1764167131629 1764167131636
61430 1726261975 1764167131662.844482 1764167131663 1764167131670
61431 1726295319 1764167131696.184814 1764167131695 1764167131703
61432 1726328663 1764167131729.525146 1764167131729 1764167131736
61433 1726362007 1764167131762.865234 1764167131763 1764167131770
61434 1726395351 1764167131796.205322 1764167131795 1764167131803
61435 1726428695 1764167131829.545654 1764167131829 1764167131836
61436 1726462039 1764167131862.885742 1764167131863 1764167131870
61437 1726495383 1764167131896.224854 1764167131895 1764167131903
61438 1726528727 1764167131929.564209 1764167131929 1764167131936
61439 1726562070 1764167131962.902344 1764167131963 1764167131970
61440 1726595414 1764167131996.241455 1764167131995 1764167132003
61441 1726662102 1764167132062.919678 1764167132063 1764167132070
61442 1726695446 1764167132096.258789 1764167132095 1764167132103
61443 1726728790 1764167132129.597900 1764167132129 1764167132136
61444 1726762134 1764167132162.936768 1764167132163 1764167132170
61445 1726795478 1764167132196.275879 1764167132195 1764167132203
61446 1726828822 1764167132229.614746 1764167132229 1764167132236
61447 1726862166 1764167132262.953613 1764167132263 1764167132270
61448 1726895510 1764167132296.292480 1764167132296 1764167132303
61449 1726928854 1764167132329.631348 1764167132329 1764167132336
61450 1726962198 1764167132362.970215 1764167132363 1764167132370
61451 1726995541 1764167132396.307861 1764167132396 1764167132403
61452 1727028885 1764167132429.646729 1764167132429 1764167132436
61453 1727062229 1764167132462.985352 1764167132463 1764167132470
61454 1727095573 1764167132496.323975 1764167132496 1764167132503
61455 1727128917 1764167132529.662598 1764167132529 1764167132536
61456 1727162261 1764167132563.001221 1764167132562 1764167132570
61457 1727195605 1764167132596.339844 1764167132596 1764167132603
61458 1727228949 1764167132629.678467 1764167132630 1764167132637
61459 1727262293 1764167132663.016846 1764167132663 1764167132670
61460 1727295637 1764167132696.355469 1764167132696 1764167132703
61461 1727328981 1764167132729.693848 1764167132730 1764167132737
61462 1727362325 1764167132763.032227 1764167132762 1764167132770
61463 1727395669 1764167132796.370605 1764167132796 1764167132803
61464 1727429013 1764167132829.708984 1764167132830 1764167132837
61465 1727462356 1764167132863.046387 1764167132862 1764167132870
61466 1727495700 1764167132896.386230 1764167132897 1764167132904
61467 1727529044 1764167132929.726318 1764167132930 1764167132937
61468 1727562388 1764167132963.066162 1764167132962 1764167132970
61469 1727595732 1764167132996.406250 1764167132996 1764167133003
61470 1727629076 1764167133029.746094 1764167133030 1764167133037
61471 1727662420 1764167133063.085938 1764167133062 1764167133070
61472 1727695764 1764167133096.425781 1764167133096 1764167133103
61473 1727729108 1764167133129.765625 1764167133130 1764167133137
61474 1727762452 1764167133163.105469 1764167133163 1764167133170
61475 1727795796 1764167133196.445312 1764167133196 1764167133203
61476 1727829140 1764167133229.784912 1764167133230 1764167133237
61477 1727862484 1764167133263.124756 1764167133263 1764167133270
61478 1727895827 1764167133296.463379 1764167133296 1764167133303
61479 1727929171 1764167133329.802979 1764167133330 1764167133337
61480 1727962515 1764167133363.142578 1764167133363 1764167133370
61481 1727995859 1764167133396.482178 1764167133396 1764167133403
61482 1728029203 1764167133429.821777 1764167133430 1764167133437
61483 1728062547 1764167133463.161377 1764167133463 1764167133470
61484 1728095891 1764167133496.500977 1764167133496 1764167133503
61485 1728129235 1764167133529.840576 1764167133530 1764167133537
61486 1728162579 1764167133563.179932 1764167133563 1764167133570
61487 1728195923 1764167133596.519531 1764167133597 1764167133604
61488 1728229267 1764167133629.858887 1764167133629 1764167133637
61489 1728262611 1764167133663.198242 1764167133663 1764167133670
61490 1728295955 1764167133696.537842 1764167133697 1764167133704
61491 1728329298 1764167133729.875977 1764167133729 1764167133737
61492 1728362642 1764167133763.215332 1764167133763 1764167133770
61493 1728395986 1764167133796.554688 1764167133797 1764167133804
61494 1728429330 1764167133829.894043 1764167133829 1764167133837
61495 1728462674 1764167133863.233398 1764167133863 1764167133870
61496 1728496018 1764167133896.574219 1764167133897 1764167133904
61497 1728529362 1764167133929.915283 1764167133929 1764167133937
61498 1728562706 1764167133963.256348 1764167133963 1764167133970
61499 1728596050 1764167133996.597168 1764167133997 1764167134004
61500 1728629394 1764167134029.937988 1764167134029 1764167134037
61501 1728662738 1764167134063.279053 1764167134063 1764167134070
61502 1728696082 1764167134096.619873 1764167134097 1764167134104
61503 1728729426 1764167134129.960693 1764167134130 1764167134137
61504 1728762770 1764167134163.301514 1764167134163 1764167134170
61505 1728796113 1764167134196.641357 1764167134197 1764167134204
61506 1728829457 1764167134229.982178 1764167134230 1764167134237
61507 1728862801 1764167134263.322998 1764167134263 1764167134270
61508 1728896145 1764167134296.663818 1764167134297 1764167134304
61509 1728929489 1764167134330.004639 1764167134330 1764167134337
61510 1728962833 1764167134363.345459 1764167134363 1764167134370
61511 1728996177 1764167134396.686035 1764167134397 1764167134404
61512 1729029521 1764167134430.026855 1764167134430 1764167134437
61513 1729062865 1764167134463.367432 1764167134464 1764167134471
61514 1729096209 1764167134496.708252 1764167134496 1764167134504
61515 1729129553 1764167134530.048828 1764167134530 1764167134537
61516 1729162897 1764167134563.389648 1764167134564 1764167134571
61517 1729196241 1764167134596.730225 1764167134596 1764167134604
61518 1729229584 1764167134630.069824 1764167134630 1764167134637
61519 1729262928 1764167134663.410400 1764167134664 1764167134671
61520 1729296272 1764167134696.750977 1764167134696 1764167134704
61521 1729329616 1764167134730.091553 1764167134730 1764167134737
61522 1729362960 1764167134763.432129 1764167134764 1764167134771
61523 1729396304 1764167134796.772705 1764167134796 1764167134804
61524 1729429648 1764167134830.113037 1764167134830 1764167134837
61525 1729462992 1764167134863.453613 1764167134864 1764167134871
61526 1729496336 1764167134896.795410 1764167134896 1764167134904
61527 1729529680 1764167134930.137451 1764167134930 1764167134937
61528 1729563024 1764167134963.479248 1764167134964 1764167134971
61529 1729596368 1764167134996.821289 1764167134997 1764167135004
61530 1729629712 1764167135030.163086 1764167135030 1764167135037
61531 1729663055 1764167135063.503906 1764167135064 1764167135071
61532 1729696399 1764167135096.845703 1764167135097 1764167135104
61533 1729729743 1764167135130.187500 1764167135131 1764167135138
61534 1729763087 1764167135163.529541 1764167135164 1764167135171
61535 1729796431 1764167135196.871338 1764167135197 1764167135204
61536 1729829775 1764167135230.213135 1764167135230 1764167135237
61537 1729863119 1764167135263.554932 1764167135264 1764167135271
61538 1729896463 1764167135296.896729 1764167135297 1764167135304
61539 1729929807 1764167135330.238525 1764167135331 1764167135338
61540 1729963151 1764167135363.580322 1764167135364 1764167135371
61541 1729996495 1764167135396.922119 1764167135397 1764167135404
61542 1730029839 1764167135430.263916 1764167135431 1764167135438
61543 1730063183 1764167135463.605713 1764167135463 1764167135471
61544 1730096527 1764167135496.947266 1764167135497 1764167135504
61545 1730129870 1764167135530.288086 1764167135531 1764167135538
61546 1730163214 1764167135563.629883 1764167135563 1764167135571
61547 1730196558 1764167135596.971436 1764167135597 1764167135604
61548 1730229902 1764167135630.313232 1764167135631 1764167135638
61549 1730263246 1764167135663.655029 1764167135663 1764167135671
61550 1730296590 1764167135696.996582 1764167135697 1764167135704
61551 1730329934 1764167135730.338379 1764167135731 1764167135738
61552 1730363278 1764167135763.680176 1764167135763 1764167135771
61553 1730396622 1764167135797.021729 1764167135797 1764167135804
61554 1730429966 1764167135830.363281 1764167135831 1764167135838
61555 1730463310 1764167135863.705078 1764167135863 1764167135871
61556 1730496654 1764167135897.048340 1764167135897 1764167135904
61557 1730529998 1764167135930.391357 1764167135931 1764167135938
61558 1730563341 1764167135963.733643 1764167135964 1764167135971
61559 1730596685 1764167135997.076904 1764167135997 1764167136004
61560 1730630029 1764167136030.420166 1764167136031 1764167136038
61561 1730663373 1764167136063.763184 1764167136064 1764167136071
61562 1730696717 1764167136097.106445 1764167136098 1764167136105
61563 1730730061 1764167136130.449707 1764167136130 1764167136138
61564 1730763405 1764167136163.792969 1764167136164 1764167136171
61565 1730796749 1764167136197.136230 1764167136198 1764167136205
61566 1730830093 1764167136230.479492 1764167136231 1764167136238
61567 1730863437 1764167136263.822510 1764167136265 1764167136272
61568 1730896781 1764167136297.165771 1764167136298 1764167136305
61569 1730930125 1764167136330.509033 1764167136331 1764167136338
61570 1730963469 1764167136363.852295 1764167136364 1764167136371
61571 1730996812 1764167136397.194580 1764167136398 1764167136405
61572 1731030156 1764167136430.537842 1764167136430 1764167136438
61573 1731063500 1764167136463.881104 1764167136464 1764167136471
61574 1731096844 1764167136497.224365 1764167136498 1764167136505
61575 1731130188 1764167136530.567627 1764167136530 1764167136538
61576 1731163532 1764167136563.910889 1764167136564 1764167136571
61577 1731196876 1764167136597.254150 1764167136598 1764167136605
61578 1731230220 1764167136630.597412 1764167136630 1764167136638
61579 1731263564 1764167136663.940674 1764167136664 1764167136671
61580 1731296908 1764167136697.283936 1764167136698 1764167136705
61581 1731330252 1764167136730.627197 1764167136730 1764167136738
61582 1731363596 1764167136763.970459 1764167136764 1764167136771
61583 1731396940 1764167136797.313721 1764167136798 1764167136805
61584 1731430284 1764167136830.656982 1764167136831 1764167136839
61585 1731463627 1764167136863.999268 1764167136864 1764167136871
61586 1731496971 1764167136897.343506 1764167136898 1764167136905
61587 1731530315 1764167136930.687500 1764167136931 1764167136938
61588 1731563659 1764167136964.031738 1764167136964 1764167136971
61589 1731597003 1764167136997.375977 1764167136998 1764167137005
61590 1731630347 1764167137030.720215 1764167137031 1764167137038
61591 1731663691 1764167137064.064453 1764167137064 1764167137071
61592 1731697035 1764167137097.408691 1764167137098 1764167137105
61593 1731730379 1764167137130.752930 1764167137131 1764167137138
61594 1731763723 1764167137164.097168 1764167137164 1764167137172
61595 1731797067 1764167137197.441406 1764167137198 1764167137205
61596 1731830411 1764167137230.785645 1764167137231 1764167137238
61597 1731863755 1764167137264.129883 1764167137265 1764167137272
61598 1731897098 1764167137297.473389 1764167137297 1764167137305
61599 1731930442 1764167137330.817627 1764167137331 1764167137338
61600 1731963786 1764167137364.161865 1764167137365 1764167137372
61601 1731997130 1764167137397.506104 1764167137397 1764167137405
61602 1732030474 1764167137430.850586 1764167137431 1764167137438
61603 1732063818 1764167137464.194824 1764167137465 1764167137472
61604 1732097162 1764167137497.539307 1764167137497 1764167137505
61605 1732130506 1764167137530.883545 1764167137531 1764167137538
61606 1732163850 1764167137564.228027 1764167137565 1764167137572
61607 1732197194 1764167137597.572266 1764167137597 1764167137605
61608 1732230538 1764167137630.916748 1764167137631 1764167137638
61609 1732263882 1764167137664.261230 1764167137665 1764167137672
61610 1732297226 1764167137697.605713 1764167137697 1764167137705
61611 1732330569 1764167137730.948975 1764167137731 1764167137738
61612 1732363913 1764167137764.293457 1764167137765 1764167137772
61613 1732397257 1764167137797.637939 1764167137798 1764167137805
61614 1732430601 1764167137830.982422 1764167137831 1764167137838
61615 1732463945 1764167137864.326904 1764167137865 1764167137872
61616 1732497289 1764167137897.671631 1764167137898 1764167137905
61617 1732530633 1764167137931.016602 1764167137931 1764167137938
61618 1732563977 1764167137964.361328 1764167137965 1764167137972
61619 1732597321 1764167137997.706299 1764167137998 1764167138005
61620 1732630665 1764167138031.051270 1764167138032 1764167138039
61621 1732664009 1764167138064.395996 1764167138065 1764167138072
61622 1732697353 1764167138097.740967 1764167138098 1764167138105
61623 1732730697 1764167138131.085938 1764167138132 1764167138139
61624 1732764041 1764167138164.430908 1764167138165 1764167138172
61625 1732797384 1764167138197.774902 1764167138198 1764167138205
61626 1732830728 1764167138231.119873 1764167138232 1764167138239
61627 1732864072 1764167138264.465088 1764167138264 1764167138272
61628 1732897416 1764167138297.810059 1764167138298 1764167138305
61629 1732930760 1764167138331.155029 1764167138332 1764167138339
61630 1732964104 1764167138364.500244 1764167138364 1764167138372
61631 1732997448 1764167138397.845215 1764167138398 1764167138405
61632 1733030792 1764167138431.190430 1764167138432 1764167138439
61633 1733064136 1764167138464.535645 1764167138464 1764167138472
61634 1733097480 1764167138497.880615 1764167138498 1764167138505
61635 1733130824 1764167138531.225830 1764167138532 1764167138539
61636 1733164168 1764167138564.571045 1764167138564 1764167138572
61637 1733197512 1764167138597.916260 1764167138598 1764167138605
61638 1733230855 1764167138631.260498 1764167138632 1764167138639
61639 1733264199 1764167138664.605713 1764167138665 1764167138672
61640 1733297543 1764167138697.950928 1764167138699 1764167138706
61641 1733330887 1764167138731.296387 1764167138732 1764167138739
61642 1733364231 1764167138764.641602 1764167138765 1764167138772
61643 1733397575 1764167138797.986816 1764167138798 1764167138805
61644 1733430919 1764167138831.332275 1764167138832 1764167138839
61645 1733464263 1764167138864.677490 1764167138865 1764167138872
61646 1733497607 1764167138898.034912 1764167138898 1764167138905
61647 1733530951 1764167138931.392090 1764167138932 1764167138939
61648 1733564295 1764167138964.749756 1764167138965 1764167138972
61649 1733597639 1764167138998.107178 1764167138999 1764167139006
61650 1733630983 1764167139031.464844 1764167139032 1764167139039
61651 1733664326 1764167139064.821777 1764167139065 1764167139072
61652 1733697670 1764167139098.179443 1764167139099 1764167139106
61653 1733731014 1764167139131.537598 1764167139131 1764167139139
61654 1733764358 1764167139164.895508 1764167139165 1764167139172
61655 1733797702 1764167139198.253662 1764167139199 1764167139206
61656 1733831046 1764167139231.612061 1764167139231 1764167139239
61657 1733864390 1764167139264.970215 1764167139265 1764167139272
61658 1733897734 1764167139298.328857 1764167139299 1764167139306
61659 1733931078 1764167139331.687256 1764167139331 1764167139339
61660 1733964422 1764167139365.045898 1764167139366 1764167139373
61661 1733997766 1764167139398.404785 1764167139399 1764167139406
61662 1734031110 1764167139431.763672 1764167139431 1764167139439
61663 1734064454 1764167139465.122559 1764167139465 1764167139472
61664 1734097798 1764167139498.481689 1764167139499 1764167139506
61665 1734131141 1764167139531.839844 1764167139531 1764167139539
61666 1734164485 1764167139565.198975 1764167139565 1764167139572
61667 1734197829 1764167139598.558350 1764167139599 1764167139606
61668 1734231173 1764167139631.917969 1764167139632 1764167139639
61669 1734264517 1764167139665.277344 1764167139665 1764167139672
61670 1734297861 1764167139698.637207 1764167139699 1764167139706
61671 1734331205 1764167139731.996826 1764167139732 1764167139739
61672 1734364549 1764167139765.356689 1764167139765 1764167139772
61673 1734397893 1764167139798.716797 1764167139799 1764167139806
61674 1734431237 1764167139832.076660 1764167139832 1764167139839
61675 1734464581 1764167139865.436768 1764167139866 1764167139873
61676 1734497925 1764167139898.781982 1764167139899 1764167139906
61677 1734531269 1764167139932.127197 1764167139932 1764167139939
61678 1734564612 1764167139965.471436 1764167139966 1764167139973
61679 1734597956 1764167139998.816895 1764167139999 1764167140006
61680 1734631300 1764167140032.162109 1764167140032 1764167140039
61681 1734664644 1764167140065.507324 1764167140066 1764167140073
61682 1734697988 1764167140098.852783 1764167140098 1764167140106
61683 1734731332 1764167140132.198242 1764167140132 1764167140139
61684 1734764676 1764167140165.543457 1764167140166 1764167140173
61685 1734798020 1764167140198.888916 1764167140198 1764167140206
61686 1734831364 1764167140232.234375 1764167140232 1764167140239
61687 1734864708 1764167140265.579834 1764167140266 1764167140273
61688 1734898052 1764167140298.925293 1764167140298 1764167140306
61689 1734931396 1764167140332.270752 1764167140332 1764167140339
61690 1734964740 1764167140365.616211 1764167140366 1764167140373
61691 1734998083 1764167140398.960693 1764167140398 1764167140410
61692 1735031427 1764167140432.306152 1764167140432 1764167140439
61693 1735064771 1764167140465.651855 1764167140466 1764167140473
61694 1735098115 1764167140498.997314 1764167140499 1764167140506
61695 1735131459 1764167140532.343018 1764167140532 1764167140539
61696 1735164803 1764167140565.688477 1764167140566 1764167140573
61697 1735198147 1764167140599.034180 1764167140599 1764167140606
61698 1735231491 1764167140632.379639 1764167140633 1764167140640
61699 1735264835 1764167140665.725342 1764167140666 1764167140673
61700 1735298179 1764167140699.071045 1764167140699 1764167140706
61701 1735331523 1764167140732.416748 1764167140732 1764167140739
61702 1735364867 1764167140765.762451 1764167140766 1764167140773
61703 1735398211 1764167140799.108154 1764167140799 1764167140806
61704 1735431555 1764167140832.453857 1764167140833 1764167140840
61705 1735464898 1764167140865.798584 1764167140866 1764167140873
61706 1735498242 1764167140899.145996 1764167140899 1764167140906
61707 1735531586 1764167140932.493408 1764167140933 1764167140940
61708 1735564930 1764167140965.840820 1764167140965 1764167140973
61709 1735598274 1764167140999.188232 1764167140999 1764167141006
61710 1735631618 1764167141032.535889 1764167141033 1764167141040
61711 1735664962 1764167141065.883301 1764167141065 1764167141073
61712 1735698306 1764167141099.230957 1764167141099 1764167141106
61713 1735731650 1764167141132.578369 1764167141133 1764167141140
61714 1735764994 1764167141165.926025 1764167141165 1764167141173
61715 1735798338 1764167141199.273682 1764167141199 1764167141206
61716 1735831682 1764167141232.621338 1764167141233 1764167141240
61717 1735865026 1764167141265.968994 1764167141265 1764167141273
61718 1735898369 1764167141299.315918 1764167141299 1764167141306
61719 1735931713 1764167141332.663574 1764167141333 1764167141340
61720 1735965057 1764167141366.011475 1764167141365 1764167141373
61721 1735998401 1764167141399.359131 1764167141399 1764167141406
61722 1736031745 1764167141432.707031 1764167141433 1764167141440
61723 1736065089 1764167141466.054932 1764167141466 1764167141473
61724 1736098433 1764167141499.402832 1764167141499 1764167141506
61725 1736131777 1764167141532.750732 1764167141533 1764167141540
61726 1736165121 1764167141566.098633 1764167141566 1764167141573
61727 1736198465 1764167141599.446777 1764167141599 1764167141606
61728 1736231809 1764167141632.794678 1764167141633 1764167141640
61729 1736265153 1764167141666.142822 1764167141666 1764167141673
61730 1736298497 1764167141699.490967 1764167141699 1764167141706
61731 1736331840 1764167141732.838135 1764167141733 1764167141740
61732 1736365184 1764167141766.186279 1764167141766 1764167141773
61733 1736398528 1764167141799.534424 1764167141800 1764167141807
61734 1736431872 1764167141832.882568 1764167141832 1764167141840
61735 1736465216 1764167141866.230713 1764167141866 1764167141874
61736 1736498560 1764167141899.575439 1764167141900 1764167141907
61737 1736531904 1764167141932.921143 1764167141932 1764167141940
61738 1736565248 1764167141966.266846 1764167141966 1764167141973
61739 1736598592 1764167141999.612549 1764167142000 1764167142007
61740 1736631936 1764167142032.958252 1764167142032 1764167142040
61741 1736665280 1764167142066.303955 1764167142066 1764167142073
61742 1736698624 1764167142099.649658 1764167142100 1764167142107
61743 1736731968 1764167142132.995361 1764167142132 1764167142140
61744 1736765312 1764167142166.341064 1764167142166 1764167142173
61745 1736798655 1764167142199.685791 1764167142200 1764167142207
61746 1736831999 1764167142233.031738 1764167142232 1764167142240
61747 1736865343 1764167142266.377441 1764167142266 1764167142273
61748 1736898687 1764167142299.723389 1764167142300 1764167142307
61749 1736932031 1764167142333.069092 1764167142333 1764167142340
61750 1736965375 1764167142366.415039 1764167142366 1764167142373
61751 1736998719 1764167142399.760986 1764167142399 1764167142407
61752 1737032063 1764167142433.106934 1764167142433 1764167142440
61753 1737065407 1764167142466.452881 1764167142466 1764167142473
61754 1737098751 1764167142499.798584 1764167142500 1764167142507
61755 1737132095 1764167142533.144775 1764167142533 1764167142540
61756 1737165439 1764167142566.490723 1764167142566 1764167142573
61757 1737198783 1764167142599.836670 1764167142599 1764167142607
61758 1737232126 1764167142633.181641 1764167142633 1764167142640
61759 1737265470 1764167142666.527588 1764167142667 1764167142674
61760 1737298814 1764167142699.873779 1764167142700 1764167142707
61761 1737332158 1764167142733.219727 1764167142733 1764167142740
61762 1737365502 1764167142766.565918 1764167142767 1764167142774
61763 1737398846 1764167142799.911865 1764167142799 1764167142807
61764 1737432190 1764167142833.258057 1764167142833 1764167142840
61765 1737465534 1764167142866.604004 1764167142867 1764167142874
61766 1737498878 1764167142899.950195 1764167142899 1764167142907
61767 1737532222 1764167142933.304443 1764167142933 1764167142940
61768 1737565566 1764167142966.658936 1764167142967 1764167142974
61769 1737598910 1764167143000.013184 1764167142999 1764167143007
61770 1737632254 1764167143033.367676 1764167143033 1764167143040
61771 1737665597 1764167143066.721191 1764167143067 1764167143074
61772 1737698941 1764167143100.075928 1764167143099 1764167143107
61773 1737732285 1764167143133.430664 1764167143133 1764167143140
61774 1737765629 1764167143166.785400 1764167143167 1764167143174
61775 1737798973 1764167143200.140137 1764167143199 1764167143207
61776 1737832317 1764167143233.495117 1764167143233 1764167143240
61777 1737865661 1764167143266.850098 1764167143267 1764167143274
61778 1737899005 1764167143300.205078 1764167143300 1764167143307
61779 1737932349 1764167143333.560303 1764167143333 1764167143340
61780 1737965693 1764167143366.915283 1764167143367 1764167143374
61781 1737999037 1764167143400.270752 1764167143400 1764167143407
61782 1738032381 1764167143433.625977 1764167143434 1764167143441
61783 1738065725 1764167143466.981445 1764167143467 1764167143474
61784 1738099069 1764167143500.336914 1764167143500 1764167143507
61785 1738132412 1764167143533.691406 1764167143534 1764167143541
61786 1738165756 1764167143567.046875 1764167143566 1764167143574
61787 1738199100 1764167143600.402588 1764167143600 1764167143607
61788 1738232444 1764167143633.758301 1764167143634 1764167143641
61789 1738265788 1764167143667.114014 1764167143666 1764167143674
61790 1738299132 1764167143700.469971 1764167143700 1764167143707
61791 1738332476 1764167143733.825928 1764167143734 1764167143741
61792 1738365820 1764167143767.181885 1764167143766 1764167143774
61793 1738399164 1764167143800.538086 1764167143800 1764167143807
61794 1738432508 1764167143833.894043 1764167143834 1764167143841
61795 1738465852 1764167143867.250488 1764167143866 1764167143874
61796 1738499196 1764167143900.606445 1764167143900 1764167143907
61797 1738532540 1764167143933.951172 1764167143934 1764167143941
61798 1738565883 1764167143967.294678 1764167143966 1764167143974
61799 1738599227 1764167144000.639160 1764167144000 1764167144007
61800 1738632571 1764167144033.983887 1764167144034 1764167144041
61801 1738665915 1764167144067.328369 1764167144067 1764167144074
61802 1738699259 1764167144100.673096 1764167144100 1764167144107
61803 1738732603 1764167144134.017578 1764167144134 1764167144141
61804 1738765947 1764167144167.362305 1764167144167 1764167144174
61805 1738799291 1764167144200.706787 1764167144200 1764167144207
61806 1738832635 1764167144234.051270 1764167144234 1764167144241
61807 1738865979 1764167144267.395996 1764167144267 1764167144274
61808 1738899323 1764167144300.740479 1764167144300 1764167144307
61809 1738932667 1764167144334.085205 1764167144334 1764167144341
61810 1738966011 1764167144367.429688 1764167144367 1764167144374
61811 1738999354 1764167144400.773438 1764167144400 1764167144407
61812 1739032698 1764167144434.117920 1764167144434 1764167144441
61813 1739066042 1764167144467.462646 1764167144467 1764167144474
61814 1739099386 1764167144500.807129 1764167144501 1764167144508
61815 1739132730 1764167144534.151855 1764167144534 1764167144541
61816 1739166074 1764167144567.496582 1764167144567 1764167144574
61817 1739199418 1764167144600.841064 1764167144601 1764167144608
61818 1739232762 1764167144634.185791 1764167144633 1764167144641
61819 1739266106 1764167144667.530273 1764167144667 1764167144674
61820 1739299450 1764167144700.875000 1764167144701 1764167144708
61821 1739332794 1764167144734.219482 1764167144733 1764167144741
61822 1739366138 1764167144767.564209 1764167144767 1764167144774
61823 1739399482 1764167144800.908936 1764167144801 1764167144808
61824 1739432826 1764167144834.253418 1764167144833 1764167144841
61825 1739466169 1764167144867.597168 1764167144867 1764167144874
61826 1739499513 1764167144900.941895 1764167144901 1764167144908
61827 1739532857 1764167144934.286621 1764167144933 1764167144941
61828 1739566201 1764167144967.631348 1764167144967 1764167144974
61829 1739599545 1764167145000.976318 1764167145001 1764167145008
61830 1739632889 1764167145034.321045 1764167145033 1764167145041
61831 1739666233 1764167145067.665771 1764167145067 1764167145074
61832 1739699577 1764167145101.010742 1764167145101 1764167145108
61833 1739732921 1764167145134.355469 1764167145134 1764167145141
61834 1739766265 1764167145167.700439 1764167145168 1764167145175
61835 1739799609 1764167145201.045166 1764167145201 1764167145208
61836 1739832953 1764167145234.389893 1764167145234 1764167145241
61837 1739866297 1764167145267.734863 1764167145268 1764167145275
61838 1739899640 1764167145301.078613 1764167145301 1764167145308
61839 1739932984 1764167145334.423584 1764167145334 1764167145341
61840 1739966328 1764167145367.768311 1764167145367 1764167145374
61841 1739999672 1764167145401.113281 1764167145401 1764167145408
61842 1740033016 1764167145434.458008 1764167145434 1764167145441
61843 1740066360 1764167145467.802979 1764167145468 1764167145475
61844 1740099704 1764167145501.147705 1764167145500 1764167145508
61845 1740133048 1764167145534.492676 1764167145534 1764167145541
61846 1740166392 1764167145567.837646 1764167145568 1764167145575
61847 1740199736 1764167145601.182373 1764167145600 1764167145608
61848 1740233080 1764167145634.527344 1764167145634 1764167145641
61849 1740266424 1764167145667.872070 1764167145668 1764167145675
61850 1740299768 1764167145701.217041 1764167145700 1764167145708
61851 1740333111 1764167145734.561035 1764167145734 1764167145741
61852 1740366455 1764167145767.905762 1764167145768 1764167145775
61853 1740399799 1764167145801.250732 1764167145800 1764167145808
61854 1740433143 1764167145834.595703 1764167145834 1764167145841
61855 1740466487 1764167145867.940430 1764167145868 1764167145875
61856 1740499831 1764167145901.285400 1764167145900 1764167145908
61857 1740533175 1764167145934.629639 1764167145934 1764167145941
61858 1740566519 1764167145967.973633 1764167145968 1764167145975
61859 1740599863 1764167146001.317871 1764167146001 1764167146008
61860 1740633207 1764167146034.661865 1764167146034 1764167146041
61861 1740666551 1764167146068.006104 1764167146068 1764167146075
61862 1740699895 1764167146101.350098 1764167146101 1764167146108
61863 1740733239 1764167146134.694092 1764167146134 1764167146141
61864 1740766583 1764167146168.038330 1764167146168 1764167146175
61865 1740799926 1764167146201.381348 1764167146201 1764167146208
61866 1740833270 1764167146234.725342 1764167146234 1764167146241
61867 1740866614 1764167146268.069336 1764167146268 1764167146275
61868 1740899958 1764167146301.413574 1764167146301 1764167146308
61869 1740933302 1764167146334.757568 1764167146335 1764167146342
61870 1740966646 1764167146368.101562 1764167146368 1764167146375
61871 1740999990 1764167146401.445557 1764167146401 1764167146408
61872 1741033334 1764167146434.789551 1764167146435 1764167146442
61873 1741066678 1764167146468.133545 1764167146467 1764167146475
61874 1741100022 1764167146501.477539 1764167146501 1764167146508
61875 1741133366 1764167146534.821533 1764167146535 1764167146542
61876 1741166710 1764167146568.165527 1764167146567 1764167146575
61877 1741200054 1764167146601.509521 1764167146601 1764167146608
61878 1741233397 1764167146634.852539 1764167146635 1764167146642
61879 1741266741 1764167146668.196533 1764167146667 1764167146675
61880 1741300085 1764167146701.540527 1764167146701 1764167146708
61881 1741333429 1764167146734.884521 1764167146734 1764167146742
61882 1741366773 1764167146768.228516 1764167146767 1764167146775
61883 1741400117 1764167146801.572510 1764167146801 1764167146808
61884 1741433461 1764167146834.916504 1764167146835 1764167146842
61885 1741466805 1764167146868.260254 1764167146868 1764167146875
61886 1741500149 1764167146901.604248 1764167146901 1764167146908
61887 1741533493 1764167146934.948730 1764167146935 1764167146942
61888 1741566837 1764167146968.293457 1764167146968 1764167146975
61889 1741600181 1764167147001.637939 1764167147001 1764167147008
61890 1741633525 1764167147034.982422 1764167147035 1764167147042
61891 1741666868 1764167147068.325928 1764167147068 1764167147075
61892 1741700212 1764167147101.670410 1764167147101 1764167147108
61893 1741733556 1764167147135.015137 1764167147135 1764167147142
61894 1741766900 1764167147168.359619 1764167147168 1764167147175
61895 1741800244 1764167147201.704102 1764167147201 1764167147208
61896 1741833588 1764167147235.048584 1764167147235 1764167147242
61897 1741866932 1764167147268.393066 1764167147268 1764167147275
61898 1741900276 1764167147301.737549 1764167147302 1764167147309
61899 1741933620 1764167147335.082031 1764167147334 1764167147342
61900 1741966964 1764167147368.426514 1764167147368 1764167147375
61901 1742000308 1764167147401.770996 1764167147402 1764167147409
61902 1742033652 1764167147435.115479 1764167147434 1764167147442
61903 1742066996 1764167147468.459961 1764167147468 1764167147475
61904 1742100340 1764167147501.804443 1764167147502 1764167147509
61905 1742133683 1764167147535.147949 1764167147534 1764167147542
61906 1742167027 1764167147568.492432 1764167147568 1764167147575
61907 1742200371 1764167147601.836914 1764167147602 1764167147609
61908 1742233715 1764167147635.181396 1764167147634 1764167147642
61909 1742267059 1764167147668.525879 1764167147668 1764167147675
61910 1742300403 1764167147701.870361 1764167147702 1764167147709
61911 1742333747 1764167147735.214844 1764167147734 1764167147742
61912 1742367091 1764167147768.559326 1764167147768 1764167147775
61913 1742400435 1764167147801.903809 1764167147802 1764167147809
61914 1742433779 1764167147835.248047 1764167147835 1764167147842
61915 1742467123 1764167147868.592529 1764167147868 1764167147875
61916 1742500467 1764167147901.937012 1764167147902 1764167147909
61917 1742533811 1764167147935.280518 1764167147935 1764167147942
61918 1742567154 1764167147968.623291 1764167147968 1764167147975
61919 1742600498 1764167148001.966797 1764167148002 1764167148009
61920 1742633842 1764167148035.310303 1764167148035 1764167148042
61921 1742667186 1764167148068.653809 1764167148068 1764167148075
61922 1742700530 1764167148101.997314 1764167148102 1764167148109
61923 1742733874 1764167148135.340820 1764167148135 1764167148142
61924 1742767218 1764167148168.684326 1764167148169 1764167148176
61925 1742800562 1764167148202.027832 1764167148201 1764167148209
61926 1742833906 1764167148235.371094 1764167148235 1764167148242
61927 1742867250 1764167148268.714600 1764167148269 1764167148276
61928 1742900594 1764167148302.058105 1764167148301 1764167148309
61929 1742933938 1764167148335.401367 1764167148335 1764167148342
61930 1742967282 1764167148368.744629 1764167148369 1764167148376
61931 1743000625 1764167148402.087158 1764167148401 1764167148409
61932 1743033969 1764167148435.430420 1764167148435 1764167148442
61933 1743067313 1764167148468.773682 1764167148469 1764167148476
61934 1743100657 1764167148502.116943 1764167148501 1764167148509
61935 1743134001 1764167148535.460205 1764167148535 1764167148542
61936 1743167345 1764167148568.803467 1764167148569 1764167148576
61937 1743200689 1764167148602.146729 1764167148601 1764167148609
61938 1743234033 1764167148635.489990 1764167148635 1764167148642
61939 1743267377 1764167148668.833252 1764167148669 1764167148676
61940 1743300721 1764167148702.176514 1764167148701 1764167148709
61941 1743334065 1764167148735.519531 1764167148735 1764167148742
61942 1743367409 1764167148768.862793 1764167148769 1764167148776
61943 1743400753 1764167148802.205811 1764167148802 1764167148809
61944 1743434097 1764167148835.549072 1764167148835 1764167148842
61945 1743467440 1764167148868.891113 1764167148869 1764167148876
61946 1743500784 1764167148902.234131 1764167148902 1764167148909
61947 1743534128 1764167148935.581787 1764167148935 1764167148942
61948 1743567472 1764167148968.929199 1764167148969 1764167148976
61949 1743600816 1764167149002.276611 1764167149002 1764167149009
61950 1743634160 1764167149035.624023 1764167149036 1764167149043
61951 1743667504 1764167149068.971436 1764167149069 1764167149076
61952 1743700848 1764167149102.318848 1764167149102 1764167149109
61953 1743734192 1764167149135.666504 1764167149136 1764167149143
61954 1743767536 1764167149169.013916 1764167149169 1764167149176
61955 1743800880 1764167149202.361328 1764167149202 1764167149209
61956 1743834224 1764167149235.708984 1764167149236 1764167149243
61957 1743867568 1764167149269.056396 1764167149268 1764167149276
61958 1743900911 1764167149302.402832 1764167149302 1764167149309
61959 1743934255 1764167149335.750488 1764167149336 1764167149343
61960 1743967599 1764167149369.097900 1764167149368 1764167149376
61961 1744000943 1764167149402.445557 1764167149402 1764167149409
61962 1744034287 1764167149435.792969 1764167149436 1764167149443
61963 1744067631 1764167149469.140625 1764167149468 1764167149476
61964 1744100975 1764167149502.488037 1764167149502 1764167149509
61965 1744134319 1764167149535.835693 1764167149536 1764167149543
61966 1744167663 1764167149569.183105 1764167149568 1764167149576
61967 1744201007 1764167149602.530762 1764167149602 1764167149609
61968 1744234351 1764167149635.878418 1764167149636 1764167149643
61969 1744267695 1764167149669.225830 1764167149669 1764167149676
61970 1744301039 1764167149702.573486 1764167149702 1764167149709
61971 1744334382 1764167149735.920166 1764167149736 1764167149743
61972 1744367726 1764167149769.267578 1764167149769 1764167149776
61973 1744401070 1764167149802.615234 1764167149802 1764167149809
61974 1744434414 1764167149835.962891 1764167149835 1764167149843
61975 1744467758 1764167149869.310547 1764167149869 1764167149876
61976 1744501102 1764167149902.658203 1764167149902 1764167149909
61977 1744534446 1764167149936.000977 1764167149935 1764167149943
61978 1744567790 1764167149969.343750 1764167149969 1764167149976
61979 1744601134 1764167150002.686768 1764167150003 1764167150010
61980 1744634478 1764167150036.029541 1764167150036 1764167150043
61981 1744667822 1764167150069.372314 1764167150069 1764167150076
61982 1744701166 1764167150102.715088 1764167150102 1764167150110
61983 1744734510 1764167150136.057617 1764167150135 1764167150143
61984 1744767854 1764167150169.400391 1764167150169 1764167150176
61985 1744801197 1764167150202.742188 1764167150203 1764167150210
61986 1744834541 1764167150236.084717 1764167150235 1764167150243
61987 1744867885 1764167150269.427490 1764167150269 1764167150276
61988 1744901229 1764167150302.770020 1764167150303 1764167150310
61989 1744934573 1764167150336.112549 1764167150335 1764167150343
61990 1744967917 1764167150369.455078 1764167150369 1764167150376
61991 1745001261 1764167150402.797607 1764167150403 1764167150410
61992 1745034605 1764167150436.140137 1764167150435 1764167150443
61993 1745067949 1764167150469.482666 1764167150469 1764167150476
61994 1745101293 1764167150502.825195 1764167150503 1764167150510
61995 1745134637 1764167150536.167725 1764167150536 1764167150543
61996 1745167981 1764167150569.510010 1764167150569 1764167150576
61997 1745201325 1764167150602.852539 1764167150603 1764167150610
61998 1745234668 1764167150636.193848 1764167150636 1764167150643
61999 1745268012 1764167150669.536133 1764167150669 1764167150676
62000 1745301356 1764167150702.878418 1764167150703 1764167150710
62001 1745334700 1764167150736.220703 1764167150736 1764167150743
62002 1745368044 1764167150769.562988 1764167150769 1764167150776
62003 1745401388 1764167150802.905273 1764167150803 1764167150810
62004 1745434732 1764167150836.247559 1764167150836 1764167150843
62005 1745468076 1764167150869.589844 1764167150869 1764167150876
62006 1745501420 1764167150902.931885 1764167150903 1764167150910
62007 1745534764 1764167150936.274902 1764167150936 1764167150943
62008 1745568108 1764167150969.617920 1764167150970 1764167150977
62009 1745601452 1764167151002.960938 1764167151002 1764167151010
62010 1745634796 1764167151036.303711 1764167151036 1764167151043
62011 1745668139 1764167151069.645752 1764167151070 1764167151077
62012 1745701483 1764167151102.988525 1764167151102 1764167151110
62013 1745734827 1764167151136.331543 1764167151136 1764167151143
62014 1745768171 1764167151169.674316 1764167151170 1764167151177
62015 1745801515 1764167151203.017090 1764167151202 1764167151210
62016 1745834859 1764167151236.359863 1764167151237 1764167151244
62017 1745868203 1764167151269.702637 1764167151270 1764167151277
62018 1745901547 1764167151303.045410 1764167151302 1764167151310
62019 1745934891 1764167151336.388184 1764167151336 1764167151343
62020 1745968235 1764167151369.730957 1764167151370 1764167151377
62021 1746001579 1764167151403.073486 1764167151402 1764167151410
62022 1746034923 1764167151436.416260 1764167151436 1764167151443
62023 1746068267 1764167151469.758789 1764167151470 1764167151477
62024 1746101611 1764167151503.101318 1764167151503 1764167151510
62025 1746134954 1764167151536.443115 1764167151536 1764167151543
62026 1746168298 1764167151569.785645 1764167151570 1764167151577
62027 1746201642 1764167151603.128174 1764167151603 1764167151610
62028 1746234986 1764167151636.470703 1764167151636 1764167151643
62029 1746268330 1764167151669.812988 1764167151670 1764167151677
62030 1746301674 1764167151703.155518 1764167151703 1764167151710
62031 1746335018 1764167151736.498047 1764167151736 1764167151743
62032 1746368362 1764167151769.840332 1764167151770 1764167151777
62033 1746401706 1764167151803.182861 1764167151803 1764167151810
62034 1746435050 1764167151836.525146 1764167151837 1764167151844
62035 1746468394 1764167151869.867432 1764167151869 1764167151877
62036 1746501738 1764167151903.209961 1764167151903 1764167151910
62037 1746535082 1764167151936.552979 1764167151937 1764167151944
62038 1746568425 1764167151969.895264 1764167151969 1764167151977
62039 1746601769 1764167152003.238281 1764167152003 1764167152010
62040 1746635113 1764167152036.581543 1764167152037 1764167152044
62041 1746668457 1764167152069.924561 1764167152069 1764167152077
62042 1746701801 1764167152103.267578 1764167152103 1764167152110
62043 1746735145 1764167152136.610596 1764167152137 1764167152144
62044 1746768489 1764167152169.953613 1764167152169 1764167152177
62045 1746801833 1764167152203.296631 1764167152203 1764167152210
62046 1746835177 1764167152236.639648 1764167152237 1764167152244
62047 1746868521 1764167152269.982666 1764167152269 1764167152277
62048 1746901865 1764167152303.325439 1764167152303 1764167152310
62049 1746935209 1764167152336.668457 1764167152337 1764167152344
62050 1746968553 1764167152370.011230 1764167152369 1764167152377
62051 1747001896 1764167152403.353271 1764167152403 1764167152410
62052 1747035240 1764167152436.696045 1764167152437 1764167152444
62053 1747068584 1764167152470.038818 1764167152470 1764167152477
62054 1747101928 1764167152503.381592 1764167152503 1764167152510
62055 1747135272 1764167152536.724609 1764167152536 1764167152544
62056 1747168616 1764167152570.067139 1764167152570 1764167152577
62057 1747201960 1764167152603.409912 1764167152603 1764167152610
62058 1747235304 1764167152636.752686 1764167152637 1764167152644
62059 1747268648 1764167152670.095459 1764167152670 1764167152677
62060 1747301992 1764167152703.437988 1764167152703 1764167152710
62061 1747335336 1764167152736.780762 1764167152737 1764167152744
62062 1747368680 1764167152770.123291 1764167152770 1764167152777
62063 1747402024 1764167152803.466064 1764167152804 1764167152811
62064 1747435368 1764167152836.808594 1764167152836 1764167152844
62065 1747468711 1764167152870.150146 1764167152870 1764167152877
62066 1747502055 1764167152903.492676 1764167152904 1764167152911
62067 1747535399 1764167152936.835938 1764167152936 1764167152944
62068 1747568743 1764167152970.179199 1764167152971 1764167152978
62069 1747602087 1764167153003.522461 1764167153004 1764167153011
62070 1747635431 1764167153036.865479 1764167153036 1764167153044
62071 1747668775 1764167153070.208740 1764167153070 1764167153077
62072 1747702119 1764167153103.551758 1764167153104 1764167153111
62073 1747735463 1764167153136.894775 1764167153136 1764167153144
62074 1747768807 1764167153170.238037 1764167153170 1764167153177
62075 1747802151 1764167153203.581055 1764167153204 1764167153211
62076 1747835495 1764167153236.924072 1764167153236 1764167153244
62077 1747868839 1764167153270.267090 1764167153270 1764167153277
62078 1747902182 1764167153303.609131 1764167153304 1764167153311
62079 1747935526 1764167153336.952148 1764167153337 1764167153344
62080 1747968870 1764167153370.294922 1764167153370 1764167153377
62081 1748002214 1764167153403.637939 1764167153404 1764167153411
62082 1748035558 1764167153436.980957 1764167153437 1764167153444
62083 1748068902 1764167153470.323730 1764167153470 1764167153477
62084 1748102246 1764167153503.666504 1764167153504 1764167153511
62085 1748135590 1764167153537.009521 1764167153537 1764167153544
62086 1748168934 1764167153570.352295 1764167153570 1764167153578
62087 1748202278 1764167153603.695068 1764167153604 1764167153611
62088 1748235622 1764167153637.037842 1764167153637 1764167153644
62089 1748268966 1764167153670.380615 1764167153671 1764167153678
62090 1748302310 1764167153703.723389 1764167153704 1764167153711
62091 1748335653 1764167153737.065186 1764167153737 1764167153744
62092 1748368997 1764167153770.407959 1764167153771 1764167153778
62093 1748402341 1764167153803.750488 1764167153803 1764167153811
62094 1748435685 1764167153837.093262 1764167153837 1764167153844
62095 1748469029 1764167153870.435791 1764167153871 1764167153878
62096 1748502373 1764167153903.778564 1764167153903 1764167153911
62097 1748535717 1764167153937.121338 1764167153937 1764167153944
62098 1748569061 1764167153970.464111 1764167153971 1764167153978
62099 1748602405 1764167154003.806641 1764167154003 1764167154011
62100 1748635749 1764167154037.149414 1764167154037 1764167154044
62101 1748669093 1764167154070.491943 1764167154071 1764167154078
62102 1748702437 1764167154103.834717 1764167154103 1764167154111
62103 1748735781 1764167154137.177246 1764167154137 1764167154144
62104 1748769125 1764167154170.519775 1764167154171 1764167154178
62105 1748802468 1764167154203.861328 1764167154204 1764167154211
62106 1748835812 1764167154237.203857 1764167154237 1764167154244
62107 1748869156 1764167154270.546387 1764167154271 1764167154278
62108 1748902500 1764167154303.888916 1764167154304 1764167154311
62109 1748935844 1764167154337.231201 1764167154337 1764167154344
62110 1748969188 1764167154370.573730 1764167154371 1764167154378
62111 1749002532 1764167154403.916016 1764167154404 1764167154411
62112 1749035876 1764167154437.258545 1764167154437 1764167154444
62113 1749069220 1764167154470.600830 1764167154471 1764167154478
62114 1749102564 1764167154503.943115 1764167154504 1764167154511
62115 1749135908 1764167154537.285400 1764167154538 1764167154545
62116 1749169252 1764167154570.627686 1764167154571 1764167154578
62117 1749202596 1764167154603.969971 1764167154604 1764167154611
62118 1749235939 1764167154637.311279 1764167154638 1764167154645
62119 1749269283 1764167154670.653320 1764167154671 1764167154678
62120 1749302627 1764167154703.995605 1764167154704 1764167154711
62121 1749335971 1764167154737.337646 1764167154738 1764167154745
62122 1749369315 1764167154770.679688 1764167154770 1764167154778
62123 1749402659 1764167154804.021973 1764167154804 1764167154811
62124 1749436003 1764167154837.364014 1764167154838 1764167154845
62125 1749469347 1764167154870.706055 1764167154870 1764167154878
62126 1749502691 1764167154904.048096 1764167154904 1764167154911
62127 1749536035 1764167154937.397217 1764167154938 1764167154945
62128 1749569379 1764167154970.746338 1764167154970 1764167154978
62129 1749602723 1764167155004.095459 1764167155004 1764167155011
62130 1749636067 1764167155037.444824 1764167155038 1764167155045
62131 1749669410 1764167155070.793213 1764167155070 1764167155078
62132 1749702754 1764167155104.142578 1764167155104 1764167155111
62133 1749736098 1764167155137.491943 1764167155138 1764167155145
62134 1749769442 1764167155170.841553 1764167155171 1764167155178
62135 1749802786 1764167155204.191162 1764167155204 1764167155211
62136 1749836130 1764167155237.540771 1764167155238 1764167155245
62137 1749869474 1764167155270.890381 1764167155271 1764167155278
62138 1749902818 1764167155304.240234 1764167155305 1764167155312
62139 1749936162 1764167155337.590088 1764167155338 1764167155345
62140 1749969506 1764167155370.939941 1764167155371 1764167155378
62141 1750002850 1764167155404.289795 1764167155404 1764167155411
62142 1750036194 1764167155437.639893 1764167155438 1764167155445
62143 1750069538 1764167155470.989990 1764167155471 1764167155478
62144 1750102882 1764167155504.340088 1764167155505 1764167155512
62145 1750136225 1764167155537.689209 1764167155537 1764167155545
62146 1750169569 1764167155571.039551 1764167155571 1764167155578
62147 1750202913 1764167155604.389648 1764167155605 1764167155612
62148 1750236257 1764167155637.740234 1764167155637 1764167155645
62149 1750269601 1764167155671.090576 1764167155671 1764167155678
62150 1750302945 1764167155704.440918 1764167155705 1764167155712
62151 1750336289 1764167155737.791504 1764167155737 1764167155745
62152 1750369633 1764167155771.142090 1764167155771 1764167155778
62153 1750402977 1764167155804.492676 1764167155805 1764167155812
62154 1750436321 1764167155837.843506 1764167155837 1764167155845
62155 1750469665 1764167155871.194336 1764167155871 1764167155878
62156 1750503009 1764167155904.545166 1764167155905 1764167155912
62157 1750536353 1764167155937.889160 1764167155937 1764167155945
62158 1750569696 1764167155971.232422 1764167155971 1764167155978
62159 1750603040 1764167156004.576660 1764167156005 1764167156012
62160 1750636384 1764167156037.920654 1764167156037 1764167156045
62161 1750669728 1764167156071.264893 1764167156071 1764167156078
62162 1750703072 1764167156104.609131 1764167156105 1764167156114
62163 1750736416 1764167156137.953125 1764167156138 1764167156145
62164 1750769760 1764167156171.297363 1764167156171 1764167156178
62165 1750803104 1764167156204.641357 1764167156205 1764167156212
62166 1750836448 1764167156237.985596 1764167156238 1764167156245
62167 1750869792 1764167156271.329590 1764167156271 1764167156278
62168 1750903136 1764167156304.673584 1764167156305 1764167156312
62169 1750936480 1764167156338.017822 1764167156338 1764167156345
62170 1750969824 1764167156371.361816 1764167156371 1764167156378
62171 1751003167 1764167156404.704834 1764167156405 1764167156412
62172 1751036511 1764167156438.048828 1764167156438 1764167156445
62173 1751069855 1764167156471.392822 1764167156472 1764167156479
62174 1751103199 1764167156504.736816 1764167156504 1764167156512
62175 1751136543 1764167156538.080811 1764167156538 1764167156545
62176 1751169887 1764167156571.424805 1764167156572 1764167156579
62177 1751203231 1764167156604.768799 1764167156604 1764167156612
62178 1751236575 1764167156638.112793 1764167156638 1764167156645
62179 1751269919 1764167156671.456543 1764167156672 1764167156679
62180 1751303263 1764167156704.800537 1764167156704 1764167156712
62181 1751336607 1764167156738.144531 1764167156738 1764167156745
62182 1751369951 1764167156771.488281 1764167156772 1764167156779
62183 1751403295 1764167156804.832275 1764167156804 1764167156812
62184 1751436639 1764167156838.176025 1764167156838 1764167156845
62185 1751469982 1764167156871.519043 1764167156872 1764167156879
62186 1751503326 1764167156904.862793 1764167156904 1764167156912
62187 1751536670 1764167156938.208008 1764167156938 1764167156945
62188 1751570014 1764167156971.553223 1764167156972 1764167156979
62189 1751603358 1764167157004.898193 1764167157005 1764167157012
62190 1751636702 1764167157038.243408 1764167157038 1764167157045
62191 1751670046 1764167157071.588379 1764167157072 1764167157079
