59303 1650587854 1764167061151.441650 1764167061151 1764167061159
59304 1650621198 1764167061184.781738 1764167061185 1764167061192
59305 1650654542 1764167061218.122070 1764167061219 1764167061226
59306 1650687886 1764167061251.462158 1764167061251 1764167061259
59307 1650721230 1764167061284.802246 1764167061285 1764167061292
59308 1650754574 1764167061318.142578 1764167061319 1764167061326
59309 1650787918 1764167061351.482666 1764167061351 1764167061359
59310 1650821262 1764167061384.822754 1764167061385 1764167061392
59311 1650854606 1764167061418.162842 1764167061419 1764167061426
59312 1650887950 1764167061451.502930 1764167061451 1764167061459
59313 1650921294 1764167061484.843018 1764167061485 1764167061492
59314 1650954638 1764167061518.183105 1764167061519 1764167061526
59315 1650987982 1764167061551.523193 1764167061551 1764167061559
59316 1651021325 1764167061584.862305 1764167061585 1764167061592
59317 1651054669 1764167061618.202393 1764167061619 1764167061626
59318 1651088013 1764167061651.542480 1764167061652 1764167061659
59319 1651121357 1764167061684.882568 1764167061685 1764167061692
59320 1651154701 1764167061718.222656 1764167061718 1764167061727
59321 1651188045 1764167061751.562500 1764167061752 1764167061759
59322 1651221389 1764167061784.902588 1764167061785 1764167061792
59323 1651254733 1764167061818.242676 1764167061819 1764167061826
59324 1651288077 1764167061851.582520 1764167061852 1764167061859
59325 1651321421 1764167061884.922607 1764167061885 1764167061893
59326 1651354765 1764167061918.262695 1764167061919 1764167061926
59327 1651388109 1764167061951.602539 1764167061952 1764167061959
59328 1651421453 1764167061984.942139 1764167061986 1764167061993
59329 1651454797 1764167062018.285156 1764167062019 1764167062026
59330 1651488140 1764167062051.626953 1764167062052 1764167062059
59331 1651521484 1764167062084.969971 1764167062086 1764167062093
59332 1651554828 1764167062118.312988 1764167062118 1764167062126
59333 1651588172 1764167062151.656006 1764167062152 1764167062159
59334 1651621516 1764167062184.999023 1764167062186 1764167062193
59335 1651654860 1764167062218.342041 1764167062218 1764167062226
59336 1651688204 1764167062251.684814 1764167062252 1764167062259
59337 1651721548 1764167062285.027832 1764167062286 1764167062293
59338 1651754892 1764167062318.370850 1764167062318 1764167062326
59339 1651788236 1764167062351.713867 1764167062352 1764167062359
59340 1651821580 1764167062385.056885 1764167062386 1764167062393
59341 1651854924 1764167062418.399902 1764167062418 1764167062426
59342 1651888268 1764167062451.742920 1764167062452 1764167062459
59343 1651921611 1764167062485.084961 1764167062486 1764167062493
59344 1651954955 1764167062518.427979 1764167062518 1764167062526
59345 1651988299 1764167062551.771240 1764167062552 1764167062559
59346 1652021643 1764167062585.114258 1764167062586 1764167062593
59347 1652054987 1764167062618.457275 1764167062619 1764167062626
59348 1652088331 1764167062651.800293 1764167062652 1764167062659
59349 1652121675 1764167062685.143311 1764167062686 1764167062693
59350 1652155019 1764167062718.486572 1764167062719 1764167062726
59351 1652188363 1764167062751.829590 1764167062752 1764167062759
59352 1652221707 1764167062785.172607 1764167062786 1764167062793
59353 1652255051 1764167062818.515869 1764167062819 1764167062826
59354 1652288395 1764167062851.858887 1764167062853 1764167062860
59355 1652321739 1764167062885.201904 1764167062886 1764167062893
59356 1652355082 1764167062918.544189 1764167062919 1764167062926
59357 1652388426 1764167062951.887207 1764167062953 1764167062960
59358 1652421770 1764167062985.230225 1764167062985 1764167062993
59359 1652455114 1764167063018.571777 1764167063019 1764167063026
59360 1652488458 1764167063051.913330 1764167063053 1764167063060
59361 1652521802 1764167063085.254883 1764167063085 1764167063093
59362 1652555146 1764167063118.596436 1764167063119 1764167063129
59363 1652588490 1764167063151.937988 1764167063153 1764167063160
59364 1652621834 1764167063185.279541 1764167063185 1764167063194
59365 1652655178 1764167063218.621094 1764167063219 1764167063226
59366 1652688522 1764167063251.962646 1764167063253 1764167063260
59367 1652721866 1764167063285.304199 1764167063285 1764167063293
59368 1652755210 1764167063318.645752 1764167063319 1764167063326
59369 1652788554 1764167063351.987305 1764167063353 1764167063360
59370 1652821897 1764167063385.327881 1764167063385 1764167063393
59371 1652855241 1764167063418.669189 1764167063419 1764167063426
59372 1652888585 1764167063452.010742 1764167063453 1764167063460
59373 1652921929 1764167063485.352295 1764167063486 1764167063493
59374 1652955273 1764167063518.693848 1764167063519 1764167063526
59375 1652988617 1764167063552.035400 1764167063553 1764167063560
59376 1653021961 1764167063585.376709 1764167063586 1764167063593
59377 1653055305 1764167063618.718262 1764167063620 1764167063627
59378 1653088649 1764167063652.059814 1764167063653 1764167063660
59379 1653121993 1764167063685.401367 1764167063686 1764167063693
59380 1653155337 1764167063718.742676 1764167063719 1764167063726
59381 1653188681 1764167063752.084229 1764167063753 1764167063760
59382 1653222025 1764167063785.425781 1764167063786 1764167063793
59383 1653255368 1764167063818.766113 1764167063820 1764167063827
59384 1653288712 1764167063852.107666 1764167063853 1764167063860
59385 1653322056 1764167063885.449219 1764167063886 1764167063893
59386 1653355400 1764167063918.790527 1764167063920 1764167063927
59387 1653388744 1764167063952.132080 1764167063952 1764167063960
59388 1653422088 1764167063985.473389 1764167063986 1764167063993
59389 1653455432 1764167064018.816650 1764167064019 1764167064027
59390 1653488776 1764167064052.159912 1764167064052 1764167064060
59391 1653522120 1764167064085.503174 1764167064086 1764167064093
59392 1653555464 1764167064118.846436 1764167064120 1764167064132
59393 1653588808 1764167064152.189697 1764167064152 1764167064160
59394 1653622152 1764167064185.532959 1764167064186 1764167064193
59395 1653655496 1764167064218.876221 1764167064220 1764167064227
59396 1653688839 1764167064252.218506 1764167064252 1764167064260
59397 1653722183 1764167064285.561768 1764167064286 1764167064293
59398 1653755527 1764167064318.905273 1764167064320 1764167064327
59399 1653788871 1764167064352.248535 1764167064352 1764167064360
59400 1653822215 1764167064385.591797 1764167064387 1764167064394
59401 1653855559 1764167064418.935059 1764167064419 1764167064427
59402 1653888903 1764167064452.278320 1764167064452 1764167064460
59403 1653922247 1764167064485.621826 1764167064486 1764167064493
59404 1653955591 1764167064518.965088 1764167064520 1764167064527
59405 1653988935 1764167064552.308350 1764167064553 1764167064560
59406 1654022279 1764167064585.651855 1764167064586 1764167064593
59407 1654055623 1764167064618.995117 1764167064620 1764167064627
59408 1654088967 1764167064652.338623 1764167064653 1764167064660
59409 1654122311 1764167064685.681885 1764167064686 1764167064693
59410 1654155654 1764167064719.024170 1764167064720 1764167064727
59411 1654188998 1764167064752.367676 1764167064753 1764167064760
59412 1654222342 1764167064785.710938 1764167064787 1764167064794
59413 1654255686 1764167064819.054443 1764167064820 1764167064827
59414 1654289030 1764167064852.397705 1764167064853 1764167064860
59415 1654322374 1764167064885.741211 1764167064887 1764167064894
59416 1654355718 1764167064919.084717 1764167064919 1764167064927
59417 1654389062 1764167064952.427979 1764167064953 1764167064960
59418 1654422406 1764167064985.771484 1764167064987 1764167064994
59419 1654455750 1764167065019.128662 1764167065019 1764167065027
59420 1654489094 1764167065052.485840 1764167065053 1764167065060
59421 1654522438 1764167065085.843506 1764167065087 1764167065094
59422 1654555782 1764167065119.201172 1764167065119 1764167065127
59423 1654589125 1764167065152.558105 1764167065153 1764167065160
59424 1654622469 1764167065185.916260 1764167065187 1764167065194
59425 1654655813 1764167065219.274414 1764167065219 1764167065227
59426 1654689157 1764167065252.633057 1764167065253 1764167065260
59427 1654722501 1764167065285.991699 1764167065287 1764167065294
59428 1654755845 1764167065319.350586 1764167065320 1764167065327
59429 1654789189 1764167065352.709717 1764167065353 1764167065360
59430 1654822533 1764167065386.069092 1764167065387 1764167065394
59431 1654855877 1764167065419.428467 1764167065421 1764167065428
59432 1654889221 1764167065452.788086 1764167065454 1764167065461
59433 1654922565 1764167065486.147949 1764167065487 1764167065494
59434 1654955909 1764167065519.508057 1764167065520 1764167065527
59435 1654989253 1764167065552.868408 1764167065553 1764167065560
59436 1655022596 1764167065586.227783 1764167065587 1764167065594
59437 1655055940 1764167065619.588379 1764167065620 1764167065627
59438 1655089284 1764167065652.949219 1764167065653 1764167065660
59439 1655122628 1764167065686.310303 1764167065687 1764167065694
59440 1655155972 1764167065719.671631 1764167065720 1764167065727
59441 1655189316 1764167065753.032959 1764167065754 1764167065761
59442 1655222660 1764167065786.394531 1764167065786 1764167065794
59443 1655256004 1764167065819.756348 1764167065820 1764167065827
59444 1655289348 1764167065853.118408 1764167065854 1764167065861
59445 1655322692 1764167065886.480469 1764167065886 1764167065894
59446 1655356036 1764167065919.843018 1764167065920 1764167065927
59447 1655389380 1764167065953.205566 1764167065954 1764167065961
59448 1655422724 1764167065986.568115 1764167065986 1764167065994
59449 1655456068 1764167066019.914062 1764167066020 1764167066027
59450 1655489411 1764167066053.258789 1764167066054 1764167066061
59451 1655522755 1764167066086.604736 1764167066086 1764167066094
59452 1655556099 1764167066119.950684 1764167066120 1764167066127
59453 1655589443 1764167066153.296631 1764167066154 1764167066161
59454 1655622787 1764167066186.642578 1764167066186 1764167066194
59455 1655656131 1764167066219.988525 1764167066220 1764167066227
59456 1655689475 1764167066253.334473 1764167066254 1764167066261
59457 1655722819 1764167066286.680420 1764167066286 1764167066294
59458 1655756163 1764167066320.026611 1764167066321 1764167066328
59459 1655789507 1764167066353.372559 1764167066354 1764167066361
59460 1655822851 1764167066386.718750 1764167066387 1764167066394
59461 1655856195 1764167066420.064941 1764167066420 1764167066427
59462 1655889539 1764167066453.411133 1764167066454 1764167066461
59463 1655922882 1764167066486.756348 1764167066487 1764167066494
59464 1655956226 1764167066520.102539 1764167066520 1764167066527
59465 1655989570 1764167066553.448730 1764167066554 1764167066561
59466 1656022914 1764167066586.794922 1764167066587 1764167066594
59467 1656056258 1764167066620.141357 1764167066621 1764167066628
59468 1656089602 1764167066653.487549 1764167066653 1764167066661
59469 1656122946 1764167066686.833984 1764167066687 1764167066694
59470 1656156290 1764167066720.180420 1764167066721 1764167066728
59471 1656189634 1764167066753.526855 1764167066753 1764167066761
59472 1656222978 1764167066786.873291 1764167066787 1764167066794
59473 1656256322 1764167066820.219727 1764167066821 1764167066828
59474 1656289666 1764167066853.566162 1764167066853 1764167066861
59475 1656323010 1764167066886.912598 1764167066887 1764167066894
59476 1656356353 1764167066920.258301 1764167066921 1764167066928
59477 1656389697 1764167066953.604736 1764167066953 1764167066961
59478 1656423041 1764167066986.951416 1764167066987 1764167066994
59479 1656456385 1764167067020.297119 1764167067021 1764167067028
59480 1656489729 1764167067053.642822 1764167067053 1764167067061
59481 1656523073 1764167067086.988525 1764167067087 1764167067094
59482 1656556417 1764167067120.334229 1764167067121 1764167067128
59483 1656589761 1764167067153.680176 1764167067153 1764167067161
59484 1656623105 1764167067187.025879 1764167067187 1764167067194
59485 1656656449 1764167067220.371826 1764167067220 1764167067228
59486 1656689793 1764167067253.717529 1764167067254 1764167067261
59487 1656723137 1764167067287.063477 1764167067287 1764167067294
59488 1656756481 1764167067320.409424 1764167067321 1764167067328
59489 1656789825 1764167067353.755371 1764167067354 1764167067361
59490 1656823168 1764167067387.100342 1764167067387 1764167067394
59491 1656856512 1764167067420.446289 1764167067421 1764167067428
59492 1656889856 1764167067453.792236 1764167067454 1764167067461
59493 1656923200 1764167067487.138184 1764167067487 1764167067494
59494 1656956544 1764167067520.484375 1764167067521 1764167067528
59495 1656989888 1764167067553.830322 1764167067554 1764167067561
59496 1657023232 1764167067587.176514 1764167067588 1764167067595
59497 1657056576 1764167067620.522461 1764167067621 1764167067628
59498 1657089920 1764167067653.868652 1764167067654 1764167067661
59499 1657123264 1764167067687.214844 1764167067688 1764167067695
59500 1657156608 1764167067720.561035 1764167067721 1764167067728
59501 1657189952 1764167067753.907227 1764167067754 1764167067761
59502 1657223296 1764167067787.253418 1764167067788 1764167067795
59503 1657256639 1764167067820.598877 1764167067820 1764167067828
59504 1657289983 1764167067853.945068 1764167067854 1764167067861
59505 1657323327 1764167067887.291260 1764167067888 1764167067895
59506 1657356671 1764167067920.637695 1764167067920 1764167067928
59507 1657390015 1764167067953.984131 1764167067954 1764167067961
59508 1657423359 1764167067987.330322 1764167067988 1764167067995
59509 1657456703 1764167068020.676758 1764167068020 1764167068028
59510 1657490047 1764167068054.023193 1764167068054 1764167068061
59511 1657523391 1764167068087.369629 1764167068088 1764167068095
59512 1657556735 1764167068120.716064 1764167068120 1764167068128
59513 1657590079 1764167068154.062500 1764167068154 1764167068161
59514 1657623423 1764167068187.408936 1764167068188 1764167068195
59515 1657656767 1764167068220.755615 1764167068220 1764167068228
59516 1657690110 1764167068254.101074 1764167068254 1764167068261
59517 1657723454 1764167068287.447754 1764167068288 1764167068295
59518 1657756798 1764167068320.794189 1764167068321 1764167068328
59519 1657790142 1764167068354.140869 1764167068354 1764167068361
59520 1657823486 1764167068387.487549 1764167068388 1764167068395
59521 1657856830 1764167068420.834229 1764167068421 1764167068428
59522 1657890174 1764167068454.180908 1764167068454 1764167068461
59523 1657923518 1764167068487.527588 1764167068488 1764167068495
59524 1657956862 1764167068520.874512 1764167068521 1764167068528
59525 1657990206 1764167068554.221191 1764167068554 1764167068561
59526 1658023550 1764167068587.568115 1764167068588 1764167068595
59527 1658056894 1764167068620.914795 1764167068621 1764167068628
59528 1658090238 1764167068654.261719 1764167068655 1764167068662
59529 1658123582 1764167068687.608643 1764167068688 1764167068695
59530 1658156925 1764167068720.954590 1764167068721 1764167068728
59531 1658190269 1764167068754.301514 1764167068755 1764167068762
59532 1658223613 1764167068787.648438 1764167068787 1764167068795
59533 1658256957 1764167068820.995605 1764167068821 1764167068828
59534 1658290301 1764167068854.342529 1764167068855 1764167068862
59535 1658323645 1764167068887.689697 1764167068887 1764167068895
59536 1658356989 1764167068921.036621 1764167068921 1764167068928
59537 1658390333 1764167068954.383789 1764167068955 1764167068962
59538 1658423677 1764167068987.730957 1764167068987 1764167068995
59539 1658457021 1764167069021.084961 1764167069021 1764167069028
59540 1658490365 1764167069054.439209 1764167069055 1764167069062
59541 1658523709 1764167069087.793701 1764167069087 1764167069095
59542 1658557053 1764167069121.147949 1764167069121 1764167069128
59543 1658590396 1764167069154.501465 1764167069155 1764167069162
59544 1658623740 1764167069187.855957 1764167069188 1764167069195
59545 1658657084 1764167069221.210693 1764167069221 1764167069228
59546 1658690428 1764167069254.565430 1764167069255 1764167069262
59547 1658723772 1764167069287.920166 1764167069288 1764167069295
59548 1658757116 1764167069321.274902 1764167069321 1764167069328
59549 1658790460 1764167069354.629883 1764167069355 1764167069362
59550 1658823804 1764167069387.984863 1764167069388 1764167069395
59551 1658857148 1764167069421.339844 1764167069421 1764167069428
59552 1658890492 1764167069454.695068 1764167069455 1764167069462
59553 1658923836 1764167069488.050293 1764167069488 1764167069495
59554 1658957180 1764167069521.405518 1764167069522 1764167069529
59555 1658990524 1764167069554.760742 1764167069554 1764167069562
59556 1659023867 1764167069588.115234 1764167069588 1764167069595
59557 1659057211 1764167069621.470703 1764167069622 1764167069629
59558 1659090555 1764167069654.826416 1764167069654 1764167069662
59559 1659123899 1764167069688.181885 1764167069688 1764167069695
59560 1659157243 1764167069721.537598 1764167069722 1764167069729
59561 1659190587 1764167069754.893555 1764167069754 1764167069762
59562 1659223931 1764167069788.249268 1764167069788 1764167069795
59563 1659257275 1764167069821.605225 1764167069822 1764167069829
59564 1659290619 1764167069854.961426 1764167069854 1764167069862
59565 1659323963 1764167069888.317383 1764167069888 1764167069895
59566 1659357307 1764167069921.673584 1764167069922 1764167069929
59567 1659390651 1764167069955.029785 1764167069954 1764167069962
59568 1659423995 1764167069988.385986 1764167069988 1764167069995
59569 1659457339 1764167070021.731445 1764167070022 1764167070029
59570 1659490682 1764167070055.075928 1764167070054 1764167070062
59571 1659524026 1764167070088.421143 1764167070088 1764167070095
59572 1659557370 1764167070121.766602 1764167070122 1764167070129
59573 1659590714 1764167070155.112061 1764167070155 1764167070162
59574 1659624058 1764167070188.457520 1764167070188 1764167070195
59575 1659657402 1764167070221.802979 1764167070222 1764167070229
59576 1659690746 1764167070255.148438 1764167070255 1764167070262
59577 1659724090 1764167070288.493896 1764167070288 1764167070295
59578 1659757434 1764167070321.839355 1764167070322 1764167070329
59579 1659790778 1764167070355.184814 1764167070355 1764167070362
59580 1659824122 1764167070388.530518 1764167070388 1764167070395
59581 1659857466 1764167070421.875977 1764167070422 1764167070429
59582 1659890810 1764167070455.221436 1764167070455 1764167070462
59583 1659924153 1764167070488.566162 1764167070489 1764167070496
59584 1659957497 1764167070521.911621 1764167070522 1764167070529
59585 1659990841 1764167070555.257324 1764167070556 1764167070566
59586 1660024185 1764167070588.602783 1764167070589 1764167070596
59587 1660057529 1764167070621.948486 1764167070621 1764167070629
59588 1660090873 1764167070655.293945 1764167070655 1764167070662
59589 1660124217 1764167070688.639648 1764167070689 1764167070696
59590 1660157561 1764167070721.985352 1764167070721 1764167070729
59591 1660190905 1764167070755.331055 1764167070755 1764167070762
59592 1660224249 1764167070788.676758 1764167070789 1764167070796
59593 1660257593 1764167070822.022461 1764167070821 1764167070829
59594 1660290937 1764167070855.368164 1764167070855 1764167070862
59595 1660324281 1764167070888.713867 1764167070889 1764167070896
59596 1660357624 1764167070922.058594 1764167070921 1764167070929
59597 1660390968 1764167070955.404297 1764167070955 1764167070962
59598 1660424312 1764167070988.750000 1764167070989 1764167070996
59599 1660457656 1764167071022.095215 1764167071021 1764167071029
59600 1660491000 1764167071055.440430 1764167071055 1764167071062
59601 1660524344 1764167071088.785645 1764167071089 1764167071096
59602 1660557688 1764167071122.130859 1764167071122 1764167071129
59603 1660591032 1764167071155.476074 1764167071155 1764167071162
59604 1660624376 1764167071188.821289 1764167071189 1764167071196
59605 1660657720 1764167071222.166504 1764167071222 1764167071229
59606 1660691064 1764167071255.511719 1764167071255 1764167071262
59607 1660724408 1764167071288.856934 1764167071289 1764167071296
59608 1660757752 1764167071322.202148 1764167071322 1764167071329
59609 1660791096 1764167071355.547363 1764167071355 1764167071362
59610 1660824439 1764167071388.891602 1764167071389 1764167071396
59611 1660857783 1764167071422.237061 1764167071422 1764167071429
59612 1660891127 1764167071455.582275 1764167071456 1764167071463
59613 1660924471 1764167071488.927490 1764167071489 1764167071496
59614 1660957815 1764167071522.272949 1764167071522 1764167071529
59615 1660991159 1764167071555.618164 1764167071556 1764167071563
59616 1661024503 1764167071588.963379 1764167071588 1764167071596
59617 1661057847 1764167071622.308838 1764167071622 1764167071629
59618 1661091191 1764167071655.654053 1764167071656 1764167071663
59619 1661124535 1764167071688.999512 1764167071688 1764167071696
59620 1661157879 1764167071722.344971 1764167071722 1764167071729
59621 1661191223 1764167071755.690186 1764167071756 1764167071763
59622 1661224567 1764167071789.035645 1764167071788 1764167071796
59623 1661257910 1764167071822.380127 1764167071822 1764167071829
59624 1661291254 1764167071855.725342 1764167071856 1764167071863
59625 1661324598 1764167071889.070801 1764167071888 1764167071896
59626 1661357942 1764167071922.416260 1764167071922 1764167071929
59627 1661391286 1764167071955.761719 1764167071956 1764167071963
59628 1661424630 1764167071989.107178 1764167071988 1764167071996
59629 1661457974 1764167072022.452148 1764167072022 1764167072029
59630 1661491318 1764167072055.797119 1764167072056 1764167072063
59631 1661524662 1764167072089.142090 1764167072089 1764167072096
59632 1661558006 1764167072122.487305 1764167072122 1764167072129
59633 1661591350 1764167072155.832275 1764167072156 1764167072163
59634 1661624694 1764167072189.177246 1764167072189 1764167072196
59635 1661658038 1764167072222.522461 1764167072222 1764167072229
59636 1661691381 1764167072255.866455 1764167072256 1764167072263
59637 1661724725 1764167072289.211426 1764167072289 1764167072296
59638 1661758069 1764167072322.556641 1764167072322 1764167072329
59639 1661791413 1764167072355.901611 1764167072356 1764167072363
59640 1661824757 1764167072389.246826 1764167072389 1764167072396
59641 1661858101 1764167072422.591797 1764167072423 1764167072430
59642 1661891445 1764167072455.937012 1764167072455 1764167072463
59643 1661924789 1764167072489.281982 1764167072489 1764167072496
59644 1661958133 1764167072522.627197 1764167072523 1764167072530
59645 1661991477 1764167072555.972168 1764167072555 1764167072563
59646 1662024821 1764167072589.317383 1764167072589 1764167072596
59647 1662058165 1764167072622.662598 1764167072623 1764167072630
59648 1662091509 1764167072656.007568 1764167072655 1764167072663
59649 1662124853 1764167072689.352783 1764167072689 1764167072696
59650 1662158196 1764167072722.697021 1764167072723 1764167072730
59651 1662191540 1764167072756.041992 1764167072755 1764167072763
59652 1662224884 1764167072789.387207 1764167072789 1764167072796
59653 1662258228 1764167072822.732422 1764167072823 1764167072830
59654 1662291572 1764167072856.077637 1764167072855 1764167072863
59655 1662324916 1764167072889.422852 1764167072889 1764167072896
59656 1662358260 1764167072922.767822 1764167072923 1764167072930
59657 1662391604 1764167072956.113037 1764167072955 1764167072963
59658 1662424948 1764167072989.458252 1764167072989 1764167072996
59659 1662458292 1764167073022.802979 1764167073023 1764167073030
59660 1662491636 1764167073056.147461 1764167073056 1764167073063
59661 1662524980 1764167073089.491943 1764167073089 1764167073096
59662 1662558324 1764167073122.836426 1764167073123 1764167073130
59663 1662591667 1764167073156.180176 1764167073156 1764167073163
59664 1662625011 1764167073189.524658 1764167073189 1764167073196
59665 1662658355 1764167073222.869141 1764167073223 1764167073230
59666 1662691699 1764167073256.213867 1764167073256 1764167073263
59667 1662725043 1764167073289.558350 1764167073289 1764167073296
59668 1662758387 1764167073322.902832 1764167073323 1764167073330
59669 1662791731 1764167073356.247559 1764167073356 1764167073363
59670 1662825075 1764167073389.592041 1764167073390 1764167073397
59671 1662858419 1764167073422.936523 1764167073423 1764167073430
59672 1662891763 1764167073456.281006 1764167073456 1764167073463
59673 1662925107 1764167073489.625732 1764167073490 1764167073497
59674 1662958451 1764167073522.970215 1764167073522 1764167073530
59675 1662991795 1764167073556.314697 1764167073556 1764167073563
59676 1663025138 1764167073589.658203 1764167073590 1764167073597
59677 1663058482 1764167073623.002930 1764167073622 1764167073630
59678 1663091826 1764167073656.347412 1764167073656 1764167073663
59679 1663125170 1764167073689.691895 1764167073690 1764167073697
59680 1663158514 1764167073723.036621 1764167073722 1764167073730
59681 1663191858 1764167073756.381104 1764167073756 1764167073763
59682 1663225202 1764167073789.725586 1764167073790 1764167073797
59683 1663258546 1764167073823.070312 1764167073822 1764167073830
59684 1663291890 1764167073856.414795 1764167073856 1764167073863
59685 1663325234 1764167073889.759277 1764167073890 1764167073897
59686 1663358578 1764167073923.103760 1764167073922 1764167073930
59687 1663391922 1764167073956.448486 1764167073956 1764167073963
59688 1663425266 1764167073989.792969 1764167073990 1764167073997
59689 1663458610 1764167074023.137451 1764167074023 1764167074030
59690 1663491953 1764167074056.480713 1764167074057 1764167074064
59691 1663525297 1764167074089.825195 1764167074090 1764167074097
59692 1663558641 1764167074123.169678 1764167074123 1764167074130
59693 1663591985 1764167074156.513916 1764167074156 1764167074163
59694 1663625329 1764167074189.858398 1764167074190 1764167074197
59695 1663658673 1764167074223.202637 1764167074223 1764167074230
59696 1663692017 1764167074256.547119 1764167074257 1764167074264
59697 1663725361 1764167074289.891602 1764167074290 1764167074297
59698 1663758705 1764167074323.235840 1764167074323 1764167074330
59699 1663792049 1764167074356.580322 1764167074357 1764167074364
59700 1663825393 1764167074389.924561 1764167074389 1764167074397
59701 1663858737 1764167074423.269043 1764167074423 1764167074430
59702 1663892081 1764167074456.613281 1764167074457 1764167074464
59703 1663925424 1764167074489.956543 1764167074489 1764167074497
59704 1663958768 1764167074523.301025 1764167074523 1764167074530
59705 1663992112 1764167074556.645264 1764167074557 1764167074564
59706 1664025456 1764167074589.989746 1764167074589 1764167074597
59707 1664058800 1764167074623.333984 1764167074623 1764167074630
59708 1664092144 1764167074656.678223 1764167074657 1764167074664
59709 1664125488 1764167074690.022705 1764167074689 1764167074697
59710 1664158832 1764167074723.366943 1764167074723 1764167074730
59711 1664192176 1764167074756.711182 1764167074757 1764167074764
59712 1664225520 1764167074790.055664 1764167074789 1764167074797
59713 1664258864 1764167074823.399902 1764167074823 1764167074830
59714 1664292208 1764167074856.744141 1764167074857 1764167074864
59715 1664325552 1764167074890.088379 1764167074890 1764167074897
59716 1664358895 1764167074923.431641 1764167074923 1764167074930
59717 1664392239 1764167074956.776123 1764167074957 1764167074964
59718 1664425583 1764167074990.120361 1764167074990 1764167074997
59719 1664458927 1764167075023.464111 1764167075023 1764167075030
59720 1664492271 1764167075056.808105 1764167075057 1764167075064
59721 1664525615 1764167075090.152100 1764167075090 1764167075097
59722 1664558959 1764167075123.495850 1764167075123 1764167075130
59723 1664592303 1764167075156.839844 1764167075157 1764167075164
59724 1664625647 1764167075190.183594 1764167075190 1764167075197
59725 1664658991 1764167075223.527344 1764167075223 1764167075230
59726 1664692335 1764167075256.871338 1764167075257 1764167075264
59727 1664725679 1764167075290.215088 1764167075290 1764167075297
59728 1664759023 1764167075323.558838 1764167075324 1764167075331
59729 1664792367 1764167075356.902588 1764167075357 1764167075364
59730 1664825710 1764167075390.245361 1764167075390 1764167075397
59731 1664859054 1764167075423.589355 1764167075424 1764167075431
59732 1664892398 1764167075456.933105 1764167075457 1764167075464
59733 1664925742 1764167075490.276855 1764167075490 1764167075497
59734 1664959086 1764167075523.620605 1764167075524 1764167075531
59735 1664992430 1764167075556.964355 1764167075556 1764167075564
59736 1665025774 1764167075590.307861 1764167075590 1764167075597
59737 1665059118 1764167075623.651611 1764167075624 1764167075631
59738 1665092462 1764167075656.995361 1764167075656 1764167075664
59739 1665125806 1764167075690.339111 1764167075690 1764167075697
59740 1665159150 1764167075723.682617 1764167075724 1764167075731
59741 1665192494 1764167075757.026367 1764167075756 1764167075764
59742 1665225838 1764167075790.370117 1764167075790 1764167075797
59743 1665259181 1764167075823.712646 1764167075824 1764167075831
59744 1665292525 1764167075857.056396 1764167075856 1764167075864
59745 1665325869 1764167075890.399902 1764167075890 1764167075897
59746 1665359213 1764167075923.743652 1764167075924 1764167075931
59747 1665392557 1764167075957.087158 1764167075956 1764167075964
59748 1665425901 1764167075990.430664 1764167075990 1764167075997
59749 1665459245 1764167076023.776611 1764167076024 1764167076031
59750 1665492589 1764167076057.122559 1764167076056 1764167076064
59751 1665525933 1764167076090.468506 1764167076090 1764167076097
59752 1665559277 1764167076123.814453 1764167076124 1764167076131
59753 1665592621 1764167076157.160156 1764167076156 1764167076164
59754 1665625965 1764167076190.506104 1764167076190 1764167076197
59755 1665659309 1764167076223.852051 1764167076224 1764167076231
59756 1665692652 1764167076257.197021 1764167076256 1764167076264
59757 1665725996 1764167076290.542969 1764167076290 1764167076297
59758 1665759340 1764167076323.888672 1764167076324 1764167076331
59759 1665792684 1764167076357.234619 1764167076357 1764167076364
59760 1665826028 1764167076390.580566 1764167076390 1764167076397
59761 1665859372 1764167076423.926514 1764167076424 1764167076431
59762 1665892716 1764167076457.272461 1764167076457 1764167076464
59763 1665926060 1764167076490.618408 1764167076490 1764167076497
59764 1665959404 1764167076523.964355 1764167076524 1764167076531
59765 1665992748 1764167076557.310303 1764167076557 1764167076564
59766 1666026092 1764167076590.656006 1764167076590 1764167076597
59767 1666059436 1764167076624.001953 1764167076624 1764167076631
59768 1666092780 1764167076657.347900 1764167076657 1764167076664
59769 1666126124 1764167076690.693848 1764167076690 1764167076697
59770 1666159467 1764167076724.038818 1764167076724 1764167076731
59771 1666192811 1764167076757.384766 1764167076757 1764167076764
59772 1666226155 1764167076790.730713 1764167076790 1764167076797
59773 1666259499 1764167076824.076660 1764167076824 1764167076831
59774 1666292843 1764167076857.422607 1764167076857 1764167076864
59775 1666326187 1764167076890.768555 1764167076890 1764167076897
59776 1666359531 1764167076924.114502 1764167076924 1764167076931
59777 1666392875 1764167076957.460449 1764167076957 1764167076964
59778 1666426219 1764167076990.806396 1764167076991 1764167076998
59779 1666459563 1764167077024.147949 1764167077024 1764167077031
59780 1666492907 1764167077057.489502 1764167077057 1764167077064
59781 1666526251 1764167077090.831055 1764167077091 1764167077098
59782 1666559595 1764167077124.172363 1764167077123 1764167077131
59783 1666592938 1764167077157.512939 1764167077157 1764167077164
59784 1666626282 1764167077190.854492 1764167077191 1764167077198
59785 1666659626 1764167077224.195801 1764167077223 1764167077231
59786 1666692970 1764167077257.537109 1764167077257 1764167077264
59787 1666726314 1764167077290.878662 1764167077291 1764167077298
59788 1666759658 1764167077324.219971 1764167077323 1764167077331
59789 1666793002 1764167077357.561279 1764167077357 1764167077364
59790 1666826346 1764167077390.902588 1764167077391 1764167077398
59791 1666859690 1764167077424.243652 1764167077423 1764167077431
59792 1666893034 1764167077457.584961 1764167077457 1764167077464
59793 1666926378 1764167077490.926270 1764167077491 1764167077498
59794 1666959722 1764167077524.267334 1764167077523 1764167077531
59795 1666993066 1764167077557.608643 1764167077557 1764167077564
59796 1667026409 1764167077590.948730 1764167077591 1764167077598
59797 1667059753 1764167077624.289795 1764167077623 1764167077631
59798 1667093097 1764167077657.630859 1764167077657 1764167077664
59799 1667126441 1764167077690.971924 1764167077691 1764167077698
59800 1667159785 1764167077724.312988 1764167077723 1764167077731
59801 1667193129 1764167077757.653809 1764167077757 1764167077764
59802 1667226473 1764167077790.994873 1764167077791 1764167077798
59803 1667259817 1764167077824.335938 1764167077823 1764167077831
59804 1667293161 1764167077857.676758 1764167077857 1764167077864
59805 1667326505 1764167077891.017578 1764167077891 1764167077898
59806 1667359849 1764167077924.358643 1764167077924 1764167077931
59807 1667393193 1764167077957.699463 1764167077957 1764167077964
59808 1667426537 1764167077991.040283 1764167077991 1764167077998
59809 1667459881 1764167078024.382080 1764167078024 1764167078031
59810 1667493224 1764167078057.723145 1764167078057 1764167078064
59811 1667526568 1764167078091.064941 1764167078091 1764167078098
59812 1667559912 1764167078124.406982 1764167078124 1764167078131
59813 1667593256 1764167078157.748779 1764167078157 1764167078164
59814 1667626600 1764167078191.090820 1764167078191 1764167078198
59815 1667659944 1764167078224.432617 1764167078224 1764167078231
59816 1667693288 1764167078257.774414 1764167078258 1764167078265
59817 1667726632 1764167078291.116211 1764167078290 1764167078298
59818 1667759976 1764167078324.458008 1764167078324 1764167078331
59819 1667793320 1764167078357.799805 1764167078358 1764167078365
59820 1667826664 1764167078391.141602 1764167078391 1764167078398
59821 1667860008 1764167078424.483398 1764167078424 1764167078431
59822 1667893352 1764167078457.825195 1764167078458 1764167078465
59823 1667926695 1764167078491.165771 1764167078490 1764167078498
59824 1667960039 1764167078524.507568 1764167078524 1764167078531
59825 1667993383 1764167078557.849365 1764167078558 1764167078565
59826 1668026727 1764167078591.190918 1764167078590 1764167078598
59827 1668060071 1764167078624.532715 1764167078624 1764167078631
59828 1668093415 1764167078657.874268 1764167078658 1764167078665
59829 1668126759 1764167078691.215820 1764167078690 1764167078698
59830 1668160103 1764167078724.557617 1764167078724 1764167078731
59831 1668193447 1764167078757.899170 1764167078758 1764167078765
59832 1668226791 1764167078791.240723 1764167078790 1764167078798
59833 1668260135 1764167078824.582275 1764167078824 1764167078831
59834 1668293479 1764167078857.923828 1764167078858 1764167078865
59835 1668326823 1764167078891.265381 1764167078891 1764167078898
59836 1668360166 1764167078924.605957 1764167078925 1764167078933
59837 1668393510 1764167078957.947510 1764167078958 1764167078965
59838 1668426854 1764167078991.289062 1764167078991 1764167078998
59839 1668460198 1764167079024.630371 1764167079024 1764167079031
59840 1668493542 1764167079057.971924 1764167079058 1764167079065
59841 1668526886 1764167079091.313232 1764167079091 1764167079098
59842 1668560230 1764167079124.654541 1764167079124 1764167079131
59843 1668593574 1764167079157.996094 1764167079158 1764167079165
59844 1668626918 1764167079191.337402 1764167079191 1764167079198
59845 1668660262 1764167079224.678711 1764167079225 1764167079232
59846 1668693606 1764167079258.019775 1764167079257 1764167079265
59847 1668726950 1764167079291.361084 1764167079291 1764167079298
59848 1668760294 1764167079324.702393 1764167079325 1764167079332
59849 1668793638 1764167079358.043457 1764167079357 1764167079365
59850 1668826981 1764167079391.383789 1764167079391 1764167079398
59851 1668860325 1764167079424.724854 1764167079425 1764167079432
59852 1668893669 1764167079458.065918 1764167079457 1764167079465
59853 1668927013 1764167079491.406982 1764167079491 1764167079498
59854 1668960357 1764167079524.748047 1764167079525 1764167079532
59855 1668993701 1764167079558.089111 1764167079557 1764167079565
59856 1669027045 1764167079591.430176 1764167079591 1764167079598
59857 1669060389 1764167079624.771240 1764167079625 1764167079632
59858 1669093733 1764167079658.112061 1764167079657 1764167079665
59859 1669127077 1764167079691.453125 1764167079691 1764167079698
59860 1669160421 1764167079724.793945 1764167079725 1764167079732
59861 1669193765 1764167079758.135010 1764167079758 1764167079765
59862 1669227109 1764167079791.475830 1764167079791 1764167079798
59863 1669260452 1764167079824.815674 1764167079825 1764167079832
59864 1669293796 1764167079858.156494 1764167079858 1764167079865
59865 1669327140 1764167079891.497314 1764167079891 1764167079898
59866 1669360484 1764167079924.837891 1764167079925 1764167079932
59867 1669393828 1764167079958.178711 1764167079958 1764167079965
59868 1669427172 1764167079991.519531 1764167079991 1764167079998
59869 1669460516 1764167080024.863525 1764167080025 1764167080032
59870 1669493860 1764167080058.206299 1764167080058 1764167080065
59871 1669527204 1764167080091.549072 1764167080092 1764167080099
59872 1669560548 1764167080124.891846 1764167080125 1764167080132
59873 1669593892 1764167080158.234619 1764167080158 1764167080165
59874 1669627236 1764167080191.577393 1764167080192 1764167080199
59875 1669660580 1764167080224.920166 1764167080224 1764167080232
59876 1669693923 1764167080258.261719 1764167080258 1764167080265
59877 1669727267 1764167080291.604492 1764167080292 1764167080299
59878 1669760611 1764167080324.947266 1764167080324 1764167080332
59879 1669793955 1764167080358.289795 1764167080358 1764167080365
59880 1669827299 1764167080391.632568 1764167080392 1764167080399
59881 1669860643 1764167080424.975098 1764167080424 1764167080432
59882 1669893987 1764167080458.317871 1764167080458 1764167080465
59883 1669927331 1764167080491.660400 1764167080492 1764167080499
59884 1669960675 1764167080525.003174 1764167080524 1764167080532
59885 1669994019 1764167080558.345703 1764167080558 1764167080565
59886 1670027363 1764167080591.688232 1764167080592 1764167080599
59887 1670060707 1764167080625.030762 1764167080624 1764167080632
59888 1670094051 1764167080658.373535 1764167080658 1764167080665
59889 1670127395 1764167080691.716064 1764167080692 1764167080699
59890 1670160738 1764167080725.057617 1764167080725 1764167080732
59891 1670194082 1764167080758.400146 1764167080758 1764167080765
59892 1670227426 1764167080791.742676 1764167080792 1764167080799
59893 1670260770 1764167080825.085205 1764167080825 1764167080832
59894 1670294114 1764167080858.427734 1764167080858 1764167080865
59895 1670327458 1764167080891.770020 1764167080892 1764167080899
59896 1670360802 1764167080925.112549 1764167080925 1764167080932
59897 1670394146 1764167080958.455078 1764167080959 1764167080966
59898 1670427490 1764167080991.797607 1764167080991 1764167080999
59899 1670460834 1764167081025.139893 1764167081025 1764167081032
59900 1670494178 1764167081058.482422 1764167081059 1764167081066
59901 1670527522 1764167081091.824951 1764167081092 1764167081099
59902 1670560866 1764167081125.167480 1764167081125 1764167081132
59903 1670594209 1764167081158.509033 1764167081159 1764167081166
59904 1670627553 1764167081191.851318 1764167081191 1764167081199
59905 1670660897 1764167081225.193848 1764167081225 1764167081232
59906 1670694241 1764167081258.536133 1764167081259 1764167081266
59907 1670727585 1764167081291.878662 1764167081291 1764167081299
59908 1670760929 1764167081325.220947 1764167081325 1764167081332
59909 1670794273 1764167081358.563232 1764167081359 1764167081366
59910 1670827617 1764167081391.905762 1764167081391 1764167081399
59911 1670860961 1764167081425.248047 1764167081425 1764167081432
59912 1670894305 1764167081458.590332 1764167081459 1764167081466
59913 1670927649 1764167081491.932617 1764167081491 1764167081499
59914 1670960993 1764167081525.274902 1764167081525 1764167081532
59915 1670994337 1764167081558.617188 1764167081559 1764167081566
59916 1671027680 1764167081591.958496 1764167081592 1764167081599
59917 1671061024 1764167081625.300537 1764167081625 1764167081632
59918 1671094368 1764167081658.642822 1764167081659 1764167081666
59919 1671127712 1764167081691.985107 1764167081692 1764167081699
59920 1671161056 1764167081725.327148 1764167081725 1764167081732
59921 1671194400 1764167081758.669434 1764167081759 1764167081766
59922 1671227744 1764167081792.011475 1764167081792 1764167081799
59923 1671261088 1764167081825.353516 1764167081825 1764167081832
59924 1671294432 1764167081858.695801 1764167081859 1764167081866
59925 1671327776 1764167081892.037842 1764167081892 1764167081899
59926 1671361120 1764167081925.379883 1764167081926 1764167081933
59927 1671394464 1764167081958.721924 1764167081959 1764167081966
59928 1671427808 1764167081992.063965 1764167081992 1764167081999
59929 1671461152 1764167082025.406006 1764167082026 1764167082033
59930 1671494495 1764167082058.748047 1764167082058 1764167082066
59931 1671527839 1764167082092.091064 1764167082092 1764167082099
59932 1671561183 1764167082125.433838 1764167082126 1764167082133
59933 1671594527 1764167082158.776855 1764167082158 1764167082166
59934 1671627871 1764167082192.119873 1764167082192 1764167082199
59935 1671661215 1764167082225.462646 1764167082226 1764167082233
59936 1671694559 1764167082258.805664 1764167082258 1764167082266
59937 1671727903 1764167082292.148682 1764167082292 1764167082299
59938 1671761247 1764167082325.491455 1764167082326 1764167082333
59939 1671794591 1764167082358.834473 1764167082358 1764167082366
59940 1671827935 1764167082392.177246 1764167082392 1764167082399
59941 1671861279 1764167082425.520020 1764167082426 1764167082433
59942 1671894623 1764167082458.863037 1764167082458 1764167082466
59943 1671927966 1764167082492.204834 1764167082492 1764167082499
59944 1671961310 1764167082525.547607 1764167082526 1764167082533
59945 1671994654 1764167082558.890381 1764167082559 1764167082566
59946 1672027998 1764167082592.233154 1764167082592 1764167082599
59947 1672061342 1764167082625.575928 1764167082626 1764167082633
59948 1672094686 1764167082658.918701 1764167082659 1764167082666
59949 1672128030 1764167082692.261475 1764167082692 1764167082699
59950 1672161374 1764167082725.604248 1764167082726 1764167082733
59951 1672194718 1764167082758.947021 1764167082759 1764167082766
59952 1672228062 1764167082792.289795 1764167082792 1764167082799
59953 1672261406 1764167082825.632568 1764167082826 1764167082833
59954 1672294750 1764167082858.975098 1764167082859 1764167082866
59955 1672328094 1764167082892.317871 1764167082893 1764167082900
59956 1672361437 1764167082925.659668 1764167082926 1764167082933
59957 1672394781 1764167082959.002197 1764167082959 1764167082966
59958 1672428125 1764167082992.344971 1764167082993 1764167083000
59959 1672461469 1764167083025.687500 1764167083025 1764167083033
59960 1672494813 1764167083059.030762 1764167083059 1764167083066
59961 1672528157 1764167083092.373779 1764167083093 1764167083100
59962 1672561501 1764167083125.717041 1764167083125 1764167083133
59963 1672594845 1764167083159.060059 1764167083159 1764167083166
59964 1672628189 1764167083192.403320 1764167083193 1764167083200
59965 1672661533 1764167083225.746338 1764167083225 1764167083233
59966 1672694877 1764167083259.089600 1764167083259 1764167083266
59967 1672728221 1764167083292.432617 1764167083293 1764167083300
59968 1672761565 1764167083325.775635 1764167083325 1764167083333
59969 1672794909 1764167083359.118652 1764167083359 1764167083366
59970 1672828252 1764167083392.460693 1764167083393 1764167083400
59971 1672861596 1764167083425.803711 1764167083426 1764167083433
59972 1672894940 1764167083459.146973 1764167083459 1764167083466
59973 1672928284 1764167083492.489990 1764167083493 1764167083500
59974 1672961628 1764167083525.833008 1764167083526 1764167083533
59975 1672994972 1764167083559.175781 1764167083559 1764167083566
59976 1673028316 1764167083592.518799 1764167083593 1764167083600
59977 1673061660 1764167083625.861816 1764167083626 1764167083633
59978 1673095004 1764167083659.204834 1764167083659 1764167083666
59979 1673128348 1764167083692.547852 1764167083693 1764167083700
59980 1673161692 1764167083725.890625 1764167083726 1764167083733
59981 1673195036 1764167083759.233643 1764167083760 1764167083767
59982 1673228380 1764167083792.576660 1764167083793 1764167083800
59983 1673261723 1764167083825.918457 1764167083826 1764167083833
59984 1673295067 1764167083859.261475 1764167083860 1764167083867
59985 1673328411 1764167083892.604248 1764167083892 1764167083900
59986 1673361755 1764167083925.947266 1764167083926 1764167083933
59987 1673395099 1764167083959.290039 1764167083960 1764167083967
59988 1673428443 1764167083992.632812 1764167083992 1764167084000
59989 1673461787 1764167084025.975830 1764167084026 1764167084033
59990 1673495131 1764167084059.319580 1764167084060 1764167084067
59991 1673528475 1764167084092.663574 1764167084092 1764167084100
59992 1673561819 1764167084126.007568 1764167084126 1764167084133
59993 1673595163 1764167084159.351318 1764167084160 1764167084167
59994 1673628507 1764167084192.695312 1764167084192 1764167084200
59995 1673661851 1764167084226.039307 1764167084226 1764167084233
59996 1673695194 1764167084259.382080 1764167084260 1764167084267
59997 1673728538 1764167084292.726074 1764167084292 1764167084300
59998 1673761882 1764167084326.069824 1764167084326 1764167084333
59999 1673795226 1764167084359.413818 1764167084360 1764167084367
60000 1673828570 1764167084392.757568 1764167084393 1764167084400
60001 1673861914 1764167084426.101562 1764167084426 1764167084433
60002 1673895258 1764167084459.445312 1764167084460 1764167084467
60003 1673928602 1764167084492.789307 1764167084493 1764167084500
60004 1673961946 1764167084526.133057 1764167084526 1764167084533
60005 1673995290 1764167084559.477051 1764167084560 1764167084567
60006 1674028634 1764167084592.820801 1764167084593 1764167084600
60007 1674061978 1764167084626.164795 1764167084627 1764167084634
60008 1674095322 1764167084659.508545 1764167084660 1764167084667
60009 1674128666 1764167084692.852295 1764167084693 1764167084700
60010 1674162009 1764167084726.195312 1764167084727 1764167084734
60011 1674195353 1764167084759.539062 1764167084759 1764167084767
60012 1674228697 1764167084792.882812 1764167084793 1764167084800
60013 1674262041 1764167084826.226807 1764167084827 1764167084834
60014 1674295385 1764167084859.570557 1764167084859 1764167084867
60015 1674328729 1764167084892.914307 1764167084893 1764167084900
60016 1674362073 1764167084926.258057 1764167084927 1764167084934
60017 1674395417 1764167084959.602051 1764167084959 1764167084967
60018 1674428761 1764167084992.945801 1764167084993 1764167085000
60019 1674462105 1764167085026.289551 1764167085027 1764167085034
60020 1674495449 1764167085059.637939 1764167085059 1764167085067
60021 1674528793 1764167085092.986572 1764167085093 1764167085100
60022 1674562137 1764167085126.334961 1764167085127 1764167085134
60023 1674595480 1764167085159.682617 1764167085159 1764167085167
60024 1674628824 1764167085193.031250 1764167085193 1764167085200
60025 1674662168 1764167085226.379883 1764167085227 1764167085234
60026 1674695512 1764167085259.728760 1764167085260 1764167085267
60027 1674728856 1764167085293.077637 1764167085293 1764167085300
60028 1674762200 1764167085326.426514 1764167085327 1764167085334
60029 1674795544 1764167085359.775391 1764167085360 1764167085367
60030 1674828888 1764167085393.124268 1764167085393 1764167085400
60031 1674862232 1764167085426.473389 1764167085427 1764167085434
60032 1674895576 1764167085459.822510 1764167085460 1764167085467
60033 1674928920 1764167085493.171631 1764167085493 1764167085500
60034 1674962264 1764167085526.520752 1764167085527 1764167085534
60035 1674995608 1764167085559.870117 1764167085560 1764167085567
60036 1675028951 1764167085593.218262 1764167085594 1764167085601
60037 1675062295 1764167085626.567627 1764167085626 1764167085634
60038 1675095639 1764167085659.916992 1764167085660 1764167085667
60039 1675128983 1764167085693.266602 1764167085694 1764167085701
60040 1675162327 1764167085726.615967 1764167085726 1764167085734
60041 1675195671 1764167085759.965576 1764167085760 1764167085767
60042 1675229015 1764167085793.315186 1764167085794 1764167085801
60043 1675262359 1764167085826.665039 1764167085826 1764167085834
60044 1675295703 1764167085860.014648 1764167085860 1764167085867
60045 1675329047 1764167085893.364502 1764167085894 1764167085901
60046 1675362391 1764167085926.714355 1764167085926 1764167085934
60047 1675395735 1764167085960.064209 1764167085960 1764167085967
60048 1675429079 1764167085993.414307 1764167085994 1764167086001
60049 1675462423 1764167086026.764160 1764167086026 1764167086034
60050 1675495766 1764167086060.108154 1764167086061 1764167086068
60051 1675529110 1764167086093.452881 1764167086094 1764167086101
60052 1675562454 1764167086126.797852 1764167086126 1764167086134
60053 1675595798 1764167086160.142822 1764167086160 1764167086167
60054 1675629142 1764167086193.487793 1764167086194 1764167086201
60055 1675662486 1764167086226.832764 1764167086227 1764167086234
60056 1675695830 1764167086260.177734 1764167086260 1764167086267
60057 1675729174 1764167086293.522705 1764167086294 1764167086301
60058 1675762518 1764167086326.867676 1764167086327 1764167086338
60059 1675795862 1764167086360.212646 1764167086360 1764167086367
60060 1675829206 1764167086393.557617 1764167086394 1764167086401
60061 1675862550 1764167086426.902588 1764167086427 1764167086434
60062 1675895894 1764167086460.247559 1764167086460 1764167086467
60063 1675929237 1764167086493.591553 1764167086494 1764167086501
60064 1675962581 1764167086526.936523 1764167086527 1764167086534
60065 1675995925 1764167086560.281494 1764167086560 1764167086567
60066 1676029269 1764167086593.626465 1764167086594 1764167086601
60067 1676095957 1764167086660.316406 1764167086660 1764167086667
60068 1676129301 1764167086693.661377 1764167086694 1764167086701
60069 1676162645 1764167086727.006348 1764167086727 1764167086734
60070 1676195989 1764167086760.351318 1764167086761 1764167086768
60071 1676229333 1764167086793.696533 1764167086793 1764167086801
60072 1676262677 1764167086827.041504 1764167086827 1764167086834
60073 1676296021 1764167086860.386475 1764167086861 1764167086868
60074 1676329365 1764167086893.731445 1764167086894 1764167086901
60075 1676362708 1764167086927.075684 1764167086927 1764167086934
60076 1676396052 1764167086960.420654 1764167086961 1764167086968
60077 1676429396 1764167086993.765625 1764167086993 1764167087001
60078 1676462740 1764167087027.110596 1764167087027 1764167087034
60079 1676496084 1764167087060.454834 1764167087061 1764167087068
60080 1676529428 1764167087093.799072 1764167087093 1764167087101
60081 1676562772 1764167087127.143311 1764167087127 1764167087134
60082 1676596116 1764167087160.487549 1764167087161 1764167087168
60083 1676629460 1764167087193.831787 1764167087193 1764167087201
60084 1676662804 1764167087227.176025 1764167087227 1764167087234
60085 1676696148 1764167087260.520264 1764167087261 1764167087268
60086 1676729492 1764167087293.864502 1764167087293 1764167087301
60087 1676762836 1764167087327.208740 1764167087327 1764167087334
60088 1676796180 1764167087360.552979 1764167087361 1764167087368
60089 1676829523 1764167087393.896240 1764167087393 1764167087401
60090 1676862867 1764167087427.240479 1764167087427 1764167087434
60091 1676896211 1764167087460.584717 1764167087461 1764167087468
60092 1676929555 1764167087493.928955 1764167087493 1764167087501
60093 1676962899 1764167087527.273193 1764167087527 1764167087534
60094 1676996243 1764167087560.617432 1764167087561 1764167087568
60095 1677029587 1764167087593.961670 1764167087593 1764167087601
60096 1677062931 1764167087627.305908 1764167087627 1764167087634
60097 1677096275 1764167087660.650146 1764167087661 1764167087668
60098 1677129619 1764167087693.994385 1764167087693 1764167087701
60099 1677162963 1764167087727.338623 1764167087727 1764167087734
60100 1677196307 1764167087760.682861 1764167087761 1764167087768
60101 1677229651 1764167087794.027100 1764167087794 1764167087801
60102 1677262994 1764167087827.370117 1764167087827 1764167087834
60103 1677296338 1764167087860.714355 1764167087861 1764167087868
60104 1677329682 1764167087894.058594 1764167087894 1764167087901
60105 1677363026 1764167087927.402832 1764167087927 1764167087934
60106 1677396370 1764167087960.747070 1764167087961 1764167087968
60107 1677429714 1764167087994.091309 1764167087994 1764167088001
60108 1677463058 1764167088027.435547 1764167088027 1764167088034
60109 1677496402 1764167088060.779053 1764167088061 1764167088068
60110 1677529746 1764167088094.122559 1764167088094 1764167088101
60111 1677563090 1764167088127.466064 1764167088127 1764167088134
60112 1677596434 1764167088160.809570 1764167088161 1764167088168
60113 1677629778 1764167088194.153076 1764167088194 1764167088201
60114 1677663122 1764167088227.496582 1764167088228 1764167088235
60115 1677696465 1764167088260.839111 1764167088261 1764167088268
60116 1677729809 1764167088294.182617 1764167088294 1764167088301
60117 1677763153 1764167088327.525879 1764167088328 1764167088335
60118 1677796497 1764167088360.869385 1764167088361 1764167088368
60119 1677829841 1764167088394.212891 1764167088394 1764167088401
60120 1677863185 1764167088427.556396 1764167088428 1764167088435
60121 1677896529 1764167088460.899902 1764167088460 1764167088468
60122 1677929873 1764167088494.243408 1764167088494 1764167088501
60123 1677963217 1764167088527.586670 1764167088528 1764167088535
60124 1677996561 1764167088560.930176 1764167088560 1764167088568
60125 1678029905 1764167088594.273682 1764167088594 1764167088601
60126 1678063249 1764167088627.616943 1764167088628 1764167088635
60127 1678096593 1764167088660.960449 1764167088660 1764167088668
60128 1678129937 1764167088694.303955 1764167088694 1764167088701
60129 1678163280 1764167088727.646240 1764167088728 1764167088735
60130 1678196624 1764167088760.989746 1764167088760 1764167088768
60131 1678229968 1764167088794.333252 1764167088794 1764167088801
60132 1678263312 1764167088827.676514 1764167088828 1764167088835
60133 1678296656 1764167088861.020020 1764167088860 1764167088868
60134 1678330000 1764167088894.363281 1764167088894 1764167088901
60135 1678363344 1764167088927.706787 1764167088928 1764167088935
60136 1678396688 1764167088961.050293 1764167088960 1764167088968
60137 1678430032 1764167088994.393555 1764167088994 1764167089001
60138 1678463376 1764167089027.737061 1764167089028 1764167089035
60139 1678496720 1764167089061.080078 1764167089060 1764167089068
60140 1678530064 1764167089094.423340 1764167089094 1764167089101
60141 1678563408 1764167089127.766357 1764167089128 1764167089135
60142 1678596751 1764167089161.108643 1764167089161 1764167089168
60143 1678630095 1764167089194.451660 1764167089194 1764167089201
60144 1678663439 1764167089227.794922 1764167089228 1764167089235
60145 1678696783 1764167089261.137939 1764167089261 1764167089268
60146 1678730127 1764167089294.481201 1764167089294 1764167089301
60147 1678763471 1764167089327.824219 1764167089328 1764167089335
60148 1678796815 1764167089361.167236 1764167089361 1764167089368
60149 1678830159 1764167089394.510498 1764167089394 1764167089401
60150 1678863503 1764167089427.853516 1764167089428 1764167089435
60151 1678896847 1764167089461.196533 1764167089461 1764167089469
60152 1678930191 1764167089494.539795 1764167089495 1764167089502
60153 1678963535 1764167089527.882812 1764167089528 1764167089535
60154 1678996879 1764167089561.225830 1764167089561 1764167089568
60155 1679030222 1764167089594.567871 1764167089594 1764167089601
60156 1679063566 1764167089627.910889 1764167089628 1764167089635
60157 1679096910 1764167089661.253906 1764167089661 1764167089668
60158 1679130254 1764167089694.597168 1764167089694 1764167089701
60159 1679163598 1764167089727.940186 1764167089728 1764167089735
60160 1679196942 1764167089761.283203 1764167089761 1764167089768
60161 1679230286 1764167089794.626221 1764167089795 1764167089802
60162 1679263630 1764167089827.969238 1764167089828 1764167089835
60163 1679296974 1764167089861.312256 1764167089861 1764167089868
60164 1679330318 1764167089894.655273 1764167089895 1764167089902
60165 1679363662 1764167089927.998291 1764167089927 1764167089935
60166 1679397006 1764167089961.341309 1764167089961 1764167089969
60167 1679430350 1764167089994.684082 1764167089995 1764167090002
60168 1679463694 1764167090028.027100 1764167090027 1764167090035
60169 1679497037 1764167090061.368896 1764167090061 1764167090068
60170 1679530381 1764167090094.711426 1764167090095 1764167090102
60171 1679563725 1764167090128.054199 1764167090127 1764167090135
60172 1679597069 1764167090161.396729 1764167090161 1764167090168
60173 1679630413 1764167090194.739502 1764167090195 1764167090202
60174 1679663757 1764167090228.082031 1764167090227 1764167090235
60175 1679697101 1764167090261.424561 1764167090261 1764167090268
60176 1679730445 1764167090294.767334 1764167090295 1764167090302
60177 1679763789 1764167090328.109863 1764167090327 1764167090335
60178 1679797133 1764167090361.452393 1764167090361 1764167090368
60179 1679830477 1764167090394.795166 1764167090395 1764167090402
60180 1679863821 1764167090428.137695 1764167090427 1764167090435
60181 1679897165 1764167090461.480225 1764167090461 1764167090468
60182 1679930508 1764167090494.821777 1764167090495 1764167090502
60183 1679963852 1764167090528.164307 1764167090527 1764167090535
60184 1679997196 1764167090561.506836 1764167090561 1764167090568
60185 1680030540 1764167090594.849365 1764167090595 1764167090602
60186 1680063884 1764167090628.191895 1764167090627 1764167090635
60187 1680097228 1764167090661.534424 1764167090661 1764167090668
60188 1680130572 1764167090694.876953 1764167090695 1764167090702
60189 1680163916 1764167090728.219482 1764167090728 1764167090735
60190 1680197260 1764167090761.562012 1764167090761 1764167090768
60191 1680230604 1764167090794.904541 1764167090795 1764167090802
60192 1680263948 1764167090828.247070 1764167090828 1764167090835
60193 1680297292 1764167090861.589600 1764167090861 1764167090868
60194 1680330636 1764167090894.931885 1764167090895 1764167090902
60195 1680363979 1764167090928.273438 1764167090928 1764167090935
60196 1680397323 1764167090961.615967 1764167090961 1764167090968
60197 1680430667 1764167090994.958496 1764167090995 1764167091002
60198 1680464011 1764167091028.300781 1764167091028 1764167091035
60199 1680497355 1764167091061.643066 1764167091061 1764167091068
60200 1680530699 1764167091094.985107 1764167091095 1764167091102
60201 1680564043 1764167091128.327148 1764167091128 1764167091135
60202 1680597387 1764167091161.669434 1764167091161 1764167091168
60203 1680630731 1764167091195.011475 1764167091195 1764167091202
60204 1680664075 1764167091228.353516 1764167091228 1764167091235
60205 1680697419 1764167091261.695557 1764167091262 1764167091269
60206 1680730763 1764167091295.037598 1764167091294 1764167091302
60207 1680764107 1764167091328.379883 1764167091329 1764167091336
60208 1680797451 1764167091361.721924 1764167091362 1764167091369
60209 1680830794 1764167091395.062988 1764167091394 1764167091402
60210 1680864138 1764167091428.405029 1764167091428 1764167091435
60211 1680897482 1764167091461.746826 1764167091462 1764167091469
60212 1680930826 1764167091495.088867 1764167091494 1764167091502
60213 1680964170 1764167091528.430908 1764167091528 1764167091535
60214 1680997514 1764167091561.772949 1764167091562 1764167091569
60215 1681030858 1764167091595.114990 1764167091594 1764167091602
60216 1681064202 1764167091628.457031 1764167091629 1764167091636
60217 1681097546 1764167091661.798828 1764167091662 1764167091669
60218 1681130890 1764167091695.140869 1764167091694 1764167091702
60219 1681164234 1764167091728.482910 1764167091728 1764167091735
60220 1681197578 1764167091761.824707 1764167091762 1764167091769
60221 1681230922 1764167091795.166748 1764167091794 1764167091802
60222 1681264265 1764167091828.507568 1764167091828 1764167091835
60223 1681297609 1764167091861.849609 1764167091862 1764167091869
60224 1681330953 1764167091895.191406 1764167091894 1764167091902
60225 1681364297 1764167091928.533447 1764167091928 1764167091935
