1764164142024377504 90714
1764164142052802432 90715
1764164142087752384 90716
1764164142123535936 90717
1764164142166467328 90718
1764164142188893568 90719
1764164142223168832 90720
1764164142256590848 90721
1764164142295426144 90722
1764164142322091104 90723
1764164142355619584 90724
1764164142389709952 90725
1764164142419266784 90726
1764164142457033632 90727
1764164142491595808 90728
1764164142519556480 90729
1764164142553220096 90730
1764164142590888640 90731
1764164142619091072 90732
1764164142656369440 90733
1764164142686807136 90734
1764164142721592960 90735
1764164142756831904 90736
1764164142794853088 90737
1764164142822096448 90738
1764164142855557856 90739
1764164142900474528 90740
1764164142923535968 90741
1764164142958743968 90742
1764164142986709536 90743
1764164143020919200 90744
1764164143055658048 90745
1764164143089770848 90746
1764164143126506816 90747
1764164143152808224 90748
1764164143187661440 90749
1764164143222337120 90750
1764164143256738304 90751
1764164143294473760 90752
1764164143319472640 90753
1764164143355225728 90754
1764164143392279072 90755
1764164143421279616 90756
1764164143456739392 90757
1764164143500305824 90758
1764164143522611872 90759
1764164143553214144 90760
1764164143587760544 90761
1764164143624236448 90762
1764164143656879616 90763
1764164143691607392 90764
1764164143725995328 90765
1764164143753842656 90766
1764164143789257824 90767
1764164143823076512 90768
1764164143852807456 90769
1764164143890335904 90770
1764164143929228928 90771
1764164143956155360 90772
1764164143990200160 90773
1764164144023058048 90774
1764164144058461792 90775
1764164144086164768 90776
1764164144121217728 90777
1764164144157721120 90778
1764164144198019072 90779
1764164144222225952 90780
1764164144262487712 90781
1764164144289187808 90782
1764164144327973440 90783
1764164144353807392 90784
1764164144388052128 90785
1764164144422849408 90786
1764164144452505824 90787
1764164144487797568 90788
1764164144518188960 90789
1764164144553648928 90790
1764164144589565696 90791
1764164144624991424 90792
1764164144650731968 90793
1764164144686019104 90794
1764164144721182368 90795
1764164144755633600 90796
1764164144798454240 90797
1764164144823188800 90798
1764164144857346080 90799
1764164144890743648 90800
1764164144923720800 90801
1764164144956014912 90802
1764164144990993568 90803
1764164145021616800 90804
1764164145057959136 90805
1764164145085551232 90806
1764164145133765024 90807
1764164145156991712 90808
1764164145191019392 90809
1764164145219028448 90810
1764164145255462048 90811
1764164145294503776 90812
1764164145319650336 90813
1764164145353945344 90814
1764164145388248672 90815
1764164145424290656 90816
1764164145461871072 90817
1764164145494772608 90818
1764164145520216256 90819
1764164145551207360 90820
1764164145586250912 90821
1764164145622301504 90822
1764164145656694976 90823
1764164145701216704 90824
1764164145722752064 90825
1764164145756811968 90826
1764164145784302176 90827
1764164145819765600 90828
1764164145854856960 90829
1764164145893540160 90830
1764164145919420128 90831
1764164145955740448 90832
1764164145990535424 90833
1764164146023934624 90834
1764164146057386336 90835
1764164146089621248 90836
1764164146123467840 90837
1764164146168054624 90838
1764164146191664512 90839
1764164146218585248 90840
1764164146252932000 90841
1764164146287967488 90842
1764164146322796640 90843
1764164146351701440 90844
1764164146386203392 90845
1764164146424134336 90846
1764164146473050912 90847
1764164146491334880 90848
1764164146524842080 90849
1764164146557021952 90850
1764164146589400256 90851
1764164146623906688 90852
1764164146665858080 90853
1764164146693314080 90854
1764164146726656288 90855
1764164146756050784 90856
1764164146789785152 90857
1764164146823042368 90858
1764164146856873408 90859
1764164146890551616 90860
1764164146918760480 90861
1764164146953920768 90862
1764164146990053344 90863
1764164147022760576 90864
1764164147057238112 90865
1764164147089927808 90866
1764164147123637632 90867
1764164147156444640 90868
1764164147190994400 90869
1764164147231720384 90870
1764164147255928416 90871
1764164147291832352 90872
1764164147325069024 90873
1764164147364001888 90874
1764164147391092000 90875
1764164147419668448 90876
1764164147455923712 90877
1764164147490108000 90878
1764164147524699968 90879
1764164147559138368 90880
1764164147591914208 90881
1764164147618116896 90882
1764164147653229696 90883
1764164147688275680 90884
1764164147723430048 90885
1764164147758168032 90886
1764164147784932128 90887
1764164147821066048 90888
1764164147855311872 90889
1764164147890855712 90890
1764164147924231456 90891
1764164147965463168 90892
1764164147988688704 90893
1764164148022482368 90894
1764164148052592832 90895
1764164148087363520 90896
1764164148123296768 90897
1764164148152443392 90898
1764164148194459424 90899
1764164148219452672 90900
1764164148253798176 90901
1764164148288428704 90902
1764164148323356768 90903
1764164148357140320 90904
1764164148392530048 90905
1764164148418797440 90906
1764164148454777408 90907
1764164148490616928 90908
1764164148530455232 90909
1764164148556316576 90910
1764164148588811616 90911
1764164148625875552 90912
1764164148652499104 90913
1764164148691265568 90914
1764164148724414496 90915
1764164148763478944 90916
1764164148799559104 90917
1764164148822602016 90918
1764164148857951968 90919
1764164148895542560 90920
1764164148933907648 90921
1764164148960894080 90922
1764164148985838208 90923
1764164149021346752 90924
1764164149058043200 90925
1764164149091418048 90926
1764164149124572640 90927
1764164149158179296 90928
1764164149187763680 90929
1764164149222287808 90930
1764164149262153056 90931
1764164149293051744 90932
1764164149320020288 90933
1764164149354957632 90934
1764164149389646720 90935
1764164149423588416 90936
1764164149457129952 90937
1764164149490576800 90938
1764164149524242944 90939
1764164149557789184 90940
1764164149591888608 90941
1764164149619872544 90942
1764164149656582816 90943
1764164149690478752 90944
1764164149724113024 90945
1764164149756768224 90946
1764164149790675776 90947
1764164149823124800 90948
1764164149857253728 90949
1764164149890029248 90950
1764164149923781696 90951
1764164149957891648 90952
1764164149990140000 90953
1764164150023418464 90954
1764164150059211680 90955
1764164150085832608 90956
1764164150120572416 90957
1764164150155736384 90958
1764164150190160480 90959
1764164150223654432 90960
1764164150259108416 90961
1764164150288782560 90962
1764164150333164224 90963
1764164150355508416 90964
1764164150385148896 90965
1764164150420825216 90966
1764164150456134560 90967
1764164150491978080 90968
1764164150521297888 90969
1764164150554802656 90970
1764164150591019072 90971
1764164150631994464 90973
1764164150657703232 90973
1764164150686227392 90974
1764164150720869280 90975
1764164150756207648 90976
1764164150790932672 90977
1764164150824323520 90978
1764164150862460256 90979
1764164150889389824 90980
1764164150917871904 90981
1764164150952586880 90982
1764164150987733664 90983
1764164151024000192 90984
1764164151057430272 90985
1764164151090700032 90986
1764164151124387040 90987
1764164151151636992 90988
1764164151186161248 90989
1764164151221480928 90990
1764164151270859360 90991
1764164151289231264 90992
1764164151324267424 90993
1764164151357248896 90994
1764164151389538720 90995
1764164151422871680 90996
1764164151457665952 90997
1764164151490713376 90998
1764164151523058560 90999
1764164151557052160 91000
1764164151585780640 91001
1764164151622830080 91002
1764164151656759744 91003
1764164151690985568 91004
1764164151725812736 91005
1764164151763659776 91006
1764164151794575392 91007
1764164151830963040 91008
1764164151866887200 91009
1764164151897553312 91010
1764164151922445024 91011
1764164151956374368 91012
1764164151990223968 91013
1764164152025918528 91014
1764164152058024448 91015
1764164152085162336 91016
1764164152120441504 91017
1764164152156464544 91018
1764164152193174560 91019
1764164152220124832 91020
1764164152255114944 91021
1764164152289644032 91022
1764164152324096192 91023
1764164152352871840 91024
1764164152388545856 91025
1764164152431618048 91026
1764164152456656448 91027
1764164152490816192 91028
1764164152524750496 91029
1764164152557972448 91030
1764164152592928064 91031
1764164152619580608 91032
1764164152654000000 91033
1764164152690139520 91034
1764164152725116640 91035
1764164152755615520 91036
1764164152790019968 91037
1764164152819978496 91038
1764164152856238688 91039
1764164152890794912 91040
1764164152919236832 91041
1764164152962005952 91042
1764164152990295072 91043
1764164153019277216 91044
1764164153053283360 91045
1764164153091036992 91046
1764164153123313856 91047
1764164153157319072 91048
1764164153186984512 91049
1764164153221070784 91050
1764164153256633728 91051
1764164153291748480 91052
1764164153324559328 91053
1764164153352833952 91054
1764164153389465312 91055
1764164153424427424 91056
1764164153452312640 91057
1764164153488625376 91058
1764164153524118336 91059
1764164153558835424 91060
1764164153585570816 91061
1764164153621266144 91062
1764164153656463392 91063
1764164153691513632 91064
1764164153724301856 91065
1764164153758225088 91066
1764164153791058656 91067
1764164153824389056 91068
1764164153852372384 91069
1764164153886903328 91070
1764164153921526432 91071
1764164153956025728 91072
1764164153990929216 91073
1764164154025325152 91074
1764164154055060768 91075
1764164154090055456 91076
1764164154124120512 91077
1764164154157742720 91078
1764164154193174144 91079
1764164154219595072 91080
1764164154254110240 91081
1764164154290613024 91082
1764164154331079744 91083
1764164154357816480 91084
1764164154392094240 91085
1764164154419625472 91086
1764164154454685280 91087
1764164154489513792 91088
1764164154524602496 91089
1764164154557899616 91090
1764164154586275744 91091
1764164154623346656 91092
1764164154657149664 91093
1764164154690398112 91094
1764164154724974464 91095
1764164154752168192 91096
1764164154786457184 91097
1764164154825536192 91098
1764164154852471040 91099
1764164154888889792 91100
1764164154924282528 91101
1764164154959261824 91102
1764164154988387840 91103
1764164155023896192 91104
1764164155057446144 91105
1764164155087369664 91106
1764164155122958304 91107
1764164155157702336 91108
1764164155191240160 91109
1764164155224315488 91110
1764164155257510464 91111
1764164155290367488 91112
1764164155325316288 91113
1764164155354363296 91114
1764164155393214464 91115
1764164155440551200 91116
1764164155456908576 91117
1764164155492089664 91118
1764164155519907680 91119
1764164155553865728 91120
1764164155589130528 91121
1764164155624867264 91122
1764164155657548288 91123
1764164155690187072 91124
1764164155723922560 91125
1764164155757390784 91126
1764164155793722368 91127
1764164155819465472 91128
1764164155856810976 91129
1764164155892148128 91130
1764164155918562112 91131
1764164155955607776 91132
1764164155990518752 91133
1764164156023703744 91134
1764164156058002368 91135
1764164156086106368 91136
1764164156129837568 91137
1764164156156778304 91138
1764164156190625568 91139
1764164156223884032 91140
1764164156257073440 91141
1764164156291313088 91142
1764164156319571040 91143
1764164156357938080 91144
1764164156386831488 91145
1764164156424125024 91146
1764164156458201984 91147
1764164156487381056 91148
1764164156521840896 91149
1764164156561900832 91150
1764164156586628640 91151
1764164156621904768 91152
1764164156656450528 91153
1764164156690748064 91154
1764164156719402688 91155
1764164156756732320 91156
1764164156791515168 91157
1764164156819298688 91158
1764164156854503840 91159
1764164156890694016 91160
1764164156924122816 91161
1764164156958117568 91162
1764164156992819968 91163
1764164157019942368 91164
1764164157056532448 91165
1764164157090832704 91166
1764164157124198240 91167
1764164157154796160 91168
1764164157192460256 91169
1764164157219535264 91170
1764164157258484800 91171
1764164157292334592 91172
1764164157323915680 91173
1764164157357850944 91174
1764164157387784768 91175
1764164157422295520 91176
1764164157462940256 91177
1764164157491626592 91178
1764164157525293216 91179
1764164157559037952 91180
1764164157592897504 91181
1764164157621935200 91182
1764164157655289088 91183
1764164157689688256 91184
1764164157739231936 91185
1764164157761826336 91186
1764164157787745824 91187
1764164157822007328 91188
1764164157855898560 91189
1764164157890921888 91190
1764164157930449984 91191
1764164157961717088 91192
1764164157986822112 91193
1764164158021821536 91194
1764164158057677472 91195
1764164158091892448 91196
1764164158120039552 91197
1764164158155829056 91198
1764164158191020928 91199
1764164158223881920 91200
1764164158257634368 91201
1764164158286846272 91202
1764164158325598400 91203
1764164158362932544 91204
1764164158389802720 91205
1764164158424298432 91206
1764164158457961216 91207
1764164158487056064 91208
1764164158521878208 91209
1764164158558609216 91210
1764164158586713280 91211
1764164158621995008 91212
1764164158658061600 91213
1764164158692149312 91214
1764164158719226112 91215
1764164158754886272 91216
1764164158791757472 91217
1764164158825837760 91218
1764164158854375456 91219
1764164158888366304 91220
1764164158922505600 91221
1764164158956806976 91222
1764164158990418560 91223
1764164159024886080 91224
1764164159058285280 91225
1764164159096762208 91226
1764164159126582368 91227
1764164159153503616 91228
1764164159191241088 91229
1764164159225091328 91230
1764164159259370496 91231
1764164159286342880 91232
1764164159321866432 91233
1764164159356293056 91234
1764164159390202368 91235
1764164159425464096 91236
1764164159452843104 91237
1764164159490487264 91238
1764164159524916448 91239
1764164159557906464 91240
1764164159592350720 91241
1764164159623299424 91242
1764164159658324992 91243
1764164159691619200 91244
1764164159724597824 91245
1764164159758017056 91246
1764164159799243296 91247
1764164159824449408 91248
1764164159859199136 91249
1764164159896653984 91250
1764164159931314144 91251
1764164159957223168 91252
1764164159989828512 91253
1764164160023689696 91254
1764164160058177536 91255
1764164160091226368 91256
1764164160126040736 91257
1764164160160364448 91258
1764164160186039072 91259
1764164160220914784 91260
1764164160256071744 91261
1764164160290084992 91262
1764164160326136576 91263
1764164160354951328 91264
1764164160389535936 91265
1764164160423700352 91266
1764164160458145568 91267
1764164160490605824 91268
1764164160524280224 91269
1764164160557892128 91270
1764164160591675456 91271
1764164160624798624 91272
1764164160659828512 91273
1764164160685952000 91274
1764164160720238208 91275
1764164160758468512 91276
1764164160806445568 91277
1764164160823796000 91278
1764164160859361472 91279
1764164160894833568 91280
1764164160926667776 91281
1764164160952611200 91282
1764164160986573344 91283
1764164161024046656 91284
1764164161058101920 91285
1764164161095180320 91286
1764164161119925312 91287
1764164161155411904 91288
1764164161189392832 91289
1764164161223296896 91290
1764164161258424416 91291
1764164161291456640 91292
1764164161323997632 91293
1764164161360180256 91294
1764164161391855456 91295
1764164161426695488 91296
1764164161453055136 91297
1764164161493888576 91298
1764164161520907648 91299
1764164161554372896 91300
1764164161589065280 91301
1764164161622853632 91302
1764164161657530016 91303
1764164161690767520 91304
1764164161724313184 91305
1764164161759992320 91306
1764164161786104672 91307
1764164161826692896 91308
1764164161860366272 91309
1764164161888066816 91310
1764164161922882592 91311
1764164161958454592 91312
1764164161992655264 91313
1764164162023472768 91314
1764164162059802656 91315
1764164162085863424 91316
1764164162121642720 91317
1764164162155769504 91318
1764164162189634112 91319
1764164162224250496 91320
1764164162258632128 91321
1764164162291420384 91322
1764164162324883424 91323
1764164162357247712 91324
1764164162390759424 91325
1764164162423573536 91326
1764164162457767904 91327
1764164162490154816 91328
1764164162524157088 91329
1764164162557373952 91330
1764164162590124352 91331
1764164162624476160 91332
1764164162657640704 91333
1764164162693330496 91334
1764164162720284704 91335
1764164162753896736 91336
1764164162788746432 91337
1764164162825328768 91338
1764164162852918880 91339
1764164162888419520 91340
1764164162926312576 91341
1764164162954341792 91342
1764164162990352192 91343
1764164163024804768 91344
1764164163057835776 91345
1764164163090419296 91346
1764164163126753184 91347
1764164163153027264 91348
1764164163191124928 91349
1764164163220348416 91350
1764164163256507552 91351
1764164163291038208 91352
1764164163325031584 91353
1764164163352255296 91354
1764164163393747456 91355
1764164163429044096 91356
1764164163459949248 91357
1764164163487872256 91358
1764164163523740192 91359
1764164163558434240 91360
1764164163591590336 91361
1764164163624954688 91362
1764164163657111616 91363
1764164163690826240 91364
1764164163724176256 91365
1764164163758175488 91366
1764164163786403968 91367
1764164163827072032 91368
1764164163853306080 91369
1764164163891401024 91370
1764164163925193120 91371
1764164163958419072 91372
1764164163987544928 91373
1764164164024062208 91374
1764164164057629120 91375
1764164164092112736 91376
1764164164119526944 91377
1764164164162068000 91378
1764164164188393696 91379
1764164164223092640 91380
1764164164257053440 91381
1764164164290692352 91382
1764164164324504864 91383
1764164164357140704 91384
1764164164391468544 91385
1764164164424596704 91386
1764164164462688288 91387
1764164164495641312 91388
1764164164545206112 91389
1764164164564161632 91390
1764164164596610048 91391
1764164164624077376 91392
1764164164659392928 91393
1764164164686178112 91394
1764164164729353408 91395
1764164164762264000 91396
1764164164788419104 91397
1764164164822943552 91398
1764164164857643200 91399
1764164164891410528 91400
1764164164925041120 91401
1764164164954233728 91402
1764164164995694400 91403
1764164165023781280 91404
1764164165059733504 91405
1764164165088641216 91406
1764164165124137248 91407
1764164165158561120 91408
1764164165192252512 91409
1764164165219687424 91410
1764164165261729760 91411
1764164165287531904 91412
1764164165328058368 91413
1764164165362933408 91414
1764164165390477760 91415
1764164165423944640 91416
1764164165458248192 91417
1764164165491151136 91418
1764164165526444512 91419
1764164165559700448 91420
1764164165589859648 91421
1764164165630148768 91422
1764164165659031648 91423
1764164165688525120 91424
1764164165722984896 91425
1764164165759025664 91426
1764164165786578656 91427
1764164165821399424 91428
1764164165863013376 91429
1764164165891430720 91430
1764164165924874560 91431
1764164165960505952 91432
1764164165985851040 91433
1764164166024276640 91434
1764164166058138720 91435
1764164166087843936 91436
1764164166122498592 91437
1764164166160517152 91438
1764164166186777984 91439
1764164166221924704 91440
1764164166261945248 91441
1764164166290495968 91442
1764164166324850592 91443
1764164166358199072 91444
1764164166391528128 91445
1764164166429047296 91446
1764164166454532896 91447
1764164166490766944 91448
1764164166525056640 91449
1764164166561480864 91450
1764164166589013728 91451
1764164166630251328 91452
1764164166661654016 91453
1764164166688046304 91454
1764164166722834432 91455
1764164166762445632 91456
1764164166788096640 91457
1764164166822931200 91458
1764164166859755456 91459
1764164166889072960 91460
1764164166923443488 91461
1764164166962085792 91462
1764164166995642656 91463
1764164167022606240 91464
1764164167056813344 91465
1764164167092599776 91466
1764164167121741184 91467
1764164167156144352 91468
1764164167190821632 91469
1764164167225102720 91470
1764164167258787296 91471
1764164167295696768 91472
1764164167327075040 91473
1764164167355527072 91474
1764164167395449312 91475
1764164167448144448 91476
1764164167479232544 91477
1764164167495387648 91478
1764164167523489632 91479
1764164167557680288 91480
1764164167591834592 91481
1764164167628534368 91482
1764164167653401216 91483
1764164167694603424 91484
1764164167719873664 91485
1764164167760833696 91486
1764164167787574112 91487
1764164167829288256 91488
1764164167854274592 91489
1764164167891016320 91490
1764164167930339936 91491
1764164167957725824 91492
1764164167992802336 91493
1764164168027656192 91494
1764164168055479072 91495
1764164168090148384 91496
1764164168127017600 91497
1764164168153761120 91498
1764164168189170656 91499
1764164168224551136 91500
1764164168257801440 91501
1764164168291019520 91502
1764164168324144800 91503
1764164168362064576 91504
1764164168390819680 91505
1764164168428241472 91506
1764164168453548128 91507
1764164168490286624 91508
1764164168524805760 91509
1764164168557845888 91510
1764164168596829824 91511
1764164168624189920 91512
1764164168657938048 91513
1764164168695442784 91514
1764164168720362016 91515
1764164168759254752 91516
1764164168787148096 91517
1764164168821883520 91518
1764164168863093568 91519
1764164168890570848 91520
1764164168927573824 91521
1764164168960102336 91522
1764164168987469696 91523
1764164169022240096 91524
1764164169063201792 91525
1764164169092041504 91526
1764164169127002336 91527
1764164169153334400 91528
1764164169188306912 91529
1764164169223195840 91530
1764164169258268064 91531
1764164169291453376 91532
1764164169325049984 91533
1764164169358710112 91534
1764164169392336800 91535
1764164169425475040 91536
1764164169462990240 91537
1764164169497870080 91538
1764164169525814624 91539
1764164169559212896 91540
1764164169586745056 91541
1764164169623920448 91542
1764164169657590112 91543
1764164169691250016 91544
1764164169724589088 91545
1764164169759296224 91546
1764164169795449216 91547
1764164169821026368 91548
1764164169864056192 91549
1764164169891057472 91550
1764164169924651456 91551
1764164169957386464 91552
1764164169995614976 91553
1764164170021486240 91554
1764164170056050272 91555
1764164170090700768 91556
1764164170127192768 91557
1764164170155844608 91558
1764164170189750560 91559
1764164170225069344 91560
1764164170258274624 91561
1764164170291907776 91562
1764164170324852096 91563
1764164170370179648 91564
1764164170392513504 91565
1764164170431668448 91566
1764164170458761376 91567
1764164170487248448 91568
1764164170521816352 91569
1764164170561773920 91570
1764164170587608224 91571
1764164170623845248 91572
1764164170659090208 91573
1764164170692057440 91574
1764164170729796288 91575
1764164170757167328 91576
1764164170791346208 91577
1764164170825281824 91578
1764164170858331904 91579
1764164170897403520 91580
1764164170928476224 91581
1764164170954632928 91582
1764164170990156896 91583
1764164171025379712 91584
1764164171053612288 91585
1764164171088406976 91586
1764164171126984224 91587
1764164171154131744 91588
1764164171188928448 91589
1764164171227167168 91590
1764164171253579392 91591
1764164171294795168 91592
1764164171331609504 91593
1764164171357566368 91594
1764164171392349984 91595
1764164171422457024 91596
1764164171459521312 91597
1764164171498258816 91598
1764164171531923904 91599
1764164171558447456 91600
1764164171591640896 91601
1764164171626216320 91602
1764164171663596064 91603
1764164171695109888 91604
1764164171729892192 91605
1764164171766183904 91606
1764164171790652480 91607
1764164171825757056 91608
1764164171858320832 91609
1764164171895520192 91610
1764164171927634400 91611
1764164171955096224 91612
1764164171991812928 91613
1764164172031169952 91614
1764164172058477696 91615
1764164172091241696 91616
1764164172124978784 91617
1764164172158455968 91618
1764164172191539392 91619
1764164172225171168 91620
1764164172258982656 91621
1764164172295511552 91622
1764164172327658304 91623
1764164172354100224 91624
1764164172391449216 91625
1764164172427510816 91626
1764164172458097504 91627
1764164172491219680 91628
1764164172524411616 91629
1764164172559042560 91630
1764164172596092064 91631
1764164172620530912 91632
1764164172665285632 91633
1764164172691418208 91634
1764164172726132032 91635
1764164172754707232 91636
1764164172795728736 91637
1764164172824905536 91638
1764164172860004960 91639
1764164172892094624 91640
1764164172926222496 91641
1764164172969835072 91642
1764164173004829056 91643
1764164173029793504 91644
1764164173082218080 91645
1764164173108129024 91646
1764164173133116320 91647
1764164173160275424 91648
1764164173189308192 91649
1764164173227557696 91650
1764164173256425344 91651
1764164173295551584 91652
1764164173330940256 91653
1764164173368841664 91654
1764164173399958336 91655
1764164173432695712 91656
1764164173462968000 91657
1764164173502132736 91658
1764164173525910784 91659
1764164173558517664 91660
1764164173597826976 91661
1764164173625994400 91662
1764164173659294272 91663
1764164173698521344 91664
1764164173724846208 91665
1764164173759507104 91666
1764164173798758944 91667
1764164173824924448 91668
1764164173857627168 91669
1764164173892361984 91670
1764164173927284480 91671
1764164173962608160 91672
1764164173987940288 91673
1764164174021924960 91674
1764164174057681056 91675
1764164174095495840 91676
1764164174131051744 91677
1764164174167533600 91678
1764164174191211008 91679
1764164174224676576 91680
1764164174259288960 91681
1764164174291322816 91682
1764164174327733568 91683
1764164174356922752 91684
1764164174395522720 91685
1764164174421585248 91686
1764164174455856704 91687
1764164174495172608 91688
1764164174523867072 91689
1764164174558665152 91690
1764164174595165472 91691
1764164174628031776 91692
1764164174656051424 91693
1764164174691571552 91694
1764164174725932896 91695
1764164174767078624 91696
1764164174792052064 91697
1764164174828357856 91698
1764164174854336160 91699
1764164174888568800 91700
1764164174924377376 91701
1764164174962479072 91702
1764164174987899008 91703
1764164175020459488 91704
1764164175055140288 91705
1764164175095882176 91706
1764164175121871776 91707
1764164175161518400 91708
1764164175188691392 91709
1764164175231554976 91710
1764164175258980288 91711
1764164175293614336 91712
1764164175321222048 91713
1764164175353958304 91714
1764164175393681792 91715
1764164175421217184 91716
1764164175459843520 91717
1764164175487372832 91718
1764164175523549600 91719
1764164175559504224 91720
1764164175588809344 91721
1764164175631806016 91722
1764164175664942752 91723
1764164175694253504 91724
1764164175720192000 91725
1764164175753363200 91726
1764164175791104416 91727
1764164175825114784 91728
1764164175858954752 91729
1764164175892085664 91730
1764164175927103008 91731
1764164175955480224 91732
1764164175990905536 91733
1764164176027435168 91734
1764164176054253952 91735
1764164176089328768 91736
1764164176133637440 91737
1764164176160790528 91738
1764164176187033728 91739
1764164176233491392 91740
1764164176257788480 91741
1764164176292101056 91742
1764164176326531776 91743
1764164176354031136 91744
1764164176399829152 91745
1764164176424372032 91746
1764164176465677312 91747
1764164176491912672 91748
1764164176520282400 91749
1764164176565886272 91750
1764164176591970144 91751
1764164176626249472 91752
1764164176659192064 91753
1764164176692627872 91754
1764164176725355072 91755
1764164176758286240 91756
1764164176798772768 91757
1764164176825650720 91758
1764164176859364320 91759
1764164176893437472 91760
1764164176920447136 91761
1764164176965133952 91762
1764164176991882304 91763
1764164177030973920 91764
1764164177058210240 91765
1764164177092080224 91766
1764164177132177120 91767
1764164177157255616 91768
1764164177199110304 91769
1764164177229136256 91770
1764164177259074368 91771
1764164177292564736 91772
1764164177331929888 91773
1764164177370100992 91774
1764164177391782464 91775
1764164177433042688 91776
1764164177459663552 91777
1764164177498746080 91778
1764164177524329760 91779
1764164177562608352 91780
1764164177587164160 91781
1764164177622188544 91782
1764164177656689184 91783
1764164177690741792 91784
1764164177725000608 91785
1764164177758460256 91786
1764164177791896032 91787
1764164177825643264 91788
1764164177858975648 91789
