65345 1852151881 1764167262720.371826 1764167262720 1764167262727
65346 1852185225 1764167262753.715820 1764167262754 1764167262761
65347 1852218569 1764167262787.059814 1764167262787 1764167262794
65348 1852251913 1764167262820.404053 1764167262820 1764167262827
65349 1852285257 1764167262853.748047 1764167262853 1764167262861
65350 1852318601 1764167262887.092041 1764167262887 1764167262894
65351 1852351945 1764167262920.436279 1764167262921 1764167262928
65352 1852385289 1764167262953.780273 1764167262953 1764167262961
65353 1852418632 1764167262987.123291 1764167262987 1764167262994
65354 1852451976 1764167263020.467285 1764167263021 1764167263028
65355 1852485320 1764167263053.811523 1764167263053 1764167263061
65356 1852518664 1764167263087.155518 1764167263087 1764167263094
65357 1852552008 1764167263120.499756 1764167263121 1764167263128
65358 1852585352 1764167263153.843750 1764167263153 1764167263161
65359 1852618696 1764167263187.187744 1764167263187 1764167263194
65360 1852652040 1764167263220.531982 1764167263221 1764167263228
65361 1852685384 1764167263253.875977 1764167263253 1764167263261
65362 1852718728 1764167263287.220215 1764167263287 1764167263294
65363 1852752072 1764167263320.564209 1764167263321 1764167263328
65364 1852785416 1764167263353.908447 1764167263353 1764167263361
65365 1852818760 1764167263387.252686 1764167263387 1764167263394
65366 1852852104 1764167263420.597168 1764167263421 1764167263428
65367 1852885447 1764167263453.940430 1764167263454 1764167263461
65368 1852918791 1764167263487.284912 1764167263487 1764167263494
65369 1852952135 1764167263520.629150 1764167263521 1764167263528
65370 1852985479 1764167263553.973633 1764167263554 1764167263561
65371 1853018823 1764167263587.317871 1764167263587 1764167263594
65372 1853052167 1764167263620.662354 1764167263621 1764167263628
65373 1853085511 1764167263654.006592 1764167263654 1764167263661
65374 1853118855 1764167263687.351074 1764167263688 1764167263695
65375 1853152199 1764167263720.695557 1764167263720 1764167263728
65376 1853185543 1764167263754.039795 1764167263754 1764167263761
65377 1853218887 1764167263787.384277 1764167263788 1764167263795
65378 1853252231 1764167263820.728760 1764167263820 1764167263828
65379 1853285575 1764167263854.072998 1764167263854 1764167263861
65380 1853318918 1764167263887.416504 1764167263888 1764167263895
65381 1853352262 1764167263920.760986 1764167263920 1764167263928
65382 1853385606 1764167263954.105469 1764167263954 1764167263961
65383 1853418950 1764167263987.449707 1764167263988 1764167263995
65384 1853452294 1764167264020.794189 1764167264020 1764167264028
65385 1853485638 1764167264054.138672 1764167264054 1764167264061
65386 1853518982 1764167264087.483154 1764167264088 1764167264095
65387 1853552326 1764167264120.827637 1764167264120 1764167264128
65388 1853585670 1764167264154.172119 1764167264154 1764167264161
65389 1853619014 1764167264187.516602 1764167264188 1764167264195
65390 1853652358 1764167264220.860840 1764167264221 1764167264228
65391 1853685702 1764167264254.205322 1764167264254 1764167264261
65392 1853719046 1764167264287.549805 1764167264288 1764167264295
65393 1853752389 1764167264320.893311 1764167264321 1764167264328
65394 1853785733 1764167264354.237793 1764167264354 1764167264361
65395 1853819077 1764167264387.581787 1764167264388 1764167264395
65396 1853852421 1764167264420.927979 1764167264421 1764167264428
65397 1853885765 1764167264454.274170 1764167264455 1764167264462
65398 1853919109 1764167264487.620117 1764167264488 1764167264495
65399 1853952453 1764167264520.966309 1764167264521 1764167264528
65400 1853985797 1764167264554.312500 1764167264555 1764167264562
65401 1854019141 1764167264587.658691 1764167264588 1764167264595
65402 1854052485 1764167264621.004883 1764167264621 1764167264628
65403 1854085829 1764167264654.351074 1764167264655 1764167264662
65404 1854119173 1764167264687.697266 1764167264687 1764167264695
65405 1854152517 1764167264721.043701 1764167264721 1764167264728
65406 1854185861 1764167264754.389893 1764167264755 1764167264762
65407 1854219204 1764167264787.735107 1764167264787 1764167264795
65408 1854252548 1764167264821.081543 1764167264821 1764167264828
65409 1854285892 1764167264854.427734 1764167264855 1764167264862
65410 1854319236 1764167264887.774170 1764167264887 1764167264895
65411 1854352580 1764167264921.120361 1764167264921 1764167264928
65412 1854385924 1764167264954.466797 1764167264955 1764167264962
65413 1854419268 1764167264987.813232 1764167264987 1764167264995
65414 1854452612 1764167265021.159668 1764167265021 1764167265028
65415 1854485956 1764167265054.505859 1764167265054 1764167265062
65416 1854519300 1764167265087.852295 1764167265088 1764167265095
65417 1854552644 1764167265121.198730 1764167265121 1764167265128
65418 1854585988 1764167265154.545166 1764167265155 1764167265162
65419 1854619332 1764167265187.891846 1764167265188 1764167265195
65420 1854652675 1764167265221.237305 1764167265221 1764167265228
65421 1854686019 1764167265254.583740 1764167265255 1764167265262
65422 1854719363 1764167265287.930176 1764167265288 1764167265295
65423 1854752707 1764167265321.276855 1764167265322 1764167265329
65424 1854786051 1764167265354.623291 1764167265354 1764167265362
65425 1854819395 1764167265387.969727 1764167265388 1764167265395
65426 1854852739 1764167265421.316895 1764167265422 1764167265429
65427 1854886083 1764167265454.664062 1764167265454 1764167265462
65428 1854919427 1764167265488.011230 1764167265488 1764167265495
65429 1854952771 1764167265521.358398 1764167265522 1764167265529
65430 1854986115 1764167265554.705811 1764167265554 1764167265562
65431 1855019459 1764167265588.052979 1764167265588 1764167265595
65432 1855052803 1764167265621.400146 1764167265622 1764167265629
65433 1855086146 1764167265654.746582 1764167265654 1764167265662
65434 1855119490 1764167265688.093750 1764167265688 1764167265695
65435 1855152834 1764167265721.441162 1764167265722 1764167265729
65436 1855186178 1764167265754.788330 1764167265754 1764167265762
65437 1855219522 1764167265788.135742 1764167265788 1764167265795
65438 1855252866 1764167265821.483154 1764167265822 1764167265829
65439 1855286210 1764167265854.830566 1764167265854 1764167265862
65440 1855319554 1764167265888.177979 1764167265888 1764167265895
65441 1855352898 1764167265921.525391 1764167265922 1764167265929
65442 1855386242 1764167265954.873047 1764167265955 1764167265962
65443 1855419586 1764167265988.220459 1764167265988 1764167265995
65444 1855452930 1764167266021.567871 1764167266022 1764167266029
65445 1855486274 1764167266054.915527 1764167266055 1764167266062
65446 1855519618 1764167266088.263184 1764167266088 1764167266095
65447 1855552961 1764167266121.609619 1764167266122 1764167266129
65448 1855586305 1764167266154.957275 1764167266155 1764167266162
65449 1855619649 1764167266188.304932 1764167266189 1764167266196
65450 1855652993 1764167266221.652588 1764167266222 1764167266229
65451 1855686337 1764167266255.000244 1764167266255 1764167266262
65452 1855719681 1764167266288.347900 1764167266289 1764167266296
65453 1855753025 1764167266321.695557 1764167266321 1764167266329
65454 1855786369 1764167266355.043213 1764167266355 1764167266362
65455 1855819713 1764167266388.391113 1764167266389 1764167266396
65456 1855853057 1764167266421.736572 1764167266421 1764167266429
65457 1855886401 1764167266455.082031 1764167266455 1764167266462
65458 1855919745 1764167266488.427490 1764167266489 1764167266496
65459 1855953089 1764167266521.773193 1764167266521 1764167266529
65460 1855986432 1764167266555.117676 1764167266555 1764167266562
65461 1856019776 1764167266588.463135 1764167266589 1764167266596
65462 1856053120 1764167266621.808594 1764167266621 1764167266629
65463 1856086464 1764167266655.154297 1764167266655 1764167266662
65464 1856119808 1764167266688.499756 1764167266689 1764167266696
65465 1856153152 1764167266721.845459 1764167266722 1764167266729
65466 1856186496 1764167266755.190918 1764167266755 1764167266762
65467 1856219840 1764167266788.536621 1764167266789 1764167266796
65468 1856253184 1764167266821.882080 1764167266822 1764167266829
65469 1856286528 1764167266855.227783 1764167266855 1764167266862
65470 1856319872 1764167266888.573242 1764167266889 1764167266896
65471 1856353216 1764167266921.918945 1764167266922 1764167266929
65472 1856386560 1764167266955.264404 1764167266956 1764167266963
65473 1856419903 1764167266988.609131 1764167266989 1764167266996
65474 1856453247 1764167267021.954834 1764167267022 1764167267029
65475 1856486591 1764167267055.300293 1764167267056 1764167267063
65476 1856519935 1764167267088.645996 1764167267088 1764167267096
65477 1856553279 1764167267121.991699 1764167267122 1764167267129
65478 1856586623 1764167267155.337402 1764167267156 1764167267163
65479 1856619967 1764167267188.682861 1764167267188 1764167267196
65480 1856653311 1764167267222.028564 1764167267222 1764167267230
65481 1856686655 1764167267255.374268 1764167267256 1764167267263
65482 1856719999 1764167267288.719971 1764167267288 1764167267296
65483 1856753343 1764167267322.065674 1764167267322 1764167267329
65484 1856786687 1764167267355.411377 1764167267356 1764167267363
65485 1856820031 1764167267388.757080 1764167267388 1764167267396
65486 1856853375 1764167267422.103027 1764167267422 1764167267429
65487 1856886718 1764167267455.447998 1764167267456 1764167267463
65488 1856920062 1764167267488.793945 1764167267489 1764167267496
65489 1856953406 1764167267522.139893 1764167267522 1764167267529
65490 1856986750 1764167267555.485840 1764167267556 1764167267563
65491 1857020094 1764167267588.831787 1764167267589 1764167267596
65492 1857053438 1764167267622.177734 1764167267622 1764167267629
65493 1857086782 1764167267655.523682 1764167267656 1764167267663
65494 1857120126 1764167267688.869873 1764167267689 1764167267696
65495 1857153470 1764167267722.215820 1764167267723 1764167267730
65496 1857186814 1764167267755.561768 1764167267756 1764167267763
65497 1857220158 1764167267788.907715 1764167267789 1764167267796
65498 1857253502 1764167267822.253906 1764167267823 1764167267830
65499 1857286846 1764167267855.599854 1764167267856 1764167267863
65500 1857320189 1764167267888.945068 1764167267889 1764167267896
65501 1857353533 1764167267922.291016 1764167267923 1764167267930
65502 1857386877 1764167267955.636963 1764167267955 1764167267963
65503 1857420221 1764167267988.983154 1764167267989 1764167267996
65504 1857453565 1764167268022.329102 1764167268023 1764167268030
65505 1857486909 1764167268055.675293 1764167268055 1764167268063
65506 1857520253 1764167268089.021484 1764167268089 1764167268096
65507 1857553597 1764167268122.367432 1764167268123 1764167268130
65508 1857586941 1764167268155.713623 1764167268155 1764167268163
65509 1857620285 1764167268189.059814 1764167268189 1764167268196
65510 1857653629 1764167268222.405762 1764167268223 1764167268230
65511 1857686973 1764167268255.751953 1764167268255 1764167268263
65512 1857720317 1764167268289.098145 1764167268289 1764167268296
65513 1857753660 1764167268322.443115 1764167268323 1764167268330
65514 1857787004 1764167268355.789307 1764167268356 1764167268363
65515 1857820348 1764167268389.135498 1764167268389 1764167268396
65516 1857853692 1764167268422.481201 1764167268423 1764167268430
65517 1857887036 1764167268455.826904 1764167268456 1764167268463
65518 1857920380 1764167268489.172607 1764167268489 1764167268496
65519 1857953724 1764167268522.518311 1764167268523 1764167268530
65520 1857987068 1764167268555.864014 1764167268556 1764167268563
65521 1858020412 1764167268589.209961 1764167268589 1764167268598
65522 1858053756 1764167268622.555664 1764167268623 1764167268630
65523 1858087100 1764167268655.901367 1764167268656 1764167268663
65524 1858120444 1764167268689.247070 1764167268690 1764167268697
65525 1858153788 1764167268722.592773 1764167268722 1764167268730
65526 1858187132 1764167268755.938477 1764167268756 1764167268763
65527 1858220475 1764167268789.283447 1764167268790 1764167268797
65528 1858253819 1764167268822.629150 1764167268822 1764167268830
65529 1858287163 1764167268855.974854 1764167268856 1764167268863
65530 1858320507 1764167268889.320557 1764167268890 1764167268897
65531 1858353851 1764167268922.666504 1764167268922 1764167268930
65532 1858387195 1764167268956.012207 1764167268956 1764167268963
65533 1858420539 1764167268989.357910 1764167268990 1764167268997
65534 1858453883 1764167269022.703857 1764167269022 1764167269031
65535 1858487227 1764167269056.049561 1764167269056 1764167269063
65536 1858520571 1764167269089.395508 1764167269090 1764167269097
65537 1858553915 1764167269122.741211 1764167269123 1764167269130
65538 1858587259 1764167269156.086914 1764167269156 1764167269163
65539 1858620603 1764167269189.432861 1764167269190 1764167269197
65540 1858653946 1764167269222.777588 1764167269223 1764167269230
65541 1858687290 1764167269256.123535 1764167269256 1764167269263
65542 1858720634 1764167269289.469238 1764167269290 1764167269297
65543 1858753978 1764167269322.815186 1764167269323 1764167269330
65544 1858787322 1764167269356.160889 1764167269356 1764167269363
65545 1858820666 1764167269389.506836 1764167269390 1764167269397
65546 1858854010 1764167269422.853516 1764167269423 1764167269430
65547 1858887354 1764167269456.200195 1764167269457 1764167269464
65548 1858920698 1764167269489.546631 1764167269490 1764167269497
65549 1858954042 1764167269522.893311 1764167269523 1764167269530
65550 1858987386 1764167269556.239990 1764167269557 1764167269564
65551 1859020730 1764167269589.586914 1764167269589 1764167269597
65552 1859054074 1764167269622.933594 1764167269623 1764167269630
65553 1859087417 1764167269656.279297 1764167269657 1764167269664
65554 1859120761 1764167269689.625977 1764167269689 1764167269697
65555 1859154105 1764167269722.972656 1764167269723 1764167269730
65556 1859187449 1764167269756.319336 1764167269757 1764167269764
65557 1859220793 1764167269789.666260 1764167269789 1764167269797
65558 1859254137 1764167269823.012939 1764167269823 1764167269830
65559 1859287481 1764167269856.359863 1764167269857 1764167269864
65560 1859320825 1764167269889.706543 1764167269889 1764167269897
65561 1859354169 1764167269923.053467 1764167269923 1764167269930
65562 1859387513 1764167269956.400146 1764167269957 1764167269964
65563 1859420857 1764167269989.747070 1764167269990 1764167269997
65564 1859454201 1764167270023.093994 1764167270023 1764167270030
65565 1859487545 1764167270056.440918 1764167270057 1764167270064
65566 1859520889 1764167270089.787842 1764167270090 1764167270097
65567 1859554232 1764167270123.133545 1764167270124 1764167270131
65568 1859587576 1764167270156.480469 1764167270157 1764167270164
65569 1859620920 1764167270189.827393 1764167270190 1764167270197
65570 1859654264 1764167270223.174316 1764167270224 1764167270231
65571 1859687608 1764167270256.521240 1764167270256 1764167270264
65572 1859720952 1764167270289.868408 1764167270290 1764167270297
65573 1859754296 1764167270323.215332 1764167270324 1764167270331
65574 1859787640 1764167270356.562256 1764167270356 1764167270364
65575 1859820984 1764167270389.909180 1764167270390 1764167270397
65576 1859854328 1764167270423.258545 1764167270424 1764167270431
65577 1859887672 1764167270456.607666 1764167270456 1764167270464
65578 1859921016 1764167270489.956787 1764167270490 1764167270497
65579 1859954360 1764167270523.306152 1764167270524 1764167270531
65580 1859987703 1764167270556.654297 1764167270556 1764167270564
65581 1860021047 1764167270590.003662 1764167270590 1764167270597
65582 1860054391 1764167270623.353027 1764167270624 1764167270631
65583 1860087735 1764167270656.702393 1764167270656 1764167270664
65584 1860121079 1764167270690.051758 1764167270690 1764167270697
65585 1860154423 1764167270723.401123 1764167270724 1764167270731
65586 1860187767 1764167270756.750488 1764167270756 1764167270764
65587 1860221111 1764167270790.100098 1764167270790 1764167270797
65588 1860254455 1764167270823.449463 1764167270824 1764167270831
65589 1860287799 1764167270856.798828 1764167270857 1764167270864
65590 1860321143 1764167270890.148438 1764167270890 1764167270897
65591 1860354487 1764167270923.498047 1764167270924 1764167270931
65592 1860387831 1764167270956.847412 1764167270957 1764167270964
65593 1860421174 1764167270990.196045 1764167270991 1764167270998
65594 1860454518 1764167271023.545654 1764167271024 1764167271031
65595 1860487862 1764167271056.895264 1764167271057 1764167271064
65596 1860521206 1764167271090.244873 1764167271091 1764167271098
65597 1860554550 1764167271123.594482 1764167271124 1764167271131
65598 1860587894 1764167271156.944336 1764167271157 1764167271164
65599 1860621238 1764167271190.293945 1764167271191 1764167271198
65600 1860654582 1764167271223.643799 1764167271223 1764167271231
65601 1860687926 1764167271256.993408 1764167271257 1764167271264
65602 1860721270 1764167271290.343262 1764167271291 1764167271298
65603 1860754614 1764167271323.693115 1764167271323 1764167271331
65604 1860787958 1764167271357.042969 1764167271357 1764167271364
65605 1860821302 1764167271390.392578 1764167271391 1764167271398
65606 1860854646 1764167271423.738037 1764167271423 1764167271431
65607 1860887989 1764167271457.082275 1764167271457 1764167271464
65608 1860921333 1764167271490.427734 1764167271491 1764167271498
65609 1860954677 1764167271523.772949 1764167271523 1764167271531
65610 1860988021 1764167271557.118408 1764167271557 1764167271564
65611 1861021365 1764167271590.463623 1764167271591 1764167271598
65612 1861054709 1764167271623.808838 1764167271624 1764167271631
65613 1861088053 1764167271657.154297 1764167271657 1764167271664
65614 1861121397 1764167271690.499512 1764167271691 1764167271698
65615 1861154741 1764167271723.844727 1764167271724 1764167271731
65616 1861188085 1764167271757.189941 1764167271757 1764167271764
65617 1861221429 1764167271790.535400 1764167271791 1764167271798
65618 1861254773 1764167271823.880615 1764167271824 1764167271831
65619 1861288117 1764167271857.225830 1764167271857 1764167271865
65620 1861321460 1764167271890.570068 1764167271891 1764167271898
65621 1861354804 1764167271923.915283 1764167271924 1764167271931
65622 1861388148 1764167271957.260498 1764167271958 1764167271965
65623 1861421492 1764167271990.605713 1764167271990 1764167271998
65624 1861454836 1764167272023.950928 1764167272024 1764167272031
65625 1861488180 1764167272057.296143 1764167272058 1764167272065
65626 1861521524 1764167272090.641357 1764167272090 1764167272098
65627 1861554868 1764167272123.986572 1764167272124 1764167272131
65628 1861588212 1764167272157.331787 1764167272158 1764167272165
65629 1861621556 1764167272190.676758 1764167272190 1764167272198
65630 1861654900 1764167272224.021973 1764167272224 1764167272231
65631 1861688244 1764167272257.367188 1764167272258 1764167272265
65632 1861721588 1764167272290.712402 1764167272290 1764167272298
65633 1861754931 1764167272324.056396 1764167272324 1764167272331
65634 1861788275 1764167272357.401611 1764167272358 1764167272365
65635 1861821619 1764167272390.746826 1764167272391 1764167272398
65636 1861854963 1764167272424.092529 1764167272424 1764167272431
65637 1861888307 1764167272457.438477 1764167272458 1764167272465
65638 1861921651 1764167272490.784180 1764167272491 1764167272498
65639 1861954995 1764167272524.130127 1764167272524 1764167272531
65640 1861988339 1764167272557.475830 1764167272558 1764167272565
65641 1862021683 1764167272590.821533 1764167272591 1764167272598
65642 1862055027 1764167272624.167480 1764167272624 1764167272631
65643 1862088371 1764167272657.513184 1764167272658 1764167272665
65644 1862121715 1764167272690.859131 1764167272691 1764167272698
65645 1862155059 1764167272724.204834 1764167272725 1764167272732
65646 1862188403 1764167272757.550537 1764167272758 1764167272765
65647 1862221746 1764167272790.895508 1764167272791 1764167272798
65648 1862255090 1764167272824.241211 1764167272825 1764167272832
65649 1862288434 1764167272857.587158 1764167272857 1764167272865
65650 1862321778 1764167272890.932861 1764167272891 1764167272898
65651 1862355122 1764167272924.278564 1764167272925 1764167272932
65652 1862388466 1764167272957.624512 1764167272957 1764167272965
65653 1862421810 1764167272990.970215 1764167272991 1764167272998
65654 1862455154 1764167273024.315918 1764167273025 1764167273032
65655 1862488498 1764167273057.661621 1764167273057 1764167273065
65656 1862521842 1764167273091.007568 1764167273091 1764167273099
65657 1862555186 1764167273124.353271 1764167273125 1764167273132
65658 1862588530 1764167273157.698975 1764167273157 1764167273165
65659 1862621874 1764167273191.044922 1764167273191 1764167273198
65660 1862655217 1764167273224.389648 1764167273225 1764167273232
65661 1862688561 1764167273257.735352 1764167273258 1764167273265
65662 1862721905 1764167273291.081055 1764167273291 1764167273298
65663 1862755249 1764167273324.427002 1764167273325 1764167273332
65664 1862788593 1764167273357.772705 1764167273358 1764167273365
65665 1862821937 1764167273391.118408 1764167273391 1764167273398
65666 1862855281 1764167273424.474365 1764167273425 1764167273432
65667 1862888625 1764167273457.830566 1764167273458 1764167273465
65668 1862921969 1764167273491.186768 1764167273491 1764167273498
65669 1862955313 1764167273524.543213 1764167273525 1764167273532
65670 1862988657 1764167273557.899658 1764167273558 1764167273565
65671 1863022001 1764167273591.256348 1764167273592 1764167273599
65672 1863055345 1764167273624.613037 1764167273624 1764167273632
65673 1863088688 1764167273657.968994 1764167273658 1764167273665
65674 1863122032 1764167273691.326172 1764167273692 1764167273699
65675 1863155376 1764167273724.683350 1764167273724 1764167273732
65676 1863188720 1764167273758.040527 1764167273758 1764167273765
65677 1863222064 1764167273791.397949 1764167273792 1764167273799
65678 1863255408 1764167273824.755615 1764167273824 1764167273832
65679 1863288752 1764167273858.113281 1764167273858 1764167273865
65680 1863322096 1764167273891.471191 1764167273892 1764167273899
65681 1863355440 1764167273924.829102 1764167273924 1764167273932
65682 1863388784 1764167273958.187256 1764167273958 1764167273965
65683 1863422128 1764167273991.545410 1764167273992 1764167273999
65684 1863455472 1764167274024.903809 1764167274024 1764167274032
65685 1863488816 1764167274058.262207 1764167274058 1764167274065
65686 1863522160 1764167274091.620850 1764167274092 1764167274101
65687 1863555503 1764167274124.978516 1764167274125 1764167274132
65688 1863588847 1764167274158.337402 1764167274158 1764167274165
65689 1863622191 1764167274191.696289 1764167274192 1764167274199
65690 1863655535 1764167274225.055420 1764167274225 1764167274232
65691 1863688879 1764167274258.414795 1764167274258 1764167274265
65692 1863722223 1764167274291.774170 1764167274292 1764167274299
65693 1863755567 1764167274325.133545 1764167274325 1764167274332
65694 1863788911 1764167274358.493408 1764167274359 1764167274366
65695 1863822255 1764167274391.853027 1764167274392 1764167274399
65696 1863855599 1764167274425.199219 1764167274425 1764167274432
65697 1863888943 1764167274458.545654 1764167274459 1764167274466
65698 1863922287 1764167274491.891846 1764167274491 1764167274499
65699 1863955631 1764167274525.238281 1764167274525 1764167274532
65700 1863988974 1764167274558.583496 1764167274559 1764167274566
65701 1864022318 1764167274591.929688 1764167274591 1764167274599
65702 1864055662 1764167274625.276123 1764167274625 1764167274632
65703 1864089006 1764167274658.622314 1764167274659 1764167274666
65704 1864122350 1764167274691.968506 1764167274691 1764167274699
65705 1864155694 1764167274725.314697 1764167274725 1764167274733
65706 1864189038 1764167274758.661133 1764167274759 1764167274766
65707 1864222382 1764167274792.007324 1764167274791 1764167274799
65708 1864255726 1764167274825.353516 1764167274825 1764167274832
65709 1864289070 1764167274858.699707 1764167274858 1764167274866
65710 1864322414 1764167274892.045898 1764167274892 1764167274899
65711 1864355758 1764167274925.392090 1764167274925 1764167274932
65712 1864389102 1764167274958.738525 1764167274959 1764167274966
65713 1864422445 1764167274992.083740 1764167274992 1764167274999
65714 1864455789 1764167275025.429932 1764167275025 1764167275032
65715 1864489133 1764167275058.776123 1764167275059 1764167275066
65716 1864522477 1764167275092.122314 1764167275092 1764167275099
65717 1864555821 1764167275125.468506 1764167275126 1764167275133
65718 1864589165 1764167275158.814453 1764167275159 1764167275166
65719 1864622509 1764167275192.160645 1764167275192 1764167275199
65720 1864655853 1764167275225.506836 1764167275226 1764167275233
65721 1864689197 1764167275258.853027 1764167275258 1764167275266
65722 1864722541 1764167275292.199219 1764167275292 1764167275299
65723 1864755885 1764167275325.545410 1764167275326 1764167275333
65724 1864789229 1764167275358.891602 1764167275358 1764167275366
65725 1864822573 1764167275392.237549 1764167275392 1764167275399
65726 1864855917 1764167275425.584229 1764167275426 1764167275433
65727 1864889260 1764167275458.929688 1764167275458 1764167275466
65728 1864922604 1764167275492.276367 1764167275492 1764167275499
65729 1864955948 1764167275525.622803 1764167275526 1764167275533
65730 1864989292 1764167275558.969482 1764167275559 1764167275566
65731 1865022636 1764167275592.315918 1764167275592 1764167275599
65732 1865055980 1764167275625.662598 1764167275626 1764167275633
65733 1865089324 1764167275659.009033 1764167275658 1764167275666
65734 1865122668 1764167275692.355713 1764167275692 1764167275699
65735 1865156012 1764167275725.702148 1764167275726 1764167275733
65736 1865189356 1764167275759.048584 1764167275759 1764167275766
65737 1865222700 1764167275792.395264 1764167275792 1764167275799
65738 1865256044 1764167275825.741699 1764167275826 1764167275833
65739 1865289388 1764167275859.088135 1764167275859 1764167275866
65740 1865322731 1764167275892.433838 1764167275892 1764167275899
65741 1865356075 1764167275925.780273 1764167275926 1764167275933
65742 1865389419 1764167275959.126709 1764167275959 1764167275966
65743 1865422763 1764167275992.473145 1764167275993 1764167276000
65744 1865456107 1764167276025.819824 1764167276026 1764167276033
65745 1865489451 1764167276059.166260 1764167276059 1764167276066
65746 1865522795 1764167276092.512695 1764167276093 1764167276100
65747 1865556139 1764167276125.859131 1764167276125 1764167276133
65748 1865589483 1764167276159.205566 1764167276159 1764167276166
65749 1865622827 1764167276192.552246 1764167276193 1764167276200
65750 1865656171 1764167276225.898682 1764167276226 1764167276233
65751 1865689515 1764167276259.245117 1764167276259 1764167276266
65752 1865722859 1764167276292.591553 1764167276293 1764167276300
65753 1865756202 1764167276325.937012 1764167276325 1764167276333
65754 1865789546 1764167276359.283447 1764167276359 1764167276366
65755 1865822890 1764167276392.629883 1764167276393 1764167276400
65756 1865856234 1764167276425.976562 1764167276425 1764167276433
65757 1865889578 1764167276459.322998 1764167276459 1764167276466
65758 1865922922 1764167276492.669678 1764167276493 1764167276500
65759 1865956266 1764167276526.016113 1764167276526 1764167276533
65760 1865989610 1764167276559.362793 1764167276559 1764167276566
65761 1866022954 1764167276592.709473 1764167276593 1764167276600
65762 1866056298 1764167276626.055908 1764167276626 1764167276633
65763 1866089642 1764167276659.402588 1764167276659 1764167276666
65764 1866122986 1764167276692.749023 1764167276693 1764167276700
65765 1866156330 1764167276726.095703 1764167276726 1764167276733
65766 1866189674 1764167276759.442139 1764167276759 1764167276766
65767 1866223017 1764167276792.787598 1764167276793 1764167276800
65768 1866256361 1764167276826.134277 1764167276826 1764167276833
65769 1866289705 1764167276859.480713 1764167276860 1764167276867
65770 1866323049 1764167276892.827393 1764167276893 1764167276900
65771 1866356393 1764167276926.173828 1764167276926 1764167276933
65772 1866389737 1764167276959.520264 1764167276960 1764167276967
65773 1866423081 1764167276992.866943 1764167276992 1764167277000
65774 1866456425 1764167277026.213379 1764167277026 1764167277033
65775 1866489769 1764167277059.560059 1764167277059 1764167277067
65776 1866523113 1764167277092.906494 1764167277092 1764167277100
65777 1866556457 1764167277126.252930 1764167277126 1764167277133
65778 1866589801 1764167277159.599365 1764167277160 1764167277167
65779 1866623145 1764167277192.946045 1764167277192 1764167277200
65780 1866656488 1764167277226.291504 1764167277226 1764167277233
65781 1866689832 1764167277259.637939 1764167277260 1764167277267
65782 1866723176 1764167277292.984375 1764167277292 1764167277300
65783 1866756520 1764167277326.331055 1764167277326 1764167277333
65784 1866789864 1764167277359.677490 1764167277360 1764167277367
65785 1866823208 1764167277393.023926 1764167277393 1764167277400
65786 1866856552 1764167277426.370117 1764167277426 1764167277433
65787 1866889896 1764167277459.716309 1764167277460 1764167277467
65788 1866923240 1764167277493.062744 1764167277493 1764167277500
65789 1866956584 1764167277526.408936 1764167277526 1764167277533
65790 1866989928 1764167277559.755127 1764167277560 1764167277567
65791 1867023272 1764167277593.101318 1764167277593 1764167277600
65792 1867056616 1764167277626.447510 1764167277627 1764167277634
65793 1867089959 1764167277659.792725 1764167277660 1764167277667
65794 1867123303 1764167277693.138916 1764167277693 1764167277700
65795 1867156647 1764167277726.485107 1764167277727 1764167277734
65796 1867189991 1764167277759.831299 1764167277759 1764167277767
65797 1867223335 1764167277793.177490 1764167277793 1764167277800
65798 1867256679 1764167277826.523682 1764167277827 1764167277834
65799 1867290023 1764167277859.869873 1764167277859 1764167277867
65800 1867323367 1764167277893.216064 1764167277893 1764167277900
65801 1867356711 1764167277926.562012 1764167277927 1764167277934
65802 1867390055 1764167277959.908203 1764167277959 1764167277967
65803 1867423399 1764167277993.254395 1764167277993 1764167278000
65804 1867456743 1764167278026.600586 1764167278027 1764167278034
65805 1867490087 1764167278059.946777 1764167278059 1764167278067
65806 1867523431 1764167278093.292725 1764167278093 1764167278100
65807 1867556774 1764167278126.637939 1764167278127 1764167278134
65808 1867590118 1764167278159.984131 1764167278160 1764167278167
65809 1867623462 1764167278193.330078 1764167278193 1764167278200
65810 1867656806 1764167278226.676270 1764167278227 1764167278234
65811 1867690150 1764167278260.022217 1764167278260 1764167278267
65812 1867723494 1764167278293.368408 1764167278293 1764167278300
65813 1867756838 1764167278326.714600 1764167278327 1764167278334
65814 1867790182 1764167278360.060547 1764167278360 1764167278367
65815 1867823526 1764167278393.406738 1764167278394 1764167278401
65816 1867856870 1764167278426.754639 1764167278427 1764167278434
65817 1867890214 1764167278460.102539 1764167278460 1764167278467
65818 1867923558 1764167278493.450439 1764167278494 1764167278501
65819 1867956902 1764167278526.798340 1764167278527 1764167278534
65820 1867990245 1764167278560.145264 1764167278560 1764167278567
65821 1868023589 1764167278593.493164 1764167278594 1764167278601
65822 1868056933 1764167278626.841309 1764167278626 1764167278634
65823 1868090277 1764167278660.189209 1764167278660 1764167278667
65824 1868123621 1764167278693.537109 1764167278694 1764167278701
65825 1868156965 1764167278726.885010 1764167278726 1764167278734
65826 1868190309 1764167278760.233154 1764167278760 1764167278767
65827 1868223653 1764167278793.581055 1764167278794 1764167278801
65828 1868256997 1764167278826.928955 1764167278826 1764167278834
65829 1868290341 1764167278860.277100 1764167278860 1764167278867
65830 1868323685 1764167278893.625000 1764167278894 1764167278901
65831 1868357029 1764167278926.973145 1764167278926 1764167278934
65832 1868390373 1764167278960.321045 1764167278960 1764167278967
65833 1868423716 1764167278993.667969 1764167278994 1764167279001
65834 1868457060 1764167279027.016113 1764167279027 1764167279034
65835 1868490404 1764167279060.364014 1764167279060 1764167279067
65836 1868523748 1764167279093.712158 1764167279094 1764167279101
65837 1868557092 1764167279127.060303 1764167279127 1764167279134
65838 1868590436 1764167279160.408203 1764167279160 1764167279167
65839 1868623780 1764167279193.756348 1764167279194 1764167279201
65840 1868657124 1764167279227.104248 1764167279227 1764167279234
65841 1868690468 1764167279260.452393 1764167279261 1764167279268
65842 1868723812 1764167279293.800537 1764167279294 1764167279301
65843 1868757156 1764167279327.148438 1764167279327 1764167279334
65844 1868790500 1764167279360.496582 1764167279361 1764167279368
65845 1868823844 1764167279393.844727 1764167279393 1764167279401
65846 1868857188 1764167279427.194336 1764167279427 1764167279434
65847 1868890531 1764167279460.543213 1764167279461 1764167279468
65848 1868923875 1764167279493.893066 1764167279493 1764167279501
65849 1868957219 1764167279527.242676 1764167279527 1764167279534
65850 1868990563 1764167279560.592529 1764167279561 1764167279568
65851 1869023907 1764167279593.942383 1764167279593 1764167279601
65852 1869057251 1764167279627.292236 1764167279627 1764167279634
65853 1869090595 1764167279660.642090 1764167279661 1764167279668
65854 1869123939 1764167279693.991943 1764167279693 1764167279701
65855 1869157283 1764167279727.342041 1764167279727 1764167279734
65856 1869190627 1764167279760.691895 1764167279761 1764167279768
65857 1869223971 1764167279794.041748 1764167279793 1764167279801
65858 1869257315 1764167279827.391846 1764167279827 1764167279834
65859 1869290659 1764167279860.741699 1764167279861 1764167279868
65860 1869324002 1764167279894.090820 1764167279894 1764167279901
65861 1869357346 1764167279927.440674 1764167279927 1764167279934
65862 1869390690 1764167279960.790771 1764167279961 1764167279968
65863 1869424034 1764167279994.140869 1764167279994 1764167280001
65864 1869457378 1764167280027.490723 1764167280028 1764167280035
65865 1869490722 1764167280060.840820 1764167280061 1764167280068
65866 1869524066 1764167280094.190918 1764167280094 1764167280101
65867 1869557410 1764167280127.541016 1764167280128 1764167280135
65868 1869590754 1764167280160.891113 1764167280160 1764167280168
65869 1869624098 1764167280194.241211 1764167280194 1764167280201
65870 1869657442 1764167280227.591553 1764167280228 1764167280235
65871 1869690786 1764167280260.941650 1764167280260 1764167280268
65872 1869724130 1764167280294.291748 1764167280294 1764167280301
65873 1869757473 1764167280327.640869 1764167280328 1764167280335
65874 1869790817 1764167280360.991211 1764167280360 1764167280368
65875 1869824161 1764167280394.341309 1764167280394 1764167280401
65876 1869857505 1764167280427.688477 1764167280428 1764167280435
65877 1869890849 1764167280461.035156 1764167280460 1764167280468
65878 1869924193 1764167280494.381592 1764167280494 1764167280501
65879 1869957537 1764167280527.728271 1764167280528 1764167280535
65880 1869990881 1764167280561.074707 1764167280560 1764167280568
65881 1870024225 1764167280594.421143 1764167280594 1764167280601
65882 1870057569 1764167280627.767822 1764167280628 1764167280635
65883 1870090913 1764167280661.114258 1764167280661 1764167280668
65884 1870124257 1764167280694.460938 1764167280694 1764167280701
65885 1870157601 1764167280727.807373 1764167280728 1764167280735
65886 1870190945 1764167280761.154053 1764167280761 1764167280768
65887 1870224288 1764167280794.499512 1764167280794 1764167280801
65888 1870257632 1764167280827.845947 1764167280828 1764167280835
65889 1870290976 1764167280861.192627 1764167280861 1764167280868
65890 1870324320 1764167280894.539062 1764167280895 1764167280902
65891 1870357664 1764167280927.885498 1764167280928 1764167280935
65892 1870391008 1764167280961.232178 1764167280961 1764167280968
65893 1870424352 1764167280994.578613 1764167280995 1764167281002
65894 1870457696 1764167281027.925293 1764167281027 1764167281037
65895 1870491040 1764167281061.271729 1764167281061 1764167281068
65896 1870524384 1764167281094.618164 1764167281095 1764167281102
65897 1870557728 1764167281127.964844 1764167281127 1764167281135
65898 1870591072 1764167281161.311279 1764167281161 1764167281169
65899 1870624416 1764167281194.657715 1764167281195 1764167281202
65900 1870657759 1764167281228.003418 1764167281227 1764167281235
65901 1870691103 1764167281261.349854 1764167281261 1764167281268
65902 1870724447 1764167281294.696289 1764167281295 1764167281302
65903 1870757791 1764167281328.042725 1764167281327 1764167281335
65904 1870791135 1764167281361.389404 1764167281361 1764167281368
65905 1870824479 1764167281394.735840 1764167281395 1764167281402
65906 1870857823 1764167281428.082275 1764167281428 1764167281435
65907 1870891167 1764167281461.429443 1764167281461 1764167281468
65908 1870924511 1764167281494.776367 1764167281495 1764167281502
65909 1870957855 1764167281528.123535 1764167281528 1764167281535
65910 1870991199 1764167281561.470459 1764167281561 1764167281568
65911 1871024543 1764167281594.817627 1764167281595 1764167281602
65912 1871057887 1764167281628.164551 1764167281628 1764167281635
65913 1871091230 1764167281661.510498 1764167281661 1764167281668
65914 1871124574 1764167281694.857666 1764167281695 1764167281702
65915 1871157918 1764167281728.204590 1764167281728 1764167281735
65916 1871191262 1764167281761.551758 1764167281762 1764167281769
65917 1871224606 1764167281794.898682 1764167281795 1764167281802
65918 1871257950 1764167281828.245850 1764167281828 1764167281835
65919 1871291294 1764167281861.593018 1764167281862 1764167281869
65920 1871324638 1764167281894.939941 1764167281894 1764167281902
65921 1871357982 1764167281928.287109 1764167281928 1764167281935
65922 1871391326 1764167281961.634033 1764167281962 1764167281969
65923 1871424670 1764167281994.981201 1764167281994 1764167282002
65924 1871458014 1764167282028.328369 1764167282028 1764167282035
65925 1871491358 1764167282061.675293 1764167282062 1764167282069
65926 1871524702 1764167282095.022461 1764167282094 1764167282102
65927 1871558045 1764167282128.368652 1764167282128 1764167282135
65928 1871591389 1764167282161.715576 1764167282162 1764167282169
65929 1871624733 1764167282195.062744 1764167282194 1764167282202
65930 1871658077 1764167282228.409912 1764167282228 1764167282235
65931 1871691421 1764167282261.757080 1764167282262 1764167282269
65932 1871724765 1764167282295.104004 1764167282295 1764167282302
65933 1871758109 1764167282328.451172 1764167282328 1764167282335
65934 1871791453 1764167282361.798340 1764167282362 1764167282369
65935 1871824797 1764167282395.145508 1764167282395 1764167282402
65936 1871858141 1764167282428.492676 1764167282428 1764167282435
65937 1871891485 1764167282461.838867 1764167282462 1764167282469
65938 1871924829 1764167282495.185303 1764167282495 1764167282502
65939 1871958173 1764167282528.531494 1764167282529 1764167282536
65940 1871991516 1764167282561.876953 1764167282562 1764167282569
65941 1872024860 1764167282595.223145 1764167282595 1764167282602
65942 1872058204 1764167282628.569336 1764167282629 1764167282636
65943 1872091548 1764167282661.915771 1764167282661 1764167282669
65944 1872124892 1764167282695.261963 1764167282695 1764167282702
65945 1872158236 1764167282728.608154 1764167282729 1764167282736
65946 1872191580 1764167282761.954590 1764167282761 1764167282769
65947 1872224924 1764167282795.300781 1764167282795 1764167282802
65948 1872258268 1764167282828.646973 1764167282829 1764167282836
65949 1872291612 1764167282861.993164 1764167282861 1764167282869
65950 1872324956 1764167282895.339355 1764167282895 1764167282902
65951 1872358300 1764167282928.685791 1764167282929 1764167282936
65952 1872391644 1764167282962.031982 1764167282961 1764167282969
65953 1872424987 1764167282995.377197 1764167282995 1764167283002
65954 1872458331 1764167283028.723389 1764167283029 1764167283036
65955 1872491675 1764167283062.069580 1764167283061 1764167283069
65956 1872525019 1764167283095.415771 1764167283095 1764167283102
65957 1872558363 1764167283128.761963 1764167283129 1764167283136
65958 1872591707 1764167283162.108154 1764167283162 1764167283169
65959 1872625051 1764167283195.454346 1764167283195 1764167283202
65960 1872658395 1764167283228.800537 1764167283228 1764167283237
65961 1872691739 1764167283262.146729 1764167283262 1764167283269
65962 1872725083 1764167283295.492920 1764167283295 1764167283302
65963 1872758427 1764167283328.838867 1764167283329 1764167283336
65964 1872791771 1764167283362.185059 1764167283362 1764167283369
65965 1872825115 1764167283395.531250 1764167283396 1764167283403
65966 1872858459 1764167283428.877441 1764167283429 1764167283436
65967 1872891802 1764167283462.222656 1764167283462 1764167283469
65968 1872925146 1764167283495.568848 1764167283496 1764167283503
65969 1872958490 1764167283528.914795 1764167283528 1764167283536
65970 1872991834 1764167283562.260986 1764167283562 1764167283569
65971 1873025178 1764167283595.607178 1764167283596 1764167283603
65972 1873058522 1764167283628.953369 1764167283628 1764167283636
65973 1873091866 1764167283662.299561 1764167283663 1764167283672
65974 1873125210 1764167283695.645508 1764167283696 1764167283703
65975 1873158554 1764167283728.991699 1764167283728 1764167283736
65976 1873191898 1764167283762.337891 1764167283762 1764167283769
65977 1873225242 1764167283795.683838 1764167283796 1764167283803
65978 1873258586 1764167283829.030029 1764167283829 1764167283836
65979 1873291930 1764167283862.375977 1764167283862 1764167283869
65980 1873325273 1764167283895.721191 1764167283896 1764167283903
65981 1873358617 1764167283929.067139 1764167283929 1764167283936
65982 1873391961 1764167283962.413330 1764167283962 1764167283969
65983 1873425305 1764167283995.759277 1764167283996 1764167284003
65984 1873458649 1764167284029.105469 1764167284029 1764167284036
65985 1873491993 1764167284062.451416 1764167284062 1764167284069
65986 1873525337 1764167284095.797607 1764167284096 1764167284103
65987 1873558681 1764167284129.143555 1764167284129 1764167284136
65988 1873592025 1764167284162.489746 1764167284163 1764167284170
65989 1873625369 1764167284195.835693 1764167284196 1764167284203
65990 1873658713 1764167284229.181641 1764167284229 1764167284236
65991 1873692057 1764167284262.527588 1764167284262 1764167284270
65992 1873725401 1764167284295.873779 1764167284295 1764167284303
65993 1873758744 1764167284329.218750 1764167284329 1764167284336
65994 1873792088 1764167284362.564697 1764167284363 1764167284370
65995 1873825432 1764167284395.910645 1764167284395 1764167284403
65996 1873858776 1764167284429.256592 1764167284429 1764167284436
65997 1873892120 1764167284462.606445 1764167284463 1764167284470
65998 1873925464 1764167284495.956055 1764167284495 1764167284503
65999 1873958808 1764167284529.305664 1764167284529 1764167284536
66000 1873992152 1764167284562.655518 1764167284563 1764167284570
66001 1874025496 1764167284596.005127 1764167284595 1764167284603
66002 1874058840 1764167284629.354980 1764167284629 1764167284636
66003 1874092184 1764167284662.704834 1764167284663 1764167284670
66004 1874125528 1764167284696.054443 1764167284695 1764167284703
66005 1874158872 1764167284729.404297 1764167284729 1764167284736
66006 1874192216 1764167284762.754150 1764167284763 1764167284770
66007 1874225559 1764167284796.102783 1764167284796 1764167284803
66008 1874258903 1764167284829.452637 1764167284829 1764167284836
66009 1874292247 1764167284862.802490 1764167284863 1764167284870
66010 1874325591 1764167284896.152344 1764167284896 1764167284903
66011 1874358935 1764167284929.502441 1764167284929 1764167284936
66012 1874392279 1764167284962.852295 1764167284963 1764167284970
66013 1874425623 1764167284996.202148 1764167284996 1764167285003
66014 1874458967 1764167285029.552002 1764167285030 1764167285037
66015 1874492311 1764167285062.902100 1764167285062 1764167285070
66016 1874525655 1764167285096.251953 1764167285096 1764167285103
66017 1874558999 1764167285129.601807 1764167285130 1764167285137
66018 1874592343 1764167285162.951904 1764167285162 1764167285170
66019 1874625687 1764167285196.301758 1764167285196 1764167285203
66020 1874659030 1764167285229.650879 1764167285230 1764167285237
66021 1874692374 1764167285263.000977 1764167285262 1764167285270
66022 1874725718 1764167285296.350830 1764167285297 1764167285304
66023 1874759062 1764167285329.700928 1764167285330 1764167285337
66024 1874792406 1764167285363.051025 1764167285362 1764167285370
66025 1874825750 1764167285396.401123 1764167285396 1764167285403
66026 1874859094 1764167285429.751221 1764167285430 1764167285437
66027 1874892438 1764167285463.097900 1764167285462 1764167285470
66028 1874925782 1764167285496.444580 1764167285496 1764167285503
66029 1874959126 1764167285529.791260 1764167285530 1764167285537
66030 1874992470 1764167285563.137939 1764167285563 1764167285570
66031 1875025814 1764167285596.484619 1764167285596 1764167285603
66032 1875059158 1764167285629.831299 1764167285630 1764167285637
66033 1875092501 1764167285663.177002 1764167285663 1764167285670
66034 1875125845 1764167285696.523682 1764167285696 1764167285703
66035 1875159189 1764167285729.870361 1764167285730 1764167285737
66036 1875192533 1764167285763.216797 1764167285763 1764167285770
66037 1875225877 1764167285796.563477 1764167285796 1764167285803
66038 1875259221 1764167285829.910156 1764167285830 1764167285837
66039 1875292565 1764167285863.256836 1764167285863 1764167285870
66040 1875325909 1764167285896.603516 1764167285897 1764167285904
66041 1875359253 1764167285929.949951 1764167285929 1764167285937
66042 1875392597 1764167285963.296631 1764167285964 1764167285971
66043 1875425941 1764167285996.643311 1764167285997 1764167286004
66044 1875459285 1764167286029.989990 1764167286029 1764167286037
66045 1875492629 1764167286063.336426 1764167286063 1764167286070
66046 1875525973 1764167286096.683105 1764167286097 1764167286104
66047 1875559316 1764167286130.028809 1764167286129 1764167286137
66048 1875592660 1764167286163.375244 1764167286163 1764167286170
66049 1875626004 1764167286196.721924 1764167286197 1764167286204
66050 1875659348 1764167286230.068359 1764167286229 1764167286237
66051 1875692692 1764167286263.415039 1764167286263 1764167286270
66052 1875726036 1764167286296.761475 1764167286297 1764167286304
66053 1875759380 1764167286330.108154 1764167286329 1764167286337
66054 1875792724 1764167286363.454834 1764167286364 1764167286371
66055 1875826068 1764167286396.801270 1764167286397 1764167286404
66056 1875859412 1764167286430.147705 1764167286430 1764167286437
66057 1875892756 1764167286463.495605 1764167286463 1764167286470
66058 1875926100 1764167286496.843506 1764167286497 1764167286504
66059 1875959444 1764167286530.191406 1764167286530 1764167286537
66060 1875992787 1764167286563.538086 1764167286563 1764167286570
66061 1876026131 1764167286596.885986 1764167286597 1764167286604
66062 1876059475 1764167286630.233887 1764167286630 1764167286637
66063 1876092819 1764167286663.581787 1764167286664 1764167286671
66064 1876126163 1764167286696.929688 1764167286697 1764167286704
66065 1876159507 1764167286730.277588 1764167286730 1764167286737
66066 1876192851 1764167286763.625732 1764167286764 1764167286771
66067 1876226195 1764167286796.973633 1764167286796 1764167286804
66068 1876259539 1764167286830.321533 1764167286830 1764167286837
66069 1876292883 1764167286863.669678 1764167286864 1764167286871
66070 1876326227 1764167286897.017578 1764167286896 1764167286904
66071 1876359571 1764167286930.365479 1764167286930 1764167286937
66072 1876392915 1764167286963.713623 1764167286964 1764167286971
66073 1876426258 1764167286997.060547 1764167286996 1764167287004
66074 1876459602 1764167287030.408691 1764167287030 1764167287037
66075 1876492946 1764167287063.756836 1764167287064 1764167287071
66076 1876526290 1764167287097.104736 1764167287096 1764167287104
66077 1876559634 1764167287130.452881 1764167287130 1764167287138
66078 1876592978 1764167287163.801025 1764167287164 1764167287171
66079 1876626322 1764167287197.149170 1764167287197 1764167287204
66080 1876659666 1764167287230.497314 1764167287231 1764167287238
66081 1876693010 1764167287263.845459 1764167287263 1764167287271
66082 1876726354 1764167287297.193604 1764167287297 1764167287304
66083 1876759698 1764167287330.541748 1764167287330 1764167287337
66084 1876793042 1764167287363.890137 1764167287364 1764167287371
66085 1876826386 1764167287397.238281 1764167287397 1764167287404
66086 1876859730 1764167287430.586426 1764167287430 1764167287437
66087 1876893073 1764167287463.932373 1764167287464 1764167287471
66088 1876926417 1764167287497.279541 1764167287497 1764167287504
66089 1876959761 1764167287530.626465 1764167287531 1764167287538
66090 1876993105 1764167287563.973389 1764167287563 1764167287571
66091 1877026449 1764167287597.320312 1764167287597 1764167287604
66092 1877059793 1764167287630.667236 1764167287631 1764167287638
66093 1877093137 1764167287664.014404 1764167287663 1764167287671
66094 1877126481 1764167287697.361328 1764167287697 1764167287704
66095 1877159825 1764167287730.708252 1764167287731 1764167287738
66096 1877193169 1764167287764.055176 1764167287763 1764167287771
66097 1877226513 1764167287797.402100 1764167287797 1764167287804
66098 1877259857 1764167287830.749268 1764167287831 1764167287838
66099 1877293201 1764167287864.096191 1764167287863 1764167287871
66100 1877326544 1764167287897.442139 1764167287897 1764167287904
66101 1877359888 1764167287930.789062 1764167287930 1764167287938
66102 1877393232 1764167287964.135986 1764167287963 1764167287971
66103 1877426576 1764167287997.482910 1764167287998 1764167288005
66104 1877459920 1764167288030.829834 1764167288031 1764167288038
66105 1877493264 1764167288064.176758 1764167288064 1764167288071
66106 1877526608 1764167288097.523682 1764167288097 1764167288104
66107 1877559952 1764167288130.870605 1764167288131 1764167288138
66108 1877593296 1764167288164.217529 1764167288164 1764167288171
66109 1877626640 1764167288197.564453 1764167288197 1764167288204
66110 1877659984 1764167288230.911377 1764167288231 1764167288238
66111 1877693328 1764167288264.258301 1764167288264 1764167288271
66112 1877726672 1764167288297.605225 1764167288298 1764167288305
66113 1877760015 1764167288330.951172 1764167288331 1764167288338
66114 1877793359 1764167288364.298096 1764167288364 1764167288371
66115 1877826703 1764167288397.645020 1764167288398 1764167288405
66116 1877860047 1764167288430.991943 1764167288430 1764167288438
66117 1877893391 1764167288464.337891 1764167288464 1764167288471
66118 1877926735 1764167288497.683838 1764167288498 1764167288505
66119 1877960079 1764167288531.029541 1764167288530 1764167288538
66120 1877993423 1764167288564.375488 1764167288564 1764167288571
66121 1878026767 1764167288597.721191 1764167288598 1764167288605
66122 1878060111 1764167288631.067139 1764167288630 1764167288638
66123 1878093455 1764167288664.412842 1764167288664 1764167288671
66124 1878126799 1764167288697.758789 1764167288698 1764167288705
66125 1878160143 1764167288731.104492 1764167288731 1764167288738
66126 1878193487 1764167288764.450439 1764167288764 1764167288771
66127 1878226830 1764167288797.795166 1764167288798 1764167288805
66128 1878260174 1764167288831.140869 1764167288831 1764167288838
66129 1878293518 1764167288864.486572 1764167288864 1764167288871
66130 1878326862 1764167288897.832275 1764167288898 1764167288905
66131 1878360206 1764167288931.177979 1764167288931 1764167288938
66132 1878393550 1764167288964.523926 1764167288964 1764167288971
66133 1878426894 1764167288997.869629 1764167288998 1764167289005
66134 1878460238 1764167289031.215332 1764167289031 1764167289038
66135 1878493582 1764167289064.561035 1764167289065 1764167289072
66136 1878526926 1764167289097.906738 1764167289098 1764167289105
66137 1878560270 1764167289131.252197 1764167289131 1764167289138
66138 1878593614 1764167289164.597900 1764167289165 1764167289172
66139 1878626958 1764167289197.943604 1764167289198 1764167289205
66140 1878660301 1764167289231.288330 1764167289231 1764167289238
66141 1878693645 1764167289264.633789 1764167289265 1764167289272
66142 1878726989 1764167289297.979492 1764167289297 1764167289305
66143 1878760333 1764167289331.325195 1764167289332 1764167289339
66144 1878793677 1764167289364.670654 1764167289365 1764167289372
66145 1878827021 1764167289398.016357 1764167289397 1764167289405
66146 1878860365 1764167289431.361816 1764167289431 1764167289438
66147 1878893709 1764167289464.708252 1764167289464 1764167289472
66148 1878927053 1764167289498.054443 1764167289497 1764167289505
66149 1878960397 1764167289531.400635 1764167289531 1764167289538
66150 1878993741 1764167289564.746826 1764167289565 1764167289572
66151 1879027085 1764167289598.093018 1764167289597 1764167289605
66152 1879060429 1764167289631.439209 1764167289631 1764167289638
66153 1879093772 1764167289664.784424 1764167289665 1764167289672
66154 1879127116 1764167289698.130615 1764167289698 1764167289705
66155 1879160460 1764167289731.476562 1764167289732 1764167289739
66156 1879193804 1764167289764.822754 1764167289765 1764167289772
66157 1879227148 1764167289798.168945 1764167289798 1764167289805
66158 1879260492 1764167289831.515137 1764167289831 1764167289838
66159 1879293836 1764167289864.861328 1764167289865 1764167289872
66160 1879327180 1764167289898.207520 1764167289898 1764167289905
66161 1879360524 1764167289931.553467 1764167289932 1764167289939
66162 1879393868 1764167289964.899658 1764167289964 1764167289972
66163 1879427212 1764167289998.245850 1764167289998 1764167290005
66164 1879460556 1764167290031.591797 1764167290032 1764167290039
66165 1879493900 1764167290064.937988 1764167290064 1764167290072
66166 1879527244 1764167290098.283936 1764167290098 1764167290105
66167 1879560587 1764167290131.629150 1764167290132 1764167290139
66168 1879593931 1764167290164.975098 1764167290164 1764167290172
66169 1879627275 1764167290198.321289 1764167290198 1764167290205
66170 1879660619 1764167290231.667236 1764167290232 1764167290239
66171 1879693963 1764167290265.013428 1764167290264 1764167290272
66172 1879727307 1764167290298.359375 1764167290298 1764167290305
66173 1879760651 1764167290331.705566 1764167290332 1764167290339
66174 1879793995 1764167290365.051514 1764167290364 1764167290372
66175 1879827339 1764167290398.397461 1764167290398 1764167290405
66176 1879860683 1764167290431.743652 1764167290431 1764167290439
66177 1879894027 1764167290465.089355 1764167290465 1764167290472
66178 1879927371 1764167290498.435059 1764167290498 1764167290505
66179 1879960715 1764167290531.780762 1764167290532 1764167290539
66180 1879994058 1764167290565.125488 1764167290565 1764167290572
66181 1880027402 1764167290598.471191 1764167290598 1764167290605
66182 1880060746 1764167290631.816895 1764167290632 1764167290639
66183 1880094090 1764167290665.162598 1764167290665 1764167290672
66184 1880127434 1764167290698.508057 1764167290698 1764167290705
66185 1880160778 1764167290731.853760 1764167290732 1764167290739
66186 1880194122 1764167290765.199463 1764167290765 1764167290772
66187 1880227466 1764167290798.545166 1764167290799 1764167290806
66188 1880260810 1764167290831.890625 1764167290831 1764167290839
66189 1880294154 1764167290865.236328 1764167290865 1764167290872
66190 1880327498 1764167290898.581787 1764167290899 1764167290906
66191 1880360842 1764167290931.927490 1764167290931 1764167290939
66192 1880394186 1764167290965.272949 1764167290965 1764167290972
66193 1880427529 1764167290998.617676 1764167290999 1764167291006
66194 1880460873 1764167291031.963135 1764167291031 1764167291039
66195 1880494217 1764167291065.308594 1764167291065 1764167291072
66196 1880527561 1764167291098.654297 1764167291099 1764167291106
66197 1880560905 1764167291131.999756 1764167291131 1764167291139
66198 1880594249 1764167291165.345215 1764167291165 1764167291172
66199 1880627593 1764167291198.690674 1764167291199 1764167291206
66200 1880660937 1764167291232.036133 1764167291232 1764167291239
66201 1880694281 1764167291265.381836 1764167291265 1764167291272
66202 1880727625 1764167291298.727295 1764167291299 1764167291306
66203 1880760969 1764167291332.072754 1764167291332 1764167291339
66204 1880794313 1764167291365.417969 1764167291365 1764167291372
66205 1880827657 1764167291398.763428 1764167291399 1764167291406
66206 1880861001 1764167291432.108887 1764167291432 1764167291439
66207 1880894344 1764167291465.453857 1764167291465 1764167291472
66208 1880927688 1764167291498.799805 1764167291498 1764167291506
66209 1880961032 1764167291532.145752 1764167291532 1764167291539
66210 1880994376 1764167291565.491699 1764167291566 1764167291573
66211 1881027720 1764167291598.837646 1764167291599 1764167291606
66212 1881061064 1764167291632.183350 1764167291632 1764167291639
66213 1881094408 1764167291665.529297 1764167291666 1764167291673
66214 1881127752 1764167291698.875244 1764167291698 1764167291706
66215 1881161096 1764167291732.221191 1764167291732 1764167291739
66216 1881194440 1764167291765.566895 1764167291766 1764167291773
66217 1881227784 1764167291798.912842 1764167291798 1764167291806
66218 1881261128 1764167291832.258545 1764167291832 1764167291839
66219 1881294472 1764167291865.604492 1764167291866 1764167291873
66220 1881327815 1764167291898.949219 1764167291898 1764167291906
66221 1881361159 1764167291932.295166 1764167291932 1764167291939
66222 1881394503 1764167291965.640869 1764167291966 1764167291974
66223 1881427847 1764167291998.986816 1764167291998 1764167292006
66224 1881461191 1764167292032.332520 1764167292032 1764167292039
66225 1881494535 1764167292065.678223 1764167292066 1764167292073
66226 1881527879 1764167292099.024170 1764167292099 1764167292106
66227 1881561223 1764167292132.369873 1764167292132 1764167292139
66228 1881594567 1764167292165.715576 1764167292166 1764167292173
66229 1881627911 1764167292199.061279 1764167292199 1764167292206
66230 1881661255 1764167292232.406982 1764167292232 1764167292239
66231 1881694599 1764167292265.752686 1764167292266 1764167292273
66232 1881727943 1764167292299.098389 1764167292299 1764167292306
66233 1881761286 1764167292332.443115 1764167292332 1764167292339
66234 1881794630 1764167292365.788818 1764167292366 1764167292373
66235 1881827974 1764167292399.134521 1764167292399 1764167292406
66236 1881861318 1764167292432.480225 1764167292433 1764167292440
66237 1881894662 1764167292465.826172 1764167292466 1764167292473
66238 1881928006 1764167292499.171875 1764167292499 1764167292506
66239 1881961350 1764167292532.517578 1764167292533 1764167292540
66240 1881994694 1764167292565.863281 1764167292565 1764167292573
66241 1882028038 1764167292599.209229 1764167292599 1764167292606
66242 1882061382 1764167292632.554932 1764167292633 1764167292640
66243 1882094726 1764167292665.900635 1764167292665 1764167292673
66244 1882128070 1764167292699.246338 1764167292699 1764167292706
66245 1882161414 1764167292732.592041 1764167292733 1764167292740
66246 1882194758 1764167292765.937744 1764167292765 1764167292773
66247 1882228101 1764167292799.282471 1764167292799 1764167292806
66248 1882261445 1764167292832.628174 1764167292833 1764167292840
66249 1882294789 1764167292865.973877 1764167292865 1764167292873
66250 1882328133 1764167292899.319336 1764167292899 1764167292906
66251 1882361477 1764167292932.665039 1764167292933 1764167292940
66252 1882394821 1764167292966.010742 1764167292966 1764167292973
66253 1882428165 1764167292999.356445 1764167292999 1764167293006
66254 1882461509 1764167293032.701904 1764167293033 1764167293040
66255 1882494853 1764167293066.047607 1764167293066 1764167293073
66256 1882528197 1764167293099.393066 1764167293099 1764167293106
66257 1882561541 1764167293132.738770 1764167293133 1764167293140
66258 1882594885 1764167293166.084229 1764167293166 1764167293173
66259 1882628229 1764167293199.429932 1764167293200 1764167293207
66260 1882661572 1764167293232.774414 1764167293233 1764167293240
66261 1882694916 1764167293266.120117 1764167293266 1764167293273
66262 1882728260 1764167293299.465576 1764167293300 1764167293307
66263 1882761604 1764167293332.811035 1764167293332 1764167293340
66264 1882794948 1764167293366.156738 1764167293366 1764167293373
66265 1882828292 1764167293399.502197 1764167293400 1764167293407
66266 1882861636 1764167293432.847656 1764167293432 1764167293440
66267 1882894980 1764167293466.193115 1764167293466 1764167293473
66268 1882928324 1764167293499.538818 1764167293500 1764167293507
66269 1882961668 1764167293532.884277 1764167293532 1764167293540
66270 1882995012 1764167293566.229736 1764167293566 1764167293573
66271 1883028356 1764167293599.575439 1764167293600 1764167293607
66272 1883061700 1764167293632.920898 1764167293632 1764167293640
66273 1883095043 1764167293666.265381 1764167293666 1764167293673
66274 1883128387 1764167293699.610840 1764167293700 1764167293707
66275 1883161731 1764167293732.956299 1764167293734 1764167293741
66276 1883195075 1764167293766.301758 1764167293766 1764167293773
66277 1883228419 1764167293799.647217 1764167293799 1764167293807
66278 1883261763 1764167293832.992676 1764167293833 1764167293840
66279 1883295107 1764167293866.338135 1764167293866 1764167293873
66280 1883328451 1764167293899.683350 1764167293900 1764167293907
66281 1883361795 1764167293933.028809 1764167293933 1764167293942
66282 1883395139 1764167293966.374268 1764167293966 1764167293974
66283 1883428483 1764167293999.719482 1764167293999 1764167294007
66284 1883461827 1764167294033.064941 1764167294033 1764167294042
66285 1883495171 1764167294066.410156 1764167294066 1764167294078
66286 1883528515 1764167294099.755615 1764167294099 1764167294107
66287 1883561858 1764167294133.099854 1764167294134 1764167294141
66288 1883595202 1764167294166.445312 1764167294167 1764167294174
66289 1883628546 1764167294199.790527 1764167294199 1764167294207
66290 1883661890 1764167294233.135742 1764167294233 1764167294240
66291 1883695234 1764167294266.480957 1764167294267 1764167294274
66292 1883728578 1764167294299.826416 1764167294299 1764167294307
66293 1883761922 1764167294333.171631 1764167294333 1764167294340
66294 1883795266 1764167294366.516846 1764167294367 1764167294374
66295 1883828610 1764167294399.862061 1764167294399 1764167294407
66296 1883861954 1764167294433.207275 1764167294433 1764167294440
66297 1883895298 1764167294466.553955 1764167294467 1764167294474
66298 1883928642 1764167294499.900635 1764167294499 1764167294507
66299 1883961986 1764167294533.247314 1764167294533 1764167294540
66300 1883995329 1764167294566.592773 1764167294567 1764167294574
66301 1884028673 1764167294599.939453 1764167294600 1764167294607
66302 1884062017 1764167294633.286133 1764167294633 1764167294640
66303 1884095361 1764167294666.632812 1764167294667 1764167294674
66304 1884128705 1764167294699.979492 1764167294700 1764167294707
66305 1884162049 1764167294733.326172 1764167294733 1764167294740
66306 1884195393 1764167294766.672852 1764167294767 1764167294774
66307 1884228737 1764167294800.019531 1764167294800 1764167294807
66308 1884262081 1764167294833.365967 1764167294833 1764167294840
66309 1884295425 1764167294866.712646 1764167294867 1764167294874
66310 1884328769 1764167294900.059326 1764167294900 1764167294907
66311 1884362113 1764167294933.406006 1764167294934 1764167294941
66312 1884395457 1764167294966.752686 1764167294966 1764167294974
66313 1884428800 1764167295000.098389 1764167295000 1764167295007
66314 1884462144 1764167295033.445068 1764167295034 1764167295041
66315 1884495488 1764167295066.791748 1764167295066 1764167295074
66316 1884528832 1764167295100.138428 1764167295100 1764167295107
66317 1884562176 1764167295133.485107 1764167295134 1764167295141
66318 1884595520 1764167295166.831787 1764167295166 1764167295174
66319 1884628864 1764167295200.178223 1764167295200 1764167295207
66320 1884662208 1764167295233.524902 1764167295234 1764167295241
66321 1884695552 1764167295266.871582 1764167295266 1764167295274
66322 1884728896 1764167295300.218262 1764167295300 1764167295307
66323 1884762240 1764167295333.564941 1764167295334 1764167295341
66324 1884795584 1764167295366.911621 1764167295367 1764167295374
66325 1884828928 1764167295400.258301 1764167295400 1764167295407
66326 1884862272 1764167295433.604980 1764167295434 1764167295441
66327 1884895615 1764167295466.951904 1764167295467 1764167295474
66328 1884928959 1764167295500.299561 1764167295501 1764167295508
66329 1884962303 1764167295533.647461 1764167295534 1764167295541
66330 1884995647 1764167295566.995361 1764167295567 1764167295574
66331 1885028991 1764167295600.343018 1764167295600 1764167295607
66332 1885062335 1764167295633.690918 1764167295633 1764167295641
66333 1885095679 1764167295667.038818 1764167295667 1764167295674
66334 1885129023 1764167295700.386719 1764167295701 1764167295708
66335 1885162367 1764167295733.734619 1764167295734 1764167295741
66336 1885195711 1764167295767.082764 1764167295767 1764167295774
66337 1885229055 1764167295800.430664 1764167295801 1764167295808
66338 1885262399 1764167295833.778564 1764167295833 1764167295841
66339 1885295743 1764167295867.126465 1764167295867 1764167295874
66340 1885329086 1764167295900.473633 1764167295901 1764167295908
66341 1885362430 1764167295933.821533 1764167295933 1764167295941
66342 1885395774 1764167295967.169678 1764167295968 1764167295976
66343 1885429118 1764167296000.517578 1764167296001 1764167296008
66344 1885462462 1764167296033.865723 1764167296033 1764167296041
66345 1885495806 1764167296067.213867 1764167296067 1764167296074
66346 1885529150 1764167296100.562012 1764167296101 1764167296108
66347 1885562494 1764167296133.910156 1764167296133 1764167296141
66348 1885595838 1764167296167.258301 1764167296167 1764167296174
66349 1885629182 1764167296200.606445 1764167296201 1764167296208
66350 1885662526 1764167296233.954590 1764167296234 1764167296241
66351 1885695870 1764167296267.302734 1764167296267 1764167296274
66352 1885729214 1764167296300.650879 1764167296301 1764167296308
66353 1885762557 1764167296333.998047 1764167296334 1764167296341
66354 1885795901 1764167296367.346436 1764167296368 1764167296375
66355 1885829245 1764167296400.694580 1764167296401 1764167296408
66356 1885862589 1764167296434.042969 1764167296434 1764167296441
66357 1885895933 1764167296467.390381 1764167296468 1764167296475
66358 1885929277 1764167296500.737793 1764167296500 1764167296508
66359 1885962621 1764167296534.085205 1764167296534 1764167296541
66360 1885995965 1764167296567.432617 1764167296568 1764167296575
66361 1886029309 1764167296600.780029 1764167296600 1764167296608
66362 1886062653 1764167296634.127441 1764167296634 1764167296641
66363 1886095997 1764167296667.475098 1764167296668 1764167296675
66364 1886129341 1764167296700.822510 1764167296700 1764167296708
66365 1886162685 1764167296734.169922 1764167296734 1764167296741
66366 1886196029 1764167296767.517334 1764167296768 1764167296775
66367 1886229372 1764167296800.863770 1764167296800 1764167296808
