46708 1235172648 1764166640637.712646 1764166640638 1764166640645
46709 1235205992 1764166640671.060547 1764166640671 1764166640678
46710 1235239336 1764166640704.408691 1764166640704 1764166640711
46711 1235272680 1764166640737.756592 1764166640738 1764166640745
46712 1235306023 1764166640771.103516 1764166640771 1764166640778
46713 1235339367 1764166640804.451416 1764166640804 1764166640811
46714 1235372711 1764166640837.799561 1764166640838 1764166640845
46715 1235406055 1764166640871.147461 1764166640871 1764166640878
46716 1235439399 1764166640904.495605 1764166640905 1764166640912
46717 1235472743 1764166640937.843506 1764166640938 1764166640945
46718 1235506087 1764166640971.188965 1764166640971 1764166640978
46719 1235539431 1764166641004.534180 1764166641005 1764166641012
46720 1235572775 1764166641037.879395 1764166641038 1764166641045
46721 1235606119 1764166641071.224609 1764166641071 1764166641078
46722 1235639463 1764166641104.569824 1764166641105 1764166641112
46723 1235672807 1764166641137.915039 1764166641137 1764166641145
46724 1235706151 1764166641171.260254 1764166641171 1764166641178
46725 1235739494 1764166641204.604492 1764166641205 1764166641212
46726 1235772838 1764166641237.949707 1764166641237 1764166641245
46727 1235806182 1764166641271.294922 1764166641271 1764166641278
46728 1235839526 1764166641304.640137 1764166641305 1764166641312
46729 1235872870 1764166641337.985352 1764166641337 1764166641345
46730 1235906214 1764166641371.330566 1764166641371 1764166641378
46731 1235939558 1764166641404.675781 1764166641405 1764166641412
46732 1235972902 1764166641438.020996 1764166641437 1764166641445
46733 1236006246 1764166641471.366211 1764166641471 1764166641478
46734 1236039590 1764166641504.711426 1764166641505 1764166641512
46735 1236072934 1764166641538.056641 1764166641538 1764166641545
46736 1236106278 1764166641571.401855 1764166641571 1764166641578
46737 1236139622 1764166641604.747070 1764166641605 1764166641612
46738 1236172965 1764166641638.091309 1764166641638 1764166641645
46739 1236206309 1764166641671.436523 1764166641671 1764166641678
46740 1236239653 1764166641704.781738 1764166641705 1764166641712
46741 1236272997 1764166641738.126953 1764166641738 1764166641745
46742 1236306341 1764166641771.471924 1764166641771 1764166641778
46743 1236339685 1764166641804.817139 1764166641805 1764166641812
46744 1236373029 1764166641838.162354 1764166641838 1764166641845
46745 1236406373 1764166641871.507568 1764166641872 1764166641879
46746 1236439717 1764166641904.852783 1764166641905 1764166641912
46747 1236473061 1764166641938.197998 1764166641938 1764166641945
46748 1236506405 1764166641971.543457 1764166641972 1764166641979
46749 1236539749 1764166642004.889160 1764166642004 1764166642012
46750 1236573093 1764166642038.234863 1764166642038 1764166642045
46751 1236606437 1764166642071.580322 1764166642072 1764166642079
46752 1236639780 1764166642104.925049 1764166642104 1764166642112
46753 1236673124 1764166642138.270508 1764166642138 1764166642145
46754 1236706468 1764166642171.616211 1764166642172 1764166642179
46755 1236739812 1764166642204.961914 1764166642204 1764166642212
46756 1236773156 1764166642238.307373 1764166642238 1764166642245
46757 1236806500 1764166642271.653076 1764166642272 1764166642279
46758 1236839844 1764166642304.998779 1764166642304 1764166642312
46759 1236873188 1764166642338.344238 1764166642338 1764166642345
46760 1236906532 1764166642371.689941 1764166642372 1764166642379
46761 1236939876 1764166642405.035645 1764166642404 1764166642412
46762 1236973220 1764166642438.381104 1764166642438 1764166642445
46763 1237006564 1764166642471.726807 1764166642472 1764166642479
46764 1237039908 1764166642505.072266 1764166642504 1764166642512
46765 1237073251 1764166642538.416992 1764166642538 1764166642545
46766 1237106595 1764166642571.762695 1764166642572 1764166642579
46767 1237139939 1764166642605.108154 1764166642604 1764166642612
46768 1237173283 1764166642638.453857 1764166642638 1764166642645
46769 1237206627 1764166642671.799316 1764166642672 1764166642679
46770 1237239971 1764166642705.145020 1764166642705 1764166642712
46771 1237273315 1764166642738.490723 1764166642738 1764166642745
46772 1237306659 1764166642771.836182 1764166642772 1764166642779
46773 1237340003 1764166642805.181885 1764166642805 1764166642812
46774 1237373347 1764166642838.527344 1764166642838 1764166642845
46775 1237406691 1764166642871.873047 1764166642871 1764166642879
46776 1237440035 1764166642905.218750 1764166642905 1764166642912
46777 1237473379 1764166642938.564209 1764166642938 1764166642945
46778 1237506722 1764166642971.907715 1764166642972 1764166642979
46779 1237540066 1764166643005.251953 1764166643005 1764166643012
46780 1237573410 1764166643038.596436 1764166643038 1764166643045
46781 1237606754 1764166643071.940674 1764166643072 1764166643079
46782 1237640098 1764166643105.285156 1764166643105 1764166643112
46783 1237673442 1764166643138.629395 1764166643138 1764166643145
46784 1237706786 1764166643171.973633 1764166643172 1764166643179
46785 1237740130 1764166643205.318115 1764166643205 1764166643212
46786 1237773474 1764166643238.662354 1764166643239 1764166643246
46787 1237806818 1764166643272.006592 1764166643272 1764166643279
46788 1237840162 1764166643305.350830 1764166643305 1764166643312
46789 1237873506 1764166643338.695312 1764166643339 1764166643346
46790 1237906850 1764166643372.039551 1764166643371 1764166643379
46791 1237940194 1764166643405.383789 1764166643405 1764166643412
46792 1237973537 1764166643438.727051 1764166643439 1764166643446
46793 1238006881 1764166643472.071289 1764166643471 1764166643479
46794 1238040225 1764166643505.415527 1764166643505 1764166643512
46795 1238073569 1764166643538.759766 1764166643539 1764166643546
46796 1238106913 1764166643572.104004 1764166643571 1764166643579
46797 1238140257 1764166643605.448242 1764166643605 1764166643612
46798 1238173601 1764166643638.792480 1764166643639 1764166643646
46799 1238206945 1764166643672.136719 1764166643671 1764166643679
46800 1238240289 1764166643705.480957 1764166643705 1764166643712
46801 1238273633 1764166643738.825195 1764166643739 1764166643746
46802 1238306977 1764166643772.169189 1764166643771 1764166643779
46803 1238340321 1764166643805.513428 1764166643805 1764166643812
46804 1238373665 1764166643838.857666 1764166643839 1764166643846
46805 1238407008 1764166643872.200684 1764166643871 1764166643879
46806 1238440352 1764166643905.544922 1764166643905 1764166643912
46807 1238473696 1764166643938.889160 1764166643939 1764166643946
46808 1238507040 1764166643972.232422 1764166643971 1764166643979
46809 1238540384 1764166644005.575928 1764166644005 1764166644012
46810 1238573728 1764166644038.919189 1764166644039 1764166644046
46811 1238607072 1764166644072.262695 1764166644071 1764166644079
46812 1238640416 1764166644105.605957 1764166644105 1764166644112
46813 1238673760 1764166644138.949219 1764166644139 1764166644146
46814 1238707104 1764166644172.292725 1764166644172 1764166644180
46815 1238740448 1764166644205.635986 1764166644205 1764166644212
46816 1238773792 1764166644238.979248 1764166644239 1764166644246
46817 1238807136 1764166644272.322510 1764166644272 1764166644279
46818 1238840479 1764166644305.664795 1764166644305 1764166644312
46819 1238873823 1764166644339.008057 1764166644338 1764166644346
46820 1238907167 1764166644372.351074 1764166644372 1764166644379
46821 1238940511 1764166644405.694336 1764166644405 1764166644412
46822 1238973855 1764166644439.037598 1764166644439 1764166644446
46823 1239007199 1764166644472.380859 1764166644472 1764166644479
46824 1239040543 1764166644505.723877 1764166644505 1764166644512
46825 1239073887 1764166644539.067139 1764166644539 1764166644546
46826 1239107231 1764166644572.410156 1764166644572 1764166644579
46827 1239140575 1764166644605.753418 1764166644605 1764166644612
46828 1239173919 1764166644639.096436 1764166644639 1764166644646
46829 1239207263 1764166644672.439453 1764166644672 1764166644679
46830 1239240607 1764166644705.782471 1764166644706 1764166644713
46831 1239273951 1764166644739.125732 1764166644739 1764166644746
46832 1239307294 1764166644772.467773 1764166644772 1764166644779
46833 1239340638 1764166644805.810791 1764166644806 1764166644813
46834 1239373982 1764166644839.153809 1764166644838 1764166644846
46835 1239407326 1764166644872.496826 1764166644872 1764166644882
46836 1239440670 1764166644905.839844 1764166644906 1764166644913
46837 1239474014 1764166644939.182617 1764166644938 1764166644946
46838 1239507358 1764166644972.525391 1764166644972 1764166644979
46839 1239540702 1764166645005.867920 1764166645006 1764166645013
46840 1239574046 1764166645039.210205 1764166645038 1764166645046
46841 1239607390 1764166645072.552734 1764166645072 1764166645079
46842 1239640734 1764166645105.895264 1764166645106 1764166645113
46843 1239674078 1764166645139.237793 1764166645138 1764166645146
46844 1239707422 1764166645172.580078 1764166645172 1764166645179
46845 1239740765 1764166645205.921631 1764166645206 1764166645213
46846 1239774109 1764166645239.263916 1764166645238 1764166645246
46847 1239807453 1764166645272.606445 1764166645272 1764166645279
46848 1239840797 1764166645305.948730 1764166645306 1764166645313
46849 1239874141 1764166645339.291016 1764166645338 1764166645346
46850 1239907485 1764166645372.633301 1764166645372 1764166645379
46851 1239940829 1764166645405.975586 1764166645406 1764166645413
46852 1239974173 1764166645439.317871 1764166645438 1764166645446
46853 1240007517 1764166645472.660156 1764166645472 1764166645479
46854 1240040861 1764166645506.002441 1764166645506 1764166645513
46855 1240074205 1764166645539.344727 1764166645538 1764166645546
46856 1240107549 1764166645572.687012 1764166645572 1764166645579
46857 1240140893 1764166645606.029053 1764166645606 1764166645613
46858 1240174236 1764166645639.370361 1764166645638 1764166645646
46859 1240207580 1764166645672.712402 1764166645672 1764166645679
46860 1240240924 1764166645706.054443 1764166645706 1764166645713
46861 1240274268 1764166645739.396729 1764166645739 1764166645746
46862 1240307612 1764166645772.738770 1764166645772 1764166645779
46863 1240340956 1764166645806.080811 1764166645806 1764166645813
46864 1240374300 1764166645839.422852 1764166645839 1764166645846
46865 1240407644 1764166645872.764893 1764166645872 1764166645879
46866 1240440988 1764166645906.106934 1764166645906 1764166645913
46867 1240474332 1764166645939.448975 1764166645939 1764166645946
46868 1240507676 1764166645972.795166 1764166645972 1764166645979
46869 1240541020 1764166646006.141602 1764166646006 1764166646013
46870 1240574364 1764166646039.487793 1764166646039 1764166646046
46871 1240607708 1764166646072.833984 1764166646073 1764166646080
46872 1240641051 1764166646106.179443 1764166646106 1764166646113
46873 1240674395 1764166646139.525635 1764166646139 1764166646146
46874 1240707739 1764166646172.872070 1764166646172 1764166646179
46875 1240741083 1764166646206.218262 1764166646206 1764166646213
46876 1240774427 1764166646239.564697 1764166646239 1764166646246
46877 1240807771 1764166646272.910889 1764166646273 1764166646280
46878 1240841115 1764166646306.257324 1764166646306 1764166646313
46879 1240874459 1764166646339.603760 1764166646339 1764166646346
46880 1240907803 1764166646372.949951 1764166646373 1764166646380
46881 1240941147 1764166646406.296387 1764166646406 1764166646413
46882 1240974491 1764166646439.642822 1764166646439 1764166646446
46883 1241007835 1764166646472.989014 1764166646473 1764166646480
46884 1241041179 1764166646506.335449 1764166646505 1764166646513
46885 1241074522 1764166646539.680908 1764166646539 1764166646546
46886 1241107866 1764166646573.027100 1764166646573 1764166646580
46887 1241141210 1764166646606.373535 1764166646605 1764166646613
46888 1241174554 1764166646639.719971 1764166646639 1764166646646
46889 1241207898 1764166646673.066406 1764166646673 1764166646680
46890 1241241242 1764166646706.412842 1764166646705 1764166646713
46891 1241274586 1764166646739.759033 1764166646739 1764166646746
46892 1241307930 1764166646773.105469 1764166646773 1764166646780
46893 1241341274 1764166646806.451904 1764166646805 1764166646813
46894 1241374618 1764166646839.798340 1764166646839 1764166646846
46895 1241407962 1764166646873.144775 1764166646873 1764166646880
46896 1241441306 1764166646906.491211 1764166646905 1764166646913
46897 1241474650 1764166646939.837646 1764166646939 1764166646946
46898 1241507993 1764166646973.177002 1764166646973 1764166646980
46899 1241541337 1764166647006.517090 1764166647005 1764166647013
46900 1241574681 1764166647039.857422 1764166647039 1764166647046
46901 1241608025 1764166647073.197510 1764166647073 1764166647080
46902 1241641369 1764166647106.537842 1764166647105 1764166647113
46903 1241674713 1764166647139.877930 1764166647139 1764166647146
46904 1241708057 1764166647173.218018 1764166647173 1764166647180
46905 1241741401 1764166647206.558105 1764166647206 1764166647213
46906 1241774745 1764166647239.898193 1764166647239 1764166647246
46907 1241808089 1764166647273.238037 1764166647272 1764166647280
46908 1241841433 1764166647306.578125 1764166647306 1764166647313
46909 1241874777 1764166647339.917969 1764166647339 1764166647346
46910 1241908121 1764166647373.257812 1764166647373 1764166647380
46911 1241941465 1764166647406.597900 1764166647406 1764166647413
46912 1241974808 1764166647439.936523 1764166647440 1764166647447
46913 1242008152 1764166647473.276367 1764166647473 1764166647480
46914 1242041496 1764166647506.616211 1764166647506 1764166647513
46915 1242074840 1764166647539.955811 1764166647539 1764166647546
46916 1242108184 1764166647573.295654 1764166647573 1764166647580
46917 1242141528 1764166647606.635254 1764166647606 1764166647613
46918 1242174872 1764166647639.974854 1764166647639 1764166647647
46919 1242208216 1764166647673.314453 1764166647673 1764166647680
46920 1242241560 1764166647706.654053 1764166647706 1764166647713
46921 1242274904 1764166647739.993652 1764166647740 1764166647747
46922 1242308248 1764166647773.333008 1764166647773 1764166647780
46923 1242341592 1764166647806.672607 1764166647806 1764166647813
46924 1242374936 1764166647840.011963 1764166647839 1764166647847
46925 1242408279 1764166647873.350342 1764166647873 1764166647880
46926 1242441623 1764166647906.689697 1764166647906 1764166647913
46927 1242474967 1764166647940.029053 1764166647940 1764166647947
46928 1242508311 1764166647973.368652 1764166647972 1764166647980
46929 1242541655 1764166648006.708252 1764166648006 1764166648013
46930 1242574999 1764166648040.047852 1764166648040 1764166648047
46931 1242608343 1764166648073.387451 1764166648072 1764166648080
46932 1242641687 1764166648106.726807 1764166648106 1764166648113
46933 1242675031 1764166648140.066406 1764166648140 1764166648147
46934 1242708375 1764166648173.405762 1764166648172 1764166648180
46935 1242741719 1764166648206.745117 1764166648206 1764166648213
46936 1242775063 1764166648240.084473 1764166648240 1764166648247
46937 1242808407 1764166648273.423828 1764166648272 1764166648280
46938 1242841750 1764166648306.762207 1764166648306 1764166648313
46939 1242875094 1764166648340.101318 1764166648340 1764166648347
46940 1242908438 1764166648373.440674 1764166648372 1764166648380
46941 1242941782 1764166648406.779785 1764166648406 1764166648413
46942 1242975126 1764166648440.118896 1764166648440 1764166648447
46943 1243008470 1764166648473.458008 1764166648472 1764166648480
46944 1243041814 1764166648506.797119 1764166648506 1764166648513
46945 1243075158 1764166648540.135986 1764166648540 1764166648547
46946 1243108502 1764166648573.475098 1764166648572 1764166648580
46947 1243141846 1764166648606.813965 1764166648606 1764166648613
46948 1243175190 1764166648640.152832 1764166648640 1764166648647
46949 1243208534 1764166648673.491699 1764166648673 1764166648680
46950 1243241878 1764166648706.830566 1764166648707 1764166648714
46951 1243275222 1764166648740.169434 1764166648740 1764166648747
46952 1243308565 1764166648773.507324 1764166648773 1764166648780
46953 1243341909 1764166648806.845947 1764166648806 1764166648813
46954 1243375253 1764166648840.184570 1764166648840 1764166648847
46955 1243408597 1764166648873.523193 1764166648873 1764166648880
46956 1243441941 1764166648906.861816 1764166648907 1764166648914
46957 1243475285 1764166648940.200684 1764166648940 1764166648947
46958 1243508629 1764166648973.539795 1764166648973 1764166648980
46959 1243541973 1764166649006.878906 1764166649006 1764166649013
46960 1243575317 1764166649040.218262 1764166649040 1764166649047
46961 1243608661 1764166649073.557373 1764166649073 1764166649080
46962 1243642005 1764166649106.896484 1764166649106 1764166649113
46963 1243675349 1764166649140.235352 1764166649140 1764166649147
46964 1243708693 1764166649173.574463 1764166649173 1764166649180
46965 1243742036 1764166649206.912354 1764166649207 1764166649214
46966 1243775380 1764166649240.251221 1764166649240 1764166649247
46967 1243808724 1764166649273.590332 1764166649273 1764166649280
46968 1243842068 1764166649306.929199 1764166649307 1764166649314
46969 1243875412 1764166649340.267822 1764166649339 1764166649347
46970 1243908756 1764166649373.606689 1764166649373 1764166649380
46971 1243942100 1764166649406.945557 1764166649407 1764166649414
46972 1243975444 1764166649440.284180 1764166649439 1764166649447
46973 1244008788 1764166649473.622803 1764166649473 1764166649480
46974 1244042132 1764166649506.961426 1764166649507 1764166649514
46975 1244075476 1764166649540.300049 1764166649539 1764166649547
46976 1244108820 1764166649573.638672 1764166649573 1764166649580
46977 1244142164 1764166649606.977051 1764166649607 1764166649614
46978 1244175507 1764166649640.314697 1764166649639 1764166649647
46979 1244208851 1764166649673.653076 1764166649673 1764166649680
46980 1244242195 1764166649706.991455 1764166649707 1764166649714
46981 1244275539 1764166649740.329834 1764166649739 1764166649747
46982 1244308883 1764166649773.668213 1764166649773 1764166649780
46983 1244342227 1764166649807.006348 1764166649806 1764166649816
46984 1244375571 1764166649840.344727 1764166649839 1764166649847
46985 1244408915 1764166649873.682861 1764166649873 1764166649880
46986 1244442259 1764166649907.020996 1764166649907 1764166649914
46987 1244475603 1764166649940.359375 1764166649939 1764166649947
46988 1244508947 1764166649973.698242 1764166649973 1764166649980
46989 1244542291 1764166650007.037354 1764166650007 1764166650014
46990 1244575635 1764166650040.376465 1764166650039 1764166650047
46991 1244608979 1764166650073.715332 1764166650073 1764166650080
46992 1244642322 1764166650107.053223 1764166650107 1764166650114
46993 1244675666 1764166650140.392090 1764166650139 1764166650147
46994 1244709010 1764166650173.730957 1764166650173 1764166650180
46995 1244742354 1764166650207.069580 1764166650207 1764166650214
46996 1244775698 1764166650240.408447 1764166650240 1764166650247
46997 1244809042 1764166650273.747070 1764166650273 1764166650280
46998 1244842386 1764166650307.085938 1764166650307 1764166650314
46999 1244875730 1764166650340.424561 1764166650340 1764166650347
47000 1244909074 1764166650373.763184 1764166650374 1764166650381
47001 1244942418 1764166650407.101807 1764166650407 1764166650414
47002 1244975762 1764166650440.440186 1764166650440 1764166650447
47003 1245009106 1764166650473.778809 1764166650473 1764166650480
47004 1245042450 1764166650507.117188 1764166650507 1764166650514
47005 1245075793 1764166650540.454590 1764166650540 1764166650547
47006 1245109137 1764166650573.792969 1764166650573 1764166650580
47007 1245142481 1764166650607.131348 1764166650607 1764166650614
47008 1245175825 1764166650640.469727 1764166650640 1764166650647
47009 1245209169 1764166650673.807861 1764166650673 1764166650680
47010 1245242513 1764166650707.146240 1764166650706 1764166650714
47011 1245275857 1764166650740.484375 1764166650740 1764166650747
47012 1245309201 1764166650773.822510 1764166650774 1764166650781
47013 1245342545 1764166650807.160645 1764166650807 1764166650814
47014 1245375889 1764166650840.498779 1764166650840 1764166650847
47015 1245409233 1764166650873.836914 1764166650874 1764166650881
47016 1245442577 1764166650907.174805 1764166650906 1764166650914
47017 1245475921 1764166650940.512939 1764166650940 1764166650947
47018 1245509264 1764166650973.850586 1764166650974 1764166650981
47019 1245542608 1764166651007.189453 1764166651006 1764166651014
47020 1245575952 1764166651040.528076 1764166651040 1764166651047
47021 1245609296 1764166651073.866943 1764166651074 1764166651081
47022 1245642640 1764166651107.205566 1764166651106 1764166651114
47023 1245675984 1764166651140.544189 1764166651140 1764166651147
47024 1245709328 1764166651173.882812 1764166651174 1764166651181
47025 1245742672 1764166651207.221191 1764166651206 1764166651214
47026 1245776016 1764166651240.559814 1764166651240 1764166651247
47027 1245809360 1764166651273.898193 1764166651274 1764166651281
47028 1245842704 1764166651307.236816 1764166651306 1764166651314
47029 1245876048 1764166651340.575195 1764166651340 1764166651347
47030 1245909392 1764166651373.913574 1764166651374 1764166651381
47031 1245942736 1764166651407.251709 1764166651407 1764166651414
47032 1245976079 1764166651440.589111 1764166651440 1764166651447
47033 1246009423 1764166651473.927490 1764166651474 1764166651481
47034 1246042767 1764166651507.265625 1764166651506 1764166651514
47035 1246076111 1764166651540.603760 1764166651540 1764166651547
47036 1246109455 1764166651573.941895 1764166651574 1764166651581
47037 1246142799 1764166651607.280029 1764166651606 1764166651614
47038 1246176143 1764166651640.618164 1764166651640 1764166651647
47039 1246209487 1764166651673.956055 1764166651674 1764166651681
47040 1246242831 1764166651707.294189 1764166651707 1764166651714
47041 1246276175 1764166651740.632080 1764166651740 1764166651747
47042 1246309519 1764166651773.969971 1764166651774 1764166651781
47043 1246342863 1764166651807.307861 1764166651807 1764166651814
47044 1246376207 1764166651840.645752 1764166651840 1764166651847
47045 1246409550 1764166651873.982666 1764166651874 1764166651881
47046 1246442894 1764166651907.320312 1764166651907 1764166651914
47047 1246476238 1764166651940.658203 1764166651940 1764166651947
47048 1246509582 1764166651973.996826 1764166651973 1764166651981
47049 1246542926 1764166652007.335449 1764166652007 1764166652014
47050 1246576270 1764166652040.674072 1764166652040 1764166652047
47051 1246609614 1764166652074.012451 1764166652073 1764166652081
47052 1246642958 1764166652107.351074 1764166652107 1764166652114
47053 1246676302 1764166652140.689453 1764166652140 1764166652147
47054 1246709646 1764166652174.027832 1764166652174 1764166652181
47055 1246742990 1764166652207.366211 1764166652207 1764166652214
47056 1246776334 1764166652240.704590 1764166652241 1764166652248
47057 1246809678 1764166652274.042969 1764166652274 1764166652281
47058 1246843021 1764166652307.380371 1764166652307 1764166652314
47059 1246876365 1764166652340.718506 1764166652341 1764166652348
47060 1246909709 1764166652374.056641 1764166652373 1764166652381
47061 1246943053 1764166652407.395020 1764166652407 1764166652414
47062 1246976397 1764166652440.733154 1764166652441 1764166652448
47063 1247009741 1764166652474.071289 1764166652473 1764166652481
47064 1247043085 1764166652507.409424 1764166652507 1764166652514
47065 1247076429 1764166652540.747314 1764166652541 1764166652548
47066 1247109773 1764166652574.085449 1764166652573 1764166652581
47067 1247143117 1764166652607.423340 1764166652607 1764166652614
47068 1247176461 1764166652640.761475 1764166652641 1764166652648
47069 1247209805 1764166652674.099365 1764166652673 1764166652681
47070 1247243149 1764166652707.437256 1764166652707 1764166652714
47071 1247276493 1764166652740.774902 1764166652741 1764166652748
47072 1247309836 1764166652774.111816 1764166652773 1764166652781
47073 1247343180 1764166652807.449707 1764166652807 1764166652814
47074 1247376524 1764166652840.787354 1764166652841 1764166652848
47075 1247409868 1764166652874.125000 1764166652873 1764166652881
47076 1247443212 1764166652907.462891 1764166652907 1764166652915
47077 1247476556 1764166652940.800537 1764166652941 1764166652948
47078 1247509900 1764166652974.139648 1764166652973 1764166652981
47079 1247543244 1764166653007.478516 1764166653007 1764166653014
47080 1247576588 1764166653040.817627 1764166653041 1764166653048
47081 1247609932 1764166653074.156494 1764166653073 1764166653081
47082 1247643276 1764166653107.495361 1764166653107 1764166653114
47083 1247676620 1764166653140.834229 1764166653141 1764166653148
47084 1247709964 1764166653174.173340 1764166653173 1764166653181
47085 1247743307 1764166653207.510986 1764166653207 1764166653214
47086 1247776651 1764166653240.849854 1764166653241 1764166653248
47087 1247809995 1764166653274.188721 1764166653274 1764166653281
47088 1247843339 1764166653307.527588 1764166653307 1764166653314
47089 1247876683 1764166653340.866211 1764166653341 1764166653348
47090 1247910027 1764166653374.205078 1764166653374 1764166653381
47091 1247943371 1764166653407.543701 1764166653407 1764166653414
47092 1247976715 1764166653440.882324 1764166653441 1764166653448
47093 1248010059 1764166653474.220947 1764166653474 1764166653482
47094 1248043403 1764166653507.559570 1764166653508 1764166653515
47095 1248076747 1764166653540.898193 1764166653541 1764166653548
47096 1248110091 1764166653574.236816 1764166653574 1764166653581
47097 1248143435 1764166653607.575195 1764166653608 1764166653615
47098 1248176778 1764166653640.912842 1764166653641 1764166653648
47099 1248210122 1764166653674.251221 1764166653674 1764166653682
47100 1248243466 1764166653707.589844 1764166653708 1764166653715
47101 1248276810 1764166653740.928223 1764166653741 1764166653748
47102 1248310154 1764166653774.266602 1764166653774 1764166653781
47103 1248343498 1764166653807.604980 1764166653808 1764166653815
47104 1248376842 1764166653840.943359 1764166653841 1764166653848
47105 1248410186 1764166653874.281494 1764166653874 1764166653881
47106 1248443530 1764166653907.619873 1764166653908 1764166653915
47107 1248476874 1764166653940.958252 1764166653940 1764166653948
47108 1248510218 1764166653974.296875 1764166653974 1764166653981
47109 1248543562 1764166654007.635498 1764166654008 1764166654015
47110 1248576906 1764166654040.974121 1764166654040 1764166654048
47111 1248610250 1764166654074.312744 1764166654074 1764166654081
47112 1248643593 1764166654107.650146 1764166654108 1764166654115
47113 1248676937 1764166654140.988770 1764166654140 1764166654148
47114 1248710281 1764166654174.327148 1764166654174 1764166654181
47115 1248743625 1764166654207.665527 1764166654208 1764166654215
47116 1248776969 1764166654241.003906 1764166654240 1764166654248
47117 1248810313 1764166654274.342285 1764166654274 1764166654281
47118 1248843657 1764166654307.680664 1764166654308 1764166654315
47119 1248877001 1764166654341.019043 1764166654340 1764166654348
47120 1248910345 1764166654374.357178 1764166654374 1764166654381
47121 1248943689 1764166654407.695557 1764166654408 1764166654415
47122 1248977033 1764166654441.033691 1764166654440 1764166654448
47123 1249010377 1764166654474.372070 1764166654474 1764166654481
47124 1249043721 1764166654507.710205 1764166654508 1764166654515
47125 1249077064 1764166654541.047363 1764166654541 1764166654548
47126 1249110408 1764166654574.385254 1764166654574 1764166654581
47127 1249143752 1764166654607.723389 1764166654607 1764166654615
47128 1249177096 1764166654641.061523 1764166654640 1764166654648
47129 1249210440 1764166654674.399414 1764166654674 1764166654681
47130 1249243784 1764166654707.737549 1764166654708 1764166654715
47131 1249277128 1764166654741.075439 1764166654741 1764166654748
47132 1249310472 1764166654774.413330 1764166654774 1764166654781
47133 1249343816 1764166654807.751221 1764166654808 1764166654815
47134 1249377160 1764166654841.089111 1764166654841 1764166654848
47135 1249410504 1764166654874.427002 1764166654874 1764166654881
47136 1249443848 1764166654907.764648 1764166654908 1764166654915
47137 1249477192 1764166654941.102539 1764166654941 1764166654948
47138 1249510535 1764166654974.440430 1764166654974 1764166654981
47139 1249543879 1764166655007.779541 1764166655008 1764166655015
47140 1249577223 1764166655041.118408 1764166655041 1764166655048
47141 1249610567 1764166655074.457275 1764166655074 1764166655081
47142 1249643911 1764166655107.796143 1764166655108 1764166655115
47143 1249677255 1764166655141.135010 1764166655141 1764166655150
47144 1249710599 1764166655174.473877 1764166655174 1764166655181
47145 1249743943 1764166655207.812744 1764166655208 1764166655215
47146 1249777287 1764166655241.151367 1764166655241 1764166655248
47147 1249810631 1764166655274.490234 1764166655275 1764166655282
47148 1249843975 1764166655307.828857 1764166655308 1764166655315
47149 1249877319 1764166655341.167725 1764166655341 1764166655348
47150 1249910663 1764166655374.506348 1764166655375 1764166655382
47151 1249944007 1764166655407.844971 1764166655407 1764166655415
47152 1249977350 1764166655441.182617 1764166655441 1764166655448
47153 1250010694 1764166655474.521240 1764166655475 1764166655482
47154 1250044038 1764166655507.859863 1764166655507 1764166655515
47155 1250077382 1764166655541.198486 1764166655541 1764166655548
47156 1250110726 1764166655574.536865 1764166655575 1764166655582
47157 1250144070 1764166655607.875488 1764166655607 1764166655615
47158 1250177414 1764166655641.213867 1764166655641 1764166655648
47159 1250210758 1764166655674.552490 1764166655675 1764166655682
47160 1250244102 1764166655707.890869 1764166655707 1764166655715
47161 1250277446 1764166655741.229248 1764166655741 1764166655748
47162 1250310790 1764166655774.567627 1764166655775 1764166655782
47163 1250344134 1764166655807.906006 1764166655807 1764166655815
47164 1250377478 1764166655841.244385 1764166655841 1764166655848
47165 1250410821 1764166655874.581787 1764166655875 1764166655882
47166 1250444165 1764166655907.920166 1764166655907 1764166655915
47167 1250477509 1764166655941.258301 1764166655941 1764166655948
47168 1250510853 1764166655974.599609 1764166655975 1764166655982
47169 1250544197 1764166656007.940918 1764166656007 1764166656015
47170 1250577541 1764166656041.282227 1764166656041 1764166656048
47171 1250610885 1764166656074.623535 1764166656075 1764166656082
47172 1250644229 1764166656107.964844 1764166656107 1764166656115
47173 1250677573 1764166656141.305908 1764166656141 1764166656148
47174 1250710917 1764166656174.647217 1764166656175 1764166656182
47175 1250744261 1764166656207.988525 1764166656207 1764166656215
47176 1250777605 1764166656241.329834 1764166656241 1764166656248
47177 1250810949 1764166656274.671143 1764166656275 1764166656282
47178 1250844292 1764166656308.011475 1764166656308 1764166656315
47179 1250877636 1764166656341.352783 1764166656342 1764166656349
47180 1250910980 1764166656374.694092 1764166656375 1764166656382
47181 1250944324 1764166656408.035400 1764166656408 1764166656415
47182 1250977668 1764166656441.376465 1764166656441 1764166656448
47183 1251011012 1764166656474.717773 1764166656475 1764166656482
47184 1251044356 1764166656508.059082 1764166656508 1764166656515
47185 1251077700 1764166656541.400391 1764166656541 1764166656548
47186 1251111044 1764166656574.741699 1764166656575 1764166656582
47187 1251144388 1764166656608.083008 1764166656608 1764166656615
47188 1251177732 1764166656641.424316 1764166656641 1764166656648
47189 1251211076 1764166656674.765625 1764166656675 1764166656682
47190 1251244420 1764166656708.106934 1764166656708 1764166656715
47191 1251277764 1764166656741.448242 1764166656742 1764166656749
47192 1251311107 1764166656774.788574 1764166656775 1764166656782
47193 1251344451 1764166656808.129883 1764166656808 1764166656815
47194 1251377795 1764166656841.471191 1764166656842 1764166656849
47195 1251411139 1764166656874.812500 1764166656875 1764166656882
47196 1251444483 1764166656908.153809 1764166656908 1764166656915
47197 1251477827 1764166656941.495117 1764166656942 1764166656949
47198 1251511171 1764166656974.834717 1764166656974 1764166656982
47199 1251544515 1764166657008.174561 1764166657008 1764166657015
47200 1251577859 1764166657041.514160 1764166657042 1764166657049
47201 1251611203 1764166657074.853760 1764166657074 1764166657082
47202 1251644547 1764166657108.193359 1764166657108 1764166657115
47203 1251677891 1764166657141.532959 1764166657142 1764166657149
47204 1251711235 1764166657174.872559 1764166657174 1764166657182
47205 1251744578 1764166657208.211182 1764166657208 1764166657215
47206 1251777922 1764166657241.550781 1764166657242 1764166657249
47207 1251811266 1764166657274.890381 1764166657274 1764166657282
47208 1251844610 1764166657308.229980 1764166657308 1764166657315
47209 1251877954 1764166657341.569336 1764166657342 1764166657349
47210 1251911298 1764166657374.908936 1764166657374 1764166657382
47211 1251944642 1764166657408.248535 1764166657408 1764166657415
47212 1251977986 1764166657441.587891 1764166657442 1764166657449
47213 1252011330 1764166657474.927490 1764166657474 1764166657482
47214 1252044674 1764166657508.266846 1764166657508 1764166657515
47215 1252078018 1764166657541.606445 1764166657542 1764166657549
47216 1252111362 1764166657574.945801 1764166657574 1764166657582
47217 1252144706 1764166657608.285156 1764166657608 1764166657615
47218 1252178049 1764166657641.623535 1764166657642 1764166657649
47219 1252211393 1764166657674.963135 1764166657674 1764166657682
47220 1252244737 1764166657708.302490 1764166657708 1764166657715
47221 1252278081 1764166657741.641846 1764166657742 1764166657749
47222 1252311425 1764166657774.981201 1764166657775 1764166657782
47223 1252344769 1764166657808.320557 1764166657808 1764166657815
47224 1252378113 1764166657841.659912 1764166657842 1764166657849
47225 1252411457 1764166657874.999268 1764166657875 1764166657882
47226 1252444801 1764166657908.338379 1764166657908 1764166657915
47227 1252478145 1764166657941.677734 1764166657942 1764166657949
47228 1252511489 1764166657975.018066 1764166657975 1764166657982
47229 1252544833 1764166658008.358398 1764166658008 1764166658015
47230 1252578177 1764166658041.698730 1764166658042 1764166658049
47231 1252611521 1764166658075.039062 1764166658075 1764166658082
47232 1252644864 1764166658108.378418 1764166658108 1764166658115
47233 1252678208 1764166658141.718750 1764166658142 1764166658149
47234 1252711552 1764166658175.059082 1764166658175 1764166658182
47235 1252744896 1764166658208.399414 1764166658209 1764166658216
47236 1252778240 1764166658241.739746 1764166658242 1764166658249
47237 1252811584 1764166658275.080078 1764166658275 1764166658282
47238 1252844928 1764166658308.420410 1764166658309 1764166658316
47239 1252878272 1764166658341.760742 1764166658342 1764166658349
47240 1252911616 1764166658375.101074 1764166658375 1764166658382
47241 1252944960 1764166658408.441406 1764166658409 1764166658416
47242 1252978304 1764166658441.781738 1764166658441 1764166658449
47243 1253011648 1764166658475.122070 1764166658475 1764166658482
47244 1253044992 1764166658508.462402 1764166658509 1764166658516
47245 1253078335 1764166658541.801514 1764166658541 1764166658549
47246 1253111679 1764166658575.141846 1764166658575 1764166658582
47247 1253145023 1764166658608.482178 1764166658609 1764166658616
47248 1253178367 1764166658641.822510 1764166658641 1764166658649
47249 1253211711 1764166658675.162842 1764166658675 1764166658682
47250 1253245055 1764166658708.503174 1764166658709 1764166658716
47251 1253278399 1764166658741.843262 1764166658741 1764166658749
47252 1253311743 1764166658775.183594 1764166658775 1764166658782
47253 1253345087 1764166658808.523926 1764166658809 1764166658816
47254 1253378431 1764166658841.864258 1764166658841 1764166658849
47255 1253411775 1764166658875.204346 1764166658875 1764166658882
47256 1253445119 1764166658908.544678 1764166658909 1764166658916
47257 1253478463 1764166658941.885010 1764166658941 1764166658949
47258 1253511806 1764166658975.224121 1764166658975 1764166658982
47259 1253545150 1764166659008.564209 1764166659009 1764166659016
47260 1253578494 1764166659041.904297 1764166659041 1764166659049
47261 1253611838 1764166659075.244629 1764166659075 1764166659082
47262 1253645182 1764166659108.584717 1764166659109 1764166659116
47263 1253678526 1764166659141.924805 1764166659141 1764166659149
47264 1253711870 1764166659175.264893 1764166659175 1764166659182
47265 1253745214 1764166659208.604980 1764166659209 1764166659216
47266 1253778558 1764166659241.945312 1764166659242 1764166659249
47267 1253811902 1764166659275.285400 1764166659275 1764166659282
47268 1253845246 1764166659308.625488 1764166659309 1764166659316
47269 1253878590 1764166659341.965576 1764166659342 1764166659349
47270 1253911934 1764166659375.305664 1764166659375 1764166659382
47271 1253945278 1764166659408.645752 1764166659409 1764166659416
47272 1253978621 1764166659441.984863 1764166659442 1764166659449
47273 1254011965 1764166659475.324951 1764166659475 1764166659482
47274 1254045309 1764166659508.665039 1764166659509 1764166659516
47275 1254078653 1764166659542.005127 1764166659542 1764166659549
47276 1254111997 1764166659575.345215 1764166659575 1764166659582
47277 1254145341 1764166659608.685059 1764166659609 1764166659616
47278 1254178685 1764166659642.025146 1764166659642 1764166659649
47279 1254212029 1764166659675.365234 1764166659675 1764166659686
47280 1254245373 1764166659708.705322 1764166659709 1764166659716
47281 1254278717 1764166659742.045410 1764166659742 1764166659749
47282 1254312061 1764166659775.385498 1764166659775 1764166659783
47283 1254345405 1764166659808.725342 1764166659809 1764166659816
47284 1254378749 1764166659842.065430 1764166659842 1764166659849
47285 1254412092 1764166659875.404541 1764166659876 1764166659883
47286 1254445436 1764166659908.744385 1764166659908 1764166659916
47287 1254478780 1764166659942.084473 1764166659942 1764166659949
47288 1254512124 1764166659975.424805 1764166659976 1764166659983
47289 1254545468 1764166660008.765137 1764166660008 1764166660016
47290 1254578812 1764166660042.105225 1764166660042 1764166660049
47291 1254612156 1764166660075.445557 1764166660076 1764166660083
47292 1254645500 1764166660108.785889 1764166660108 1764166660116
47293 1254678844 1764166660142.126221 1764166660142 1764166660149
47294 1254712188 1764166660175.466309 1764166660176 1764166660183
47295 1254745532 1764166660208.806641 1764166660208 1764166660216
47296 1254778876 1764166660242.146973 1764166660242 1764166660249
47297 1254812220 1764166660275.487061 1764166660276 1764166660283
47298 1254845563 1764166660308.826416 1764166660308 1764166660316
47299 1254878907 1764166660342.166504 1764166660342 1764166660349
47300 1254912251 1764166660375.506836 1764166660376 1764166660383
47301 1254945595 1764166660408.846924 1764166660408 1764166660416
47302 1254978939 1764166660442.187256 1764166660442 1764166660449
47303 1255012283 1764166660475.527588 1764166660476 1764166660483
47304 1255045627 1764166660508.867676 1764166660508 1764166660516
47305 1255078971 1764166660542.208008 1764166660542 1764166660549
47306 1255112315 1764166660575.548096 1764166660576 1764166660583
47307 1255145659 1764166660608.888428 1764166660608 1764166660616
47308 1255179003 1764166660642.228516 1764166660642 1764166660649
47309 1255212347 1764166660675.568604 1764166660676 1764166660683
47310 1255245691 1764166660708.908936 1764166660709 1764166660716
47311 1255279035 1764166660742.249023 1764166660742 1764166660749
47312 1255312378 1764166660775.588379 1764166660776 1764166660783
47313 1255345722 1764166660808.928467 1764166660809 1764166660816
47314 1255379066 1764166660842.268555 1764166660842 1764166660849
47315 1255412410 1764166660875.608887 1764166660876 1764166660883
47316 1255445754 1764166660908.948975 1764166660909 1764166660916
47317 1255479098 1764166660942.289062 1764166660942 1764166660949
47318 1255512442 1764166660975.629639 1764166660976 1764166660983
47319 1255545786 1764166661008.969971 1764166661009 1764166661016
47320 1255579130 1764166661042.310303 1764166661042 1764166661049
47321 1255612474 1764166661075.650635 1764166661076 1764166661083
47322 1255645818 1764166661108.991211 1764166661109 1764166661116
47323 1255679162 1764166661142.331543 1764166661142 1764166661149
47324 1255712506 1764166661175.671875 1764166661176 1764166661183
47325 1255745849 1764166661209.011230 1764166661209 1764166661216
47326 1255779193 1764166661242.351562 1764166661242 1764166661249
47327 1255812537 1764166661275.692139 1764166661276 1764166661283
47328 1255845881 1764166661309.032471 1764166661309 1764166661316
47329 1255879225 1764166661342.372803 1764166661342 1764166661349
47330 1255912569 1764166661375.713135 1764166661376 1764166661383
47331 1255945913 1764166661409.053467 1764166661409 1764166661416
47332 1255979257 1764166661442.393799 1764166661442 1764166661449
47333 1256012601 1764166661475.734131 1764166661476 1764166661483
47334 1256045945 1764166661509.074707 1764166661509 1764166661516
47335 1256079289 1764166661542.415039 1764166661543 1764166661550
47336 1256112633 1764166661575.755371 1764166661576 1764166661583
47337 1256145977 1764166661609.095703 1764166661609 1764166661616
47338 1256179320 1764166661642.435059 1764166661643 1764166661650
47339 1256212664 1764166661675.775391 1764166661676 1764166661683
47340 1256246008 1764166661709.115723 1764166661709 1764166661716
47341 1256279352 1764166661742.456055 1764166661743 1764166661750
47342 1256312696 1764166661775.796387 1764166661776 1764166661783
47343 1256346040 1764166661809.136719 1764166661809 1764166661816
47344 1256379384 1764166661842.477051 1764166661843 1764166661850
47345 1256412728 1764166661875.817383 1764166661876 1764166661883
47346 1256446072 1764166661909.157715 1764166661909 1764166661916
47347 1256479416 1764166661942.497803 1764166661943 1764166661950
47348 1256512760 1764166661975.838135 1764166661976 1764166661983
47349 1256546104 1764166662009.180176 1764166662009 1764166662016
47350 1256579448 1764166662042.522217 1764166662043 1764166662050
47351 1256612792 1764166662075.864258 1764166662076 1764166662083
47352 1256646135 1764166662109.205322 1764166662109 1764166662116
47353 1256679479 1764166662142.547363 1764166662143 1764166662150
47354 1256712823 1764166662175.889648 1764166662175 1764166662183
47355 1256746167 1764166662209.231689 1764166662209 1764166662216
47356 1256779511 1764166662242.573975 1764166662243 1764166662250
47357 1256812855 1764166662275.916016 1764166662275 1764166662283
47358 1256846199 1764166662309.258301 1764166662309 1764166662316
47359 1256879543 1764166662342.600586 1764166662343 1764166662350
47360 1256912887 1764166662375.942871 1764166662375 1764166662383
47361 1256946231 1764166662409.285156 1764166662409 1764166662416
47362 1256979575 1764166662442.627441 1764166662443 1764166662450
47363 1257012919 1764166662475.969727 1764166662475 1764166662483
47364 1257046263 1764166662509.312012 1764166662509 1764166662516
47365 1257079606 1764166662542.653564 1764166662543 1764166662550
47366 1257112950 1764166662575.995850 1764166662575 1764166662583
47367 1257146294 1764166662609.338379 1764166662609 1764166662616
47368 1257179638 1764166662642.680664 1764166662643 1764166662650
47369 1257212982 1764166662676.023193 1764166662675 1764166662683
47370 1257246326 1764166662709.365723 1764166662709 1764166662716
47371 1257279670 1764166662742.708252 1764166662743 1764166662750
47372 1257313014 1764166662776.050781 1764166662775 1764166662783
47373 1257346358 1764166662809.393555 1764166662809 1764166662816
47374 1257379702 1764166662842.736084 1764166662843 1764166662850
47375 1257413046 1764166662876.078613 1764166662875 1764166662883
47376 1257446390 1764166662909.421387 1764166662909 1764166662916
47377 1257479734 1764166662942.763916 1764166662943 1764166662950
47378 1257513077 1764166662976.105713 1764166662975 1764166662983
47379 1257546421 1764166663009.444336 1764166663009 1764166663016
47380 1257579765 1764166663042.782959 1764166663043 1764166663050
47381 1257613109 1764166663076.121582 1764166663075 1764166663083
47382 1257646453 1764166663109.459961 1764166663109 1764166663116
47383 1257679797 1764166663142.798584 1764166663143 1764166663150
47384 1257713141 1764166663176.137207 1764166663175 1764166663183
47385 1257746485 1764166663209.475586 1764166663209 1764166663216
47386 1257779829 1764166663242.814209 1764166663243 1764166663250
47387 1257813173 1764166663276.152588 1764166663275 1764166663283
47388 1257846517 1764166663309.490967 1764166663309 1764166663316
47389 1257879861 1764166663342.829590 1764166663343 1764166663350
47390 1257913205 1764166663376.167969 1764166663375 1764166663383
47391 1257946549 1764166663409.506348 1764166663409 1764166663416
47392 1257979892 1764166663442.843750 1764166663443 1764166663450
47393 1258013236 1764166663476.182129 1764166663475 1764166663483
47394 1258046580 1764166663509.520752 1764166663509 1764166663516
47395 1258079924 1764166663542.859131 1764166663543 1764166663550
47396 1258113268 1764166663576.197266 1764166663575 1764166663583
47397 1258146612 1764166663609.535645 1764166663609 1764166663616
47398 1258179956 1764166663642.874023 1764166663643 1764166663650
47399 1258213300 1764166663676.212402 1764166663675 1764166663683
47400 1258246644 1764166663709.550781 1764166663709 1764166663716
47401 1258279988 1764166663742.888916 1764166663743 1764166663750
47402 1258313332 1764166663776.227295 1764166663775 1764166663783
47403 1258346676 1764166663809.565430 1764166663809 1764166663816
47404 1258380020 1764166663842.903809 1764166663843 1764166663850
47405 1258413363 1764166663876.240967 1764166663875 1764166663883
47406 1258446707 1764166663909.579102 1764166663909 1764166663916
47407 1258480051 1764166663942.917480 1764166663943 1764166663950
47408 1258513395 1764166663976.255615 1764166663975 1764166663983
47409 1258546739 1764166664009.597168 1764166664009 1764166664016
47410 1258580083 1764166664042.938477 1764166664043 1764166664050
47411 1258613427 1764166664076.280029 1764166664075 1764166664083
47412 1258646771 1764166664109.621338 1764166664109 1764166664116
47413 1258680115 1764166664142.962891 1764166664143 1764166664150
47414 1258713459 1764166664176.304199 1764166664175 1764166664183
47415 1258746803 1764166664209.645752 1764166664209 1764166664216
47416 1258780147 1764166664242.987061 1764166664243 1764166664250
47417 1258813491 1764166664276.328613 1764166664275 1764166664283
47418 1258846834 1764166664309.669189 1764166664309 1764166664316
47419 1258880178 1764166664343.010498 1764166664343 1764166664350
47420 1258913522 1764166664376.352051 1764166664375 1764166664383
47421 1258946866 1764166664409.693604 1764166664409 1764166664416
47422 1258980210 1764166664443.034912 1764166664443 1764166664450
47423 1259013554 1764166664476.376465 1764166664476 1764166664483
47424 1259046898 1764166664509.718018 1764166664509 1764166664516
47425 1259080242 1764166664543.059570 1764166664543 1764166664550
47426 1259113586 1764166664576.400879 1764166664576 1764166664583
47427 1259146930 1764166664609.742432 1764166664609 1764166664616
47428 1259180274 1764166664643.083984 1764166664643 1764166664650
47429 1259213618 1764166664676.425537 1764166664676 1764166664683
47430 1259246962 1764166664709.767090 1764166664709 1764166664716
47431 1259280306 1764166664743.108398 1764166664743 1764166664750
47432 1259313649 1764166664776.448975 1764166664776 1764166664783
47433 1259346993 1764166664809.790527 1764166664809 1764166664816
47434 1259380337 1764166664843.132080 1764166664842 1764166664850
47435 1259413681 1764166664876.473633 1764166664876 1764166664883
47436 1259447025 1764166664909.815186 1764166664909 1764166664916
47437 1259480369 1764166664943.156738 1764166664943 1764166664950
47438 1259513713 1764166664976.498291 1764166664976 1764166664983
47439 1259547057 1764166665009.834961 1764166665009 1764166665016
47440 1259580401 1764166665043.171631 1764166665043 1764166665050
47441 1259613745 1764166665076.508301 1764166665076 1764166665083
47442 1259647089 1764166665109.844971 1764166665109 1764166665116
47443 1259680433 1764166665143.181641 1764166665143 1764166665150
47444 1259713777 1764166665176.518311 1764166665176 1764166665183
47445 1259747120 1764166665209.853760 1764166665209 1764166665216
47446 1259780464 1764166665243.190430 1764166665243 1764166665250
47447 1259813808 1764166665276.526855 1764166665276 1764166665283
47448 1259847152 1764166665309.863525 1764166665309 1764166665316
47449 1259880496 1764166665343.199951 1764166665343 1764166665350
47450 1259913840 1764166665376.536377 1764166665376 1764166665383
47451 1259947184 1764166665409.872803 1764166665409 1764166665416
47452 1259980528 1764166665443.209229 1764166665443 1764166665450
47453 1260013872 1764166665476.545654 1764166665476 1764166665483
47454 1260047216 1764166665509.881836 1764166665509 1764166665516
47455 1260080560 1764166665543.218262 1764166665543 1764166665550
47456 1260113904 1764166665576.554443 1764166665576 1764166665583
47457 1260147248 1764166665609.890869 1764166665609 1764166665616
47458 1260180591 1764166665643.226074 1764166665643 1764166665650
47459 1260213935 1764166665676.562256 1764166665676 1764166665683
47460 1260247279 1764166665709.898438 1764166665709 1764166665717
47461 1260280623 1764166665743.234619 1764166665743 1764166665750
47462 1260313967 1764166665776.570801 1764166665776 1764166665783
47463 1260347311 1764166665809.906982 1764166665810 1764166665817
47464 1260380655 1764166665843.242920 1764166665843 1764166665850
47465 1260413999 1764166665876.579102 1764166665876 1764166665883
47466 1260447343 1764166665909.915039 1764166665910 1764166665917
47467 1260480687 1764166665943.251221 1764166665943 1764166665950
47468 1260514031 1764166665976.587158 1764166665976 1764166665983
47469 1260547375 1764166666009.923340 1764166666010 1764166666017
47470 1260580719 1764166666043.259521 1764166666043 1764166666050
47471 1260614063 1764166666076.595459 1764166666076 1764166666083
47472 1260647406 1764166666109.930664 1764166666110 1764166666117
47473 1260680750 1764166666143.266602 1764166666142 1764166666150
47474 1260714094 1764166666176.602539 1764166666176 1764166666183
47475 1260747438 1764166666209.938721 1764166666210 1764166666217
47476 1260780782 1764166666243.274658 1764166666242 1764166666250
47477 1260814126 1764166666276.610596 1764166666276 1764166666283
47478 1260847470 1764166666309.946289 1764166666310 1764166666317
47479 1260880814 1764166666343.282227 1764166666342 1764166666350
47480 1260914158 1764166666376.618164 1764166666376 1764166666383
47481 1260947502 1764166666409.953857 1764166666410 1764166666417
47482 1260980846 1764166666443.289795 1764166666443 1764166666450
47483 1261014190 1764166666476.625488 1764166666476 1764166666483
47484 1261047534 1764166666509.961182 1764166666510 1764166666517
47485 1261080877 1764166666543.295898 1764166666542 1764166666550
47486 1261114221 1764166666576.631592 1764166666576 1764166666583
47487 1261147565 1764166666609.967285 1764166666610 1764166666617
47488 1261180909 1764166666643.302734 1764166666642 1764166666650
47489 1261214253 1764166666676.638428 1764166666677 1764166666684
47490 1261247597 1764166666709.974121 1764166666710 1764166666717
47491 1261280941 1764166666743.309570 1764166666742 1764166666750
47492 1261314285 1764166666776.645020 1764166666776 1764166666783
47493 1261347629 1764166666809.980469 1764166666810 1764166666817
47494 1261380973 1764166666843.315918 1764166666842 1764166666850
47495 1261414317 1764166666876.651367 1764166666876 1764166666883
47496 1261447661 1764166666909.986816 1764166666910 1764166666917
47497 1261481005 1764166666943.322266 1764166666942 1764166666950
47498 1261514348 1764166666976.656494 1764166666976 1764166666983
47499 1261547692 1764166667009.991943 1764166667010 1764166667017
47500 1261581036 1764166667043.327637 1764166667042 1764166667050
47501 1261614380 1764166667076.663086 1764166667076 1764166667083
47502 1261647724 1764166667109.998291 1764166667110 1764166667117
47503 1261681068 1764166667143.333740 1764166667142 1764166667150
47504 1261714412 1764166667176.669189 1764166667176 1764166667183
47505 1261747756 1764166667210.004395 1764166667210 1764166667217
47506 1261781100 1764166667243.339844 1764166667242 1764166667250
47507 1261814444 1764166667276.675049 1764166667276 1764166667283
47508 1261847788 1764166667310.010254 1764166667310 1764166667317
47509 1261881132 1764166667343.345459 1764166667342 1764166667350
47510 1261914476 1764166667376.680664 1764166667376 1764166667383
47511 1261947820 1764166667410.015625 1764166667410 1764166667417
47512 1261981163 1764166667443.349854 1764166667442 1764166667450
47513 1262014507 1764166667476.684814 1764166667477 1764166667484
47514 1262047851 1764166667510.020020 1764166667510 1764166667517
47515 1262081195 1764166667543.354980 1764166667542 1764166667550
47516 1262114539 1764166667576.689941 1764166667576 1764166667583
47517 1262147883 1764166667610.024902 1764166667610 1764166667617
47518 1262181227 1764166667643.359863 1764166667642 1764166667650
47519 1262214571 1764166667676.694580 1764166667676 1764166667683
47520 1262247915 1764166667710.029541 1764166667710 1764166667717
47521 1262281259 1764166667743.364502 1764166667742 1764166667750
47522 1262314603 1764166667776.699219 1764166667776 1764166667783
47523 1262347947 1764166667810.033936 1764166667810 1764166667817
47524 1262381291 1764166667843.368652 1764166667843 1764166667850
47525 1262414634 1764166667876.702393 1764166667876 1764166667883
47526 1262447978 1764166667910.037109 1764166667910 1764166667917
47527 1262481322 1764166667943.371582 1764166667942 1764166667950
47528 1262514666 1764166667976.706299 1764166667976 1764166667983
47529 1262548010 1764166668010.042236 1764166668010 1764166668017
47530 1262581354 1764166668043.378174 1764166668042 1764166668050
47531 1262614698 1764166668076.714111 1764166668076 1764166668083
47532 1262648042 1764166668110.050049 1764166668110 1764166668117
47533 1262681386 1764166668143.385986 1764166668142 1764166668150
47534 1262714730 1764166668176.721680 1764166668176 1764166668184
47535 1262748074 1764166668210.057617 1764166668210 1764166668217
47536 1262781418 1764166668243.393311 1764166668243 1764166668250
47537 1262814762 1764166668276.729004 1764166668276 1764166668283
47538 1262848105 1764166668310.063721 1764166668310 1764166668317
47539 1262881449 1764166668343.399414 1764166668342 1764166668350
47540 1262914793 1764166668376.735107 1764166668376 1764166668383
47541 1262948137 1764166668410.070801 1764166668410 1764166668417
47542 1262981481 1764166668443.406250 1764166668442 1764166668450
47543 1263014825 1764166668476.741943 1764166668476 1764166668483
47544 1263048169 1764166668510.077393 1764166668510 1764166668517
47545 1263081513 1764166668543.412842 1764166668543 1764166668550
47546 1263114857 1764166668576.748535 1764166668576 1764166668583
47547 1263148201 1764166668610.083984 1764166668610 1764166668617
47548 1263181545 1764166668643.419434 1764166668643 1764166668650
47549 1263214889 1764166668676.754639 1764166668676 1764166668683
47550 1263248233 1764166668710.090088 1764166668710 1764166668717
47551 1263281577 1764166668743.425537 1764166668743 1764166668750
47552 1263314920 1764166668776.759766 1764166668776 1764166668783
47553 1263348264 1764166668810.095215 1764166668810 1764166668817
47554 1263381608 1764166668843.430420 1764166668843 1764166668850
47555 1263414952 1764166668876.765625 1764166668876 1764166668883
47556 1263448296 1764166668910.100830 1764166668910 1764166668917
47557 1263481640 1764166668943.436035 1764166668943 1764166668950
47558 1263514984 1764166668976.771240 1764166668976 1764166668983
47559 1263548328 1764166669010.106201 1764166669010 1764166669017
47560 1263581672 1764166669043.441406 1764166669043 1764166669050
47561 1263615016 1764166669076.776367 1764166669077 1764166669084
47562 1263648360 1764166669110.111328 1764166669110 1764166669117
47563 1263681704 1764166669143.446045 1764166669143 1764166669150
47564 1263715048 1764166669176.781006 1764166669176 1764166669183
47565 1263748391 1764166669210.114990 1764166669210 1764166669217
47566 1263781735 1764166669243.449707 1764166669243 1764166669250
47567 1263815079 1764166669276.784424 1764166669277 1764166669284
47568 1263848423 1764166669310.119385 1764166669310 1764166669317
47569 1263881767 1764166669343.454102 1764166669343 1764166669350
47570 1263915111 1764166669376.788818 1764166669376 1764166669383
47571 1263948455 1764166669410.123291 1764166669410 1764166669417
47572 1263981799 1764166669443.458008 1764166669444 1764166669451
47573 1264015143 1764166669476.792725 1764166669476 1764166669483
47574 1264048487 1764166669510.127197 1764166669509 1764166669517
47575 1264081831 1764166669543.461670 1764166669543 1764166669550
47576 1264115175 1764166669576.796143 1764166669576 1764166669583
47577 1264148519 1764166669610.130859 1764166669610 1764166669617
47578 1264181862 1764166669643.464111 1764166669643 1764166669650
47579 1264215206 1764166669676.798584 1764166669676 1764166669683
47580 1264248550 1764166669710.133057 1764166669710 1764166669717
47581 1264281894 1764166669743.467285 1764166669743 1764166669750
47582 1264315238 1764166669776.801758 1764166669776 1764166669783
47583 1264348582 1764166669810.135986 1764166669810 1764166669817
47584 1264381926 1764166669843.470215 1764166669843 1764166669850
47585 1264415270 1764166669876.804443 1764166669876 1764166669883
47586 1264448614 1764166669910.138672 1764166669910 1764166669917
47587 1264481958 1764166669943.472900 1764166669943 1764166669950
47588 1264515302 1764166669976.806885 1764166669976 1764166669983
47589 1264548646 1764166670010.141113 1764166670010 1764166670017
47590 1264581990 1764166670043.475342 1764166670043 1764166670050
47591 1264615334 1764166670076.809570 1764166670077 1764166670084
47592 1264648677 1764166670110.142822 1764166670110 1764166670117
47593 1264682021 1764166670143.476807 1764166670143 1764166670150
47594 1264715365 1764166670176.810791 1764166670177 1764166670184
47595 1264748709 1764166670210.144775 1764166670210 1764166670217
47596 1264782053 1764166670243.479004 1764166670243 1764166670250
47597 1264815397 1764166670276.812744 1764166670277 1764166670284
47598 1264848741 1764166670310.146729 1764166670309 1764166670317
47599 1264882085 1764166670343.480713 1764166670343 1764166670350
47600 1264915429 1764166670376.814453 1764166670377 1764166670384
47601 1264948773 1764166670410.148438 1764166670410 1764166670417
