14021 145093052 1764165550581.123535 1764165550580 1764165550588
14022 145126396 1764165550614.464600 1764165550614 1764165550621
14023 145159739 1764165550647.804443 1764165550648 1764165550655
14024 145193083 1764165550681.145508 1764165550680 1764165550688
14025 145226427 1764165550714.486328 1764165550714 1764165550721
14026 145259771 1764165550747.827148 1764165550748 1764165550755
14027 145293115 1764165550781.168213 1764165550780 1764165550788
14028 145326459 1764165550814.509033 1764165550814 1764165550821
14029 145359803 1764165550847.850830 1764165550848 1764165550855
14030 145393147 1764165550881.192627 1764165550880 1764165550888
14031 145426491 1764165550914.534424 1764165550914 1764165550921
14032 145459835 1764165550947.876221 1764165550948 1764165550955
14033 145493179 1764165550981.218018 1764165550980 1764165550988
14034 145526523 1764165551014.559814 1764165551014 1764165551021
14035 145559867 1764165551047.901611 1764165551048 1764165551055
14036 145593211 1764165551081.243164 1764165551080 1764165551088
14037 145626554 1764165551114.583984 1764165551114 1764165551121
14038 145659898 1764165551147.925537 1764165551148 1764165551155
14039 145693242 1764165551181.267090 1764165551180 1764165551188
14040 145726586 1764165551214.608643 1764165551214 1764165551221
14041 145759930 1764165551247.950195 1764165551248 1764165551255
14042 145793274 1764165551281.291748 1764165551280 1764165551288
14043 145826618 1764165551314.633301 1764165551315 1764165551323
14044 145859962 1764165551347.974854 1764165551348 1764165551355
14045 145893306 1764165551381.316162 1764165551381 1764165551388
14046 145926650 1764165551414.657715 1764165551414 1764165551421
14047 145959994 1764165551447.999023 1764165551448 1764165551455
14048 145993338 1764165551481.340576 1764165551481 1764165551488
14049 146026682 1764165551514.681885 1764165551514 1764165551521
14050 146060025 1764165551548.022217 1764165551548 1764165551555
14051 146093369 1764165551581.363525 1764165551581 1764165551588
14052 146126713 1764165551614.704834 1764165551614 1764165551621
14053 146160057 1764165551648.045898 1764165551648 1764165551655
14054 146193401 1764165551681.387207 1764165551681 1764165551688
14055 146226745 1764165551714.728516 1764165551714 1764165551721
14056 146260089 1764165551748.069580 1764165551748 1764165551755
14057 146293433 1764165551781.410645 1764165551781 1764165551788
14058 146326777 1764165551814.751953 1764165551815 1764165551822
14059 146360121 1764165551848.093506 1764165551847 1764165551855
14060 146393465 1764165551881.434814 1764165551881 1764165551888
14061 146426809 1764165551914.776367 1764165551915 1764165551922
14062 146460153 1764165551948.117676 1764165551947 1764165551955
14063 146493496 1764165551981.458008 1764165551981 1764165551988
14064 146526840 1764165552014.799561 1764165552015 1764165552022
14065 146560184 1764165552048.140869 1764165552047 1764165552055
14066 146593528 1764165552081.482178 1764165552081 1764165552088
14067 146626872 1764165552114.823242 1764165552115 1764165552122
14068 146660216 1764165552148.164551 1764165552147 1764165552155
14069 146693560 1764165552181.505859 1764165552181 1764165552188
14070 146726904 1764165552214.846924 1764165552215 1764165552222
14071 146760248 1764165552248.188232 1764165552247 1764165552255
14072 146793592 1764165552281.529297 1764165552281 1764165552288
14073 146826936 1764165552314.870361 1764165552315 1764165552322
14074 146860280 1764165552348.211670 1764165552347 1764165552355
14075 146893624 1764165552381.552734 1764165552381 1764165552388
14076 146926968 1764165552414.893555 1764165552415 1764165552422
14077 146960311 1764165552448.233643 1764165552447 1764165552455
14078 146993655 1764165552481.574707 1764165552481 1764165552488
14079 147026999 1764165552514.915527 1764165552515 1764165552522
14080 147060343 1764165552548.256592 1764165552547 1764165552555
14081 147093687 1764165552581.597412 1764165552581 1764165552588
14082 147127031 1764165552614.938477 1764165552615 1764165552622
14083 147160375 1764165552648.279297 1764165552648 1764165552655
14084 147193719 1764165552681.620117 1764165552681 1764165552688
14085 147227063 1764165552714.960938 1764165552715 1764165552722
14086 147260407 1764165552748.301514 1764165552748 1764165552755
14087 147293751 1764165552781.642334 1764165552781 1764165552788
14088 147327095 1764165552814.983154 1764165552815 1764165552822
14089 147360439 1764165552848.323975 1764165552848 1764165552855
14090 147393782 1764165552881.664062 1764165552881 1764165552888
14091 147427126 1764165552915.004883 1764165552915 1764165552922
14092 147460470 1764165552948.345703 1764165552948 1764165552955
14093 147493814 1764165552981.686523 1764165552982 1764165552989
14094 147527158 1764165553015.027344 1764165553015 1764165553022
14095 147560502 1764165553048.368164 1764165553048 1764165553055
14096 147593846 1764165553081.708984 1764165553082 1764165553089
14097 147627190 1764165553115.049561 1764165553115 1764165553122
14098 147660534 1764165553148.390381 1764165553149 1764165553156
14099 147693878 1764165553181.730957 1764165553182 1764165553189
14100 147727222 1764165553215.071533 1764165553215 1764165553222
14101 147760566 1764165553248.412109 1764165553248 1764165553255
14102 147793910 1764165553281.752686 1764165553282 1764165553289
14103 147827253 1764165553315.092285 1764165553314 1764165553322
14104 147860597 1764165553348.432861 1764165553348 1764165553355
14105 147893941 1764165553381.773438 1764165553382 1764165553389
14106 147927285 1764165553415.113770 1764165553414 1764165553422
14107 147960629 1764165553448.454346 1764165553448 1764165553455
14108 147993973 1764165553481.794678 1764165553482 1764165553489
14109 148027317 1764165553515.135254 1764165553514 1764165553522
14110 148060661 1764165553548.475586 1764165553548 1764165553555
14111 148094005 1764165553581.815918 1764165553582 1764165553589
14112 148127349 1764165553615.156250 1764165553614 1764165553622
14113 148160693 1764165553648.496582 1764165553648 1764165553655
14114 148194037 1764165553681.836670 1764165553681 1764165553690
14115 148227381 1764165553715.177002 1764165553714 1764165553722
14116 148260725 1764165553748.517090 1764165553748 1764165553755
14117 148294068 1764165553781.856445 1764165553782 1764165553789
14118 148327412 1764165553815.196533 1764165553814 1764165553822
14119 148360756 1764165553848.536865 1764165553848 1764165553855
14120 148394100 1764165553881.876953 1764165553882 1764165553889
14121 148427444 1764165553915.217041 1764165553915 1764165553922
14122 148460788 1764165553948.557129 1764165553948 1764165553955
14123 148494132 1764165553981.897217 1764165553982 1764165553989
14124 148527476 1764165554015.237305 1764165554015 1764165554022
14125 148560820 1764165554048.577148 1764165554048 1764165554055
14126 148594164 1764165554081.917236 1764165554082 1764165554089
14127 148627508 1764165554115.257080 1764165554115 1764165554122
14128 148660852 1764165554148.596924 1764165554148 1764165554155
14129 148694196 1764165554181.936768 1764165554182 1764165554189
14130 148727539 1764165554215.275635 1764165554215 1764165554222
14131 148760883 1764165554248.615479 1764165554249 1764165554256
14132 148794227 1764165554281.955322 1764165554282 1764165554289
14133 148827571 1764165554315.294922 1764165554315 1764165554322
14134 148860915 1764165554348.634521 1764165554349 1764165554356
14135 148894259 1764165554381.974121 1764165554382 1764165554389
14136 148927603 1764165554415.313965 1764165554415 1764165554422
14137 148960947 1764165554448.653320 1764165554449 1764165554456
14138 148994291 1764165554481.992920 1764165554481 1764165554489
14139 149027635 1764165554515.332520 1764165554515 1764165554522
14140 149060979 1764165554548.671875 1764165554549 1764165554556
14141 149094323 1764165554582.011475 1764165554581 1764165554589
14142 149127667 1764165554615.350830 1764165554615 1764165554622
14143 149161010 1764165554648.689209 1764165554649 1764165554656
14144 149194354 1764165554682.028564 1764165554681 1764165554689
14145 149227698 1764165554715.367676 1764165554715 1764165554722
14146 149261042 1764165554748.707031 1764165554749 1764165554756
14147 149294386 1764165554782.046387 1764165554781 1764165554789
14148 149327730 1764165554815.385498 1764165554815 1764165554822
14149 149361074 1764165554848.726074 1764165554849 1764165554856
14150 149394418 1764165554882.066895 1764165554881 1764165554889
14151 149427762 1764165554915.407471 1764165554915 1764165554922
14152 149461106 1764165554948.748047 1764165554949 1764165554956
14153 149494450 1764165554982.088379 1764165554981 1764165554989
14154 149527794 1764165555015.428955 1764165555015 1764165555022
14155 149561138 1764165555048.769531 1764165555048 1764165555057
14156 149594482 1764165555082.109863 1764165555081 1764165555089
14157 149627825 1764165555115.449463 1764165555115 1764165555122
14158 149661169 1764165555148.789795 1764165555149 1764165555156
14159 149694513 1764165555182.130127 1764165555182 1764165555189
14160 149727857 1764165555215.470703 1764165555215 1764165555222
14161 149761201 1764165555248.811035 1764165555248 1764165555256
14162 149794545 1764165555282.151367 1764165555282 1764165555289
14163 149827889 1764165555315.491699 1764165555315 1764165555322
14164 149861233 1764165555348.831787 1764165555349 1764165555356
14165 149894577 1764165555382.172119 1764165555382 1764165555389
14166 149927921 1764165555415.512451 1764165555415 1764165555422
14167 149961265 1764165555448.852539 1764165555449 1764165555456
14168 149994609 1764165555482.192627 1764165555482 1764165555489
14169 150027953 1764165555515.532959 1764165555515 1764165555522
14170 150061296 1764165555548.872070 1764165555548 1764165555556
14171 150094640 1764165555582.212158 1764165555582 1764165555589
14172 150127984 1764165555615.552246 1764165555616 1764165555623
14173 150161328 1764165555648.892090 1764165555649 1764165555656
14174 150194672 1764165555682.232178 1764165555682 1764165555689
14175 150228016 1764165555715.572266 1764165555716 1764165555723
14176 150261360 1764165555748.912109 1764165555748 1764165555756
14177 150294704 1764165555782.252197 1764165555782 1764165555789
14178 150328048 1764165555815.592041 1764165555816 1764165555823
14179 150361392 1764165555848.933350 1764165555848 1764165555856
14180 150394736 1764165555882.274658 1764165555882 1764165555889
14181 150428080 1764165555915.615967 1764165555916 1764165555923
14182 150461424 1764165555948.957275 1764165555948 1764165555956
14183 150494767 1764165555982.297363 1764165555982 1764165555989
14184 150528111 1764165556015.638672 1764165556016 1764165556023
14185 150561455 1764165556048.979980 1764165556048 1764165556056
14186 150594799 1764165556082.321045 1764165556082 1764165556089
14187 150628143 1764165556115.662354 1764165556116 1764165556123
14188 150661487 1764165556149.003418 1764165556148 1764165556156
14189 150694831 1764165556182.344482 1764165556182 1764165556189
14190 150728175 1764165556215.685791 1764165556216 1764165556223
14191 150761519 1764165556249.026855 1764165556248 1764165556256
14192 150794863 1764165556282.367920 1764165556282 1764165556289
14193 150828207 1764165556315.708984 1764165556316 1764165556323
14194 150861551 1764165556349.050049 1764165556348 1764165556356
14195 150894895 1764165556382.391113 1764165556382 1764165556389
14196 150928239 1764165556415.731934 1764165556416 1764165556423
14197 150961582 1764165556449.072021 1764165556449 1764165556456
14198 150994926 1764165556482.413086 1764165556482 1764165556489
14199 151028270 1764165556515.753906 1764165556516 1764165556523
14200 151061614 1764165556549.094971 1764165556549 1764165556556
14201 151094958 1764165556582.435791 1764165556582 1764165556590
14202 151128302 1764165556615.776855 1764165556616 1764165556623
14203 151161646 1764165556649.117676 1764165556649 1764165556656
14204 151194990 1764165556682.458496 1764165556682 1764165556689
14205 151228334 1764165556715.799561 1764165556716 1764165556723
14206 151261678 1764165556749.140381 1764165556749 1764165556756
14207 151295022 1764165556782.481201 1764165556782 1764165556789
14208 151328366 1764165556815.822021 1764165556816 1764165556823
14209 151361710 1764165556849.162598 1764165556849 1764165556856
14210 151395053 1764165556882.502441 1764165556883 1764165556890
14211 151428397 1764165556915.843262 1764165556916 1764165556923
14212 151461741 1764165556949.183838 1764165556949 1764165556956
14213 151495085 1764165556982.524658 1764165556983 1764165556990
14214 151528429 1764165557015.865234 1764165557016 1764165557023
14215 151561773 1764165557049.205811 1764165557049 1764165557056
14216 151595117 1764165557082.546631 1764165557083 1764165557090
14217 151628461 1764165557115.887207 1764165557115 1764165557123
14218 151661805 1764165557149.227783 1764165557149 1764165557156
14219 151695149 1764165557182.568359 1764165557183 1764165557190
14220 151728493 1764165557215.908936 1764165557215 1764165557223
14221 151761837 1764165557249.249512 1764165557249 1764165557256
14222 151795181 1764165557282.590088 1764165557283 1764165557290
14223 151828524 1764165557315.929443 1764165557315 1764165557323
14224 151861868 1764165557349.270020 1764165557349 1764165557356
14225 151895212 1764165557382.610596 1764165557383 1764165557390
14226 151928556 1764165557415.950928 1764165557415 1764165557423
14227 151961900 1764165557449.291260 1764165557449 1764165557456
14228 151995244 1764165557482.631836 1764165557483 1764165557490
14229 152028588 1764165557515.972168 1764165557515 1764165557523
14230 152061932 1764165557549.312500 1764165557549 1764165557556
14231 152095276 1764165557582.652832 1764165557583 1764165557590
14232 152128620 1764165557615.993164 1764165557615 1764165557623
14233 152161964 1764165557649.333496 1764165557649 1764165557656
14234 152195308 1764165557682.673828 1764165557683 1764165557690
14235 152228652 1764165557716.014160 1764165557716 1764165557723
14236 152261996 1764165557749.354492 1764165557749 1764165557756
14237 152295339 1764165557782.693848 1764165557783 1764165557790
14238 152328683 1764165557816.033936 1764165557816 1764165557823
14239 152362027 1764165557849.376221 1764165557849 1764165557856
14240 152395371 1764165557882.718750 1764165557883 1764165557890
14241 152428715 1764165557916.061035 1764165557916 1764165557923
14242 152462059 1764165557949.403320 1764165557949 1764165557956
14243 152495403 1764165557982.745605 1764165557983 1764165557990
14244 152528747 1764165558016.087891 1764165558016 1764165558023
14245 152562091 1764165558049.430176 1764165558049 1764165558056
14246 152595435 1764165558082.772461 1764165558083 1764165558090
14247 152628779 1764165558116.114746 1764165558116 1764165558123
14248 152662123 1764165558149.457275 1764165558150 1764165558157
14249 152695467 1764165558182.799561 1764165558182 1764165558190
14250 152728810 1764165558216.140625 1764165558216 1764165558223
14251 152762154 1764165558249.482910 1764165558250 1764165558257
14252 152795498 1764165558282.825195 1764165558282 1764165558290
14253 152828842 1764165558316.167480 1764165558316 1764165558323
14254 152862186 1764165558349.509766 1764165558350 1764165558357
14255 152895530 1764165558382.852051 1764165558383 1764165558391
14256 152928874 1764165558416.194336 1764165558416 1764165558423
14257 152962218 1764165558449.536621 1764165558450 1764165558457
14258 152995562 1764165558482.878906 1764165558482 1764165558490
14259 153028906 1764165558516.221191 1764165558516 1764165558523
14260 153062250 1764165558549.563477 1764165558550 1764165558557
14261 153095594 1764165558582.905518 1764165558582 1764165558590
14262 153128938 1764165558616.247803 1764165558616 1764165558623
14263 153162281 1764165558649.589111 1764165558650 1764165558657
14264 153195625 1764165558682.931396 1764165558682 1764165558690
14265 153228969 1764165558716.273438 1764165558716 1764165558723
14266 153262313 1764165558749.615723 1764165558750 1764165558757
14267 153295657 1764165558782.958008 1764165558782 1764165558790
14268 153329001 1764165558816.300293 1764165558816 1764165558823
14269 153362345 1764165558849.642090 1764165558850 1764165558857
14270 153395689 1764165558882.984131 1764165558882 1764165558890
14271 153429033 1764165558916.325928 1764165558916 1764165558923
14272 153462377 1764165558949.667969 1764165558950 1764165558957
14273 153495721 1764165558983.009766 1764165558983 1764165558990
14274 153529065 1764165559016.351807 1764165559016 1764165559023
14275 153562409 1764165559049.693848 1764165559050 1764165559057
14276 153595753 1764165559083.035645 1764165559083 1764165559090
14277 153629096 1764165559116.376465 1764165559116 1764165559123
14278 153662440 1764165559149.718506 1764165559150 1764165559157
14279 153695784 1764165559183.060547 1764165559183 1764165559190
14280 153729128 1764165559216.402344 1764165559216 1764165559225
14281 153762472 1764165559249.744141 1764165559250 1764165559257
14282 153795816 1764165559283.086182 1764165559283 1764165559290
14283 153829160 1764165559316.427979 1764165559317 1764165559324
14284 153862504 1764165559349.770020 1764165559350 1764165559357
14285 153895848 1764165559383.111816 1764165559383 1764165559390
14286 153929192 1764165559416.453857 1764165559417 1764165559424
14287 153962536 1764165559449.795654 1764165559450 1764165559457
14288 153995880 1764165559483.137695 1764165559483 1764165559490
14289 154029224 1764165559516.479492 1764165559517 1764165559524
14290 154062567 1764165559549.820312 1764165559550 1764165559557
14291 154095911 1764165559583.162354 1764165559583 1764165559590
14292 154129255 1764165559616.504150 1764165559617 1764165559624
14293 154162599 1764165559649.845947 1764165559649 1764165559657
14294 154195943 1764165559683.187988 1764165559684 1764165559691
14295 154229287 1764165559716.529785 1764165559717 1764165559724
14296 154262631 1764165559749.871826 1764165559749 1764165559757
14297 154295975 1764165559783.213623 1764165559783 1764165559790
14298 154329319 1764165559816.555420 1764165559817 1764165559824
14299 154362663 1764165559849.897461 1764165559849 1764165559857
14300 154396007 1764165559883.239502 1764165559883 1764165559890
14301 154429351 1764165559916.581787 1764165559917 1764165559924
14302 154462695 1764165559949.923828 1764165559949 1764165559957
14303 154496038 1764165559983.264893 1764165559983 1764165559990
14304 154529382 1764165560016.606934 1764165560017 1764165560024
14305 154562726 1764165560049.948975 1764165560049 1764165560057
14306 154596070 1764165560083.291016 1764165560083 1764165560090
14307 154629414 1764165560116.633057 1764165560117 1764165560124
14308 154662758 1764165560149.975098 1764165560149 1764165560157
14309 154696102 1764165560183.317139 1764165560183 1764165560190
14310 154729446 1764165560216.659180 1764165560217 1764165560224
14311 154762790 1764165560250.001465 1764165560250 1764165560257
14312 154796134 1764165560283.343506 1764165560283 1764165560290
14313 154829478 1764165560316.685547 1764165560317 1764165560324
14314 154862822 1764165560350.027588 1764165560350 1764165560357
14315 154896166 1764165560383.369629 1764165560383 1764165560390
14316 154929510 1764165560416.711670 1764165560417 1764165560424
14317 154962853 1764165560450.052734 1764165560450 1764165560457
14318 154996197 1764165560483.394775 1764165560483 1764165560490
14319 155029541 1764165560516.736816 1764165560517 1764165560524
14320 155062885 1764165560550.078857 1764165560550 1764165560557
14321 155096229 1764165560583.421143 1764165560583 1764165560590
14322 155129573 1764165560616.763184 1764165560617 1764165560624
14323 155162917 1764165560650.105225 1764165560650 1764165560657
14324 155196261 1764165560683.447266 1764165560684 1764165560691
14325 155229605 1764165560716.789307 1764165560717 1764165560724
14326 155262949 1764165560750.131348 1764165560750 1764165560757
14327 155296293 1764165560783.473389 1764165560784 1764165560791
14328 155329637 1764165560816.815430 1764165560816 1764165560824
14329 155362981 1764165560850.157715 1764165560850 1764165560857
14330 155396324 1764165560883.498779 1764165560884 1764165560891
14331 155429668 1764165560916.841064 1764165560916 1764165560924
14332 155463012 1764165560950.183105 1764165560950 1764165560957
14333 155496356 1764165560983.525146 1764165560984 1764165560992
14334 155529700 1764165561016.867432 1764165561016 1764165561024
14335 155563044 1764165561050.209473 1764165561050 1764165561057
14336 155596388 1764165561083.551758 1764165561084 1764165561091
14337 155629732 1764165561116.893799 1764165561116 1764165561124
14338 155663076 1764165561150.236084 1764165561150 1764165561157
14339 155696420 1764165561183.578125 1764165561184 1764165561191
14340 155729764 1764165561216.920166 1764165561216 1764165561224
14341 155763108 1764165561250.262451 1764165561250 1764165561257
14342 155796452 1764165561283.604492 1764165561284 1764165561291
14343 155829795 1764165561316.945801 1764165561316 1764165561324
14344 155863139 1764165561350.287842 1764165561350 1764165561357
14345 155896483 1764165561383.629883 1764165561384 1764165561391
14346 155929827 1764165561416.972168 1764165561416 1764165561424
14347 155963171 1764165561450.314209 1764165561450 1764165561457
14348 155996515 1764165561483.656494 1764165561484 1764165561491
14349 156029859 1764165561516.998535 1764165561517 1764165561524
14350 156063203 1764165561550.340820 1764165561550 1764165561557
14351 156096547 1764165561583.682861 1764165561584 1764165561591
14352 156129891 1764165561617.025146 1764165561617 1764165561624
14353 156163235 1764165561650.367188 1764165561650 1764165561657
14354 156196579 1764165561683.709229 1764165561684 1764165561691
14355 156229923 1764165561717.051514 1764165561717 1764165561724
14356 156263267 1764165561750.393555 1764165561750 1764165561757
14357 156296610 1764165561783.734863 1764165561784 1764165561791
14358 156329954 1764165561817.076904 1764165561817 1764165561824
14359 156363298 1764165561850.418945 1764165561851 1764165561858
14360 156396642 1764165561883.760986 1764165561884 1764165561891
14361 156429986 1764165561917.102783 1764165561917 1764165561924
14362 156463330 1764165561950.444824 1764165561951 1764165561958
14363 156496674 1764165561983.786865 1764165561984 1764165561991
14364 156530018 1764165562017.128906 1764165562017 1764165562024
14365 156563362 1764165562050.470703 1764165562051 1764165562058
14366 156596706 1764165562083.812744 1764165562083 1764165562091
14367 156630050 1764165562117.154785 1764165562117 1764165562124
14368 156663394 1764165562150.496826 1764165562151 1764165562158
14369 156696738 1764165562183.838623 1764165562183 1764165562191
14370 156730081 1764165562217.179688 1764165562217 1764165562224
14371 156763425 1764165562250.521729 1764165562251 1764165562258
14372 156796769 1764165562283.863525 1764165562283 1764165562291
14373 156830113 1764165562317.205566 1764165562317 1764165562324
14374 156863457 1764165562350.547607 1764165562350 1764165562358
14375 156896801 1764165562383.889404 1764165562383 1764165562391
14376 156930145 1764165562417.231445 1764165562417 1764165562424
14377 156963489 1764165562450.573486 1764165562451 1764165562458
14378 156996833 1764165562483.915283 1764165562483 1764165562491
14379 157030177 1764165562517.257324 1764165562517 1764165562524
14380 157063521 1764165562550.599121 1764165562551 1764165562558
14381 157096865 1764165562583.941162 1764165562583 1764165562591
14382 157130209 1764165562617.283203 1764165562617 1764165562624
14383 157163552 1764165562650.624023 1764165562651 1764165562658
14384 157196896 1764165562683.966064 1764165562683 1764165562691
14385 157230240 1764165562717.307861 1764165562717 1764165562724
14386 157263584 1764165562750.649902 1764165562751 1764165562758
14387 157296928 1764165562783.991943 1764165562784 1764165562791
14388 157330272 1764165562817.333740 1764165562817 1764165562824
14389 157363616 1764165562850.677490 1764165562851 1764165562858
14390 157396960 1764165562884.020996 1764165562884 1764165562891
14391 157430304 1764165562917.364502 1764165562917 1764165562924
14392 157463648 1764165562950.708252 1764165562951 1764165562958
14393 157496992 1764165562984.052002 1764165562984 1764165562991
14394 157530336 1764165563017.395508 1764165563017 1764165563024
14395 157563680 1764165563050.739258 1764165563051 1764165563058
14396 157597024 1764165563084.082764 1764165563084 1764165563091
14397 157630367 1764165563117.425537 1764165563117 1764165563124
14398 157663711 1764165563150.769287 1764165563151 1764165563158
14399 157697055 1764165563184.112793 1764165563184 1764165563191
14400 157730399 1764165563217.456543 1764165563218 1764165563225
14401 157763743 1764165563250.800293 1764165563251 1764165563258
14402 157797087 1764165563284.144043 1764165563284 1764165563291
14403 157830431 1764165563317.487793 1764165563318 1764165563325
14404 157863775 1764165563350.831543 1764165563350 1764165563358
14405 157897119 1764165563384.175293 1764165563384 1764165563391
14406 157930463 1764165563417.519043 1764165563418 1764165563425
14407 157963807 1764165563450.862793 1764165563450 1764165563458
14408 157997151 1764165563484.206543 1764165563484 1764165563491
14409 158030495 1764165563517.550293 1764165563518 1764165563525
14410 158063838 1764165563550.893066 1764165563550 1764165563558
14411 158097182 1764165563584.236816 1764165563584 1764165563591
14412 158130526 1764165563617.580566 1764165563618 1764165563625
14413 158163870 1764165563650.924316 1764165563650 1764165563658
14414 158197214 1764165563684.268311 1764165563684 1764165563691
14415 158230558 1764165563717.612061 1764165563718 1764165563725
14416 158263902 1764165563750.955811 1764165563750 1764165563758
14417 158297246 1764165563784.299805 1764165563784 1764165563791
14418 158330590 1764165563817.643555 1764165563818 1764165563825
14419 158363934 1764165563850.985107 1764165563850 1764165563858
14420 158397278 1764165563884.326660 1764165563884 1764165563891
14421 158430622 1764165563917.668213 1764165563917 1764165563925
14422 158463966 1764165563951.009766 1764165563951 1764165563961
14423 158497309 1764165563984.350098 1764165563984 1764165563991
14424 158530653 1764165564017.691650 1764165564018 1764165564025
14425 158563997 1764165564051.033203 1764165564051 1764165564058
14426 158597341 1764165564084.374756 1764165564084 1764165564091
14427 158630685 1764165564117.716309 1764165564118 1764165564125
14428 158664029 1764165564151.057861 1764165564151 1764165564158
14429 158697373 1764165564184.399170 1764165564184 1764165564191
14430 158730717 1764165564217.740723 1764165564218 1764165564225
14431 158764061 1764165564251.082275 1764165564251 1764165564258
14432 158797405 1764165564284.423584 1764165564284 1764165564291
14433 158830749 1764165564317.765137 1764165564318 1764165564325
14434 158864093 1764165564351.106689 1764165564351 1764165564358
14435 158897437 1764165564384.447998 1764165564385 1764165564392
14436 158930781 1764165564417.789551 1764165564418 1764165564425
14437 158964124 1764165564451.129883 1764165564451 1764165564458
14438 158997468 1764165564484.471436 1764165564485 1764165564492
14439 159030812 1764165564517.812988 1764165564517 1764165564525
14440 159064156 1764165564551.154297 1764165564551 1764165564559
14441 159097500 1764165564584.495850 1764165564585 1764165564592
14442 159130844 1764165564617.837158 1764165564617 1764165564625
14443 159164188 1764165564651.178467 1764165564651 1764165564658
14444 159197532 1764165564684.520020 1764165564685 1764165564692
14445 159230876 1764165564717.861328 1764165564717 1764165564725
14446 159264220 1764165564751.202881 1764165564751 1764165564758
14447 159297564 1764165564784.544189 1764165564785 1764165564792
14448 159330908 1764165564817.885498 1764165564817 1764165564825
14449 159364252 1764165564851.227539 1764165564851 1764165564858
14450 159397595 1764165564884.568359 1764165564885 1764165564892
14451 159430939 1764165564917.910156 1764165564917 1764165564925
14452 159464283 1764165564951.251953 1764165564951 1764165564958
14453 159497627 1764165564984.593994 1764165564985 1764165564992
14454 159530971 1764165565017.935791 1764165565017 1764165565025
14455 159564315 1764165565051.277588 1764165565051 1764165565058
14456 159597659 1764165565084.619385 1764165565085 1764165565092
14457 159631003 1764165565117.961182 1764165565117 1764165565125
14458 159664347 1764165565151.303223 1764165565151 1764165565158
14459 159697691 1764165565184.645020 1764165565185 1764165565192
14460 159731035 1764165565217.986816 1764165565217 1764165565225
14461 159764379 1764165565251.328613 1764165565251 1764165565258
14462 159797723 1764165565284.670410 1764165565285 1764165565292
14463 159831066 1764165565318.011230 1764165565318 1764165565325
14464 159864410 1764165565351.353027 1764165565351 1764165565358
14465 159897754 1764165565384.694824 1764165565385 1764165565392
14466 159931098 1764165565418.036621 1764165565418 1764165565425
14467 159964442 1764165565451.378662 1764165565451 1764165565458
14468 159997786 1764165565484.720459 1764165565485 1764165565492
14469 160031130 1764165565518.062256 1764165565518 1764165565525
14470 160064474 1764165565551.404053 1764165565551 1764165565558
14471 160097818 1764165565584.745850 1764165565585 1764165565592
14472 160131162 1764165565618.087646 1764165565618 1764165565625
14473 160164506 1764165565651.429443 1764165565651 1764165565658
14474 160197850 1764165565684.771240 1764165565685 1764165565692
14475 160231194 1764165565718.113037 1764165565718 1764165565725
14476 160264538 1764165565751.454834 1764165565752 1764165565759
14477 160297881 1764165565784.795654 1764165565784 1764165565792
14478 160331225 1764165565818.137451 1764165565818 1764165565825
14479 160364569 1764165565851.479004 1764165565852 1764165565859
14480 160397913 1764165565884.820801 1764165565884 1764165565892
14481 160431257 1764165565918.162354 1764165565918 1764165565925
14482 160464601 1764165565951.503906 1764165565952 1764165565959
14483 160497945 1764165565984.845703 1764165565984 1764165565992
14484 160531289 1764165566018.187256 1764165566018 1764165566025
14485 160564633 1764165566051.528809 1764165566052 1764165566059
14486 160597977 1764165566084.870605 1764165566084 1764165566092
14487 160631321 1764165566118.212158 1764165566118 1764165566125
14488 160664665 1764165566151.553711 1764165566152 1764165566159
14489 160698009 1764165566184.895508 1764165566184 1764165566192
14490 160731352 1764165566218.236084 1764165566218 1764165566225
14491 160764696 1764165566251.577637 1764165566252 1764165566259
14492 160798040 1764165566284.919189 1764165566284 1764165566292
14493 160831384 1764165566318.260742 1764165566318 1764165566325
14494 160864728 1764165566351.602295 1764165566352 1764165566359
14495 160898072 1764165566384.944092 1764165566384 1764165566392
14496 160931416 1764165566418.285645 1764165566418 1764165566425
14497 160964760 1764165566451.627197 1764165566452 1764165566459
14498 160998104 1764165566484.968750 1764165566484 1764165566492
14499 161031448 1764165566518.310303 1764165566518 1764165566525
14500 161064792 1764165566551.651855 1764165566552 1764165566559
14501 161098136 1764165566584.993408 1764165566585 1764165566592
14502 161131480 1764165566618.334961 1764165566618 1764165566625
14503 161164823 1764165566651.675537 1764165566652 1764165566659
14504 161198167 1764165566685.017090 1764165566685 1764165566692
14505 161231511 1764165566718.358643 1764165566718 1764165566725
14506 161264855 1764165566751.700195 1764165566752 1764165566759
14507 161298199 1764165566785.041748 1764165566785 1764165566792
14508 161331543 1764165566818.383301 1764165566818 1764165566825
14509 161364887 1764165566851.725342 1764165566852 1764165566859
14510 161398231 1764165566885.067383 1764165566885 1764165566892
14511 161431575 1764165566918.409424 1764165566918 1764165566925
14512 161464919 1764165566951.751465 1764165566952 1764165566959
14513 161498263 1764165566985.093506 1764165566985 1764165566992
14514 161531607 1764165567018.435547 1764165567019 1764165567026
14515 161564951 1764165567051.777588 1764165567051 1764165567059
14516 161598295 1764165567085.119385 1764165567085 1764165567092
14517 161631638 1764165567118.460449 1764165567119 1764165567126
14518 161664982 1764165567151.802490 1764165567151 1764165567159
14519 161698326 1764165567185.144531 1764165567185 1764165567194
14520 161731670 1764165567218.486572 1764165567219 1764165567226
14521 161765014 1764165567251.828613 1764165567251 1764165567259
14522 161798358 1764165567285.170654 1764165567285 1764165567292
14523 161831702 1764165567318.512451 1764165567319 1764165567326
14524 161865046 1764165567351.854492 1764165567351 1764165567359
14525 161898390 1764165567385.196533 1764165567385 1764165567392
14526 161931734 1764165567418.538574 1764165567419 1764165567426
14527 161965078 1764165567451.880615 1764165567451 1764165567459
14528 161998422 1764165567485.222656 1764165567485 1764165567492
14529 162031766 1764165567518.564697 1764165567519 1764165567526
14530 162065109 1764165567551.905762 1764165567551 1764165567559
14531 162098453 1764165567585.247559 1764165567585 1764165567592
14532 162131797 1764165567618.589600 1764165567619 1764165567626
14533 162165141 1764165567651.931641 1764165567651 1764165567659
14534 162198485 1764165567685.273682 1764165567685 1764165567692
14535 162231829 1764165567718.615723 1764165567719 1764165567726
14536 162265173 1764165567751.957764 1764165567751 1764165567759
14537 162298517 1764165567785.299805 1764165567785 1764165567792
14538 162331861 1764165567818.641846 1764165567819 1764165567826
14539 162365205 1764165567851.983643 1764165567852 1764165567859
14540 162398549 1764165567885.325928 1764165567885 1764165567892
14541 162431893 1764165567918.667969 1764165567919 1764165567926
14542 162465237 1764165567952.010010 1764165567952 1764165567959
14543 162498580 1764165567985.351074 1764165567985 1764165567992
14544 162531924 1764165568018.693115 1764165568019 1764165568026
14545 162565268 1764165568052.035156 1764165568052 1764165568059
14546 162598612 1764165568085.377197 1764165568085 1764165568092
14547 162631956 1764165568118.719238 1764165568119 1764165568126
14548 162665300 1764165568152.061279 1764165568152 1764165568159
14549 162698644 1764165568185.403320 1764165568185 1764165568192
14550 162731988 1764165568218.745361 1764165568219 1764165568226
14551 162765332 1764165568252.087646 1764165568252 1764165568259
14552 162798676 1764165568285.429688 1764165568286 1764165568293
14553 162832020 1764165568318.771729 1764165568318 1764165568326
14554 162865364 1764165568352.113770 1764165568352 1764165568359
14555 162898708 1764165568385.455811 1764165568386 1764165568393
14556 162932052 1764165568418.797852 1764165568418 1764165568426
14557 162965395 1764165568452.138916 1764165568452 1764165568459
14558 162998739 1764165568485.480957 1764165568486 1764165568493
14559 163032083 1764165568518.822998 1764165568518 1764165568526
14560 163065427 1764165568552.165039 1764165568552 1764165568559
14561 163098771 1764165568585.507324 1764165568586 1764165568593
14562 163132115 1764165568618.849365 1764165568618 1764165568626
14563 163165459 1764165568652.191406 1764165568652 1764165568659
14564 163198803 1764165568685.533447 1764165568686 1764165568693
14565 163232147 1764165568718.875488 1764165568718 1764165568726
14566 163265491 1764165568752.217529 1764165568752 1764165568759
14567 163298835 1764165568785.559570 1764165568786 1764165568793
14568 163332179 1764165568818.901611 1764165568818 1764165568826
14569 163365523 1764165568852.243896 1764165568852 1764165568859
14570 163398866 1764165568885.584473 1764165568886 1764165568893
14571 163432210 1764165568918.926270 1764165568918 1764165568926
14572 163465554 1764165568952.268066 1764165568952 1764165568959
14573 163498898 1764165568985.609863 1764165568986 1764165568993
14574 163532242 1764165569018.951416 1764165569018 1764165569026
14575 163565586 1764165569052.293213 1764165569052 1764165569059
14576 163598930 1764165569085.635010 1764165569086 1764165569093
14577 163632274 1764165569118.976562 1764165569119 1764165569126
14578 163665618 1764165569152.318359 1764165569152 1764165569159
14579 163698962 1764165569185.660156 1764165569186 1764165569193
14580 163732306 1764165569219.001709 1764165569219 1764165569226
14581 163765650 1764165569252.343506 1764165569252 1764165569259
14582 163798994 1764165569285.685303 1764165569286 1764165569293
14583 163832337 1764165569319.025879 1764165569319 1764165569326
14584 163865681 1764165569352.367676 1764165569353 1764165569360
14585 163899025 1764165569385.709229 1764165569386 1764165569393
14586 163932369 1764165569419.051025 1764165569419 1764165569426
14587 163965713 1764165569452.392822 1764165569452 1764165569459
14588 163999057 1764165569485.734375 1764165569486 1764165569493
14589 164032401 1764165569519.076172 1764165569519 1764165569526
14590 164065745 1764165569552.417725 1764165569552 1764165569559
14591 164099089 1764165569585.759521 1764165569585 1764165569593
14592 164132433 1764165569619.101074 1764165569619 1764165569626
14593 164165777 1764165569652.442871 1764165569653 1764165569660
14594 164199121 1764165569685.784424 1764165569686 1764165569693
14595 164232465 1764165569719.126221 1764165569719 1764165569726
14596 164265809 1764165569752.467773 1764165569753 1764165569760
14597 164299152 1764165569785.808350 1764165569785 1764165569793
14598 164332496 1764165569819.150146 1764165569819 1764165569826
14599 164365840 1764165569852.491699 1764165569853 1764165569860
14600 164399184 1764165569885.833496 1764165569885 1764165569893
14601 164432528 1764165569919.175293 1764165569919 1764165569926
14602 164465872 1764165569952.517090 1764165569953 1764165569960
14603 164499216 1764165569985.858887 1764165569985 1764165569993
14604 164532560 1764165570019.200928 1764165570019 1764165570026
14605 164565904 1764165570052.542725 1764165570053 1764165570060
14606 164599248 1764165570085.884521 1764165570085 1764165570093
14607 164632592 1764165570119.226318 1764165570119 1764165570126
14608 164665936 1764165570152.568115 1764165570153 1764165570160
14609 164699280 1764165570185.909912 1764165570185 1764165570193
14610 164732623 1764165570219.250488 1764165570219 1764165570226
14611 164765967 1764165570252.592285 1764165570253 1764165570260
14612 164799311 1764165570285.934082 1764165570285 1764165570293
14613 164832655 1764165570319.275879 1764165570319 1764165570326
14614 164865999 1764165570352.617676 1764165570353 1764165570360
14615 164899343 1764165570385.959473 1764165570386 1764165570393
14616 164932687 1764165570419.301270 1764165570419 1764165570426
14617 164966031 1764165570452.643066 1764165570453 1764165570460
14618 164999375 1764165570485.984863 1764165570486 1764165570493
14619 165032719 1764165570519.326660 1764165570519 1764165570526
14620 165066063 1764165570552.668457 1764165570553 1764165570560
14621 165099407 1764165570586.010010 1764165570586 1764165570593
14622 165132751 1764165570619.351807 1764165570619 1764165570626
14623 165166094 1764165570652.692627 1764165570652 1764165570660
14624 165199438 1764165570686.034424 1764165570686 1764165570693
14625 165232782 1764165570719.376221 1764165570719 1764165570726
14626 165266126 1764165570752.718018 1764165570753 1764165570760
14627 165299470 1764165570786.059570 1764165570786 1764165570793
14628 165332814 1764165570819.401367 1764165570819 1764165570827
14629 165366158 1764165570852.743164 1764165570853 1764165570860
14630 165399502 1764165570886.084961 1764165570886 1764165570893
14631 165432846 1764165570919.427002 1764165570920 1764165570927
14632 165466190 1764165570952.769043 1764165570952 1764165570960
14633 165499534 1764165570986.110840 1764165570986 1764165570993
14634 165532878 1764165571019.452881 1764165571020 1764165571027
14635 165566222 1764165571052.794678 1764165571052 1764165571060
14636 165599566 1764165571086.136719 1764165571086 1764165571093
14637 165632909 1764165571119.477539 1764165571120 1764165571127
14638 165666253 1764165571152.819580 1764165571152 1764165571160
14639 165699597 1764165571186.161621 1764165571186 1764165571193
14640 165732941 1764165571219.503418 1764165571220 1764165571227
14641 165766285 1764165571252.845459 1764165571252 1764165571260
14642 165799629 1764165571286.187256 1764165571286 1764165571293
14643 165832973 1764165571319.529297 1764165571320 1764165571327
14644 165866317 1764165571352.871094 1764165571352 1764165571360
14645 165899661 1764165571386.213135 1764165571386 1764165571393
14646 165933005 1764165571419.554932 1764165571420 1764165571427
14647 165966349 1764165571452.896729 1764165571452 1764165571460
14648 165999693 1764165571486.238770 1764165571486 1764165571493
14649 166033037 1764165571519.580566 1764165571520 1764165571527
14650 166066380 1764165571552.921631 1764165571553 1764165571560
14651 166099724 1764165571586.263428 1764165571586 1764165571593
14652 166133068 1764165571619.605469 1764165571620 1764165571627
14653 166166412 1764165571652.947266 1764165571652 1764165571660
14654 166199756 1764165571686.289062 1764165571686 1764165571693
14655 166233100 1764165571719.631104 1764165571720 1764165571727
14656 166266444 1764165571752.972900 1764165571753 1764165571760
14657 166299788 1764165571786.314941 1764165571787 1764165571794
14658 166333132 1764165571819.656738 1764165571820 1764165571827
14659 166366476 1764165571852.998535 1764165571853 1764165571860
14660 166399820 1764165571886.340576 1764165571886 1764165571893
14661 166433164 1764165571919.682617 1764165571919 1764165571927
14662 166466508 1764165571953.024658 1764165571953 1764165571960
14663 166499851 1764165571986.365723 1764165571986 1764165571993
14664 166533195 1764165572019.707764 1764165572019 1764165572027
14665 166566539 1764165572053.049805 1764165572053 1764165572060
14666 166599883 1764165572086.391846 1764165572087 1764165572094
14667 166633227 1764165572119.733887 1764165572120 1764165572127
14668 166666571 1764165572153.075928 1764165572153 1764165572160
14669 166699915 1764165572186.417969 1764165572187 1764165572194
14670 166733259 1764165572219.760010 1764165572219 1764165572227
14671 166766603 1764165572253.102051 1764165572253 1764165572260
14672 166799947 1764165572286.444092 1764165572287 1764165572294
14673 166833291 1764165572319.786133 1764165572319 1764165572327
14674 166866635 1764165572353.128174 1764165572353 1764165572360
14675 166899979 1764165572386.470215 1764165572387 1764165572394
14676 166933323 1764165572419.812256 1764165572419 1764165572427
14677 166966666 1764165572453.153320 1764165572453 1764165572460
14678 167000010 1764165572486.495361 1764165572487 1764165572494
14679 167033354 1764165572519.837402 1764165572519 1764165572527
14680 167066698 1764165572553.179443 1764165572553 1764165572560
14681 167100042 1764165572586.521484 1764165572587 1764165572594
14682 167133386 1764165572619.863525 1764165572619 1764165572627
14683 167166730 1764165572653.205566 1764165572653 1764165572660
14684 167200074 1764165572686.547607 1764165572687 1764165572694
14685 167233418 1764165572719.889648 1764165572720 1764165572727
14686 167266762 1764165572753.231689 1764165572753 1764165572760
14687 167300106 1764165572786.573730 1764165572787 1764165572794
14688 167333450 1764165572819.915771 1764165572819 1764165572827
14689 167366794 1764165572853.257812 1764165572853 1764165572860
14690 167400137 1764165572886.598633 1764165572887 1764165572894
14691 167433481 1764165572919.940674 1764165572919 1764165572927
14692 167466825 1764165572953.282715 1764165572954 1764165572961
14693 167500169 1764165572986.624756 1764165572987 1764165572994
14694 167533513 1764165573019.966797 1764165573020 1764165573027
14695 167566857 1764165573053.308838 1764165573053 1764165573060
14696 167600201 1764165573086.650879 1764165573087 1764165573094
14697 167633545 1764165573119.992676 1764165573120 1764165573127
14698 167666889 1764165573153.334717 1764165573153 1764165573160
14699 167700233 1764165573186.676758 1764165573187 1764165573194
14700 167733577 1764165573220.018799 1764165573220 1764165573227
14701 167766921 1764165573253.360840 1764165573254 1764165573261
14702 167800265 1764165573286.702637 1764165573287 1764165573294
14703 167833608 1764165573320.043701 1764165573320 1764165573327
14704 167866952 1764165573353.385742 1764165573354 1764165573361
14705 167900296 1764165573386.727783 1764165573387 1764165573394
14706 167933640 1764165573420.069580 1764165573420 1764165573427
14707 167966984 1764165573453.411621 1764165573454 1764165573461
14708 168000328 1764165573486.753662 1764165573487 1764165573494
14709 168033672 1764165573520.095703 1764165573520 1764165573527
14710 168067016 1764165573553.437500 1764165573554 1764165573561
14711 168100360 1764165573586.779541 1764165573586 1764165573594
14712 168133704 1764165573620.121582 1764165573620 1764165573627
14713 168167048 1764165573653.463379 1764165573654 1764165573661
14714 168200392 1764165573686.805420 1764165573686 1764165573694
14715 168233736 1764165573720.147461 1764165573720 1764165573727
14716 168267080 1764165573753.489258 1764165573754 1764165573761
14717 168300423 1764165573786.830322 1764165573786 1764165573794
14718 168333767 1764165573820.172363 1764165573820 1764165573827
14719 168367111 1764165573853.514160 1764165573854 1764165573861
14720 168400455 1764165573886.856445 1764165573886 1764165573894
14721 168433799 1764165573920.198730 1764165573920 1764165573927
14722 168467143 1764165573953.541016 1764165573954 1764165573961
14723 168500487 1764165573986.883301 1764165573986 1764165573994
14724 168533831 1764165574020.225586 1764165574020 1764165574027
14725 168567175 1764165574053.567871 1764165574054 1764165574061
14726 168600519 1764165574086.910400 1764165574086 1764165574094
14727 168633863 1764165574120.252686 1764165574120 1764165574127
14728 168667207 1764165574153.594971 1764165574154 1764165574161
14729 168700551 1764165574186.937256 1764165574187 1764165574194
14730 168733894 1764165574220.278564 1764165574220 1764165574227
14731 168767238 1764165574253.620850 1764165574254 1764165574261
14732 168800582 1764165574286.963135 1764165574287 1764165574294
14733 168833926 1764165574320.305420 1764165574320 1764165574327
14734 168867270 1764165574353.647949 1764165574354 1764165574361
14735 168900614 1764165574386.990234 1764165574387 1764165574394
14736 168933958 1764165574420.332520 1764165574420 1764165574427
14737 168967302 1764165574453.674805 1764165574454 1764165574461
14738 169000646 1764165574487.017334 1764165574487 1764165574494
14739 169033990 1764165574520.359619 1764165574520 1764165574527
14740 169067334 1764165574553.701904 1764165574554 1764165574561
14741 169100678 1764165574587.044434 1764165574587 1764165574594
14742 169134022 1764165574620.386719 1764165574621 1764165574628
14743 169167365 1764165574653.728027 1764165574654 1764165574661
14744 169200709 1764165574687.070557 1764165574687 1764165574694
14745 169234053 1764165574720.412842 1764165574721 1764165574728
14746 169267397 1764165574753.755127 1764165574754 1764165574761
14747 169300741 1764165574787.097656 1764165574787 1764165574794
14748 169334085 1764165574820.439941 1764165574821 1764165574828
14749 169367429 1764165574853.782471 1764165574853 1764165574861
14750 169400773 1764165574887.124512 1764165574887 1764165574894
14751 169434117 1764165574920.466553 1764165574921 1764165574928
14752 169467461 1764165574953.808594 1764165574953 1764165574961
14753 169500805 1764165574987.150879 1764165574987 1764165574994
14754 169534149 1764165575020.492920 1764165575021 1764165575028
14755 169567493 1764165575053.834961 1764165575053 1764165575061
14756 169600837 1764165575087.177246 1764165575087 1764165575094
14757 169634180 1764165575120.518311 1764165575121 1764165575128
14758 169667524 1764165575153.860352 1764165575153 1764165575161
14759 169700868 1764165575187.202393 1764165575187 1764165575194
14760 169734212 1764165575220.544678 1764165575221 1764165575228
14761 169767556 1764165575253.886719 1764165575253 1764165575261
14762 169800900 1764165575287.228760 1764165575287 1764165575294
14763 169834244 1764165575320.570801 1764165575321 1764165575328
14764 169867588 1764165575353.913086 1764165575353 1764165575361
14765 169900932 1764165575387.255127 1764165575387 1764165575394
14766 169934276 1764165575420.597168 1764165575421 1764165575428
14767 169967620 1764165575453.939453 1764165575453 1764165575461
14768 170000964 1764165575487.281494 1764165575487 1764165575494
14769 170034308 1764165575520.623535 1764165575521 1764165575528
14770 170067651 1764165575553.964600 1764165575554 1764165575561
14771 170100995 1764165575587.306885 1764165575587 1764165575594
14772 170134339 1764165575620.648926 1764165575621 1764165575628
14773 170167683 1764165575653.990967 1764165575654 1764165575661
14774 170201027 1764165575687.333008 1764165575687 1764165575694
14775 170234371 1764165575720.675293 1764165575721 1764165575728
14776 170267715 1764165575754.017334 1764165575754 1764165575761
14777 170301059 1764165575787.359375 1764165575787 1764165575794
14778 170334403 1764165575820.701416 1764165575821 1764165575828
14779 170367747 1764165575854.043701 1764165575854 1764165575861
14780 170401091 1764165575887.385498 1764165575887 1764165575894
14781 170434435 1764165575920.727295 1764165575921 1764165575928
14782 170467779 1764165575954.069092 1764165575954 1764165575961
14783 170501122 1764165575987.410156 1764165575988 1764165575995
14784 170534466 1764165576020.751953 1764165576021 1764165576028
14785 170567810 1764165576054.093750 1764165576054 1764165576061
14786 170601154 1764165576087.435547 1764165576088 1764165576095
14787 170634498 1764165576120.777588 1764165576120 1764165576128
14788 170667842 1764165576154.119385 1764165576154 1764165576161
14789 170701186 1764165576187.461182 1764165576188 1764165576195
14790 170734530 1764165576220.802979 1764165576220 1764165576228
14791 170767874 1764165576254.145020 1764165576254 1764165576261
14792 170801218 1764165576287.486816 1764165576288 1764165576295
14793 170834562 1764165576320.828613 1764165576320 1764165576328
14794 170867906 1764165576354.170410 1764165576354 1764165576361
14795 170901250 1764165576387.512207 1764165576388 1764165576395
14796 170934594 1764165576420.854248 1764165576420 1764165576428
14797 170967937 1764165576454.195068 1764165576454 1764165576461
14798 171001281 1764165576487.536865 1764165576488 1764165576495
14799 171034625 1764165576520.878662 1764165576520 1764165576528
14800 171067969 1764165576554.220459 1764165576554 1764165576561
14801 171101313 1764165576587.562256 1764165576588 1764165576595
14802 171134657 1764165576620.904053 1764165576620 1764165576628
14803 171168001 1764165576654.245850 1764165576654 1764165576661
14804 171201345 1764165576687.587891 1764165576688 1764165576695
14805 171234689 1764165576720.929688 1764165576721 1764165576728
14806 171268033 1764165576754.271484 1764165576754 1764165576761
14807 171301377 1764165576787.613281 1764165576788 1764165576795
14808 171334721 1764165576820.955078 1764165576821 1764165576828
14809 171368065 1764165576854.296875 1764165576854 1764165576861
14810 171401408 1764165576887.637939 1764165576888 1764165576895
14811 171434752 1764165576920.979736 1764165576921 1764165576928
14812 171468096 1764165576954.321777 1764165576954 1764165576961
14813 171501440 1764165576987.663818 1764165576987 1764165576995
14814 171534784 1764165577021.005859 1764165577021 1764165577028
14815 171568128 1764165577054.347656 1764165577054 1764165577061
14816 171601472 1764165577087.689697 1764165577088 1764165577095
14817 171634816 1764165577121.031738 1764165577121 1764165577128
14818 171668160 1764165577154.373779 1764165577154 1764165577161
14819 171701504 1764165577187.715576 1764165577188 1764165577195
14820 171734848 1764165577221.057617 1764165577221 1764165577228
14821 171768192 1764165577254.399658 1764165577255 1764165577262
14822 171801536 1764165577287.741699 1764165577288 1764165577295
14823 171834879 1764165577321.082520 1764165577321 1764165577328
14824 171868223 1764165577354.424561 1764165577355 1764165577362
14825 171901567 1764165577387.766602 1764165577387 1764165577395
14826 171934911 1764165577421.108398 1764165577421 1764165577428
14827 171968255 1764165577454.450439 1764165577455 1764165577462
14828 172001599 1764165577487.792480 1764165577487 1764165577495
14829 172034943 1764165577521.134277 1764165577521 1764165577528
14830 172068287 1764165577554.476318 1764165577555 1764165577562
14831 172101631 1764165577587.818359 1764165577587 1764165577595
14832 172134975 1764165577621.160400 1764165577621 1764165577628
14833 172168319 1764165577654.502197 1764165577655 1764165577662
14834 172201663 1764165577687.844238 1764165577687 1764165577695
14835 172235007 1764165577721.186279 1764165577721 1764165577728
14836 172268351 1764165577754.528076 1764165577755 1764165577762
14837 172301694 1764165577787.869141 1764165577787 1764165577795
14838 172335038 1764165577821.210938 1764165577821 1764165577828
14839 172368382 1764165577854.552979 1764165577855 1764165577862
14840 172401726 1764165577887.895020 1764165577887 1764165577895
14841 172435070 1764165577921.237061 1764165577921 1764165577928
14842 172468414 1764165577954.579102 1764165577955 1764165577962
14843 172501758 1764165577987.921143 1764165577987 1764165577995
14844 172535102 1764165578021.263184 1764165578021 1764165578028
14845 172568446 1764165578054.605225 1764165578055 1764165578062
14846 172601790 1764165578087.947266 1764165578088 1764165578095
14847 172635134 1764165578121.289307 1764165578121 1764165578128
14848 172668478 1764165578154.631348 1764165578155 1764165578162
14849 172701822 1764165578187.973145 1764165578188 1764165578195
14850 172735165 1764165578221.314209 1764165578221 1764165578228
14851 172768509 1764165578254.656250 1764165578255 1764165578262
14852 172801853 1764165578287.998291 1764165578288 1764165578295
14853 172835197 1764165578321.340332 1764165578321 1764165578328
14854 172868541 1764165578354.682373 1764165578355 1764165578362
14855 172901885 1764165578388.024414 1764165578388 1764165578395
14856 172935229 1764165578421.366455 1764165578421 1764165578428
14857 172968573 1764165578454.708496 1764165578455 1764165578462
14858 173001917 1764165578488.050293 1764165578488 1764165578495
14859 173035261 1764165578521.392334 1764165578522 1764165578529
14860 173068605 1764165578554.734375 1764165578555 1764165578562
14861 173101949 1764165578588.076416 1764165578588 1764165578595
14862 173135293 1764165578621.418457 1764165578622 1764165578629
14863 173168636 1764165578654.759521 1764165578654 1764165578662
14864 173201980 1764165578688.101562 1764165578688 1764165578695
14865 173235324 1764165578721.443604 1764165578722 1764165578729
14866 173268668 1764165578754.785400 1764165578754 1764165578762
14867 173302012 1764165578788.127441 1764165578788 1764165578795
14868 173335356 1764165578821.469482 1764165578822 1764165578829
14869 173368700 1764165578854.811523 1764165578854 1764165578862
14870 173402044 1764165578888.155518 1764165578888 1764165578895
14871 173435388 1764165578921.499512 1764165578922 1764165578929
14872 173468732 1764165578954.843506 1764165578954 1764165578962
14873 173502076 1764165578988.187744 1764165578988 1764165578995
14874 173535420 1764165579021.531738 1764165579022 1764165579029
14875 173568764 1764165579054.875732 1764165579054 1764165579062
14876 173602108 1764165579088.219971 1764165579088 1764165579095
14877 173635451 1764165579121.562988 1764165579122 1764165579129
14878 173668795 1764165579154.907227 1764165579154 1764165579162
14879 173702139 1764165579188.251465 1764165579188 1764165579195
14880 173735483 1764165579221.595703 1764165579222 1764165579229
14881 173768827 1764165579254.939941 1764165579254 1764165579262
14882 173802171 1764165579288.284180 1764165579288 1764165579295
14883 173835515 1764165579321.628418 1764165579322 1764165579329
14884 173868859 1764165579354.972656 1764165579355 1764165579362
14885 173902203 1764165579388.316895 1764165579388 1764165579395
14886 173935547 1764165579421.661133 1764165579422 1764165579429
14887 173968891 1764165579455.005615 1764165579455 1764165579462
14888 174002235 1764165579488.349854 1764165579488 1764165579495
14889 174035579 1764165579521.694092 1764165579521 1764165579529
14890 174068922 1764165579555.037598 1764165579555 1764165579562
14891 174102266 1764165579588.382080 1764165579588 1764165579595
14892 174135610 1764165579621.726318 1764165579621 1764165579629
14893 174168954 1764165579655.070801 1764165579655 1764165579662
14894 174202298 1764165579688.415283 1764165579688 1764165579696
14895 174235642 1764165579721.759766 1764165579722 1764165579729
14896 174268986 1764165579755.104248 1764165579755 1764165579762
14897 174302330 1764165579788.448730 1764165579789 1764165579796
14898 174335674 1764165579821.793213 1764165579821 1764165579829
14899 174369018 1764165579855.137695 1764165579855 1764165579862
14900 174402362 1764165579888.504883 1764165579889 1764165579896
14901 174435706 1764165579921.872314 1764165579921 1764165579929
