69772 2004517029 1764167409928.074951 1764167409928 1764167409935
69773 2004550373 1764167409961.423584 1764167409962 1764167409969
69774 2004583717 1764167409994.772217 1764167409995 1764167410002
69775 2004617061 1764167410028.120850 1764167410028 1764167410035
69776 2004650405 1764167410061.469482 1764167410062 1764167410069
69777 2004683749 1764167410094.818359 1764167410095 1764167410102
69778 2004717093 1764167410128.166992 1764167410128 1764167410135
69779 2004750437 1764167410161.515869 1764167410162 1764167410169
69780 2004783781 1764167410194.864502 1764167410195 1764167410202
69781 2004817125 1764167410228.213379 1764167410228 1764167410235
69782 2004850469 1764167410261.562256 1764167410262 1764167410269
69783 2004883812 1764167410294.910156 1764167410295 1764167410302
69784 2004917156 1764167410328.259033 1764167410329 1764167410336
69785 2004950500 1764167410361.607910 1764167410361 1764167410369
69786 2004983844 1764167410394.957031 1764167410395 1764167410402
69787 2005017188 1764167410428.305908 1764167410429 1764167410436
69788 2005050532 1764167410461.654785 1764167410461 1764167410469
69789 2005083876 1764167410495.003662 1764167410495 1764167410502
69790 2005117220 1764167410528.352539 1764167410529 1764167410536
69791 2005150564 1764167410561.701416 1764167410561 1764167410569
69792 2005183908 1764167410595.050293 1764167410595 1764167410602
69793 2005217252 1764167410628.399414 1764167410629 1764167410636
69794 2005250596 1764167410661.748535 1764167410661 1764167410669
69795 2005283940 1764167410695.097412 1764167410695 1764167410702
69796 2005317283 1764167410728.445557 1764167410729 1764167410736
69797 2005350627 1764167410761.794678 1764167410761 1764167410769
69798 2005383971 1764167410795.143799 1764167410795 1764167410802
69799 2005417315 1764167410828.493164 1764167410829 1764167410836
69800 2005450659 1764167410861.842285 1764167410862 1764167410869
69801 2005484003 1764167410895.191650 1764167410895 1764167410902
69802 2005517347 1764167410928.540771 1764167410929 1764167410936
69803 2005550691 1764167410961.890137 1764167410962 1764167410969
69804 2005584035 1764167410995.239502 1764167410995 1764167411002
69805 2005617379 1764167411028.588867 1764167411029 1764167411036
69806 2005650723 1764167411061.938232 1764167411062 1764167411069
69807 2005684067 1764167411095.287598 1764167411096 1764167411103
69808 2005717411 1764167411128.637207 1764167411129 1764167411136
69809 2005750754 1764167411161.985596 1764167411162 1764167411169
69810 2005784098 1764167411195.335205 1764167411196 1764167411203
69811 2005817442 1764167411228.684814 1764167411228 1764167411236
69812 2005850786 1764167411262.034424 1764167411262 1764167411269
69813 2005884130 1764167411295.384033 1764167411296 1764167411303
69814 2005917474 1764167411328.733643 1764167411328 1764167411336
69815 2005950818 1764167411362.083496 1764167411362 1764167411369
69816 2005984162 1764167411395.433105 1764167411396 1764167411403
69817 2006017506 1764167411428.782959 1764167411428 1764167411436
69818 2006050850 1764167411462.131104 1764167411462 1764167411469
69819 2006084194 1764167411495.479248 1764167411496 1764167411503
69820 2006117538 1764167411528.827637 1764167411528 1764167411536
69821 2006150882 1764167411562.175781 1764167411562 1764167411569
69822 2006184226 1764167411595.524170 1764167411596 1764167411603
69823 2006217569 1764167411628.871582 1764167411629 1764167411636
69824 2006250913 1764167411662.219971 1764167411662 1764167411669
69825 2006284257 1764167411695.568115 1764167411696 1764167411703
69826 2006317601 1764167411728.916504 1764167411729 1764167411736
69827 2006350945 1764167411762.265137 1764167411762 1764167411769
69828 2006384289 1764167411795.613525 1764167411796 1764167411803
69829 2006417633 1764167411828.961914 1764167411829 1764167411836
69830 2006450977 1764167411862.310303 1764167411863 1764167411870
69831 2006484321 1764167411895.658936 1764167411896 1764167411903
69832 2006517665 1764167411929.007324 1764167411929 1764167411936
69833 2006551009 1764167411962.355957 1764167411963 1764167411970
69834 2006584353 1764167411995.704346 1764167411996 1764167412003
69835 2006617697 1764167412029.052979 1764167412029 1764167412036
69836 2006651040 1764167412062.400635 1764167412063 1764167412070
69837 2006684384 1764167412095.749268 1764167412095 1764167412103
69838 2006717728 1764167412129.097900 1764167412129 1764167412136
69839 2006751072 1764167412162.446533 1764167412163 1764167412170
69840 2006784416 1764167412195.795166 1764167412195 1764167412203
69841 2006817760 1764167412229.143799 1764167412229 1764167412236
69842 2006851104 1764167412262.492676 1764167412263 1764167412270
69843 2006884448 1764167412295.841309 1764167412295 1764167412303
69844 2006917792 1764167412329.190186 1764167412329 1764167412336
69845 2006951136 1764167412362.538818 1764167412363 1764167412370
69846 2006984480 1764167412395.887695 1764167412395 1764167412403
69847 2007017824 1764167412429.236328 1764167412429 1764167412436
69848 2007051168 1764167412462.584229 1764167412463 1764167412470
69849 2007084511 1764167412495.931152 1764167412496 1764167412503
69850 2007117855 1764167412529.279053 1764167412529 1764167412536
69851 2007151199 1764167412562.627197 1764167412563 1764167412570
69852 2007184543 1764167412595.975098 1764167412596 1764167412603
69853 2007217887 1764167412629.322998 1764167412629 1764167412636
69854 2007251231 1764167412662.670898 1764167412663 1764167412670
69855 2007284575 1764167412696.019043 1764167412696 1764167412703
69856 2007317919 1764167412729.366943 1764167412730 1764167412737
69857 2007351263 1764167412762.715088 1764167412763 1764167412770
69858 2007384607 1764167412796.063232 1764167412796 1764167412803
69859 2007417951 1764167412829.411133 1764167412830 1764167412837
69860 2007451295 1764167412862.759277 1764167412862 1764167412870
69861 2007484639 1764167412896.107422 1764167412896 1764167412903
69862 2007517983 1764167412929.455566 1764167412930 1764167412937
69863 2007551326 1764167412962.802490 1764167412962 1764167412970
69864 2007584670 1764167412996.150635 1764167412996 1764167413003
69865 2007618014 1764167413029.498779 1764167413030 1764167413037
69866 2007651358 1764167413062.847168 1764167413062 1764167413070
69867 2007684702 1764167413096.195312 1764167413096 1764167413103
69868 2007718046 1764167413129.543457 1764167413130 1764167413137
69869 2007751390 1764167413162.891602 1764167413162 1764167413170
69870 2007784734 1764167413196.239990 1764167413196 1764167413203
69871 2007818078 1764167413229.588135 1764167413230 1764167413237
69872 2007851422 1764167413262.936523 1764167413263 1764167413270
69873 2007884766 1764167413296.284668 1764167413296 1764167413303
69874 2007918110 1764167413329.633057 1764167413330 1764167413337
69875 2007951454 1764167413362.981445 1764167413363 1764167413370
69876 2007984797 1764167413396.328613 1764167413396 1764167413403
69877 2008018141 1764167413429.677002 1764167413430 1764167413437
69878 2008051485 1764167413463.024414 1764167413463 1764167413470
69879 2008084829 1764167413496.371826 1764167413496 1764167413503
69880 2008118173 1764167413529.719482 1764167413530 1764167413537
69881 2008151517 1764167413563.066895 1764167413563 1764167413570
69882 2008184861 1764167413596.414307 1764167413597 1764167413604
69883 2008218205 1764167413629.761963 1764167413630 1764167413637
69884 2008251549 1764167413663.109375 1764167413663 1764167413670
69885 2008284893 1764167413696.457031 1764167413697 1764167413704
69886 2008318237 1764167413729.804443 1764167413729 1764167413737
69887 2008351581 1764167413763.152100 1764167413763 1764167413770
69888 2008384925 1764167413796.499756 1764167413797 1764167413804
69889 2008418268 1764167413829.846191 1764167413829 1764167413837
69890 2008451612 1764167413863.193848 1764167413863 1764167413870
69891 2008484956 1764167413896.541260 1764167413897 1764167413904
69892 2008518300 1764167413929.888916 1764167413929 1764167413937
69893 2008551644 1764167413963.236572 1764167413963 1764167413970
69894 2008584988 1764167413996.584229 1764167413997 1764167414004
69895 2008618332 1764167414029.931885 1764167414029 1764167414037
69896 2008651676 1764167414063.279541 1764167414063 1764167414070
69897 2008685020 1764167414096.626953 1764167414097 1764167414104
69898 2008718364 1764167414129.974609 1764167414130 1764167414137
69899 2008751708 1764167414163.322266 1764167414163 1764167414170
69900 2008785052 1764167414196.669922 1764167414197 1764167414204
69901 2008818396 1764167414230.017822 1764167414230 1764167414237
69902 2008851740 1764167414263.365479 1764167414263 1764167414270
69903 2008885083 1764167414296.712158 1764167414297 1764167414304
69904 2008918427 1764167414330.059814 1764167414330 1764167414337
69905 2008951771 1764167414363.407471 1764167414364 1764167414371
69906 2008985115 1764167414396.755127 1764167414397 1764167414404
69907 2009018459 1764167414430.103027 1764167414430 1764167414437
69908 2009051803 1764167414463.455078 1764167414464 1764167414471
69909 2009085147 1764167414496.807129 1764167414496 1764167414504
69910 2009118491 1764167414530.159180 1764167414530 1764167414537
69911 2009151835 1764167414563.511230 1764167414564 1764167414571
69912 2009185179 1764167414596.863525 1764167414596 1764167414604
69913 2009218523 1764167414630.215820 1764167414630 1764167414637
69914 2009251867 1764167414663.568115 1764167414664 1764167414671
69915 2009285211 1764167414696.920410 1764167414696 1764167414704
69916 2009318554 1764167414730.271729 1764167414730 1764167414737
69917 2009351898 1764167414763.624023 1764167414764 1764167414771
69918 2009385242 1764167414796.976318 1764167414796 1764167414804
69919 2009418586 1764167414830.328857 1764167414831 1764167414838
69920 2009451930 1764167414863.681396 1764167414864 1764167414871
69921 2009485274 1764167414897.033936 1764167414896 1764167414904
69922 2009518618 1764167414930.386475 1764167414930 1764167414937
69923 2009551962 1764167414963.739014 1764167414964 1764167414971
69924 2009585306 1764167414997.091553 1764167414997 1764167415004
69925 2009618650 1764167415030.444092 1764167415030 1764167415037
69926 2009651994 1764167415063.796875 1764167415064 1764167415071
69927 2009685338 1764167415097.149658 1764167415097 1764167415104
69928 2009718682 1764167415130.502441 1764167415130 1764167415137
69929 2009752025 1764167415163.854248 1764167415163 1764167415171
69930 2009785369 1764167415197.207031 1764167415197 1764167415204
69931 2009818713 1764167415230.559814 1764167415231 1764167415238
69932 2009852057 1764167415263.912842 1764167415264 1764167415271
69933 2009885401 1764167415297.265625 1764167415297 1764167415304
69934 2009918745 1764167415330.618652 1764167415331 1764167415338
69935 2009952089 1764167415363.971680 1764167415363 1764167415371
69936 2009985433 1764167415397.324707 1764167415397 1764167415404
69937 2010018777 1764167415430.677734 1764167415431 1764167415438
69938 2010052121 1764167415464.023926 1764167415463 1764167415471
69939 2010085465 1764167415497.370117 1764167415497 1764167415504
69940 2010118809 1764167415530.716309 1764167415531 1764167415538
69941 2010152153 1764167415564.062500 1764167415563 1764167415571
69942 2010185497 1764167415597.408691 1764167415597 1764167415604
69943 2010218840 1764167415630.753906 1764167415631 1764167415638
69944 2010252184 1764167415664.100098 1764167415663 1764167415671
69945 2010285528 1764167415697.446289 1764167415697 1764167415704
69946 2010318872 1764167415730.792480 1764167415731 1764167415738
69947 2010352216 1764167415764.138672 1764167415764 1764167415771
69948 2010385560 1764167415797.484863 1764167415797 1764167415804
69949 2010418904 1764167415830.831055 1764167415831 1764167415838
69950 2010452248 1764167415864.177002 1764167415864 1764167415871
69951 2010485592 1764167415897.523193 1764167415897 1764167415904
69952 2010518936 1764167415930.869385 1764167415931 1764167415938
69953 2010552280 1764167415964.215576 1764167415964 1764167415971
69954 2010585624 1764167415997.561768 1764167415997 1764167416004
69955 2010618968 1764167416030.907715 1764167416031 1764167416038
69956 2010652311 1764167416064.252930 1764167416064 1764167416071
69957 2010685655 1764167416097.599121 1764167416098 1764167416105
69958 2010718999 1764167416130.945068 1764167416130 1764167416138
69959 2010752343 1764167416164.291260 1764167416164 1764167416171
69960 2010785687 1764167416197.637207 1764167416198 1764167416205
69961 2010819031 1764167416230.983398 1764167416230 1764167416238
69962 2010852375 1764167416264.329346 1764167416264 1764167416271
69963 2010885719 1764167416297.675537 1764167416298 1764167416305
69964 2010919063 1764167416331.021484 1764167416330 1764167416338
69965 2010952407 1764167416364.367676 1764167416364 1764167416371
69966 2010985751 1764167416397.713623 1764167416398 1764167416405
69967 2011019095 1764167416431.059814 1764167416430 1764167416438
69968 2011052439 1764167416464.406494 1764167416465 1764167416472
69969 2011085782 1764167416497.752197 1764167416498 1764167416505
69970 2011119126 1764167416531.098633 1764167416530 1764167416538
69971 2011152470 1764167416564.445312 1764167416564 1764167416571
69972 2011185814 1764167416597.791992 1764167416597 1764167416605
69973 2011219158 1764167416631.138672 1764167416631 1764167416638
69974 2011252502 1764167416664.485352 1764167416664 1764167416671
69975 2011285846 1764167416697.832031 1764167416698 1764167416705
69976 2011319190 1764167416731.178711 1764167416731 1764167416738
69977 2011352534 1764167416764.525146 1764167416764 1764167416771
69978 2011385878 1764167416797.871826 1764167416798 1764167416805
69979 2011419222 1764167416831.218506 1764167416831 1764167416838
69980 2011452566 1764167416864.565186 1764167416865 1764167416872
69981 2011485910 1764167416897.911865 1764167416897 1764167416905
69982 2011519254 1764167416931.258301 1764167416931 1764167416938
69983 2011552597 1764167416964.604004 1764167416965 1764167416972
69984 2011585941 1764167416997.950684 1764167416997 1764167417005
69985 2011619285 1764167417031.297119 1764167417031 1764167417038
69986 2011652629 1764167417064.643799 1764167417065 1764167417072
69987 2011685973 1764167417097.990479 1764167417097 1764167417105
69988 2011719317 1764167417131.336914 1764167417131 1764167417138
69989 2011752661 1764167417164.683594 1764167417165 1764167417172
69990 2011786005 1764167417198.030273 1764167417197 1764167417205
69991 2011819349 1764167417231.376709 1764167417231 1764167417238
69992 2011852693 1764167417264.723389 1764167417265 1764167417272
69993 2011886037 1764167417298.069824 1764167417297 1764167417305
69994 2011919381 1764167417331.416504 1764167417331 1764167417338
69995 2011952725 1764167417364.763184 1764167417365 1764167417372
69996 2011986068 1764167417398.108643 1764167417398 1764167417405
69997 2012019412 1764167417431.455322 1764167417431 1764167417438
69998 2012052756 1764167417464.801514 1764167417465 1764167417472
69999 2012086100 1764167417498.147705 1764167417498 1764167417505
70000 2012119444 1764167417531.494141 1764167417531 1764167417538
70001 2012152788 1764167417564.840332 1764167417565 1764167417572
70002 2012186132 1764167417598.186523 1764167417598 1764167417605
70003 2012219476 1764167417631.532715 1764167417631 1764167417638
70004 2012252820 1764167417664.879150 1764167417665 1764167417672
70005 2012286164 1764167417698.225342 1764167417698 1764167417705
70006 2012319508 1764167417731.571533 1764167417732 1764167417739
70007 2012352852 1764167417764.917725 1764167417765 1764167417772
70008 2012386196 1764167417798.263916 1764167417798 1764167417805
70009 2012419539 1764167417831.609131 1764167417832 1764167417839
70010 2012452883 1764167417864.955322 1764167417864 1764167417872
70011 2012486227 1764167417898.301514 1764167417898 1764167417905
70012 2012519571 1764167417931.647705 1764167417932 1764167417939
70013 2012552915 1764167417964.994141 1764167417964 1764167417972
70014 2012586259 1764167417998.340332 1764167417998 1764167418005
70015 2012619603 1764167418031.686523 1764167418032 1764167418039
70016 2012652947 1764167418065.032471 1764167418065 1764167418073
70017 2012686291 1764167418098.378662 1764167418098 1764167418105
70018 2012719635 1764167418131.724854 1764167418132 1764167418139
70019 2012752979 1764167418165.071045 1764167418164 1764167418172
70020 2012786323 1764167418198.417236 1764167418198 1764167418205
70021 2012819667 1764167418231.763428 1764167418232 1764167418239
70022 2012853011 1764167418265.109619 1764167418265 1764167418272
70023 2012886354 1764167418298.454834 1764167418298 1764167418305
70024 2012919698 1764167418331.800781 1764167418332 1764167418339
70025 2012953042 1764167418365.146973 1764167418365 1764167418372
70026 2012986386 1764167418398.493164 1764167418398 1764167418405
70027 2013019730 1764167418431.839355 1764167418432 1764167418439
70028 2013053074 1764167418465.186035 1764167418465 1764167418472
70029 2013086418 1764167418498.532471 1764167418499 1764167418506
70030 2013119762 1764167418531.879150 1764167418532 1764167418539
70031 2013153106 1764167418565.225830 1764167418565 1764167418572
70032 2013186450 1764167418598.572266 1764167418599 1764167418606
70033 2013219794 1764167418631.918945 1764167418631 1764167418639
70034 2013253138 1764167418665.265381 1764167418666 1764167418673
70035 2013286482 1764167418698.612061 1764167418699 1764167418706
70036 2013319825 1764167418731.957764 1764167418731 1764167418739
70037 2013353169 1764167418765.304199 1764167418765 1764167418772
70038 2013386513 1764167418798.650879 1764167418799 1764167418806
70039 2013419857 1764167418831.997314 1764167418831 1764167418839
70040 2013453201 1764167418865.343994 1764167418865 1764167418872
70041 2013486545 1764167418898.690430 1764167418899 1764167418906
70042 2013519889 1764167418932.037109 1764167418931 1764167418939
70043 2013553233 1764167418965.383545 1764167418965 1764167418972
70044 2013586577 1764167418998.730225 1764167418999 1764167419006
70045 2013619921 1764167419032.076660 1764167419032 1764167419039
70046 2013653265 1764167419065.423340 1764167419065 1764167419072
70047 2013686609 1764167419098.769775 1764167419099 1764167419106
70048 2013719953 1764167419132.116211 1764167419132 1764167419139
70049 2013753296 1764167419165.461914 1764167419165 1764167419172
70050 2013786640 1764167419198.808350 1764167419199 1764167419206
70051 2013819984 1764167419232.154785 1764167419232 1764167419239
70052 2013853328 1764167419265.501465 1764167419265 1764167419272
70053 2013886672 1764167419298.847900 1764167419299 1764167419306
70054 2013920016 1764167419332.194336 1764167419332 1764167419339
70055 2013953360 1764167419365.541016 1764167419366 1764167419373
70056 2013986704 1764167419398.887451 1764167419399 1764167419406
70057 2014020048 1764167419432.233887 1764167419432 1764167419439
70058 2014053392 1764167419465.580322 1764167419466 1764167419473
70059 2014086736 1764167419498.926758 1764167419498 1764167419506
70060 2014120080 1764167419532.273193 1764167419532 1764167419539
70061 2014153424 1764167419565.619629 1764167419566 1764167419573
70062 2014186768 1764167419598.965820 1764167419598 1764167419606
70063 2014220111 1764167419632.311279 1764167419632 1764167419639
70064 2014253455 1764167419665.657715 1764167419666 1764167419673
70065 2014286799 1764167419699.004150 1764167419698 1764167419706
70066 2014320143 1764167419732.350342 1764167419732 1764167419739
70067 2014353487 1764167419765.696777 1764167419766 1764167419773
70068 2014386831 1764167419799.043213 1764167419798 1764167419806
70069 2014420175 1764167419832.389648 1764167419832 1764167419839
70070 2014453519 1764167419865.735840 1764167419866 1764167419873
70071 2014486863 1764167419899.082275 1764167419899 1764167419906
70072 2014520207 1764167419932.428711 1764167419932 1764167419939
70073 2014553551 1764167419965.774902 1764167419966 1764167419973
70074 2014586895 1764167419999.121338 1764167419999 1764167420006
70075 2014620239 1764167420032.467773 1764167420032 1764167420039
70076 2014653582 1764167420065.812988 1764167420066 1764167420073
70077 2014686926 1764167420099.159424 1764167420099 1764167420106
70078 2014720270 1764167420132.505615 1764167420132 1764167420139
70079 2014753614 1764167420165.852051 1764167420166 1764167420173
70080 2014786958 1764167420199.198486 1764167420199 1764167420206
70081 2014820302 1764167420232.544678 1764167420233 1764167420240
70082 2014853646 1764167420265.891113 1764167420265 1764167420273
70083 2014886990 1764167420299.237305 1764167420299 1764167420306
70084 2014920334 1764167420332.583740 1764167420333 1764167420340
70085 2014953678 1764167420365.929932 1764167420365 1764167420373
70086 2014987022 1764167420399.276367 1764167420399 1764167420406
70087 2015020366 1764167420432.622559 1764167420433 1764167420440
70088 2015053710 1764167420465.986084 1764167420465 1764167420473
70089 2015087053 1764167420499.348633 1764167420499 1764167420506
70090 2015120397 1764167420532.712402 1764167420533 1764167420540
70091 2015153741 1764167420566.076172 1764167420565 1764167420573
70092 2015187085 1764167420599.440186 1764167420599 1764167420606
70093 2015220429 1764167420632.804199 1764167420633 1764167420640
70094 2015253773 1764167420666.168457 1764167420665 1764167420673
70095 2015287117 1764167420699.532715 1764167420699 1764167420706
70096 2015320461 1764167420732.896973 1764167420733 1764167420740
70097 2015353805 1764167420766.261475 1764167420766 1764167420773
70098 2015387149 1764167420799.625977 1764167420799 1764167420806
70099 2015420493 1764167420832.990723 1764167420833 1764167420840
70100 2015453837 1764167420866.355469 1764167420866 1764167420873
70101 2015487181 1764167420899.720459 1764167420899 1764167420906
70102 2015520525 1764167420933.085449 1764167420933 1764167420941
70103 2015553868 1764167420966.449463 1764167420966 1764167420973
70104 2015587212 1764167420999.814697 1764167421000 1764167421007
70105 2015620556 1764167421033.179932 1764167421033 1764167421040
70106 2015653900 1764167421066.545410 1764167421066 1764167421073
70107 2015687244 1764167421099.910889 1764167421100 1764167421107
70108 2015720588 1764167421133.276611 1764167421133 1764167421140
70109 2015753932 1764167421166.642334 1764167421166 1764167421173
70110 2015787276 1764167421200.008057 1764167421200 1764167421207
70111 2015820620 1764167421233.374023 1764167421232 1764167421240
70112 2015853964 1764167421266.740234 1764167421266 1764167421273
70113 2015887308 1764167421300.106201 1764167421300 1764167421307
70114 2015920652 1764167421333.472656 1764167421332 1764167421340
70115 2015953996 1764167421366.838867 1764167421366 1764167421373
70116 2015987339 1764167421400.204346 1764167421400 1764167421407
70117 2016020683 1764167421433.570801 1764167421432 1764167421440
70118 2016054027 1764167421466.915039 1764167421466 1764167421473
70119 2016087371 1764167421500.259277 1764167421500 1764167421507
70120 2016120715 1764167421533.603271 1764167421532 1764167421540
70121 2016154059 1764167421566.947510 1764167421566 1764167421573
70122 2016187403 1764167421600.291504 1764167421600 1764167421607
70123 2016220747 1764167421633.635498 1764167421632 1764167421640
70124 2016254091 1764167421666.979736 1764167421666 1764167421673
70125 2016287435 1764167421700.323730 1764167421700 1764167421707
70126 2016320779 1764167421733.667725 1764167421732 1764167421740
70127 2016354123 1764167421767.011719 1764167421766 1764167421773
70128 2016387467 1764167421800.355713 1764167421800 1764167421807
70129 2016420810 1764167421833.698486 1764167421833 1764167421840
70130 2016454154 1764167421867.042480 1764167421866 1764167421873
70131 2016487498 1764167421900.386475 1764167421900 1764167421907
70132 2016520842 1764167421933.730225 1764167421933 1764167421940
70133 2016554186 1764167421967.073975 1764167421966 1764167421973
70134 2016587530 1764167422000.417969 1764167422000 1764167422007
70135 2016620874 1764167422033.761719 1764167422033 1764167422040
70136 2016654218 1764167422067.105469 1764167422066 1764167422073
70137 2016687562 1764167422100.449219 1764167422100 1764167422107
70138 2016720906 1764167422133.792969 1764167422133 1764167422140
70139 2016754250 1764167422167.136719 1764167422166 1764167422173
70140 2016787594 1764167422200.480225 1764167422200 1764167422207
70141 2016820938 1764167422233.823975 1764167422233 1764167422240
70142 2016854282 1764167422267.167480 1764167422267 1764167422274
70143 2016887625 1764167422300.510254 1764167422300 1764167422307
70144 2016920969 1764167422333.853760 1764167422333 1764167422340
70145 2016954313 1764167422367.197266 1764167422367 1764167422374
70146 2016987657 1764167422400.540771 1764167422399 1764167422407
70147 2017021001 1764167422433.884521 1764167422433 1764167422440
70148 2017054345 1764167422467.227539 1764167422467 1764167422474
70149 2017087689 1764167422500.570557 1764167422499 1764167422507
70150 2017121033 1764167422533.913574 1764167422533 1764167422540
70151 2017154377 1764167422567.256592 1764167422567 1764167422574
70152 2017187721 1764167422600.599609 1764167422599 1764167422607
70153 2017221065 1764167422633.942627 1764167422633 1764167422640
70154 2017254409 1764167422667.285400 1764167422667 1764167422674
70155 2017287753 1764167422700.628418 1764167422699 1764167422707
70156 2017321096 1764167422733.970215 1764167422733 1764167422740
70157 2017354440 1764167422767.312988 1764167422767 1764167422774
70158 2017387784 1764167422800.655762 1764167422799 1764167422807
70159 2017421128 1764167422833.998535 1764167422833 1764167422840
70160 2017454472 1764167422867.341309 1764167422867 1764167422874
70161 2017487816 1764167422900.684082 1764167422899 1764167422907
70162 2017521160 1764167422934.026611 1764167422933 1764167422940
70163 2017554504 1764167422967.369385 1764167422967 1764167422974
70164 2017587848 1764167423000.711914 1764167422999 1764167423007
70165 2017621192 1764167423034.054443 1764167423033 1764167423040
70166 2017654536 1764167423067.397217 1764167423067 1764167423074
70167 2017687880 1764167423100.739502 1764167423100 1764167423107
70168 2017721224 1764167423134.082031 1764167423133 1764167423140
70169 2017754567 1764167423167.423584 1764167423167 1764167423174
70170 2017787911 1764167423200.766113 1764167423200 1764167423207
70171 2017821255 1764167423234.108398 1764167423233 1764167423240
70172 2017854599 1764167423267.450684 1764167423267 1764167423274
70173 2017887943 1764167423300.793213 1764167423300 1764167423307
70174 2017921287 1764167423334.135498 1764167423333 1764167423340
70175 2017954631 1764167423367.477783 1764167423367 1764167423374
70176 2017987975 1764167423400.820068 1764167423400 1764167423407
70177 2018021319 1764167423434.162109 1764167423434 1764167423441
70178 2018054663 1764167423467.504150 1764167423467 1764167423474
70179 2018088007 1764167423500.846191 1764167423500 1764167423507
70180 2018121351 1764167423534.187988 1764167423534 1764167423541
70181 2018154695 1764167423567.529785 1764167423567 1764167423574
70182 2018188039 1764167423600.871826 1764167423600 1764167423607
70183 2018221382 1764167423634.212402 1764167423634 1764167423641
70184 2018254726 1764167423667.554199 1764167423666 1764167423674
70185 2018288070 1764167423700.895996 1764167423700 1764167423707
70186 2018321414 1764167423734.237549 1764167423734 1764167423741
70187 2018354758 1764167423767.579346 1764167423766 1764167423774
70188 2018388102 1764167423800.920898 1764167423800 1764167423807
70189 2018421446 1764167423834.262451 1764167423834 1764167423841
70190 2018454790 1764167423867.604004 1764167423866 1764167423874
70191 2018488134 1764167423900.945557 1764167423900 1764167423907
70192 2018521478 1764167423934.286865 1764167423934 1764167423941
70193 2018554822 1764167423967.628418 1764167423966 1764167423974
70194 2018588166 1764167424000.969727 1764167424000 1764167424007
70195 2018621510 1764167424034.311035 1764167424034 1764167424041
70196 2018654853 1764167424067.651367 1764167424067 1764167424076
70197 2018688197 1764167424100.992676 1764167424100 1764167424107
70198 2018721541 1764167424134.333984 1764167424134 1764167424141
70199 2018754885 1764167424167.675049 1764167424166 1764167424174
70200 2018788229 1764167424201.016357 1764167424200 1764167424207
70201 2018821573 1764167424234.357422 1764167424234 1764167424241
70202 2018854917 1764167424267.698486 1764167424267 1764167424274
70203 2018888261 1764167424301.039551 1764167424300 1764167424307
70204 2018921605 1764167424334.380615 1764167424334 1764167424341
70205 2018954949 1764167424367.721436 1764167424367 1764167424374
70206 2018988293 1764167424401.062500 1764167424400 1764167424407
70207 2019021637 1764167424434.403320 1764167424434 1764167424441
70208 2019054981 1764167424467.745605 1764167424467 1764167424474
70209 2019088324 1764167424501.086670 1764167424501 1764167424508
70210 2019121668 1764167424534.428955 1764167424534 1764167424541
70211 2019155012 1764167424567.770996 1764167424567 1764167424574
70212 2019188356 1764167424601.113037 1764167424601 1764167424608
70213 2019221700 1764167424634.455078 1764167424633 1764167424641
70214 2019255044 1764167424667.797119 1764167424667 1764167424674
70215 2019288388 1764167424701.138916 1764167424700 1764167424708
70216 2019321732 1764167424734.480957 1764167424733 1764167424741
70217 2019355076 1764167424767.822754 1764167424767 1764167424774
70218 2019388420 1764167424801.164795 1764167424801 1764167424808
70219 2019421764 1764167424834.506592 1764167424833 1764167424841
70220 2019455108 1764167424867.848389 1764167424867 1764167424874
70221 2019488452 1764167424901.190186 1764167424901 1764167424908
70222 2019521796 1764167424934.531738 1764167424933 1764167424941
70223 2019555139 1764167424967.872559 1764167424967 1764167424974
70224 2019588483 1764167425001.214355 1764167425001 1764167425008
70225 2019621827 1764167425034.555908 1764167425034 1764167425041
70226 2019655171 1764167425067.897461 1764167425067 1764167425074
70227 2019688515 1764167425101.239014 1764167425101 1764167425108
70228 2019721859 1764167425134.580566 1764167425134 1764167425141
70229 2019755203 1764167425167.922119 1764167425168 1764167425175
70230 2019788547 1764167425201.263672 1764167425201 1764167425208
70231 2019821891 1764167425234.604980 1764167425234 1764167425241
70232 2019855235 1764167425267.946533 1764167425267 1764167425274
70233 2019888579 1764167425301.287842 1764167425301 1764167425308
70234 2019921923 1764167425334.629150 1764167425334 1764167425341
70235 2019955267 1764167425367.970459 1764167425368 1764167425375
70236 2019988610 1764167425401.310791 1764167425401 1764167425408
70237 2020021954 1764167425434.652100 1764167425434 1764167425441
70238 2020055298 1764167425467.994385 1764167425468 1764167425475
70239 2020088642 1764167425501.336670 1764167425500 1764167425508
70240 2020121986 1764167425534.678955 1764167425534 1764167425541
70241 2020155330 1764167425568.020996 1764167425568 1764167425575
70242 2020188674 1764167425601.363281 1764167425600 1764167425608
70243 2020222018 1764167425634.705322 1764167425634 1764167425641
70244 2020255362 1764167425668.047363 1764167425668 1764167425675
70245 2020288706 1764167425701.389404 1764167425700 1764167425708
70246 2020322050 1764167425734.731445 1764167425734 1764167425741
70247 2020355394 1764167425768.073486 1764167425768 1764167425775
70248 2020388738 1764167425801.415283 1764167425800 1764167425808
70249 2020422081 1764167425834.756348 1764167425834 1764167425841
70250 2020455425 1764167425868.098145 1764167425868 1764167425875
70251 2020488769 1764167425901.439941 1764167425901 1764167425908
70252 2020522113 1764167425934.781738 1764167425934 1764167425941
70253 2020555457 1764167425968.123535 1764167425968 1764167425975
70254 2020588801 1764167426001.465332 1764167426001 1764167426008
70255 2020622145 1764167426034.807129 1764167426034 1764167426041
70256 2020655489 1764167426068.148682 1764167426068 1764167426075
70257 2020688833 1764167426101.490234 1764167426101 1764167426108
70258 2020722177 1764167426134.832031 1764167426134 1764167426142
70259 2020755521 1764167426168.173584 1764167426168 1764167426175
70260 2020788865 1764167426201.515137 1764167426201 1764167426208
70261 2020822209 1764167426234.856689 1764167426235 1764167426242
70262 2020855553 1764167426268.197998 1764167426267 1764167426275
70263 2020888896 1764167426301.538574 1764167426301 1764167426308
70264 2020922240 1764167426334.879883 1764167426335 1764167426342
70265 2020955584 1764167426368.221191 1764167426367 1764167426375
70266 2020988928 1764167426401.562744 1764167426401 1764167426408
70267 2021022272 1764167426434.904053 1764167426435 1764167426442
70268 2021055616 1764167426468.246582 1764167426467 1764167426475
70269 2021088960 1764167426501.589111 1764167426501 1764167426508
70270 2021122304 1764167426534.931396 1764167426535 1764167426542
70271 2021155648 1764167426568.273926 1764167426567 1764167426575
70272 2021188992 1764167426601.616211 1764167426601 1764167426608
70273 2021222336 1764167426634.958496 1764167426635 1764167426642
70274 2021255680 1764167426668.301025 1764167426667 1764167426675
70275 2021289024 1764167426701.643311 1764167426701 1764167426708
70276 2021322367 1764167426734.984375 1764167426735 1764167426742
70277 2021355711 1764167426768.326660 1764167426768 1764167426775
70278 2021389055 1764167426801.668945 1764167426801 1764167426808
70279 2021422399 1764167426835.010986 1764167426835 1764167426842
70280 2021455743 1764167426868.353271 1764167426868 1764167426875
70281 2021489087 1764167426901.695312 1764167426902 1764167426909
70282 2021522431 1764167426935.037354 1764167426935 1764167426942
70283 2021555775 1764167426968.379395 1764167426968 1764167426975
70284 2021589119 1764167427001.721436 1764167427002 1764167427009
70285 2021622463 1764167427035.063477 1764167427035 1764167427042
70286 2021655807 1764167427068.405518 1764167427068 1764167427075
70287 2021689151 1764167427101.747314 1764167427102 1764167427109
70288 2021722495 1764167427135.089111 1764167427134 1764167427142
70289 2021755838 1764167427168.430176 1764167427168 1764167427175
70290 2021789182 1764167427201.771973 1764167427202 1764167427209
70291 2021822526 1764167427235.113770 1764167427234 1764167427242
70292 2021855870 1764167427268.455566 1764167427268 1764167427275
70293 2021889214 1764167427301.797119 1764167427302 1764167427309
70294 2021922558 1764167427335.138916 1764167427334 1764167427342
70295 2021955902 1764167427368.480713 1764167427368 1764167427375
70296 2021989246 1764167427401.822266 1764167427402 1764167427409
70297 2022022590 1764167427435.163818 1764167427434 1764167427442
70298 2022055934 1764167427468.507080 1764167427468 1764167427475
70299 2022089278 1764167427501.850342 1764167427502 1764167427509
70300 2022122622 1764167427535.193604 1764167427535 1764167427542
70301 2022155966 1764167427568.536865 1764167427568 1764167427575
70302 2022189310 1764167427601.879883 1764167427602 1764167427609
70303 2022222653 1764167427635.222168 1764167427635 1764167427642
70304 2022255997 1764167427668.565186 1764167427668 1764167427675
70305 2022289341 1764167427701.908447 1764167427702 1764167427709
70306 2022322685 1764167427735.251465 1764167427735 1764167427742
70307 2022356029 1764167427768.594482 1764167427768 1764167427775
70308 2022389373 1764167427801.937500 1764167427802 1764167427809
70309 2022422717 1764167427835.280518 1764167427835 1764167427842
70310 2022456061 1764167427868.623535 1764167427869 1764167427876
70311 2022489405 1764167427901.966309 1764167427901 1764167427909
70312 2022522749 1764167427935.309326 1764167427935 1764167427942
70313 2022556093 1764167427968.652100 1764167427969 1764167427976
70314 2022589437 1764167428001.995117 1764167428001 1764167428009
70315 2022622781 1764167428035.337891 1764167428035 1764167428042
70316 2022656124 1764167428068.679688 1764167428069 1764167428076
70317 2022689468 1764167428102.022461 1764167428101 1764167428109
70318 2022722812 1764167428135.365234 1764167428135 1764167428142
70319 2022756156 1764167428168.708008 1764167428169 1764167428176
70320 2022789500 1764167428202.050781 1764167428201 1764167428209
70321 2022822844 1764167428235.393311 1764167428235 1764167428242
70322 2022856188 1764167428268.736084 1764167428269 1764167428276
70323 2022889532 1764167428302.078857 1764167428301 1764167428309
70324 2022922876 1764167428335.421387 1764167428335 1764167428342
70325 2022956220 1764167428368.763916 1764167428368 1764167428376
70326 2022989564 1764167428402.106445 1764167428402 1764167428409
70327 2023022908 1764167428435.449219 1764167428435 1764167428442
70328 2023056252 1764167428468.794678 1764167428469 1764167428476
70329 2023089595 1764167428502.136963 1764167428502 1764167428509
70330 2023122939 1764167428535.479980 1764167428535 1764167428542
70331 2023156283 1764167428568.823242 1764167428569 1764167428576
70332 2023189627 1764167428602.166504 1764167428602 1764167428609
70333 2023222971 1764167428635.509766 1764167428636 1764167428643
70334 2023256315 1764167428668.852783 1764167428668 1764167428676
70335 2023289659 1764167428702.195801 1764167428702 1764167428709
70336 2023323003 1764167428735.539062 1764167428736 1764167428743
70337 2023356347 1764167428768.882080 1764167428768 1764167428776
70338 2023389691 1764167428802.225098 1764167428802 1764167428809
70339 2023423035 1764167428835.568115 1764167428836 1764167428843
70340 2023456379 1764167428868.911133 1764167428868 1764167428876
70341 2023489723 1764167428902.254150 1764167428902 1764167428909
70342 2023523067 1764167428935.596924 1764167428936 1764167428943
70343 2023556410 1764167428968.938965 1764167428968 1764167428978
70344 2023589754 1764167429002.281738 1764167429002 1764167429009
70345 2023623098 1764167429035.624756 1764167429036 1764167429043
70346 2023656442 1764167429068.967529 1764167429068 1764167429076
70347 2023689786 1764167429102.310303 1764167429102 1764167429109
70348 2023723130 1764167429135.653076 1764167429135 1764167429143
70349 2023756474 1764167429168.995850 1764167429169 1764167429176
70350 2023789818 1764167429202.338623 1764167429202 1764167429209
70351 2023823162 1764167429235.681396 1764167429236 1764167429243
70352 2023856506 1764167429269.023926 1764167429270 1764167429277
70353 2023889850 1764167429302.366699 1764167429302 1764167429309
70354 2023923194 1764167429335.709229 1764167429336 1764167429343
70355 2023956538 1764167429369.052002 1764167429369 1764167429376
70356 2023989881 1764167429402.393555 1764167429402 1764167429410
70357 2024023225 1764167429435.736084 1764167429436 1764167429443
70358 2024056569 1764167429469.078613 1764167429469 1764167429476
70359 2024089913 1764167429502.453613 1764167429503 1764167429510
70360 2024123257 1764167429535.828613 1764167429536 1764167429543
70361 2024156601 1764167429569.203857 1764167429569 1764167429577
70362 2024189945 1764167429602.579346 1764167429603 1764167429610
70363 2024223289 1764167429635.955078 1764167429635 1764167429643
70364 2024256633 1764167429669.330811 1764167429669 1764167429676
70365 2024289977 1764167429702.706787 1764167429703 1764167429710
70366 2024323321 1764167429736.083008 1764167429735 1764167429743
70367 2024356665 1764167429769.459229 1764167429769 1764167429776
70368 2024390009 1764167429802.835693 1764167429803 1764167429810
70369 2024423352 1764167429836.211426 1764167429835 1764167429843
70370 2024456696 1764167429869.588379 1764167429869 1764167429876
70371 2024490040 1764167429902.965332 1764167429903 1764167429910
70372 2024523384 1764167429936.342773 1764167429935 1764167429943
70373 2024556728 1764167429969.720215 1764167429969 1764167429976
70374 2024590072 1764167430003.097656 1764167430003 1764167430010
70375 2024623416 1764167430036.475586 1764167430036 1764167430043
70376 2024656760 1764167430069.853516 1764167430069 1764167430076
70377 2024690104 1764167430103.231445 1764167430102 1764167430110
70378 2024723448 1764167430136.609863 1764167430136 1764167430143
70379 2024756792 1764167430169.988281 1764167430169 1764167430176
70380 2024790136 1764167430203.366943 1764167430203 1764167430210
70381 2024823480 1764167430236.745850 1764167430236 1764167430243
70382 2024856824 1764167430270.125000 1764167430270 1764167430277
70383 2024890167 1764167430303.503174 1764167430303 1764167430310
70384 2024923511 1764167430336.882568 1764167430336 1764167430343
70385 2024956855 1764167430370.262207 1764167430370 1764167430377
70386 2024990199 1764167430403.641846 1764167430402 1764167430410
70387 2025023543 1764167430437.021729 1764167430436 1764167430443
70388 2025056887 1764167430470.401611 1764167430470 1764167430477
70389 2025090231 1764167430503.744873 1764167430502 1764167430510
70390 2025123575 1764167430537.088135 1764167430536 1764167430543
70391 2025156919 1764167430570.431152 1764167430570 1764167430577
70392 2025190263 1764167430603.774414 1764167430602 1764167430610
70393 2025223607 1764167430637.117676 1764167430636 1764167430643
70394 2025256951 1764167430670.460693 1764167430670 1764167430677
70395 2025290295 1764167430703.803955 1764167430702 1764167430710
70396 2025323638 1764167430737.146240 1764167430736 1764167430746
70397 2025356982 1764167430770.489258 1764167430770 1764167430777
70398 2025390326 1764167430803.832275 1764167430803 1764167430810
70399 2025423670 1764167430837.175537 1764167430836 1764167430843
70400 2025457014 1764167430870.518555 1764167430870 1764167430877
70401 2025490358 1764167430903.861816 1764167430903 1764167430910
70402 2025523702 1764167430937.204834 1764167430936 1764167430943
70403 2025557046 1764167430970.547852 1764167430970 1764167430977
70404 2025590390 1764167431003.890869 1764167431003 1764167431010
70405 2025623734 1764167431037.233887 1764167431036 1764167431046
70406 2025657078 1764167431070.576904 1764167431070 1764167431077
70407 2025690422 1764167431103.919922 1764167431103 1764167431110
70408 2025723766 1764167431137.262939 1764167431137 1764167431144
70409 2025757109 1764167431170.604980 1764167431169 1764167431177
70410 2025790453 1764167431203.947998 1764167431203 1764167431210
70411 2025823797 1764167431237.291016 1764167431237 1764167431244
70412 2025857141 1764167431270.633789 1764167431269 1764167431277
70413 2025890485 1764167431303.976807 1764167431303 1764167431310
70414 2025923829 1764167431337.319824 1764167431337 1764167431344
70415 2025957173 1764167431370.662598 1764167431369 1764167431377
70416 2025990517 1764167431404.005615 1764167431403 1764167431410
70417 2026023861 1764167431437.348389 1764167431437 1764167431444
70418 2026057205 1764167431470.691406 1764167431469 1764167431477
70419 2026090549 1764167431504.032959 1764167431503 1764167431510
70420 2026123893 1764167431537.374512 1764167431537 1764167431544
70421 2026157237 1764167431570.716064 1764167431570 1764167431577
70422 2026190581 1764167431604.057373 1764167431603 1764167431610
70423 2026223924 1764167431637.397949 1764167431637 1764167431644
70424 2026257268 1764167431670.739258 1764167431670 1764167431677
70425 2026290612 1764167431704.080566 1764167431703 1764167431710
70426 2026323956 1764167431737.421875 1764167431737 1764167431744
70427 2026357300 1764167431770.762939 1764167431770 1764167431777
70428 2026390644 1764167431804.104248 1764167431803 1764167431810
70429 2026423988 1764167431837.445312 1764167431837 1764167431844
70430 2026457332 1764167431870.786621 1764167431870 1764167431877
70431 2026490676 1764167431904.127686 1764167431904 1764167431911
70432 2026524020 1764167431937.468750 1764167431937 1764167431944
70433 2026557364 1764167431970.809570 1764167431970 1764167431977
70434 2026590708 1764167432004.150635 1764167432004 1764167432011
70435 2026624052 1764167432037.491455 1764167432036 1764167432044
70436 2026657395 1764167432070.831543 1764167432070 1764167432077
70437 2026690739 1764167432104.172363 1764167432104 1764167432111
70438 2026724083 1764167432137.513184 1764167432136 1764167432144
70439 2026757427 1764167432170.854004 1764167432170 1764167432177
70440 2026790771 1764167432204.194580 1764167432204 1764167432211
70441 2026824115 1764167432237.535400 1764167432236 1764167432244
70442 2026857459 1764167432270.875977 1764167432270 1764167432277
70443 2026890803 1764167432304.216553 1764167432304 1764167432311
70444 2026924147 1764167432337.557129 1764167432337 1764167432345
70445 2026957491 1764167432370.897705 1764167432370 1764167432377
70446 2026990835 1764167432404.238037 1764167432404 1764167432411
70447 2027024179 1764167432437.578613 1764167432437 1764167432444
70448 2027057523 1764167432470.918945 1764167432470 1764167432477
70449 2027090866 1764167432504.260010 1764167432504 1764167432511
70450 2027124210 1764167432537.601807 1764167432537 1764167432544
70451 2027157554 1764167432570.943848 1764167432570 1764167432577
70452 2027190898 1764167432604.285645 1764167432604 1764167432611
70453 2027224242 1764167432637.627441 1764167432637 1764167432644
70454 2027257586 1764167432670.968994 1764167432670 1764167432677
70455 2027290930 1764167432704.310791 1764167432703 1764167432711
70456 2027324274 1764167432737.652588 1764167432737 1764167432744
70457 2027357618 1764167432770.994141 1764167432771 1764167432778
70458 2027390962 1764167432804.335693 1764167432803 1764167432811
70459 2027424306 1764167432837.677246 1764167432837 1764167432844
70460 2027457650 1764167432871.018799 1764167432871 1764167432878
70461 2027490994 1764167432904.360352 1764167432903 1764167432911
70462 2027524338 1764167432937.701904 1764167432937 1764167432944
70463 2027557681 1764167432971.042236 1764167432971 1764167432978
70464 2027591025 1764167433004.383789 1764167433003 1764167433011
70465 2027624369 1764167433037.725098 1764167433037 1764167433044
70466 2027657713 1764167433071.066406 1764167433071 1764167433078
70467 2027691057 1764167433104.407715 1764167433103 1764167433111
70468 2027724401 1764167433137.749023 1764167433137 1764167433144
70469 2027757745 1764167433171.090088 1764167433171 1764167433178
70470 2027791089 1764167433204.431396 1764167433203 1764167433211
70471 2027824433 1764167433237.772461 1764167433237 1764167433244
70472 2027857777 1764167433271.113525 1764167433271 1764167433278
70473 2027891121 1764167433304.454590 1764167433304 1764167433311
70474 2027924465 1764167433337.795654 1764167433338 1764167433345
70475 2027957809 1764167433371.136719 1764167433371 1764167433378
70476 2027991152 1764167433404.476807 1764167433404 1764167433411
70477 2028024496 1764167433437.817627 1764167433437 1764167433444
70478 2028057840 1764167433471.158691 1764167433471 1764167433478
70479 2028091184 1764167433504.500977 1764167433504 1764167433511
70480 2028124528 1764167433537.843018 1764167433538 1764167433545
70481 2028157872 1764167433571.185303 1764167433571 1764167433578
70482 2028191216 1764167433604.527344 1764167433604 1764167433611
70483 2028224560 1764167433637.869385 1764167433638 1764167433645
70484 2028257904 1764167433671.211426 1764167433670 1764167433678
70485 2028291248 1764167433704.553467 1764167433704 1764167433711
70486 2028324592 1764167433737.895508 1764167433738 1764167433745
70487 2028357936 1764167433771.237305 1764167433770 1764167433778
70488 2028391280 1764167433804.579346 1764167433804 1764167433811
70489 2028424623 1764167433837.920166 1764167433838 1764167433845
70490 2028457967 1764167433871.261963 1764167433870 1764167433878
70491 2028491311 1764167433904.603760 1764167433904 1764167433911
70492 2028524655 1764167433937.945557 1764167433938 1764167433945
70493 2028557999 1764167433971.287354 1764167433970 1764167433978
70494 2028591343 1764167434004.629150 1764167434004 1764167434011
70495 2028624687 1764167434037.970703 1764167434038 1764167434045
70496 2028658031 1764167434071.312500 1764167434071 1764167434078
70497 2028691375 1764167434104.654053 1764167434104 1764167434111
70498 2028724719 1764167434137.995605 1764167434138 1764167434145
70499 2028758063 1764167434171.337158 1764167434171 1764167434178
70500 2028791407 1764167434204.678711 1764167434204 1764167434211
70501 2028824751 1764167434238.020020 1764167434238 1764167434245
70502 2028858095 1764167434271.361572 1764167434271 1764167434278
70503 2028891438 1764167434304.701904 1764167434304 1764167434311
70504 2028924782 1764167434338.043213 1764167434338 1764167434345
70505 2028958126 1764167434371.384766 1764167434371 1764167434378
70506 2028991470 1764167434404.726074 1764167434405 1764167434412
70507 2029024814 1764167434438.067139 1764167434438 1764167434445
70508 2029058158 1764167434471.408447 1764167434471 1764167434478
70509 2029091502 1764167434504.751465 1764167434505 1764167434512
70510 2029124846 1764167434538.094238 1764167434537 1764167434545
70511 2029158190 1764167434571.437012 1764167434571 1764167434578
70512 2029191534 1764167434604.779785 1764167434605 1764167434612
70513 2029224878 1764167434638.122803 1764167434637 1764167434645
70514 2029258222 1764167434671.465332 1764167434671 1764167434678
70515 2029291566 1764167434704.808105 1764167434705 1764167434712
70516 2029324909 1764167434738.149902 1764167434737 1764167434745
70517 2029358253 1764167434771.492432 1764167434771 1764167434778
70518 2029391597 1764167434804.835205 1764167434805 1764167434812
70519 2029424941 1764167434838.177734 1764167434837 1764167434845
70520 2029458285 1764167434871.520264 1764167434871 1764167434878
70521 2029491629 1764167434904.863037 1764167434905 1764167434912
70522 2029524973 1764167434938.205566 1764167434938 1764167434945
70523 2029558317 1764167434971.548096 1764167434971 1764167434978
70524 2029591661 1764167435004.890381 1764167435005 1764167435012
70525 2029625005 1764167435038.232910 1764167435038 1764167435045
70526 2029658349 1764167435071.575439 1764167435071 1764167435078
70527 2029691693 1764167435104.917725 1764167435105 1764167435112
70528 2029725037 1764167435138.260010 1764167435138 1764167435145
70529 2029758380 1764167435171.601562 1764167435171 1764167435178
70530 2029791724 1764167435204.943848 1764167435204 1764167435212
70531 2029825068 1764167435238.286133 1764167435238 1764167435245
70532 2029858412 1764167435271.628418 1764167435272 1764167435279
70533 2029891756 1764167435304.970459 1764167435304 1764167435312
70534 2029925100 1764167435338.312744 1764167435338 1764167435345
70535 2029958444 1764167435371.655029 1764167435372 1764167435379
70536 2029991788 1764167435404.997070 1764167435404 1764167435412
70537 2030025132 1764167435438.339111 1764167435438 1764167435445
70538 2030058476 1764167435471.681396 1764167435472 1764167435479
70539 2030091820 1764167435505.023926 1764167435504 1764167435512
70540 2030125164 1764167435538.366699 1764167435538 1764167435545
70541 2030158508 1764167435571.709229 1764167435572 1764167435579
70542 2030191852 1764167435605.051758 1764167435604 1764167435612
70543 2030225195 1764167435638.393555 1764167435638 1764167435645
70544 2030258539 1764167435671.736084 1764167435671 1764167435681
70545 2030291883 1764167435705.078369 1764167435705 1764167435712
70546 2030325227 1764167435738.420898 1764167435738 1764167435745
70547 2030358571 1764167435771.763428 1764167435772 1764167435779
70548 2030391915 1764167435805.105713 1764167435805 1764167435812
70549 2030425259 1764167435838.448242 1764167435838 1764167435845
70550 2030458603 1764167435871.790527 1764167435872 1764167435879
70551 2030491947 1764167435905.132812 1764167435905 1764167435912
70552 2030525291 1764167435938.475098 1764167435938 1764167435945
70553 2030558635 1764167435971.817383 1764167435972 1764167435979
70554 2030591979 1764167436005.159668 1764167436005 1764167436012
70555 2030625323 1764167436038.501953 1764167436039 1764167436046
70556 2030658666 1764167436071.843018 1764167436072 1764167436079
70557 2030692010 1764167436105.185303 1764167436105 1764167436112
70558 2030725354 1764167436138.527344 1764167436139 1764167436146
70559 2030758698 1764167436171.869385 1764167436171 1764167436179
70560 2030792042 1764167436205.211426 1764167436205 1764167436212
70561 2030825386 1764167436238.553467 1764167436239 1764167436246
70562 2030858730 1764167436271.895508 1764167436271 1764167436279
70563 2030892074 1764167436305.237549 1764167436305 1764167436312
70564 2030925418 1764167436338.579346 1764167436339 1764167436346
70565 2030958762 1764167436371.921387 1764167436371 1764167436379
70566 2030992106 1764167436405.263184 1764167436405 1764167436412
70567 2031025450 1764167436438.604980 1764167436439 1764167436446
70568 2031058794 1764167436471.947021 1764167436472 1764167436479
70569 2031092137 1764167436505.298584 1764167436505 1764167436512
70570 2031125481 1764167436538.651123 1764167436539 1764167436546
70571 2031158825 1764167436572.003906 1764167436572 1764167436579
70572 2031192169 1764167436605.356934 1764167436605 1764167436612
70573 2031225513 1764167436638.709961 1764167436639 1764167436646
70574 2031258857 1764167436672.062988 1764167436672 1764167436679
70575 2031292201 1764167436705.416016 1764167436705 1764167436712
70576 2031325545 1764167436738.769531 1764167436739 1764167436746
70577 2031358889 1764167436772.122803 1764167436772 1764167436779
70578 2031392233 1764167436805.476318 1764167436805 1764167436813
70579 2031425577 1764167436838.829834 1764167436839 1764167436846
70580 2031458921 1764167436872.183594 1764167436872 1764167436879
70581 2031492265 1764167436905.537354 1764167436906 1764167436913
70582 2031525609 1764167436938.891357 1764167436938 1764167436946
70583 2031558952 1764167436972.244141 1764167436972 1764167436979
70584 2031592296 1764167437005.598389 1764167437006 1764167437013
70585 2031625640 1764167437038.952393 1764167437038 1764167437046
70586 2031658984 1764167437072.306885 1764167437072 1764167437079
70587 2031692328 1764167437105.661133 1764167437106 1764167437113
70588 2031725672 1764167437139.015625 1764167437138 1764167437146
70589 2031759016 1764167437172.370361 1764167437172 1764167437179
70590 2031792360 1764167437205.724854 1764167437206 1764167437213
70591 2031825704 1764167437239.079834 1764167437238 1764167437246
70592 2031859048 1764167437272.434570 1764167437272 1764167437279
70593 2031892392 1764167437305.789551 1764167437306 1764167437313
70594 2031925736 1764167437339.144775 1764167437338 1764167437346
70595 2031959080 1764167437372.500000 1764167437372 1764167437379
70596 2031992423 1764167437405.854248 1764167437406 1764167437413
70597 2032025767 1764167437439.209473 1764167437439 1764167437446
70598 2032059111 1764167437472.564941 1764167437472 1764167437479
70599 2032092455 1764167437505.909912 1764167437506 1764167437513
70600 2032125799 1764167437539.255127 1764167437539 1764167437546
70601 2032159143 1764167437572.600098 1764167437572 1764167437579
70602 2032192487 1764167437605.945068 1764167437606 1764167437613
70603 2032225831 1764167437639.290039 1764167437639 1764167437646
70604 2032259175 1764167437672.635010 1764167437673 1764167437680
70605 2032292519 1764167437705.979980 1764167437706 1764167437713
70606 2032325863 1764167437739.324951 1764167437739 1764167437746
70607 2032359207 1764167437772.669922 1764167437773 1764167437780
70608 2032392551 1764167437806.014893 1764167437805 1764167437813
70609 2032425894 1764167437839.358887 1764167437839 1764167437846
70610 2032459238 1764167437872.703857 1764167437873 1764167437880
70611 2032492582 1764167437906.048584 1764167437906 1764167437916
70612 2032525926 1764167437939.393555 1764167437939 1764167437946
70613 2032559270 1764167437972.738525 1764167437973 1764167437980
70614 2032592614 1764167438006.083252 1764167438005 1764167438013
70615 2032625958 1764167438039.428223 1764167438039 1764167438046
70616 2032659302 1764167438072.773193 1764167438073 1764167438080
70617 2032692646 1764167438106.117920 1764167438105 1764167438113
70618 2032725990 1764167438139.462891 1764167438139 1764167438146
70619 2032759334 1764167438172.807617 1764167438173 1764167438180
70620 2032792678 1764167438206.152344 1764167438206 1764167438213
70621 2032826022 1764167438239.497314 1764167438239 1764167438246
70622 2032859366 1764167438272.842041 1764167438273 1764167438280
70623 2032892709 1764167438306.185791 1764167438306 1764167438313
70624 2032926053 1764167438339.530762 1764167438339 1764167438346
70625 2032959397 1764167438372.875488 1764167438373 1764167438380
70626 2032992741 1764167438406.220215 1764167438406 1764167438413
70627 2033026085 1764167438439.564941 1764167438439 1764167438446
70628 2033059429 1764167438472.909668 1764167438473 1764167438480
70629 2033092773 1764167438506.260010 1764167438506 1764167438513
70630 2033126117 1764167438539.610352 1764167438540 1764167438547
70631 2033159461 1764167438572.960938 1764167438572 1764167438580
70632 2033192805 1764167438606.311279 1764167438606 1764167438613
70633 2033226149 1764167438639.661621 1764167438640 1764167438647
70634 2033259493 1764167438673.012207 1764167438672 1764167438680
70635 2033292837 1764167438706.362549 1764167438706 1764167438713
70636 2033326180 1764167438739.712158 1764167438740 1764167438747
70637 2033359524 1764167438773.062744 1764167438772 1764167438780
70638 2033392868 1764167438806.413086 1764167438806 1764167438813
70639 2033426212 1764167438839.763672 1764167438840 1764167438848
70640 2033459556 1764167438873.114258 1764167438872 1764167438880
70641 2033492900 1764167438906.464844 1764167438906 1764167438913
70642 2033526244 1764167438939.815430 1764167438940 1764167438947
70643 2033559588 1764167438973.166260 1764167438972 1764167438980
70644 2033592932 1764167439006.516846 1764167439006 1764167439013
70645 2033626276 1764167439039.867432 1764167439040 1764167439047
70646 2033659620 1764167439073.218262 1764167439073 1764167439080
70647 2033692964 1764167439106.568848 1764167439106 1764167439113
70648 2033726308 1764167439139.919678 1764167439140 1764167439147
70649 2033759651 1764167439173.269531 1764167439173 1764167439180
70650 2033792995 1764167439206.620117 1764167439206 1764167439213
70651 2033826339 1764167439239.970947 1764167439240 1764167439247
70652 2033859683 1764167439273.321777 1764167439273 1764167439280
70653 2033893027 1764167439306.672607 1764167439307 1764167439314
70654 2033926371 1764167439340.023438 1764167439340 1764167439347
70655 2033959715 1764167439373.374512 1764167439373 1764167439380
70656 2033993059 1764167439406.725342 1764167439407 1764167439414
70657 2034026403 1764167439440.076172 1764167439439 1764167439447
70658 2034059747 1764167439473.427246 1764167439473 1764167439480
70659 2034093091 1764167439506.770752 1764167439507 1764167439514
