1764167771725328512 80604
1764167771759862272 80605
1764167771787366624 80606
1764167771824168224 80607
1764167771857649504 80608
1764167771892082368 80609
1764167771937845280 80610
1764167771971115648 80611
1764167771990201632 80612
1764167772020317248 80613
1764167772055553056 80614
1764167772090356224 80615
1764167772125235296 80616
1764167772154047648 80617
1764167772188559520 80618
1764167772226513888 80619
1764167772255444992 80620
1764167772291373120 80621
1764167772322911456 80622
1764167772358972448 80623
1764167772393448448 80624
1764167772420706112 80625
1764167772472628736 80626
1764167772492154272 80627
1764167772528323040 80628
1764167772555416128 80629
1764167772591050944 80630
1764167772624814624 80631
1764167772659374720 80632
1764167772687606272 80633
1764167772722026816 80634
1764167772757838464 80635
1764167772793289408 80636
1764167772826083808 80637
1764167772853398304 80638
1764167772889005312 80639
1764167772923369984 80640
1764167772970643008 80641
1764167772991671808 80642
1764167773020047840 80643
1764167773056311488 80644
1764167773092054848 80645
1764167773125961856 80646
1764167773174103904 80647
1764167773193364288 80648
1764167773223949664 80649
1764167773257773344 80650
1764167773291099744 80651
1764167773320384000 80652
1764167773358439360 80653
1764167773390612544 80654
1764167773425121152 80655
1764167773459545312 80656
1764167773488919328 80657
1764167773523112960 80658
1764167773558812960 80659
1764167773591589984 80660
1764167773620174592 80661
1764167773656131360 80662
1764167773691966304 80663
1764167773725383456 80664
1764167773753539104 80665
1764167773793726848 80666
1764167773829803968 80667
1764167773861533792 80668
1764167773889547392 80669
1764167773924259392 80670
1764167773955971424 80671
1764167774003404096 80672
1764167774023373184 80673
1764167774055406624 80674
1764167774089666208 80675
1764167774124791744 80676
1764167774153599776 80677
1764167774190743424 80678
1764167774227239776 80679
1764167774256757248 80680
1764167774287442272 80681
1764167774324952864 80682
1764167774358947456 80683
1764167774393489568 80684
1764167774425561536 80685
1764167774457845568 80686
1764167774486459264 80687
1764167774522671392 80688
1764167774557979296 80689
1764167774591411552 80690
1764167774627777984 80691
1764167774654046080 80692
1764167774691054976 80693
1764167774725228448 80694
1764167774752963552 80695
1764167774794218880 80696
1764167774820373216 80697
1764167774856085984 80698
1764167774890948192 80699
1764167774930474176 80700
1764167774958881824 80701
1764167774986748288 80702
1764167775025695712 80703
1764167775053705536 80704
1764167775088485280 80705
1764167775123854720 80706
1764167775159733920 80707
1764167775186064256 80708
1764167775221228736 80709
1764167775256005024 80710
1764167775291850208 80711
1764167775319859776 80712
1764167775355076896 80713
1764167775393373088 80714
1764167775431461088 80715
1764167775456356960 80716
1764167775490026176 80717
1764167775526794784 80718
1764167775555125216 80719
1764167775595124576 80720
1764167775623235744 80721
1764167775661215648 80722
1764167775687764000 80723
1764167775735794656 80724
1764167775757212480 80725
1764167775794320096 80726
1764167775820321248 80727
1764167775855205184 80728
1764167775894981440 80729
1764167775920576608 80730
1764167775955889088 80731
1764167775991833792 80732
1764167776026713184 80733
1764167776059470848 80734
1764167776095186880 80735
1764167776128568768 80736
1764167776162785984 80737
1764167776190728256 80738
1764167776224739616 80739
1764167776263096512 80740
1764167776289401024 80741
1764167776323850720 80742
1764167776359006496 80743
1764167776393752544 80744
1764167776420129824 80745
1764167776455068992 80746
1764167776490970752 80747
1764167776522934688 80748
1764167776558901856 80749
1764167776587154848 80750
1764167776622803168 80751
1764167776661990912 80752
1764167776687983232 80753
1764167776725611776 80754
1764167776758421504 80755
1764167776792602912 80756
1764167776830524960 80757
1764167776857881376 80758
1764167776901144384 80759
1764167776924236672 80760
1764167776952482528 80761
1764167776988015552 80762
1764167777026303392 80763
1764167777063125376 80764
1764167777088896224 80765
1764167777125892576 80766
1764167777159180832 80767
1764167777187761536 80768
1764167777223464448 80769
1764167777258166368 80770
1764167777291950688 80771
1764167777331408064 80772
1764167777361583040 80773
1764167777388457056 80774
1764167777426288736 80775
1764167777460055072 80776
1764167777487779584 80777
1764167777523518048 80778
1764167777557888032 80779
1764167777592006880 80780
1764167777620288672 80781
1764167777656123328 80782
1764167777691607232 80783
1764167777720649408 80784
1764167777755228128 80785
1764167777792541888 80786
1764167777821900032 80787
1764167777858457280 80788
1764167777886888000 80789
1764167777928067200 80790
1764167777960197376 80791
1764167777986260416 80792
1764167778022447904 80793
1764167778061485248 80794
1764167778098626080 80795
1764167778125807040 80796
1764167778153457760 80797
1764167778188370656 80798
1764167778224075488 80799
1764167778254366848 80800
1764167778295741056 80801
1764167778333147648 80802
1764167778357964736 80803
1764167778400914144 80804
1764167778423744832 80805
1764167778452942688 80806
1764167778487246176 80807
1764167778521750688 80808
1764167778557957472 80809
1764167778593149280 80810
1764167778620952064 80811
1764167778655030464 80812
1764167778694825088 80813
1764167778721769408 80814
1764167778756483392 80815
1764167778788076032 80816
1764167778825131712 80817
1764167778867401280 80818
1764167778901438624 80819
1764167778927637952 80820
1764167778972816416 80821
1764167779021787968 80822
1764167779047853152 80823
1764167779075950080 80824
1764167779102162752 80825
1764167779125890112 80826
1764167779156030624 80827
1764167779191407648 80828
1764167779226441568 80829
1764167779258974688 80830
1764167779291854528 80831
1764167779328424544 80832
1764167779354322624 80833
1764167779388657888 80834
1764167779423251104 80835
1764167779457819392 80836
1764167779493363168 80837
1764167779527921632 80838
1764167779554049888 80839
1764167779589160864 80840
1764167779623409376 80841
1764167779658120672 80842
1764167779686578336 80843
1764167779723743456 80844
1764167779757925248 80845
1764167779794929440 80846
1764167779821550336 80847
1764167779859215520 80848
1764167779892497536 80849
1764167779920248608 80850
1764167779956072800 80851
1764167779991450176 80852
1764167780020378944 80853
1764167780054866144 80854
1764167780091490752 80855
1764167780125626880 80856
1764167780156563872 80857
1764167780191748416 80858
1764167780225455840 80859
1764167780259357568 80860
1764167780294448672 80861
1764167780322612096 80862
1764167780357178752 80863
1764167780395455040 80864
1764167780433289664 80865
1764167780458097504 80866
1764167780486209120 80867
1764167780528961280 80868
1764167780567308736 80869
1764167780591818688 80870
1764167780624730592 80871
1764167780659436128 80872
1764167780687162944 80873
1764167780722786432 80874
1764167780761438624 80875
1764167780788431360 80876
1764167780822890272 80877
1764167780859799424 80878
1764167780897909600 80879
1764167780924919744 80880
1764167780958697920 80881
1764167780994459520 80882
1764167781022986528 80883
1764167781057769120 80884
1764167781099742592 80885
1764167781124808064 80886
1764167781159635776 80887
1764167781187804288 80888
1764167781223523264 80889
1764167781259509504 80890
1764167781292506208 80891
1764167781326028512 80892
1764167781358492064 80893
1764167781395705120 80894
1764167781436169120 80895
1764167781469201920 80896
1764167781491560032 80897
1764167781525026080 80898
1764167781561895904 80899
1764167781587460960 80900
1764167781622157184 80901
1764167781659010976 80902
1764167781695379712 80903
1764167781723122656 80904
1764167781758986912 80905
1764167781796935808 80906
1764167781824823520 80907
1764167781859237664 80908
1764167781892727616 80909
1764167781926489600 80910
1764167781953935680 80911
1764167781988673600 80912
1764167782024317920 80913
1764167782063281472 80914
1764167782099313312 80915
1764167782124979872 80916
1764167782175351104 80917
1764167782197493792 80918
1764167782226154592 80919
1764167782266589696 80920
1764167782298038592 80921
1764167782325782752 80922
1764167782355735776 80923
1764167782390707712 80924
1764167782434406048 80925
1764167782457985536 80926
1764167782494450240 80927
1764167782520447104 80928
1764167782555819104 80929
1764167782591275200 80930
1764167782626728672 80931
1764167782653541920 80932
1764167782689935584 80933
1764167782726414560 80934
1764167782755173280 80935
1764167782790649664 80936
1764167782825658720 80937
1764167782854846656 80938
1764167782895427008 80939
1764167782921942272 80940
1764167782955199840 80941
1764167782996606016 80942
1764167783027907680 80943
1764167783056507040 80944
1764167783090808384 80945
1764167783129903520 80946
1764167783154492416 80947
1764167783189119008 80948
1764167783229405088 80949
1764167783258257664 80950
1764167783293679872 80951
1764167783320889952 80952
1764167783356383808 80953
1764167783393763808 80954
1764167783441714656 80955
1764167783471901760 80956
1764167783502417760 80957
1764167783530958240 80958
1764167783558592064 80959
1764167783591101888 80960
1764167783627828000 80961
1764167783655236064 80962
1764167783703809952 80963
1764167783736966304 80964
1764167783760484640 80965
1764167783786416384 80966
1764167783820838784 80967
1764167783858473216 80968
1764167783888850080 80969
1764167783925241312 80970
1764167783960019232 80971
1764167783987197216 80972
1764167784023607392 80973
1764167784059161600 80974
1764167784097647968 80975
1764167784124832864 80976
1764167784160169952 80977
1764167784187000576 80978
1764167784228672256 80979
1764167784254483296 80980
1764167784290946272 80981
1764167784325869120 80982
1764167784353865600 80983
1764167784388294944 80984
1764167784426831424 80985
1764167784455191328 80986
1764167784489983712 80987
1764167784526094208 80988
1764167784554239328 80989
1764167784591393792 80990
1764167784621086656 80991
1764167784657442176 80992
1764167784703584320 80993
1764167784726137568 80994
1764167784773375680 80995
1764167784796145184 80996
1764167784826802912 80997
1764167784854114912 80998
1764167784890980896 80999
1764167784932116576 81000
1764167784967897952 81001
1764167785002648288 81002
1764167785034720576 81003
1764167785058471712 81004
1764167785094482336 81005
1764167785138215520 81006
1764167785158051904 81007
1764167785198024032 81008
1764167785224607680 81009
1764167785264496096 81010
1764167785291070176 81011
1764167785331197920 81012
1764167785358104480 81013
1764167785393367552 81014
1764167785427554144 81015
1764167785454782688 81016
1764167785492588096 81017
1764167785527488704 81018
1764167785554428768 81019
1764167785589299296 81020
1764167785625414592 81021
1764167785659429088 81022
1764167785687381920 81023
1764167785727605344 81024
1764167785756294944 81025
1764167785792497312 81026
1764167785820837888 81027
1764167785863775680 81028
1764167785892170784 81029
1764167785925962816 81030
1764167785959708672 81031
1764167785988521856 81032
1764167786027443008 81033
1764167786057822304 81034
1764167786091329088 81035
1764167786136692352 81036
1764167786161854656 81037
1764167786216864128 81038
1764167786236395584 81039
1764167786259100544 81040
1764167786291743136 81041
1764167786327463168 81042
1764167786359499584 81043
1764167786403734560 81044
1764167786425032928 81045
1764167786458731616 81046
1764167786488554112 81047
1764167786523523296 81048
1764167786562365600 81049
1764167786590314336 81050
1764167786631293664 81051
1764167786677156640 81052
1764167786698077312 81053
1764167786725004864 81054
1764167786759029504 81055
1764167786795466848 81056
1764167786828624800 81057
1764167786855020800 81058
1764167786896773024 81059
1764167786922010304 81060
1764167786960624448 81061
1764167786995847232 81062
1764167787028546624 81063
1764167787066633888 81064
1764167787102120896 81065
1764167787134206976 81066
1764167787165274240 81067
1764167787202951136 81068
1764167787225047904 81069
1764167787265331136 81070
1764167787291972576 81071
1764167787331702144 81072
1764167787358313696 81073
1764167787392048864 81074
1764167787427460512 81075
1764167787454546880 81076
1764167787498758912 81077
1764167787525166080 81078
1764167787559369696 81079
1764167787592309248 81080
1764167787625779040 81081
1764167787659055136 81082
1764167787688016064 81083
1764167787723578944 81084
1764167787759525472 81085
1764167787798966752 81086
1764167787840325408 81087
1764167787868875776 81088
1764167787897933184 81089
1764167787925375296 81090
1764167787957915232 81091
1764167787994945376 81092
1764167788032336096 81093
1764167788058834688 81094
1764167788098715584 81095
1764167788125048512 81096
1764167788159254464 81097
1764167788195356800 81098
1764167788221987808 81099
1764167788265694496 81100
1764167788292404896 81101
1764167788329834400 81102
1764167788360501632 81103
1764167788387780736 81104
1764167788427507264 81105
1764167788458455264 81106
1764167788492547872 81107
1764167788525883328 81108
1764167788559014816 81109
1764167788588068480 81110
1764167788632607744 81111
1764167788659505312 81112
1764167788695519968 81113
1764167788730232320 81114
1764167788755241408 81115
1764167788795209792 81116
1764167788821336896 81117
1764167788865261120 81118
1764167788892065440 81119
1764167788927201504 81120
1764167788954130368 81121
1764167788995568704 81122
1764167789026986112 81123
1764167789054088704 81124
1764167789091027232 81125
1764167789124815904 81126
1764167789160309760 81127
1764167789188194176 81128
1764167789226867744 81129
1764167789255598976 81130
1764167789290433920 81131
1764167789325428256 81132
1764167789359009024 81133
1764167789392374496 81134
1764167789427894464 81135
1764167789453803392 81136
1764167789491927520 81137
1764167789528788544 81138
1764167789555106208 81139
1764167789588984096 81140
1764167789631430432 81141
1764167789662008416 81142
1764167789690068768 81143
1764167789723438496 81144
1764167789758695776 81145
1764167789793468832 81146
1764167789821228224 81147
1764167789856940768 81148
1764167789890807712 81149
1764167789926249312 81150
1764167789955355264 81151
1764167789995610560 81152
1764167790023577248 81153
1764167790062689120 81154
1764167790094952928 81155
1764167790121414464 81156
1764167790155514464 81157
1764167790190420128 81158
1764167790229328320 81159
1764167790255215968 81160
1764167790290968256 81161
1764167790325676288 81162
1764167790359436288 81163
1764167790392019232 81164
1764167790433845632 81165
1764167790463900064 81166
1764167790508754432 81167
1764167790528253152 81168
1764167790555054720 81169
1764167790589048096 81170
1764167790627243520 81171
1764167790656041728 81172
1764167790690024032 81173
1764167790729193312 81174
1764167790755204416 81175
1764167790789315008 81176
1764167790823737024 81177
1764167790863451840 81178
1764167790897080768 81179
1764167790928001888 81180
1764167790953757920 81181
1764167790988114112 81182
1764167791023748224 81183
1764167791061486208 81184
1764167791088440832 81185
1764167791126466592 81186
1764167791155006624 81187
1764167791193976288 81188
1764167791222347520 81189
1764167791256720512 81190
1764167791297443520 81191
1764167791325429984 81192
1764167791382636032 81193
1764167791408288640 81194
1764167791430236512 81195
1764167791459622112 81196
1764167791492171712 81197
1764167791523690784 81198
1764167791565150304 81199
1764167791598098496 81200
1764167791645844000 81201
1764167791664769664 81202
1764167791715229664 81203
1764167791745852384 81204
1764167791779021920 81205
1764167791795383424 81206
1764167791829085856 81207
1764167791860966976 81208
1764167791894858720 81209
1764167791930456288 81210
1764167791963692736 81211
1764167791991513632 81212
1764167792034202880 81213
1764167792061053504 81214
1764167792088245952 81215
1764167792123156768 81216
1764167792158457920 81217
1764167792198216480 81218
1764167792246364416 81219
1764167792266377792 81220
1764167792306511200 81221
1764167792343944480 81222
1764167792369749568 81223
1764167792393586368 81224
1764167792421622688 81225
1764167792466467328 81226
1764167792492612128 81227
1764167792527019584 81228
1764167792560629216 81229
1764167792595517760 81230
1764167792621478464 81231
1764167792659067872 81232
1764167792695253408 81233
1764167792721635840 81234
1764167792758061504 81235
1764167792792312576 81236
1764167792826483392 81237
1764167792863286176 81238
1764167792888797504 81239
1764167792924456928 81240
1764167792959893984 81241
1764167792993150688 81242
1764167793025978624 81243
1764167793059801504 81244
1764167793094640960 81245
1764167793122571072 81246
1764167793163803520 81247
1764167793201214048 81248
1764167793225252576 81249
1764167793259310144 81250
1764167793295560192 81251
1764167793321378848 81252
1764167793356064544 81253
1764167793392448640 81254
1764167793426964288 81255
1764167793464879968 81256
1764167793492380544 81257
1764167793527173056 81258
1764167793557337504 81259
1764167793596283936 81260
1764167793621500640 81261
1764167793662448704 81262
1764167793694780960 81263
1764167793731740480 81264
1764167793759731936 81265
1764167793797080544 81266
1764167793822690176 81267
1764167793858313344 81268
1764167793889405312 81269
1764167793931786048 81270
1764167793969496000 81271
1764167793992677184 81272
1764167794028414816 81273
1764167794058562912 81274
1764167794101307616 81275
1764167794134367488 81276
1764167794160904832 81277
1764167794187992576 81278
1764167794224112480 81279
1764167794258827488 81280
1764167794293318752 81281
1764167794328443360 81282
1764167794354378080 81283
1764167794390578336 81284
1764167794425910592 81285
1764167794459603904 81286
1764167794501696448 81287
1764167794526255520 81288
1764167794568710720 81289
1764167794592797216 81290
1764167794626190912 81291
1764167794659974144 81292
1764167794693288416 81293
1764167794727540032 81294
1764167794758598112 81295
1764167794803300064 81296
1764167794826377952 81297
1764167794862903968 81298
1764167794896798176 81299
1764167794922348768 81300
1764167794957934272 81301
1764167794995748704 81302
1764167795022091360 81303
1764167795056618144 81304
1764167795091582112 81305
1764167795127509664 81306
1764167795155344544 81307
1764167795190106048 81308
1764167795225864160 81309
1764167795259158112 81310
1764167795294484736 81311
1764167795321651424 81312
1764167795357780992 81313
1764167795392842976 81314
1764167795426448512 81315
1764167795455461472 81316
1764167795489148704 81317
1764167795526480896 81318
1764167795562314688 81319
1764167795593086752 81320
1764167795625838528 81321
1764167795663755680 81322
1764167795689839264 81323
1764167795724726240 81324
1764167795766271808 81325
1764167795799440512 81326
1764167795835405120 81327
1764167795862424448 81328
1764167795890746880 81329
1764167795924820576 81330
1764167795965215744 81331
1764167796003174688 81332
1764167796025652640 81333
1764167796060355072 81334
1764167796095086752 81335
1764167796127105184 81336
1764167796160972640 81337
1764167796193032320 81338
1764167796226449824 81339
1764167796259208832 81340
1764167796292494720 81341
1764167796326570464 81342
1764167796361454624 81343
1764167796388512320 81344
1764167796423567392 81345
1764167796459218080 81346
1764167796498625184 81347
1764167796528430656 81348
1764167796557924736 81349
1764167796592830560 81350
1764167796624522272 81351
1764167796658975744 81352
1764167796692092384 81353
1764167796726144000 81354
1764167796759733088 81355
1764167796792973120 81356
1764167796826304896 81357
1764167796859292032 81358
1764167796892859488 81359
1764167796927251936 81360
1764167796968926176 81361
1764167796993554400 81362
1764167797026359808 81363
1764167797059550656 81364
1764167797093720672 81365
1764167797122204608 81366
1764167797158139488 81367
1764167797193134720 81368
1764167797228382592 81369
1764167797257272160 81370
1764167797292751136 81371
1764167797325759584 81372
1764167797359775232 81373
1764167797393710368 81374
1764167797427146528 81375
1764167797463436896 81376
1764167797491300512 81377
1764167797526460448 81378
1764167797560476384 81379
1764167797588909216 81380
1764167797623085952 81381
1764167797659380800 81382
1764167797692958048 81383
1764167797726100832 81384
1764167797760827904 81385
1764167797788302368 81386
1764167797824167168 81387
1764167797865746304 81388
1764167797896054496 81389
1764167797923488096 81390
1764167797957571456 81391
1764167797995384576 81392
1764167798022254144 81393
1764167798057860512 81394
1764167798095402720 81395
1764167798127778656 81396
1764167798155704064 81397
1764167798191321664 81398
1764167798226608480 81399
1764167798261196992 81400
1764167798288463840 81401
1764167798331520192 81402
1764167798375892416 81403
1764167798405234496 81404
1764167798436834848 81405
1764167798471909376 81406
1764167798500148736 81407
1764167798526517312 81408
1764167798559828896 81409
1764167798593804224 81410
1764167798622350624 81411
1764167798659662240 81412
1764167798692839296 81413
1764167798726747456 81414
1764167798760799488 81415
1764167798788901472 81416
1764167798824079008 81417
1764167798860149376 81418
1764167798891262496 81419
1764167798927717504 81420
1764167798955099328 81421
1764167798989778176 81422
1764167799027282720 81423
1764167799055165056 81424
1764167799090625024 81425
1764167799126145696 81426
1764167799154913312 81427
1764167799193864672 81428
1764167799228406336 81429
1764167799259817600 81430
1764167799290543136 81431
1764167799326453728 81432
1764167799360324768 81433
1764167799393543168 81434
1764167799426819104 81435
1764167799462478528 81436
1764167799488557824 81437
1764167799524296544 81438
1764167799558370016 81439
1764167799593468320 81440
1764167799627769664 81441
1764167799657031584 81442
1764167799694142944 81443
1764167799725641088 81444
1764167799760218368 81445
1764167799793925568 81446
1764167799821690144 81447
1764167799859330112 81448
1764167799893825120 81449
1764167799926234944 81450
1764167799955765760 81451
