109225 3679753450 1764164757891.983398 1764164757892 1764164757899
109226 3679786794 1764164757925.319824 1764164757925 1764164757932
109227 3679820138 1764164757958.656494 1764164757959 1764164757966
109228 3679853482 1764164757991.992920 1764164757992 1764164757999
109229 3679886826 1764164758025.329346 1764164758025 1764164758032
109230 3679920170 1764164758058.666016 1764164758059 1764164758066
109231 3679953513 1764164758092.001465 1764164758092 1764164758099
109232 3679986857 1764164758125.337891 1764164758125 1764164758132
109233 3680020201 1764164758158.674561 1764164758159 1764164758166
109234 3680053545 1764164758192.010986 1764164758192 1764164758199
109235 3680086889 1764164758225.347412 1764164758225 1764164758232
109236 3680120233 1764164758258.683838 1764164758259 1764164758266
109237 3680153577 1764164758292.020508 1764164758292 1764164758299
109238 3680186921 1764164758325.356934 1764164758325 1764164758332
109239 3680220265 1764164758358.693359 1764164758359 1764164758366
109240 3680253609 1764164758392.029785 1764164758392 1764164758399
109241 3680286953 1764164758425.366455 1764164758425 1764164758432
109242 3680320297 1764164758458.702881 1764164758459 1764164758466
109243 3680353641 1764164758492.039307 1764164758492 1764164758499
109244 3680386985 1764164758525.375732 1764164758525 1764164758532
109245 3680420328 1764164758558.711182 1764164758558 1764164758566
109246 3680453672 1764164758592.047607 1764164758592 1764164758599
109247 3680487016 1764164758625.384033 1764164758625 1764164758632
109248 3680520360 1764164758658.720459 1764164758659 1764164758666
109249 3680553704 1764164758692.056885 1764164758692 1764164758699
109250 3680587048 1764164758725.393311 1764164758725 1764164758732
109251 3680620392 1764164758758.729736 1764164758759 1764164758766
109252 3680653736 1764164758792.066162 1764164758792 1764164758799
109253 3680687080 1764164758825.402588 1764164758825 1764164758832
109254 3680720424 1764164758858.739014 1764164758859 1764164758866
109255 3680753768 1764164758892.075439 1764164758892 1764164758899
109256 3680787112 1764164758925.411865 1764164758925 1764164758932
109257 3680820456 1764164758958.748291 1764164758959 1764164758966
109258 3680853799 1764164758992.083496 1764164758992 1764164758999
109259 3680887143 1764164759025.419922 1764164759026 1764164759033
109260 3680920487 1764164759058.756348 1764164759059 1764164759066
109261 3680953831 1764164759092.092529 1764164759092 1764164759099
109262 3680987175 1764164759125.428955 1764164759126 1764164759133
109263 3681020519 1764164759158.765137 1764164759158 1764164759166
109264 3681053863 1764164759192.101562 1764164759192 1764164759199
109265 3681087207 1764164759225.437988 1764164759226 1764164759233
109266 3681120551 1764164759258.774170 1764164759258 1764164759266
109267 3681153895 1764164759292.110596 1764164759292 1764164759299
109268 3681187239 1764164759325.446777 1764164759326 1764164759333
109269 3681220583 1764164759358.783203 1764164759358 1764164759366
109270 3681253927 1764164759392.119385 1764164759392 1764164759399
109271 3681287270 1764164759425.454590 1764164759426 1764164759433
109272 3681320614 1764164759458.791016 1764164759458 1764164759466
109273 3681353958 1764164759492.127197 1764164759492 1764164759499
109274 3681387302 1764164759525.463623 1764164759526 1764164759533
109275 3681420646 1764164759558.799805 1764164759558 1764164759566
109276 3681453990 1764164759592.135986 1764164759592 1764164759599
109277 3681487334 1764164759625.472412 1764164759626 1764164759633
109278 3681520678 1764164759658.808594 1764164759658 1764164759666
109279 3681554022 1764164759692.144775 1764164759692 1764164759699
109280 3681587366 1764164759725.481201 1764164759726 1764164759733
109281 3681620710 1764164759758.817383 1764164759758 1764164759766
109282 3681654054 1764164759792.153564 1764164759792 1764164759799
109283 3681687398 1764164759825.489746 1764164759826 1764164759833
109284 3681720742 1764164759858.826172 1764164759858 1764164759866
109285 3681754085 1764164759892.161377 1764164759892 1764164759899
109286 3681787429 1764164759925.498779 1764164759926 1764164759933
109287 3681820773 1764164759958.836182 1764164759959 1764164759966
109288 3681854117 1764164759992.173584 1764164759992 1764164759999
109289 3681887461 1764164760025.510986 1764164760026 1764164760033
109290 3681920805 1764164760058.848389 1764164760059 1764164760066
109291 3681954149 1764164760092.185791 1764164760092 1764164760099
109292 3681987493 1764164760125.523193 1764164760126 1764164760133
109293 3682020837 1764164760158.860840 1764164760159 1764164760166
109294 3682054181 1764164760192.198242 1764164760192 1764164760199
109295 3682087525 1764164760225.535645 1764164760226 1764164760233
109296 3682120869 1764164760258.873047 1764164760259 1764164760266
109297 3682154213 1764164760292.210449 1764164760292 1764164760300
109298 3682187556 1764164760325.546875 1764164760326 1764164760333
109299 3682220900 1764164760358.884521 1764164760359 1764164760366
109300 3682254244 1764164760392.221924 1764164760393 1764164760400
109301 3682287588 1764164760425.559326 1764164760426 1764164760433
109302 3682320932 1764164760458.896729 1764164760459 1764164760466
109303 3682354276 1764164760492.234375 1764164760493 1764164760500
109304 3682387620 1764164760525.571777 1764164760526 1764164760533
109305 3682420964 1764164760558.909180 1764164760559 1764164760566
109306 3682454308 1764164760592.246826 1764164760593 1764164760600
109307 3682487652 1764164760625.584229 1764164760625 1764164760633
109308 3682520996 1764164760658.921631 1764164760659 1764164760666
109309 3682554340 1764164760692.259277 1764164760693 1764164760700
109310 3682587684 1764164760725.596680 1764164760725 1764164760733
109311 3682621027 1764164760758.933105 1764164760759 1764164760766
109312 3682654371 1764164760792.270752 1764164760793 1764164760800
109313 3682687715 1764164760825.608154 1764164760825 1764164760833
109314 3682721059 1764164760858.945801 1764164760859 1764164760866
109315 3682754403 1764164760892.283203 1764164760893 1764164760900
109316 3682787747 1764164760925.621826 1764164760925 1764164760933
109317 3682821091 1764164760958.960449 1764164760959 1764164760966
109318 3682854435 1764164760992.299072 1764164760993 1764164761000
109319 3682887779 1764164761025.637695 1764164761025 1764164761033
109320 3682921123 1764164761058.976318 1764164761059 1764164761066
109321 3682954467 1764164761092.314941 1764164761093 1764164761100
109322 3682987811 1764164761125.653564 1764164761125 1764164761133
109323 3683021155 1764164761158.992188 1764164761159 1764164761166
109324 3683054499 1764164761192.330811 1764164761193 1764164761200
109325 3683087842 1764164761225.668701 1764164761226 1764164761233
109326 3683121186 1764164761259.007324 1764164761259 1764164761266
109327 3683154530 1764164761292.345947 1764164761293 1764164761300
109328 3683187874 1764164761325.684814 1764164761326 1764164761333
109329 3683221218 1764164761359.023438 1764164761359 1764164761366
109330 3683254562 1764164761392.362305 1764164761393 1764164761400
109331 3683287906 1764164761425.700928 1764164761426 1764164761433
109332 3683321250 1764164761459.039795 1764164761459 1764164761466
109333 3683354594 1764164761492.378418 1764164761493 1764164761500
109334 3683387938 1764164761525.717285 1764164761526 1764164761533
109335 3683421282 1764164761559.056152 1764164761559 1764164761566
109336 3683454626 1764164761592.395020 1764164761593 1764164761600
109337 3683487970 1764164761625.733643 1764164761626 1764164761633
109338 3683521313 1764164761659.071533 1764164761659 1764164761666
109339 3683554657 1764164761692.410400 1764164761693 1764164761700
109340 3683588001 1764164761725.749268 1764164761726 1764164761733
109341 3683621345 1764164761759.088135 1764164761760 1764164761767
109342 3683654689 1764164761792.427002 1764164761792 1764164761800
109343 3683688033 1764164761825.765869 1764164761826 1764164761833
109344 3683721377 1764164761859.104980 1764164761860 1764164761867
109345 3683754721 1764164761892.443848 1764164761892 1764164761900
109346 3683788065 1764164761925.783691 1764164761926 1764164761933
109347 3683821409 1764164761959.123535 1764164761960 1764164761967
109348 3683854753 1764164761992.463623 1764164761992 1764164762000
109349 3683888097 1764164762025.803467 1764164762026 1764164762033
109350 3683921441 1764164762059.143555 1764164762060 1764164762067
109351 3683954784 1764164762092.482666 1764164762092 1764164762100
109352 3683988128 1764164762125.822510 1764164762126 1764164762133
109353 3684021472 1764164762159.162598 1764164762160 1764164762167
109354 3684054816 1764164762192.502686 1764164762192 1764164762200
109355 3684088160 1764164762225.842773 1764164762226 1764164762233
109356 3684121504 1764164762259.183105 1764164762260 1764164762267
109357 3684154848 1764164762292.523193 1764164762292 1764164762300
109358 3684188192 1764164762325.863281 1764164762326 1764164762333
109359 3684221536 1764164762359.203613 1764164762360 1764164762367
109360 3684254880 1764164762392.543701 1764164762392 1764164762400
109361 3684288224 1764164762425.884033 1764164762426 1764164762433
109362 3684321568 1764164762459.224365 1764164762460 1764164762467
109363 3684354912 1764164762492.564453 1764164762492 1764164762500
109364 3684388256 1764164762525.904785 1764164762527 1764164762534
109365 3684421599 1764164762559.244141 1764164762560 1764164762567
109366 3684454943 1764164762592.584473 1764164762592 1764164762600
109367 3684488287 1764164762625.924805 1764164762626 1764164762633
109368 3684521631 1764164762659.265381 1764164762660 1764164762667
109369 3684554975 1764164762692.605713 1764164762693 1764164762700
109370 3684588319 1764164762725.946045 1764164762726 1764164762733
109371 3684621663 1764164762759.286621 1764164762760 1764164762767
109372 3684655007 1764164762792.627197 1764164762793 1764164762800
109373 3684688351 1764164762825.967529 1764164762826 1764164762833
109374 3684721695 1764164762859.308105 1764164762860 1764164762867
109375 3684755039 1764164762892.648682 1764164762893 1764164762900
109376 3684788383 1764164762925.992920 1764164762926 1764164762933
109377 3684821727 1764164762959.337158 1764164762960 1764164762967
109378 3684855070 1764164762992.680420 1764164762993 1764164763000
109379 3684888414 1764164763026.024902 1764164763026 1764164763033
109380 3684921758 1764164763059.369141 1764164763060 1764164763067
109381 3684955102 1764164763092.713623 1764164763093 1764164763100
109382 3684988446 1764164763126.058105 1764164763127 1764164763134
109383 3685021790 1764164763159.402588 1764164763160 1764164763167
109384 3685055134 1764164763192.747314 1764164763193 1764164763200
109385 3685088478 1764164763226.092041 1764164763227 1764164763234
109386 3685121822 1764164763259.436523 1764164763260 1764164763267
109387 3685155166 1764164763292.781494 1764164763293 1764164763300
109388 3685188510 1764164763326.126221 1764164763327 1764164763334
109389 3685221854 1764164763359.470947 1764164763359 1764164763367
109390 3685255198 1764164763392.815918 1764164763393 1764164763400
109391 3685288541 1764164763426.159912 1764164763427 1764164763434
109392 3685321885 1764164763459.504883 1764164763459 1764164763467
109393 3685355229 1764164763492.849854 1764164763493 1764164763500
109394 3685388573 1764164763526.194824 1764164763527 1764164763534
109395 3685421917 1764164763559.540039 1764164763559 1764164763567
109396 3685455261 1764164763592.885254 1764164763593 1764164763600
109397 3685488605 1764164763626.230225 1764164763627 1764164763634
109398 3685521949 1764164763659.575684 1764164763659 1764164763667
109399 3685555293 1764164763692.920898 1764164763693 1764164763700
109400 3685588637 1764164763726.266357 1764164763727 1764164763734
109401 3685621981 1764164763759.611572 1764164763759 1764164763767
109402 3685655325 1764164763792.957031 1764164763793 1764164763800
109403 3685688669 1764164763826.302490 1764164763827 1764164763834
109404 3685722013 1764164763859.648193 1764164763859 1764164763867
109405 3685755356 1764164763892.992676 1764164763893 1764164763900
109406 3685788700 1764164763926.333496 1764164763927 1764164763934
109407 3685822044 1764164763959.674316 1764164763959 1764164763967
109408 3685855388 1764164763993.015137 1764164763993 1764164764000
109409 3685888732 1764164764026.355957 1764164764026 1764164764034
109410 3685922076 1764164764059.696777 1764164764060 1764164764067
109411 3685955420 1764164764093.037842 1764164764093 1764164764100
109412 3685988764 1764164764126.378662 1764164764127 1764164764134
109413 3686022108 1764164764159.719727 1764164764160 1764164764167
109414 3686055452 1764164764193.060547 1764164764193 1764164764200
109415 3686088796 1764164764226.401611 1764164764227 1764164764234
109416 3686122140 1764164764259.742676 1764164764260 1764164764267
109417 3686155484 1764164764293.083740 1764164764293 1764164764300
109418 3686188827 1764164764326.423584 1764164764327 1764164764334
109419 3686222171 1764164764359.764893 1764164764360 1764164764367
109420 3686255515 1764164764393.105957 1764164764393 1764164764400
109421 3686288859 1764164764426.447021 1764164764427 1764164764434
109422 3686322203 1764164764459.788086 1764164764460 1764164764467
109423 3686355547 1764164764493.129395 1764164764493 1764164764500
109424 3686388891 1764164764526.470459 1764164764527 1764164764534
109425 3686422235 1764164764559.811768 1764164764560 1764164764567
109426 3686455579 1764164764593.153076 1764164764594 1764164764601
109427 3686488923 1764164764626.494141 1764164764627 1764164764634
109428 3686522267 1764164764659.835449 1764164764660 1764164764667
109429 3686555611 1764164764693.176758 1764164764694 1764164764701
109430 3686588955 1764164764726.518066 1764164764726 1764164764734
109431 3686622298 1764164764759.858398 1764164764760 1764164764767
109432 3686688986 1764164764826.541260 1764164764826 1764164764834
109433 3686722330 1764164764859.882568 1764164764860 1764164764867
109434 3686755674 1764164764893.224121 1764164764894 1764164764901
109435 3686789018 1764164764926.565430 1764164764926 1764164764934
109436 3686822362 1764164764959.906738 1764164764960 1764164764967
109437 3686855706 1764164764993.248291 1764164764994 1764164765001
109438 3686889050 1764164765026.589600 1764164765026 1764164765034
109439 3686922394 1764164765059.931152 1764164765060 1764164765067
109440 3686955738 1764164765093.272461 1764164765094 1764164765101
109441 3686989082 1764164765126.614014 1764164765126 1764164765134
109442 3687022426 1764164765159.955566 1764164765160 1764164765167
109443 3687055770 1764164765193.297119 1764164765194 1764164765201
109444 3687089113 1764164765226.637695 1764164765226 1764164765234
109445 3687122457 1764164765259.979248 1764164765260 1764164765267
109446 3687155801 1764164765293.320801 1764164765294 1764164765301
109447 3687189145 1764164765326.662598 1764164765326 1764164765334
109448 3687222489 1764164765360.004150 1764164765360 1764164765367
109449 3687255833 1764164765393.345947 1764164765394 1764164765401
109450 3687289177 1764164765426.687744 1764164765427 1764164765434
109451 3687322521 1764164765460.029297 1764164765460 1764164765467
109452 3687355865 1764164765493.371094 1764164765494 1764164765501
109453 3687389209 1764164765526.712891 1764164765527 1764164765534
109454 3687422553 1764164765560.054688 1764164765560 1764164765567
109455 3687455897 1764164765593.396729 1764164765594 1764164765601
109456 3687489241 1764164765626.738525 1764164765627 1764164765634
109457 3687522584 1764164765660.079346 1764164765660 1764164765668
109458 3687555928 1764164765693.421387 1764164765693 1764164765702
109459 3687589272 1764164765726.763428 1764164765727 1764164765734
109460 3687622616 1764164765760.105225 1764164765760 1764164765767
109461 3687655960 1764164765793.447266 1764164765794 1764164765801
109462 3687689304 1764164765826.789307 1764164765827 1764164765834
109463 3687722648 1764164765860.131348 1764164765861 1764164765868
109464 3687755992 1764164765893.473389 1764164765894 1764164765901
109465 3687789336 1764164765926.815186 1764164765927 1764164765934
109466 3687822680 1764164765960.156982 1764164765961 1764164765968
109467 3687856024 1764164765993.498779 1764164765993 1764164766001
109468 3687889368 1764164766026.840820 1764164766027 1764164766034
109469 3687922712 1764164766060.182617 1764164766061 1764164766068
109470 3687956055 1764164766093.523682 1764164766093 1764164766101
109471 3687989399 1764164766126.865479 1764164766127 1764164766134
109472 3688022743 1764164766160.207520 1764164766161 1764164766168
109473 3688056087 1764164766193.549561 1764164766193 1764164766201
109474 3688089431 1764164766226.891602 1764164766227 1764164766234
109475 3688122775 1764164766260.233643 1764164766261 1764164766268
109476 3688156119 1764164766293.575684 1764164766293 1764164766301
109477 3688189463 1764164766326.917969 1764164766327 1764164766334
109478 3688222807 1764164766360.260010 1764164766361 1764164766368
109479 3688256151 1764164766393.602295 1764164766393 1764164766401
109480 3688289495 1764164766426.944580 1764164766427 1764164766434
109481 3688322839 1764164766460.286621 1764164766460 1764164766468
109482 3688356183 1764164766493.628906 1764164766493 1764164766501
109483 3688389527 1764164766526.971191 1764164766527 1764164766534
109484 3688422870 1764164766560.312500 1764164766561 1764164766568
109485 3688456214 1764164766593.655029 1764164766593 1764164766601
109486 3688489558 1764164766626.997314 1764164766627 1764164766634
109487 3688522902 1764164766660.339844 1764164766661 1764164766668
109488 3688556246 1764164766693.682129 1764164766694 1764164766701
109489 3688589590 1764164766727.024658 1764164766727 1764164766734
109490 3688622934 1764164766760.367188 1764164766761 1764164766768
109491 3688656278 1764164766793.709717 1764164766794 1764164766801
109492 3688689622 1764164766827.052246 1764164766827 1764164766834
109493 3688722966 1764164766860.394775 1764164766860 1764164766870
109494 3688756310 1764164766893.737305 1764164766894 1764164766901
109495 3688789654 1764164766927.079346 1764164766927 1764164766934
109496 3688822998 1764164766960.421387 1764164766961 1764164766968
109497 3688856341 1764164766993.762451 1764164766994 1764164767001
109498 3688889685 1764164767027.104492 1764164767027 1764164767034
109499 3688923029 1764164767060.446533 1764164767061 1764164767068
109500 3688956373 1764164767093.788818 1764164767094 1764164767101
109501 3688989717 1764164767127.130859 1764164767127 1764164767134
109502 3689023061 1764164767160.473145 1764164767161 1764164767168
109503 3689056405 1764164767193.815430 1764164767194 1764164767201
109504 3689089749 1764164767227.157471 1764164767227 1764164767234
109505 3689123093 1764164767260.499756 1764164767261 1764164767268
109506 3689156437 1764164767293.842041 1764164767294 1764164767301
109507 3689189781 1764164767327.184570 1764164767328 1764164767335
109508 3689223125 1764164767360.526855 1764164767361 1764164767368
109509 3689256469 1764164767393.869141 1764164767394 1764164767401
109510 3689289812 1764164767427.210693 1764164767428 1764164767435
109511 3689323156 1764164767460.552979 1764164767461 1764164767468
109512 3689356500 1764164767493.895508 1764164767494 1764164767501
109513 3689389844 1764164767527.238037 1764164767528 1764164767535
109514 3689423188 1764164767560.580322 1764164767560 1764164767568
109515 3689456532 1764164767593.922852 1764164767594 1764164767601
109516 3689489876 1764164767627.265381 1764164767628 1764164767635
109517 3689523220 1764164767660.608154 1764164767660 1764164767668
109518 3689556564 1764164767693.950684 1764164767694 1764164767701
109519 3689589908 1764164767727.293213 1764164767728 1764164767735
109520 3689623252 1764164767760.635986 1764164767760 1764164767768
109521 3689656596 1764164767793.978760 1764164767794 1764164767801
109522 3689689940 1764164767827.321289 1764164767828 1764164767835
109523 3689723284 1764164767860.664062 1764164767860 1764164767868
109524 3689756627 1764164767894.005859 1764164767894 1764164767901
109525 3689789971 1764164767927.348145 1764164767928 1764164767935
109526 3689823315 1764164767960.690430 1764164767960 1764164767968
109527 3689856659 1764164767994.032715 1764164767994 1764164768001
109528 3689890003 1764164768027.375000 1764164768028 1764164768035
109529 3689923347 1764164768060.717529 1764164768060 1764164768068
109530 3689956691 1764164768094.059814 1764164768094 1764164768101
109531 3689990035 1764164768127.402344 1764164768128 1764164768135
109532 3690023379 1764164768160.744629 1764164768161 1764164768168
109533 3690056723 1764164768194.087158 1764164768194 1764164768201
109534 3690090067 1764164768227.429688 1764164768228 1764164768235
109535 3690123411 1764164768260.772217 1764164768261 1764164768268
109536 3690156755 1764164768294.114746 1764164768294 1764164768301
109537 3690190098 1764164768327.456299 1764164768328 1764164768335
109538 3690223442 1764164768360.798828 1764164768361 1764164768368
109539 3690256786 1764164768394.141602 1764164768394 1764164768401
109540 3690290130 1764164768427.484131 1764164768428 1764164768435
109541 3690323474 1764164768460.826904 1764164768461 1764164768468
109542 3690356818 1764164768494.169434 1764164768494 1764164768501
109543 3690390162 1764164768527.512207 1764164768528 1764164768535
109544 3690423506 1764164768560.854980 1764164768561 1764164768568
109545 3690456850 1764164768594.197754 1764164768594 1764164768601
109546 3690490194 1764164768627.540527 1764164768628 1764164768635
109547 3690523538 1764164768660.883301 1764164768661 1764164768668
109548 3690556882 1764164768694.226318 1764164768695 1764164768702
109549 3690590226 1764164768727.569092 1764164768727 1764164768735
109550 3690623569 1764164768760.911133 1764164768761 1764164768768
109551 3690656913 1764164768794.253906 1764164768795 1764164768802
109552 3690690257 1764164768827.596924 1764164768827 1764164768835
109553 3690723601 1764164768860.939941 1764164768861 1764164768868
109554 3690756945 1764164768894.282959 1764164768895 1764164768902
109555 3690790289 1764164768927.626221 1764164768927 1764164768935
109556 3690823633 1764164768960.969727 1764164768961 1764164768968
109557 3690856977 1764164768994.313232 1764164768995 1764164769002
109558 3690890321 1764164769027.656738 1764164769027 1764164769035
109559 3690923665 1764164769061.000488 1764164769061 1764164769068
109560 3690957009 1764164769094.343994 1764164769095 1764164769102
109561 3690990353 1764164769127.687744 1764164769127 1764164769135
109562 3691023697 1764164769161.031250 1764164769161 1764164769168
109563 3691057041 1764164769194.375000 1764164769195 1764164769202
109564 3691090384 1764164769227.717773 1764164769227 1764164769235
109565 3691123728 1764164769261.061523 1764164769261 1764164769268
109566 3691157072 1764164769294.405273 1764164769295 1764164769302
109567 3691190416 1764164769327.749023 1764164769327 1764164769335
109568 3691223760 1764164769361.093018 1764164769361 1764164769368
109569 3691257104 1764164769394.436768 1764164769395 1764164769402
109570 3691290448 1764164769427.780762 1764164769427 1764164769435
109571 3691323792 1764164769461.124756 1764164769461 1764164769468
109572 3691357136 1764164769494.468750 1764164769495 1764164769502
109573 3691390480 1764164769527.812744 1764164769528 1764164769535
109574 3691423824 1764164769561.156738 1764164769561 1764164769568
109575 3691457168 1764164769594.500732 1764164769595 1764164769602
109576 3691490512 1764164769627.844971 1764164769628 1764164769635
109577 3691523855 1764164769661.187988 1764164769661 1764164769668
109578 3691557199 1764164769694.532227 1764164769695 1764164769702
109579 3691590543 1764164769727.876465 1764164769728 1764164769735
109580 3691623887 1764164769761.220703 1764164769761 1764164769768
109581 3691657231 1764164769794.564941 1764164769795 1764164769802
109582 3691690575 1764164769827.909180 1764164769828 1764164769835
109583 3691723919 1764164769861.253662 1764164769861 1764164769868
109584 3691757263 1764164769894.597900 1764164769895 1764164769902
109585 3691790607 1764164769927.940430 1764164769928 1764164769935
109586 3691823951 1764164769961.282959 1764164769961 1764164769968
109587 3691857295 1764164769994.625488 1764164769995 1764164770002
109588 3691890639 1764164770027.968018 1764164770028 1764164770035
109589 3691923983 1764164770061.310791 1764164770062 1764164770069
109590 3691957326 1764164770094.652344 1764164770095 1764164770102
109591 3691990670 1764164770127.994873 1764164770128 1764164770135
109592 3692024014 1764164770161.337646 1764164770162 1764164770169
109593 3692057358 1764164770194.680420 1764164770194 1764164770202
109594 3692090702 1764164770228.022949 1764164770228 1764164770235
109595 3692124046 1764164770261.365723 1764164770262 1764164770269
109596 3692157390 1764164770294.708496 1764164770294 1764164770302
109597 3692190734 1764164770328.051270 1764164770328 1764164770335
109598 3692224078 1764164770361.394043 1764164770362 1764164770369
109599 3692257422 1764164770394.736816 1764164770394 1764164770402
109600 3692290766 1764164770428.079834 1764164770428 1764164770435
109601 3692324110 1764164770461.422607 1764164770462 1764164770469
109602 3692357454 1764164770494.765625 1764164770494 1764164770502
109603 3692390798 1764164770528.108398 1764164770528 1764164770535
109604 3692424141 1764164770561.450439 1764164770562 1764164770569
109605 3692457485 1764164770594.793457 1764164770594 1764164770602
109606 3692490829 1764164770628.136230 1764164770628 1764164770635
109607 3692524173 1764164770661.479248 1764164770662 1764164770669
109608 3692557517 1764164770694.822266 1764164770694 1764164770702
109609 3692590861 1764164770728.165283 1764164770728 1764164770735
109610 3692624205 1764164770761.508545 1764164770762 1764164770769
109611 3692657549 1764164770794.851562 1764164770794 1764164770802
109612 3692690893 1764164770828.194580 1764164770828 1764164770835
109613 3692724237 1764164770861.537842 1764164770862 1764164770869
109614 3692757581 1764164770894.880859 1764164770895 1764164770902
109615 3692790925 1764164770928.223145 1764164770928 1764164770935
109616 3692824269 1764164770961.565674 1764164770962 1764164770969
109617 3692857612 1764164770994.906982 1764164770995 1764164771002
109618 3692890956 1764164771028.249512 1764164771028 1764164771035
109619 3692924300 1764164771061.591797 1764164771062 1764164771069
109620 3692957644 1764164771094.934326 1764164771095 1764164771102
109621 3692990988 1764164771128.276611 1764164771128 1764164771135
109622 3693024332 1764164771161.619141 1764164771162 1764164771169
109623 3693057676 1764164771194.961670 1764164771195 1764164771202
109624 3693091020 1764164771228.304199 1764164771228 1764164771235
109625 3693124364 1764164771261.646729 1764164771262 1764164771269
109626 3693157708 1764164771294.989258 1764164771295 1764164771302
109627 3693191052 1764164771328.331787 1764164771328 1764164771335
109628 3693224396 1764164771361.674561 1764164771362 1764164771369
109629 3693257740 1764164771395.017090 1764164771395 1764164771402
109630 3693291083 1764164771428.358643 1764164771429 1764164771436
109631 3693324427 1764164771461.701416 1764164771462 1764164771469
109632 3693357771 1764164771495.043945 1764164771495 1764164771502
109633 3693391115 1764164771528.386719 1764164771529 1764164771536
109634 3693424459 1764164771561.729492 1764164771561 1764164771569
109635 3693457803 1764164771595.072021 1764164771595 1764164771602
109636 3693491147 1764164771628.414795 1764164771629 1764164771636
109637 3693524491 1764164771661.757568 1764164771661 1764164771669
109638 3693557835 1764164771695.100342 1764164771695 1764164771702
109639 3693591179 1764164771728.443115 1764164771729 1764164771736
109640 3693624523 1764164771761.786133 1764164771761 1764164771769
109641 3693657867 1764164771795.128906 1764164771795 1764164771802
109642 3693691211 1764164771828.471680 1764164771829 1764164771836
109643 3693724555 1764164771861.814697 1764164771861 1764164771869
109644 3693757898 1764164771895.156494 1764164771895 1764164771902
109645 3693791242 1764164771928.498535 1764164771929 1764164771936
109646 3693824586 1764164771961.840820 1764164771961 1764164771969
109647 3693857930 1764164771995.182861 1764164771995 1764164772002
109648 3693891274 1764164772028.525146 1764164772029 1764164772036
109649 3693924618 1764164772061.867432 1764164772061 1764164772069
109650 3693957962 1764164772095.209473 1764164772096 1764164772103
109651 3693991306 1764164772128.551758 1764164772129 1764164772136
109652 3694024650 1764164772161.894043 1764164772162 1764164772170
109653 3694057994 1764164772195.236328 1764164772195 1764164772202
109654 3694091338 1764164772228.578613 1764164772229 1764164772236
109655 3694124682 1764164772261.920898 1764164772262 1764164772269
109656 3694158026 1764164772295.263184 1764164772295 1764164772302
109657 3694191369 1764164772328.604492 1764164772329 1764164772336
109658 3694224713 1764164772361.946777 1764164772362 1764164772369
109659 3694258057 1764164772395.289062 1764164772395 1764164772402
109660 3694291401 1764164772428.631348 1764164772429 1764164772436
109661 3694324745 1764164772461.973877 1764164772462 1764164772469
109662 3694358089 1764164772495.316162 1764164772495 1764164772502
109663 3694391433 1764164772528.658691 1764164772529 1764164772536
109664 3694424777 1764164772562.000977 1764164772562 1764164772569
109665 3694458121 1764164772595.343506 1764164772595 1764164772602
109666 3694491465 1764164772628.685791 1764164772629 1764164772636
109667 3694524809 1764164772662.028320 1764164772662 1764164772669
109668 3694558153 1764164772695.370850 1764164772695 1764164772702
109669 3694591497 1764164772728.713379 1764164772729 1764164772736
109670 3694624840 1764164772762.054688 1764164772762 1764164772769
109671 3694658184 1764164772795.397217 1764164772796 1764164772803
109672 3694691528 1764164772828.739746 1764164772829 1764164772836
109673 3694724872 1764164772862.082275 1764164772862 1764164772869
109674 3694758216 1764164772895.424805 1764164772896 1764164772903
109675 3694791560 1764164772928.766602 1764164772928 1764164772936
109676 3694824904 1764164772962.108643 1764164772962 1764164772969
109677 3694858248 1764164772995.450439 1764164772996 1764164773003
109678 3694891592 1764164773028.792236 1764164773028 1764164773036
109679 3694924936 1764164773062.134033 1764164773062 1764164773069
109680 3694958280 1764164773095.476074 1764164773096 1764164773103
109681 3694991624 1764164773128.817871 1764164773128 1764164773136
109682 3695024968 1764164773162.159668 1764164773162 1764164773169
109683 3695058312 1764164773195.501709 1764164773196 1764164773203
109684 3695091655 1764164773228.842529 1764164773228 1764164773236
109685 3695124999 1764164773262.184326 1764164773262 1764164773269
109686 3695158343 1764164773295.526367 1764164773296 1764164773303
109687 3695191687 1764164773328.868408 1764164773328 1764164773336
109688 3695225031 1764164773362.210205 1764164773362 1764164773369
109689 3695258375 1764164773395.552246 1764164773396 1764164773403
109690 3695291719 1764164773428.894043 1764164773428 1764164773436
109691 3695325063 1764164773462.236084 1764164773462 1764164773469
109692 3695358407 1764164773495.578125 1764164773496 1764164773503
109693 3695391751 1764164773528.920166 1764164773528 1764164773536
109694 3695425095 1764164773562.261963 1764164773562 1764164773569
109695 3695458439 1764164773595.604004 1764164773596 1764164773603
109696 3695491783 1764164773628.946045 1764164773629 1764164773636
109697 3695525126 1764164773662.287109 1764164773662 1764164773669
109698 3695558470 1764164773695.629150 1764164773696 1764164773703
109699 3695591814 1764164773728.971191 1764164773729 1764164773736
109700 3695625158 1764164773762.313232 1764164773762 1764164773769
109701 3695658502 1764164773795.655273 1764164773796 1764164773803
109702 3695691846 1764164773828.997314 1764164773829 1764164773836
109703 3695725190 1764164773862.339355 1764164773862 1764164773869
109704 3695758534 1764164773895.681396 1764164773896 1764164773903
109705 3695791878 1764164773929.022705 1764164773929 1764164773936
109706 3695825222 1764164773962.364502 1764164773962 1764164773969
109707 3695858566 1764164773995.706055 1764164773996 1764164774003
109708 3695891910 1764164774029.047852 1764164774029 1764164774036
109709 3695925254 1764164774062.389648 1764164774062 1764164774069
109710 3695958597 1764164774095.730469 1764164774096 1764164774103
109711 3695991941 1764164774129.072266 1764164774129 1764164774136
109712 3696025285 1764164774162.414062 1764164774163 1764164774170
109713 3696058629 1764164774195.755859 1764164774196 1764164774203
109714 3696091973 1764164774229.097656 1764164774229 1764164774236
109715 3696125317 1764164774262.439453 1764164774263 1764164774270
109716 3696158661 1764164774295.781250 1764164774296 1764164774303
109717 3696192005 1764164774329.123047 1764164774329 1764164774336
109718 3696225349 1764164774362.464844 1764164774363 1764164774370
109719 3696258693 1764164774395.806641 1764164774395 1764164774403
109720 3696292037 1764164774429.148438 1764164774429 1764164774436
109721 3696325381 1764164774462.490234 1764164774463 1764164774470
109722 3696358725 1764164774495.832031 1764164774495 1764164774503
109723 3696392069 1764164774529.173828 1764164774529 1764164774536
109724 3696425412 1764164774562.514893 1764164774563 1764164774570
109725 3696458756 1764164774595.856689 1764164774595 1764164774603
109726 3696492100 1764164774629.198486 1764164774629 1764164774636
109727 3696525444 1764164774662.540283 1764164774663 1764164774670
109728 3696558788 1764164774695.882324 1764164774695 1764164774703
109729 3696592132 1764164774729.224121 1764164774729 1764164774736
109730 3696625476 1764164774762.565918 1764164774763 1764164774770
109731 3696658820 1764164774795.907715 1764164774795 1764164774803
109732 3696692164 1764164774829.249756 1764164774829 1764164774836
109733 3696725508 1764164774862.591553 1764164774863 1764164774870
109734 3696758852 1764164774895.933594 1764164774895 1764164774903
109735 3696792196 1764164774929.275391 1764164774929 1764164774936
109736 3696825540 1764164774962.616455 1764164774963 1764164774970
109737 3696858883 1764164774995.956543 1764164774996 1764164775003
109738 3696892227 1764164775029.297607 1764164775029 1764164775036
109739 3696925571 1764164775062.638916 1764164775063 1764164775070
109740 3696958915 1764164775095.979980 1764164775096 1764164775103
109741 3696992259 1764164775129.321045 1764164775129 1764164775138
109742 3697025603 1764164775162.662109 1764164775163 1764164775170
109743 3697058947 1764164775196.003174 1764164775196 1764164775203
109744 3697092291 1764164775229.344238 1764164775229 1764164775236
109745 3697125635 1764164775262.685303 1764164775263 1764164775270
109746 3697158979 1764164775296.026367 1764164775296 1764164775303
109747 3697192323 1764164775329.367432 1764164775329 1764164775336
109748 3697225667 1764164775362.708496 1764164775363 1764164775370
109749 3697259011 1764164775396.049561 1764164775396 1764164775403
109750 3697292354 1764164775429.389648 1764164775429 1764164775436
109751 3697325698 1764164775462.730713 1764164775463 1764164775470
109752 3697359042 1764164775496.071777 1764164775496 1764164775503
109753 3697392386 1764164775529.412842 1764164775530 1764164775537
109754 3697425730 1764164775562.753906 1764164775563 1764164775570
109755 3697459074 1764164775596.094971 1764164775596 1764164775603
109756 3697492418 1764164775629.436035 1764164775630 1764164775637
109757 3697525762 1764164775662.777100 1764164775663 1764164775670
109758 3697559106 1764164775696.118164 1764164775696 1764164775703
109759 3697592450 1764164775729.458984 1764164775730 1764164775737
109760 3697625794 1764164775762.800049 1764164775762 1764164775770
109761 3697659138 1764164775796.141113 1764164775796 1764164775803
109762 3697692482 1764164775829.482178 1764164775830 1764164775837
109763 3697725826 1764164775862.823242 1764164775862 1764164775870
109764 3697759169 1764164775896.163086 1764164775896 1764164775903
109765 3697792513 1764164775929.504150 1764164775930 1764164775937
109766 3697825857 1764164775962.845215 1764164775962 1764164775970
109767 3697859201 1764164775996.186523 1764164775996 1764164776003
109768 3697892545 1764164776029.527588 1764164776030 1764164776037
109769 3697925889 1764164776062.868652 1764164776062 1764164776070
109770 3697959233 1764164776096.209717 1764164776096 1764164776103
109771 3697992577 1764164776129.550781 1764164776130 1764164776137
109772 3698025921 1764164776162.891846 1764164776162 1764164776170
109773 3698059265 1764164776196.232910 1764164776196 1764164776203
109774 3698092609 1764164776229.573975 1764164776230 1764164776237
109775 3698125953 1764164776262.915039 1764164776263 1764164776270
109776 3698159297 1764164776296.256104 1764164776296 1764164776303
109777 3698192640 1764164776329.596191 1764164776330 1764164776337
109778 3698225984 1764164776362.937256 1764164776363 1764164776370
109779 3698259328 1764164776396.278320 1764164776396 1764164776403
109780 3698292672 1764164776429.619385 1764164776430 1764164776437
109781 3698326016 1764164776462.960449 1764164776463 1764164776470
109782 3698359360 1764164776496.301514 1764164776496 1764164776503
109783 3698392704 1764164776529.642578 1764164776530 1764164776537
109784 3698426048 1764164776562.983643 1764164776563 1764164776570
109785 3698459392 1764164776596.324463 1764164776597 1764164776604
109786 3698492736 1764164776629.665527 1764164776630 1764164776637
109787 3698526080 1764164776663.006592 1764164776663 1764164776670
109788 3698559424 1764164776696.347656 1764164776697 1764164776704
109789 3698592768 1764164776729.688721 1764164776729 1764164776737
109790 3698626111 1764164776763.028564 1764164776763 1764164776770
109791 3698659455 1764164776796.369629 1764164776797 1764164776804
109792 3698692799 1764164776829.710693 1764164776829 1764164776837
109793 3698726143 1764164776863.051514 1764164776863 1764164776870
109794 3698759487 1764164776896.392578 1764164776897 1764164776904
109795 3698792831 1764164776929.733643 1764164776929 1764164776937
109796 3698826175 1764164776963.075684 1764164776963 1764164776970
109797 3698859519 1764164776996.417969 1764164776997 1764164777004
109798 3698892863 1764164777029.760010 1764164777029 1764164777037
109799 3698926207 1764164777063.102295 1764164777063 1764164777070
109800 3698959551 1764164777096.444336 1764164777097 1764164777104
109801 3698992895 1764164777129.786377 1764164777130 1764164777137
109802 3699026239 1764164777163.128662 1764164777163 1764164777170
109803 3699059583 1764164777196.470703 1764164777197 1764164777204
109804 3699092926 1764164777229.812012 1764164777230 1764164777237
109805 3699126270 1764164777263.154053 1764164777263 1764164777270
109806 3699159614 1764164777296.496338 1764164777297 1764164777304
109807 3699192958 1764164777329.838379 1764164777330 1764164777337
109808 3699226302 1764164777363.180664 1764164777363 1764164777370
109809 3699259646 1764164777396.522705 1764164777397 1764164777404
109810 3699292990 1764164777429.864990 1764164777430 1764164777437
109811 3699326334 1764164777463.207275 1764164777464 1764164777471
109812 3699359678 1764164777496.549316 1764164777497 1764164777504
109813 3699393022 1764164777529.891602 1764164777530 1764164777537
109814 3699426366 1764164777563.233643 1764164777564 1764164777571
109815 3699459710 1764164777596.575928 1764164777596 1764164777604
109816 3699493054 1764164777629.918213 1764164777630 1764164777637
109817 3699526397 1764164777663.259277 1764164777664 1764164777671
109818 3699559741 1764164777696.601562 1764164777696 1764164777704
109819 3699593085 1764164777729.943604 1764164777730 1764164777737
109820 3699626429 1764164777763.285889 1764164777764 1764164777771
109821 3699659773 1764164777796.628174 1764164777796 1764164777804
109822 3699693117 1764164777829.970215 1764164777830 1764164777837
109823 3699726461 1764164777863.312500 1764164777864 1764164777871
109824 3699759805 1764164777896.654785 1764164777896 1764164777904
109825 3699793149 1764164777929.997070 1764164777930 1764164777937
109826 3699826493 1764164777963.339844 1764164777964 1764164777971
109827 3699859837 1764164777996.682861 1764164777997 1764164778004
109828 3699893181 1764164778030.025879 1764164778030 1764164778037
109829 3699926525 1764164778063.368652 1764164778064 1764164778071
109830 3699959868 1764164778096.710693 1764164778097 1764164778104
109831 3699993212 1764164778130.053711 1764164778131 1764164778138
109832 3700026556 1764164778163.396729 1764164778164 1764164778171
109833 3700059900 1764164778196.739746 1764164778197 1764164778204
109834 3700093244 1764164778230.082520 1764164778230 1764164778237
109835 3700126588 1764164778263.425537 1764164778264 1764164778271
109836 3700159932 1764164778296.768555 1764164778297 1764164778304
109837 3700193276 1764164778330.111572 1764164778331 1764164778338
109838 3700226620 1764164778363.454590 1764164778364 1764164778371
109839 3700259964 1764164778396.797852 1764164778397 1764164778404
109840 3700293308 1764164778430.140869 1764164778431 1764164778438
109841 3700326652 1764164778463.483887 1764164778463 1764164778471
109842 3700359996 1764164778496.826904 1764164778497 1764164778504
109843 3700393340 1764164778530.169922 1764164778531 1764164778538
109844 3700426683 1764164778563.511963 1764164778563 1764164778571
109845 3700460027 1764164778596.854980 1764164778597 1764164778604
109846 3700493371 1764164778630.198242 1764164778631 1764164778638
109847 3700526715 1764164778663.541260 1764164778663 1764164778671
109848 3700560059 1764164778696.884277 1764164778697 1764164778704
109849 3700593403 1764164778730.227539 1764164778731 1764164778738
109850 3700626747 1764164778763.570557 1764164778763 1764164778771
109851 3700660091 1764164778796.913818 1764164778797 1764164778804
109852 3700693435 1764164778830.256836 1764164778831 1764164778838
109853 3700726779 1764164778863.600098 1764164778864 1764164778871
109854 3700760123 1764164778896.943115 1764164778897 1764164778904
109855 3700793467 1764164778930.286377 1764164778931 1764164778938
109856 3700826811 1764164778963.632324 1764164778964 1764164778971
109857 3700860154 1764164778996.977295 1764164778997 1764164779004
109858 3700893498 1764164779030.323486 1764164779031 1764164779038
109859 3700926842 1764164779063.669434 1764164779064 1764164779071
109860 3700960186 1764164779097.015625 1764164779098 1764164779105
109861 3700993530 1764164779130.361816 1764164779131 1764164779138
109862 3701026874 1764164779163.708008 1764164779164 1764164779171
109863 3701060218 1764164779197.054199 1764164779198 1764164779205
109864 3701093562 1764164779230.400635 1764164779230 1764164779238
109865 3701126906 1764164779263.746826 1764164779264 1764164779271
109866 3701160250 1764164779297.093262 1764164779298 1764164779305
109867 3701193594 1764164779330.439697 1764164779330 1764164779338
109868 3701226938 1764164779363.786133 1764164779364 1764164779371
109869 3701260282 1764164779397.132812 1764164779398 1764164779405
109870 3701293625 1764164779430.478271 1764164779430 1764164779438
109871 3701326969 1764164779463.824951 1764164779464 1764164779471
109872 3701360313 1764164779497.171387 1764164779498 1764164779505
109873 3701393657 1764164779530.518066 1764164779530 1764164779538
109874 3701427001 1764164779563.864990 1764164779564 1764164779571
109875 3701460345 1764164779597.211670 1764164779598 1764164779605
109876 3701493689 1764164779630.558350 1764164779630 1764164779638
109877 3701527033 1764164779663.905273 1764164779664 1764164779671
109878 3701560377 1764164779697.252197 1764164779698 1764164779705
109879 3701593721 1764164779730.599121 1764164779731 1764164779738
109880 3701627065 1764164779763.946045 1764164779764 1764164779771
109881 3701660409 1764164779797.292969 1764164779798 1764164779805
109882 3701693753 1764164779830.640137 1764164779831 1764164779838
109883 3701727097 1764164779863.987061 1764164779864 1764164779871
109884 3701760440 1764164779897.333252 1764164779898 1764164779905
109885 3701793784 1764164779930.680420 1764164779931 1764164779938
109886 3701827128 1764164779964.025391 1764164779964 1764164779971
109887 3701860472 1764164779997.370605 1764164779998 1764164780006
109888 3701893816 1764164780030.715820 1764164780031 1764164780038
109889 3701927160 1764164780064.060791 1764164780065 1764164780072
109890 3701960504 1764164780097.406006 1764164780097 1764164780105
109891 3701993848 1764164780130.751221 1764164780131 1764164780138
109892 3702027192 1764164780164.096436 1764164780165 1764164780172
109893 3702060536 1764164780197.441650 1764164780197 1764164780205
109894 3702093880 1764164780230.786865 1764164780231 1764164780238
109895 3702127224 1764164780264.132080 1764164780265 1764164780272
109896 3702160568 1764164780297.477539 1764164780297 1764164780305
109897 3702193911 1764164780330.821777 1764164780331 1764164780338
109898 3702227255 1764164780364.166992 1764164780365 1764164780372
109899 3702260599 1764164780397.512451 1764164780397 1764164780405
109900 3702293943 1764164780430.857910 1764164780431 1764164780438
109901 3702327287 1764164780464.203369 1764164780465 1764164780472
109902 3702360631 1764164780497.548584 1764164780497 1764164780505
109903 3702393975 1764164780530.894043 1764164780531 1764164780538
109904 3702427319 1764164780564.239502 1764164780565 1764164780572
109905 3702460663 1764164780597.585205 1764164780598 1764164780605
109906 3702494007 1764164780630.930664 1764164780631 1764164780638
109907 3702527351 1764164780664.276123 1764164780665 1764164780672
109908 3702560695 1764164780697.621582 1764164780698 1764164780705
109909 3702594039 1764164780730.967285 1764164780731 1764164780738
109910 3702627382 1764164780764.311768 1764164780765 1764164780772
109911 3702660726 1764164780797.657471 1764164780798 1764164780805
109912 3702694070 1764164780831.003174 1764164780831 1764164780838
109913 3702727414 1764164780864.348877 1764164780865 1764164780872
109914 3702760758 1764164780897.694580 1764164780898 1764164780905
109915 3702794102 1764164780931.040283 1764164780932 1764164780939
109916 3702827446 1764164780964.387451 1764164780965 1764164780972
109917 3702860790 1764164780997.734619 1764164780998 1764164781005
109918 3702894134 1764164781031.082031 1764164781032 1764164781039
109919 3702927478 1764164781064.429443 1764164781064 1764164781072
109920 3702960822 1764164781097.776611 1764164781098 1764164781105
109921 3702994166 1764164781131.124023 1764164781132 1764164781139
109922 3703027510 1764164781164.471436 1764164781164 1764164781172
109923 3703060854 1764164781197.819092 1764164781198 1764164781205
109924 3703094197 1764164781231.165527 1764164781232 1764164781239
109925 3703127541 1764164781264.513184 1764164781264 1764164781272
109926 3703160885 1764164781297.860596 1764164781298 1764164781305
109927 3703194229 1764164781331.208252 1764164781332 1764164781339
109928 3703227573 1764164781364.555908 1764164781364 1764164781372
109929 3703260917 1764164781397.903564 1764164781398 1764164781405
109930 3703294261 1764164781431.251221 1764164781432 1764164781439
109931 3703327605 1764164781464.599121 1764164781465 1764164781472
109932 3703360949 1764164781497.946777 1764164781498 1764164781505
109933 3703394293 1764164781531.294678 1764164781532 1764164781539
109934 3703427637 1764164781564.642578 1764164781565 1764164781572
109935 3703460981 1764164781597.990479 1764164781598 1764164781605
109936 3703494325 1764164781631.338379 1764164781632 1764164781639
109937 3703527668 1764164781664.685303 1764164781665 1764164781672
109938 3703561012 1764164781698.033203 1764164781698 1764164781705
109939 3703594356 1764164781731.381348 1764164781732 1764164781739
109940 3703627700 1764164781764.729248 1764164781765 1764164781772
109941 3703661044 1764164781798.077393 1764164781799 1764164781806
109942 3703694388 1764164781831.425537 1764164781832 1764164781839
109943 3703727732 1764164781864.773682 1764164781865 1764164781872
109944 3703761076 1764164781898.121826 1764164781899 1764164781906
109945 3703794420 1764164781931.470215 1764164781931 1764164781939
109946 3703827764 1764164781964.816162 1764164781965 1764164781972
109947 3703861108 1764164781998.162109 1764164781999 1764164782006
109948 3703894452 1764164782031.508057 1764164782031 1764164782039
109949 3703927796 1764164782064.854004 1764164782065 1764164782072
109950 3703961139 1764164782098.198975 1764164782099 1764164782106
109951 3703994483 1764164782131.545166 1764164782131 1764164782139
109952 3704027827 1764164782164.891113 1764164782165 1764164782172
109953 3704061171 1764164782198.237305 1764164782199 1764164782206
109954 3704094515 1764164782231.583496 1764164782231 1764164782239
109955 3704127859 1764164782264.929688 1764164782265 1764164782272
109956 3704161203 1764164782298.275879 1764164782299 1764164782306
109957 3704194547 1764164782331.622070 1764164782332 1764164782339
109958 3704227891 1764164782364.968262 1764164782365 1764164782372
109959 3704261235 1764164782398.314453 1764164782399 1764164782406
109960 3704294579 1764164782431.660889 1764164782432 1764164782439
109961 3704327923 1764164782465.007080 1764164782465 1764164782472
109962 3704361267 1764164782498.353516 1764164782499 1764164782506
109963 3704394610 1764164782531.698730 1764164782532 1764164782539
109964 3704427954 1764164782565.045166 1764164782565 1764164782573
109965 3704461298 1764164782598.391602 1764164782599 1764164782606
109966 3704494642 1764164782631.738037 1764164782632 1764164782639
109967 3704527986 1764164782665.084473 1764164782666 1764164782673
109968 3704561330 1764164782698.430908 1764164782699 1764164782706
109969 3704594674 1764164782731.777344 1764164782732 1764164782739
109970 3704628018 1764164782765.123779 1764164782766 1764164782773
109971 3704661362 1764164782798.470459 1764164782798 1764164782806
109972 3704694706 1764164782831.816895 1764164782832 1764164782839
109973 3704728050 1764164782865.163574 1764164782866 1764164782873
109974 3704761394 1764164782898.510254 1764164782898 1764164782906
109975 3704794738 1764164782931.856689 1764164782932 1764164782939
109976 3704828082 1764164782965.203369 1764164782966 1764164782973
109977 3704861425 1764164782998.548828 1764164782998 1764164783006
109978 3704894769 1764164783031.895264 1764164783032 1764164783039
109979 3704928113 1764164783065.241943 1764164783066 1764164783073
109980 3704961457 1764164783098.588623 1764164783098 1764164783106
109981 3704994801 1764164783131.935059 1764164783132 1764164783139
109982 3705028145 1764164783165.281738 1764164783166 1764164783173
109983 3705061489 1764164783198.628418 1764164783199 1764164783206
109984 3705094833 1764164783231.975098 1764164783232 1764164783239
109985 3705128177 1764164783265.322021 1764164783266 1764164783273
109986 3705161521 1764164783298.668701 1764164783299 1764164783306
109987 3705194865 1764164783332.015381 1764164783332 1764164783339
109988 3705228209 1764164783365.362305 1764164783366 1764164783373
109989 3705261553 1764164783398.708984 1764164783399 1764164783406
109990 3705294896 1764164783432.054932 1764164783432 1764164783439
109991 3705328240 1764164783465.401855 1764164783465 1764164783474
109992 3705361584 1764164783498.748779 1764164783499 1764164783506
109993 3705394928 1764164783532.095703 1764164783533 1764164783540
109994 3705428272 1764164783565.442627 1764164783566 1764164783573
109995 3705461616 1764164783598.789551 1764164783599 1764164783606
109996 3705494960 1764164783632.136719 1764164783633 1764164783640
109997 3705528304 1764164783665.483643 1764164783665 1764164783673
109998 3705561648 1764164783698.830811 1764164783699 1764164783706
109999 3705594992 1764164783732.177979 1764164783733 1764164783740
110000 3705628336 1764164783765.524902 1764164783765 1764164783773
110001 3705661680 1764164783798.872070 1764164783799 1764164783806
110002 3705695024 1764164783832.219238 1764164783833 1764164783840
110003 3705728368 1764164783865.566406 1764164783865 1764164783873
110004 3705761711 1764164783898.912842 1764164783899 1764164783906
110005 3705795055 1764164783932.260010 1764164783933 1764164783940
110006 3705828399 1764164783965.606689 1764164783965 1764164783973
110007 3705861743 1764164783998.953613 1764164783999 1764164784006
110008 3705895087 1764164784032.300293 1764164784033 1764164784040
110009 3705928431 1764164784065.647217 1764164784066 1764164784073
110010 3705961775 1764164784098.993896 1764164784099 1764164784106
110011 3705995119 1764164784132.340820 1764164784133 1764164784140
110012 3706028463 1764164784165.687744 1764164784166 1764164784173
110013 3706061807 1764164784199.034668 1764164784199 1764164784206
110014 3706095151 1764164784232.381836 1764164784233 1764164784240
110015 3706128495 1764164784265.728760 1764164784266 1764164784273
110016 3706161839 1764164784299.075684 1764164784299 1764164784306
110017 3706195182 1764164784332.421875 1764164784333 1764164784340
110018 3706228526 1764164784365.768799 1764164784366 1764164784373
110019 3706261870 1764164784399.115967 1764164784400 1764164784407
110020 3706295214 1764164784432.463135 1764164784433 1764164784440
110021 3706328558 1764164784465.810303 1764164784466 1764164784473
110022 3706361902 1764164784499.157471 1764164784500 1764164784507
110023 3706395246 1764164784532.504639 1764164784532 1764164784540
110024 3706428590 1764164784565.851807 1764164784566 1764164784573
110025 3706461934 1764164784599.199219 1764164784600 1764164784607
110026 3706495278 1764164784632.546387 1764164784632 1764164784640
110027 3706528622 1764164784665.893799 1764164784666 1764164784673
110028 3706561966 1764164784699.240967 1764164784700 1764164784707
110029 3706595310 1764164784732.588379 1764164784732 1764164784740
110030 3706628653 1764164784765.934814 1764164784766 1764164784773
110031 3706661997 1764164784799.282227 1764164784800 1764164784807
110032 3706695341 1764164784832.629639 1764164784832 1764164784840
110033 3706728685 1764164784865.977295 1764164784866 1764164784873
110034 3706762029 1764164784899.324707 1764164784900 1764164784907
110035 3706795373 1764164784932.672119 1764164784933 1764164784940
110036 3706828717 1764164784966.019775 1764164784966 1764164784973
110037 3706862061 1764164784999.367432 1764164785000 1764164785007
110038 3706895405 1764164785032.715332 1764164785033 1764164785040
110039 3706928749 1764164785066.062988 1764164785066 1764164785073
110040 3706962093 1764164785099.410889 1764164785100 1764164785107
110041 3706995437 1764164785132.758789 1764164785133 1764164785140
110042 3707028781 1764164785166.106689 1764164785166 1764164785173
110043 3707062125 1764164785199.454590 1764164785200 1764164785207
110044 3707095468 1764164785232.801514 1764164785233 1764164785240
110045 3707128812 1764164785266.149414 1764164785267 1764164785274
110046 3707162156 1764164785299.497559 1764164785300 1764164785307
110047 3707195500 1764164785332.845459 1764164785333 1764164785340
110048 3707228844 1764164785366.193604 1764164785367 1764164785374
110049 3707262188 1764164785399.541748 1764164785399 1764164785407
110050 3707295532 1764164785432.889893 1764164785433 1764164785440
110051 3707328876 1764164785466.238037 1764164785467 1764164785474
110052 3707362220 1764164785499.586182 1764164785499 1764164785507
110053 3707395564 1764164785532.934570 1764164785533 1764164785540
110054 3707428908 1764164785566.282715 1764164785567 1764164785574
110055 3707462252 1764164785599.631104 1764164785599 1764164785607
110056 3707495596 1764164785632.979492 1764164785633 1764164785640
110057 3707528939 1764164785666.326904 1764164785667 1764164785674
110058 3707562283 1764164785699.675293 1764164785699 1764164785707
110059 3707595627 1764164785733.023682 1764164785734 1764164785741
110060 3707628971 1764164785766.372070 1764164785767 1764164785774
110061 3707662315 1764164785799.720703 1764164785800 1764164785807
110062 3707695659 1764164785833.069336 1764164785833 1764164785840
110063 3707729003 1764164785866.417969 1764164785867 1764164785874
110064 3707762347 1764164785899.766357 1764164785900 1764164785907
110065 3707795691 1764164785933.114990 1764164785933 1764164785940
110066 3707829035 1764164785966.462646 1764164785967 1764164785974
110067 3707862379 1764164785999.810303 1764164786000 1764164786007
110068 3707895723 1764164786033.157715 1764164786033 1764164786041
110069 3707929067 1764164786066.505371 1764164786067 1764164786074
110070 3707962410 1764164786099.852051 1764164786100 1764164786107
110071 3707995754 1764164786133.199707 1764164786134 1764164786141
110072 3708029098 1764164786166.547363 1764164786166 1764164786174
110073 3708062442 1764164786199.895020 1764164786200 1764164786207
110074 3708095786 1764164786233.242920 1764164786234 1764164786241
110075 3708129130 1764164786266.590576 1764164786266 1764164786274
110076 3708162474 1764164786299.938477 1764164786300 1764164786307
110077 3708195818 1764164786333.286377 1764164786334 1764164786341
110078 3708229162 1764164786366.634277 1764164786366 1764164786374
110079 3708262506 1764164786399.982178 1764164786400 1764164786408
110080 3708295850 1764164786433.330078 1764164786434 1764164786441
110081 3708329194 1764164786466.677979 1764164786466 1764164786474
110082 3708362538 1764164786500.025879 1764164786500 1764164786507
110083 3708395882 1764164786533.374023 1764164786534 1764164786541
110084 3708429225 1764164786566.720947 1764164786566 1764164786574
110085 3708462569 1764164786600.069092 1764164786600 1764164786607
110086 3708495913 1764164786633.417236 1764164786634 1764164786641
110087 3708529257 1764164786666.765381 1764164786667 1764164786674
110088 3708562601 1764164786700.113525 1764164786700 1764164786707
110089 3708595945 1764164786733.461670 1764164786734 1764164786741
110090 3708629289 1764164786766.809814 1764164786767 1764164786774
110091 3708662633 1764164786800.157959 1764164786800 1764164786807
110092 3708695977 1764164786833.506348 1764164786834 1764164786841
110093 3708729321 1764164786866.854492 1764164786867 1764164786874
110094 3708762665 1764164786900.202881 1764164786901 1764164786908
110095 3708796009 1764164786933.551270 1764164786934 1764164786941
110096 3708829353 1764164786966.899414 1764164786967 1764164786974
110097 3708862696 1764164787000.246582 1764164787001 1764164787008
110098 3708896040 1764164787033.594727 1764164787034 1764164787041
110099 3708929384 1764164787066.942871 1764164787067 1764164787074
110100 3708962728 1764164787100.291260 1764164787101 1764164787108
110101 3708996072 1764164787133.639404 1764164787133 1764164787141
110102 3709029416 1764164787166.987793 1764164787167 1764164787174
110103 3709062760 1764164787200.336182 1764164787201 1764164787208
110104 3709096104 1764164787233.684570 1764164787233 1764164787241
110105 3709129448 1764164787267.032959 1764164787267 1764164787274
110106 3709162792 1764164787300.381348 1764164787301 1764164787308
110107 3709196136 1764164787333.729736 1764164787333 1764164787341
110108 3709229480 1764164787367.078369 1764164787367 1764164787374
110109 3709262824 1764164787400.426758 1764164787401 1764164787408
110110 3709296167 1764164787433.774414 1764164787433 1764164787441
110111 3709329511 1764164787467.122803 1764164787467 1764164787474
110112 3709362855 1764164787500.471436 1764164787501 1764164787508
110113 3709396199 1764164787533.820068 1764164787534 1764164787541
110114 3709429543 1764164787567.168701 1764164787567 1764164787574
110115 3709462887 1764164787600.517334 1764164787601 1764164787608
110116 3709496231 1764164787633.866211 1764164787634 1764164787641
110117 3709529575 1764164787667.214844 1764164787667 1764164787674
110118 3709562919 1764164787700.563721 1764164787701 1764164787708
110119 3709596263 1764164787733.912354 1764164787734 1764164787741
110120 3709629607 1764164787767.261230 1764164787767 1764164787774
110121 3709662951 1764164787800.610107 1764164787801 1764164787808
110122 3709696295 1764164787833.958984 1764164787834 1764164787841
110123 3709729639 1764164787867.307861 1764164787867 1764164787875
110124 3709762982 1764164787900.655762 1764164787900 1764164787908
110125 3709796326 1764164787934.004883 1764164787934 1764164787941
110126 3709829670 1764164787967.354248 1764164787968 1764164787975
110127 3709863014 1764164788000.703613 1764164788000 1764164788008
110128 3709896358 1764164788034.052979 1764164788034 1764164788041
110129 3709929702 1764164788067.402344 1764164788068 1764164788075
110130 3709963046 1764164788100.751953 1764164788100 1764164788108
110131 3709996390 1764164788134.101562 1764164788134 1764164788141
110132 3710029734 1764164788167.450928 1764164788168 1764164788175
110133 3710063078 1764164788200.800537 1764164788200 1764164788208
110134 3710096422 1764164788234.150391 1764164788234 1764164788241
110135 3710129766 1764164788267.500000 1764164788268 1764164788275
110136 3710163110 1764164788300.849609 1764164788300 1764164788308
110137 3710196453 1764164788334.198486 1764164788334 1764164788341
110138 3710229797 1764164788367.548096 1764164788368 1764164788375
110139 3710263141 1764164788400.897949 1764164788401 1764164788408
110140 3710296485 1764164788434.247803 1764164788434 1764164788441
110141 3710329829 1764164788467.597656 1764164788468 1764164788475
110142 3710363173 1764164788500.947510 1764164788501 1764164788508
110143 3710396517 1764164788534.297363 1764164788534 1764164788541
110144 3710429861 1764164788567.647461 1764164788568 1764164788575
110145 3710463205 1764164788600.997559 1764164788601 1764164788608
110146 3710496549 1764164788634.347412 1764164788635 1764164788642
110147 3710529893 1764164788667.697510 1764164788668 1764164788675
110148 3710563237 1764164788701.047607 1764164788701 1764164788708
110149 3710596581 1764164788734.397705 1764164788735 1764164788742
110150 3710629924 1764164788767.746826 1764164788767 1764164788775
110151 3710663268 1764164788801.097168 1764164788801 1764164788808
110152 3710696612 1764164788834.447266 1764164788835 1764164788842
110153 3710729956 1764164788867.797607 1764164788867 1764164788875
110154 3710763300 1764164788901.147949 1764164788901 1764164788908
110155 3710796644 1764164788934.498291 1764164788934 1764164788942
110156 3710829988 1764164788967.845215 1764164788967 1764164788975
110157 3710863332 1764164789001.192139 1764164789001 1764164789008
110158 3710896676 1764164789034.539062 1764164789035 1764164789042
110159 3710930020 1764164789067.885986 1764164789067 1764164789075
110160 3710963364 1764164789101.232910 1764164789101 1764164789108
110161 3710996708 1764164789134.580078 1764164789135 1764164789142
110162 3711030052 1764164789167.927002 1764164789167 1764164789175
110163 3711063396 1764164789201.273926 1764164789201 1764164789208
110164 3711096739 1764164789234.620117 1764164789235 1764164789242
110165 3711130083 1764164789267.967041 1764164789268 1764164789275
110166 3711163427 1764164789301.314209 1764164789301 1764164789308
110167 3711196771 1764164789334.661133 1764164789335 1764164789342
110168 3711230115 1764164789368.008301 1764164789368 1764164789375
110169 3711263459 1764164789401.355469 1764164789401 1764164789408
110170 3711296803 1764164789434.702637 1764164789435 1764164789442
110171 3711330147 1764164789468.049805 1764164789468 1764164789475
110172 3711363491 1764164789501.396729 1764164789502 1764164789509
110173 3711396835 1764164789534.743896 1764164789535 1764164789542
110174 3711430179 1764164789568.091064 1764164789568 1764164789575
110175 3711463523 1764164789601.438477 1764164789602 1764164789609
110176 3711496867 1764164789634.785645 1764164789635 1764164789642
110177 3711530210 1764164789668.131836 1764164789668 1764164789675
110178 3711563554 1764164789701.479004 1764164789702 1764164789709
110179 3711596898 1764164789734.826172 1764164789734 1764164789742
110180 3711630242 1764164789768.173584 1764164789768 1764164789775
110181 3711663586 1764164789801.520752 1764164789802 1764164789809
110182 3711696930 1764164789834.868164 1764164789834 1764164789842
110183 3711730274 1764164789868.215332 1764164789868 1764164789875
110184 3711763618 1764164789901.562744 1764164789902 1764164789909
110185 3711796962 1764164789934.910156 1764164789934 1764164789942
110186 3711830306 1764164789968.256836 1764164789968 1764164789975
110187 3711863650 1764164790001.603516 1764164790002 1764164790009
110188 3711896994 1764164790034.950439 1764164790035 1764164790042
110189 3711930338 1764164790068.297119 1764164790068 1764164790075
110190 3711963681 1764164790101.643066 1764164790102 1764164790109
110191 3711997025 1764164790134.989746 1764164790135 1764164790142
110192 3712030369 1764164790168.336670 1764164790169 1764164790176
110193 3712063713 1764164790201.683594 1764164790202 1764164790209
110194 3712097057 1764164790235.030273 1764164790235 1764164790242
110195 3712130401 1764164790268.377197 1764164790268 1764164790275
110196 3712163745 1764164790301.724121 1764164790301 1764164790309
110197 3712197089 1764164790335.071045 1764164790335 1764164790342
110198 3712230433 1764164790368.417969 1764164790369 1764164790376
110199 3712263777 1764164790401.764893 1764164790402 1764164790409
110200 3712297121 1764164790435.111816 1764164790435 1764164790442
110201 3712330465 1764164790468.458740 1764164790469 1764164790476
110202 3712363809 1764164790501.805664 1764164790501 1764164790509
110203 3712397153 1764164790535.152588 1764164790535 1764164790542
110204 3712430496 1764164790568.498535 1764164790569 1764164790576
110205 3712463840 1764164790601.845459 1764164790601 1764164790609
110206 3712497184 1764164790635.192383 1764164790635 1764164790642
110207 3712530528 1764164790668.539307 1764164790669 1764164790676
110208 3712563872 1764164790701.886475 1764164790701 1764164790709
110209 3712597216 1764164790735.233398 1764164790735 1764164790742
110210 3712630560 1764164790768.580322 1764164790769 1764164790776
110211 3712663904 1764164790801.927490 1764164790801 1764164790809
110212 3712697248 1764164790835.274414 1764164790836 1764164790844
110213 3712730592 1764164790868.621582 1764164790869 1764164790876
110214 3712763936 1764164790901.968506 1764164790901 1764164790909
110215 3712797280 1764164790935.315674 1764164790935 1764164790942
110216 3712830624 1764164790968.662109 1764164790969 1764164790976
110217 3712863967 1764164791002.007568 1764164791002 1764164791009
110218 3712897311 1764164791035.354004 1764164791035 1764164791042
110219 3712930655 1764164791068.700195 1764164791069 1764164791076
