1764167061700301888 59303
1764167061731970368 59304
1764167061766208512 59305
1764167061799084768 59306
1764167061835342688 59307
1764167061873225472 59308
1764167061898934144 59309
1764167061932839776 59310
1764167061967275424 59311
1764167061997900672 59312
1764167062033809440 59313
1764167062070847584 59314
1764167062096387264 59315
1764167062134442048 59316
1764167062162611712 59317
1764167062198348864 59318
1764167062232746464 59319
1764167062267109216 59320
1764167062300258080 59321
1764167062334881888 59322
1764167062364967296 59323
1764167062399853216 59324
1764167062434087552 59325
1764167062466488544 59326
1764167062499465152 59327
1764167062533266208 59328
1764167062565990368 59329
1764167062599885248 59330
1764167062629337984 59331
1764167062666455744 59332
1764167062699817056 59333
1764167062734713024 59334
1764167062775198720 59335
1764167062812947712 59336
1764167062839707360 59337
1764167062867703136 59338
1764167062894553376 59339
1764167062931074432 59340
1764167062972556064 59341
1764167063000718656 59342
1764167063028555392 59343
1764167063064713568 59344
1764167063100214400 59345
1764167063130312000 59346
1764167063171531200 59347
1764167063198976480 59348
1764167063237025472 59349
1764167063261619968 59350
1764167063295362912 59351
1764167063331480096 59352
1764167063366250464 59353
1764167063399809440 59354
1764167063435035136 59355
1764167063467802912 59356
1764167063494986304 59357
1764167063528454528 59358
1764167063566925120 59359
1764167063605443872 59360
1764167063633424064 59361
1764167063667505728 59362
1764167063694044544 59363
1764167063739694464 59364
1764167063766806880 59365
1764167063805620864 59366
1764167063835715264 59367
1764167063874422368 59368
1764167063929896000 59369
1764167063946584512 59370
1764167063978054976 59371
1764167064006187456 59372
1764167064032685120 59373
1764167064067205696 59374
1764167064101439136 59375
1764167064128044672 59376
1764167064163679328 59377
1764167064205671712 59378
1764167064232535616 59379
1764167064270453760 59380
1764167064295137728 59381
1764167064331756768 59382
1764167064371351712 59383
1764167064409207712 59384
1764167064432623968 59385
1764167064466404800 59386
1764167064499748960 59387
1764167064534444320 59388
1764167064561780288 59389
1764167064596156960 59390
1764167064631255552 59391
1764167064665774400 59392
1764167064699659072 59393
1764167064736760576 59394
1764167064764578208 59395
1764167064798698912 59396
1764167064833458272 59397
1764167064870729888 59398
1764167064898150400 59399
1764167064940326208 59400
1764167064966104320 59401
1764167065000565216 59402
1764167065039516576 59403
1764167065065593920 59404
1764167065098546592 59405
1764167065132348224 59406
1764167065166278816 59407
1764167065199331264 59408
1764167065235663744 59409
1764167065270923904 59410
1764167065307102944 59411
1764167065337761664 59412
1764167065362938976 59413
1764167065410469664 59414
1764167065436369504 59415
1764167065472520768 59416
1764167065509201952 59417
1764167065535685184 59418
1764167065562909472 59419
1764167065596714080 59420
1764167065633405056 59421
1764167065667808160 59422
1764167065695393472 59423
1764167065730488192 59424
1764167065768086752 59425
1764167065795840800 59426
1764167065831654464 59427
1764167065866807584 59428
1764167065899895488 59429
1764167065932821792 59430
1764167065966448256 59431
1764167065999716896 59432
1764167066035535392 59433
1764167066061182464 59434
1764167066097345760 59435
1764167066139474272 59436
1764167066167705952 59437
1764167066200146144 59438
1764167066235430592 59439
1764167066271573120 59440
1764167066306120160 59441
1764167066333350688 59442
1764167066367646464 59443
1764167066394933600 59444
1764167066435751712 59445
1764167066462245408 59446
1764167066506994688 59447
1764167066544203168 59448
1764167066566495264 59449
1764167066607143712 59450
1764167066647266080 59451
1764167066666741792 59452
1764167066699075744 59453
1764167066735257504 59454
1764167066762476192 59455
1764167066802566816 59456
1764167066842661120 59457
1764167066867093120 59458
1764167066903860736 59459
1764167066929897152 59460
1764167066966888576 59461
1764167066995757664 59462
1764167067031426304 59463
1764167067067501120 59464
1764167067095161056 59465
1764167067131151584 59466
1764167067165219424 59467
1764167067207569824 59468
1764167067232770496 59469
1764167067266128736 59470
1764167067303787136 59471
1764167067328739136 59472
1764167067364635904 59473
1764167067404008416 59474
1764167067429825344 59475
1764167067468932768 59476
1764167067499308256 59477
1764167067537032672 59478
1764167067562250720 59479
1764167067598283680 59480
1764167067633228704 59481
1764167067665504768 59482
1764167067700106720 59483
1764167067728538048 59484
1764167067762570176 59485
1764167067795572288 59486
1764167067831432416 59487
1764167067866002592 59488
1764167067899527968 59489
1764167067932792640 59490
1764167067967805088 59491
1764167067998038784 59492
1764167068038467264 59493
1764167068066596000 59494
1764167068103583936 59495
1764167068128073504 59496
1764167068163218528 59497
1764167068199144000 59498
1764167068235629440 59499
1764167068266575552 59500
1764167068296030528 59501
1764167068331355008 59502
1764167068366453216 59503
1764167068398729024 59504
1764167068440544640 59505
1764167068476484352 59506
1764167068501002912 59507
1764167068528666880 59508
1764167068564921184 59509
1764167068607226080 59510
1764167068643602496 59511
1764167068666640544 59512
1764167068694122208 59513
1764167068731320000 59514
1764167068767827136 59515
1764167068807910016 59516
1764167068833696224 59517
1764167068868267328 59518
1764167068895458400 59519
1764167068928708832 59520
1764167068966253760 59521
1764167068999825728 59522
1764167069034960288 59523
1764167069068145184 59524
1764167069095937088 59525
1764167069129649920 59526
1764167069166458912 59527
1764167069203578240 59528
1764167069241058656 59529
1764167069266694592 59530
1764167069299912480 59531
1764167069339185056 59532
1764167069376975616 59533
1764167069403743776 59534
1764167069432202336 59535
1764167069466283840 59536
1764167069503256896 59537
1764167069530640960 59538
1764167069566869440 59539
1764167069600626304 59540
1764167069633072736 59541
1764167069671720256 59542
1764167069699058848 59543
1764167069733629088 59544
1764167069770450016 59545
1764167069795607872 59546
1764167069838591008 59547
1764167069867108064 59548
1764167069903211968 59549
1764167069938955680 59550
1764167069966713792 59551
1764167070003239776 59552
1764167070028826400 59553
1764167070070454624 59554
1764167070096035904 59555
1764167070131086592 59556
1764167070165894752 59557
1764167070195409664 59558
1764167070230046976 59559
1764167070265767008 59560
1764167070303271776 59561
1764167070329949792 59562
1764167070366761664 59563
1764167070400064352 59564
1764167070448200000 59565
1764167070476702080 59566
1764167070507957504 59567
1764167070543600384 59568
1764167070566750400 59569
1764167070603765280 59570
1764167070628557536 59571
1764167070661336640 59572
1764167070697109728 59573
1764167070735325152 59574
1764167070761792160 59575
1764167070799770784 59576
1764167070835518848 59577
1764167070861915936 59578
1764167070897568672 59579
1764167070939383360 59580
1764167070966423168 59581
1764167071000726240 59582
1764167071034567744 59583
1764167071061916960 59584
1764167071108375424 59585
1764167071133112384 59586
1764167071161352608 59587
1764167071196375936 59588
1764167071231393888 59589
1764167071265536448 59590
1764167071308040896 59591
1764167071332356896 59592
1764167071370097504 59593
1764167071394641152 59594
1764167071429350304 59595
1764167071463803232 59596
1764167071503289152 59597
1764167071529523904 59598
1764167071566309728 59599
1764167071599471808 59600
1764167071632727712 59601
1764167071666485920 59602
1764167071700473120 59603
1764167071733867392 59604
1764167071767235680 59605
1764167071801090400 59606
1764167071832973376 59607
1764167071875051168 59608
1764167071898860544 59609
1764167071934468832 59610
1764167071961312512 59611
1764167071997891104 59612
1764167072032443392 59613
1764167072066816992 59614
1764167072102452992 59615
1764167072138717152 59616
1764167072176016960 59617
1764167072200019456 59618
1764167072235578176 59619
1764167072260977952 59620
1764167072302467488 59621
1764167072332423040 59622
1764167072366821792 59623
1764167072403394144 59624
1764167072429508768 59625
1764167072464729504 59626
1764167072500220768 59627
1764167072534314816 59628
1764167072565265696 59629
1764167072602452800 59630
1764167072628194368 59631
1764167072664728960 59632
1764167072698955936 59633
1764167072734158336 59634
1764167072768622304 59635
1764167072805310048 59636
1764167072835842112 59637
1764167072863276128 59638
1764167072898195552 59639
1764167072938842176 59640
1764167072966988000 59641
1764167072995633760 59642
1764167073042305664 59643
1764167073078823808 59644
1764167073106744992 59645
1764167073132280192 59646
1764167073178871936 59647
1764167073207742112 59648
1764167073237262144 59649
1764167073265807776 59650
1764167073299303168 59651
1764167073334750688 59652
1764167073365613376 59653
1764167073400340224 59654
1764167073433247264 59655
1764167073465900512 59656
1764167073499391616 59657
1764167073538829376 59658
1764167073577369184 59659
1764167073600221088 59660
1764167073638725632 59661
1764167073667037600 59662
1764167073700712064 59663
1764167073743609696 59664
1764167073775235648 59665
1764167073802760640 59666
1764167073829701728 59667
1764167073863725280 59668
1764167073898474688 59669
1764167073932447680 59670
1764167073974488992 59671
1764167074010719136 59672
1764167074036060224 59673
1764167074063160128 59674
1764167074097479648 59675
1764167074132867040 59676
1764167074167989472 59677
1764167074195472192 59678
1764167074232517696 59679
1764167074270968640 59680
1764167074296549696 59681
1764167074330746752 59682
1764167074367445248 59683
1764167074395785600 59684
1764167074431336512 59685
1764167074465936480 59686
1764167074500630944 59687
1764167074532408416 59688
1764167074566954784 59689
1764167074595962432 59690
1764167074630295296 59691
1764167074666485120 59692
1764167074709611968 59693
1764167074734574400 59694
1764167074763455296 59695
1764167074805705024 59696
1764167074832719840 59697
1764167074871513024 59698
1764167074899634048 59699
1764167074942513664 59700
1764167074966616032 59701
1764167075000596768 59702
1764167075033556800 59703
1764167075071680160 59704
1764167075099871488 59705
1764167075133377376 59706
1764167075167717088 59707
1764167075203755968 59708
1764167075228430144 59709
1764167075262956672 59710
1764167075295015136 59711
1764167075331240992 59712
1764167075366052352 59713
1764167075401087040 59714
1764167075436742208 59715
1764167075468961504 59716
1764167075494870368 59717
1764167075532824224 59718
1764167075567510240 59719
1764167075598376896 59720
1764167075646451584 59721
1764167075671017248 59722
1764167075702282400 59723
1764167075728562016 59724
1764167075764134080 59725
1764167075802415040 59726
1764167075830654368 59727
1764167075864307936 59728
1764167075906686688 59729
1764167075945838016 59730
1764167075970785504 59731
1764167076001116320 59732
1764167076034299456 59733
1764167076071879360 59734
1764167076107382624 59735
1764167076147353600 59736
1764167076180641536 59737
1764167076247349536 59738
1764167076281245952 59739
1764167076300701632 59740
1764167076328882656 59741
1764167076349381216 59742
1764167076373964640 59743
1764167076398360128 59744
1764167076433070688 59745
1764167076464620704 59746
1764167076499523136 59747
1764167076543204000 59748
1764167076578548448 59749
1764167076596193696 59750
1764167076630739264 59751
1764167076676595456 59752
1764167076705784192 59753
1764167076733903200 59754
1764167076771788256 59755
1764167076800576352 59756
1764167076829697504 59757
1764167076865433760 59758
1764167076899859744 59759
1764167076932759456 59760
1764167076970461664 59761
1764167076998804608 59762
1764167077034288192 59763
1764167077066537408 59764
1764167077099571872 59765
1764167077133294272 59766
1764167077176757536 59767
1764167077198848544 59768
1764167077237132448 59769
1764167077262728064 59770
1764167077297286752 59771
1764167077332905408 59772
1764167077370504224 59773
1764167077399703168 59774
1764167077435101664 59775
1764167077461590624 59776
1764167077501731104 59777
1764167077529258240 59778
1764167077563664064 59779
1764167077600296608 59780
1764167077628228544 59781
1764167077663182400 59782
1764167077701139200 59783
1764167077728281824 59784
1764167077764499424 59785
1764167077799142816 59786
1764167077832967936 59787
1764167077865253408 59788
1764167077894724992 59789
1764167077935566496 59790
1764167077962341088 59791
1764167077997699616 59792
1764167078031221024 59793
1764167078067519104 59794
1764167078099637472 59795
1764167078143895488 59796
1764167078169296672 59797
1764167078207205472 59798
1764167078235152864 59799
1764167078261415904 59800
1764167078295085120 59801
1764167078333024096 59802
1764167078362207904 59803
1764167078399212704 59804
1764167078431777152 59805
1764167078471773248 59806
1764167078500773632 59807
1764167078538508576 59808
1764167078576374720 59809
1764167078599617856 59810
1764167078627396352 59811
1764167078662723424 59812
1764167078698323936 59813
1764167078734754016 59814
1764167078762321824 59815
1764167078799911872 59816
1764167078828676320 59817
1764167078874354400 59818
1764167078914078112 59819
1764167078934669088 59820
1764167078963439296 59821
1764167078999896256 59822
1764167079035475360 59823
1764167079061766112 59824
1764167079096521248 59825
1764167079132686912 59826
1764167079166788768 59827
1764167079204651808 59828
1764167079231641344 59829
1764167079267935136 59830
1764167079300864896 59831
1764167079331008928 59832
1764167079365302976 59833
1764167079400476224 59834
1764167079434943136 59835
1764167079463532960 59836
1764167079499205632 59837
1764167079528075072 59838
1764167079572374304 59839
1764167079611731712 59840
1764167079634570912 59841
1764167079663004992 59842
1764167079698799744 59843
1764167079731889632 59844
1764167079766774368 59845
1764167079794703520 59846
1764167079832090688 59847
1764167079865998368 59848
1764167079894453696 59849
1764167079942774336 59850
1764167079975814144 59851
1764167079999902336 59852
1764167080032921824 59853
1764167080061823136 59854
1764167080098413888 59855
1764167080130876288 59856
1764167080161292576 59857
1764167080197254336 59858
1764167080236774624 59859
1764167080262938784 59860
1764167080298013600 59861
1764167080335503424 59862
1764167080364679040 59863
1764167080399954784 59864
1764167080432981024 59865
1764167080465338400 59866
1764167080498239776 59867
1764167080535383872 59868
1764167080575215648 59869
1764167080599195424 59870
1764167080632758560 59871
1764167080666310400 59872
1764167080700032960 59873
1764167080734531744 59874
1764167080765837888 59875
1764167080799717632 59876
1764167080828330016 59877
1764167080862096096 59878
1764167080897769696 59879
1764167080929683520 59880
1764167080961991552 59881
1764167080996508128 59882
1764167081031762592 59883
1764167081061770784 59884
1764167081096477888 59885
1764167081132341600 59886
1764167081166935360 59887
1764167081196792128 59888
1764167081235866720 59889
1764167081266086080 59890
1764167081301601216 59891
1764167081345616032 59892
1764167081388635008 59893
1764167081438251008 59894
1764167081472772320 59895
1764167081524044768 59896
1764167081557733408 59897
1764167081586654688 59898
1764167081621231072 59899
1764167081649108384 59900
1764167081685145312 59901
1764167081716309856 59902
1764167081753603520 59903
1764167081784786432 59904
1764167081831007584 59905
1764167081851149344 59906
1764167081875873440 59907
1764167081898018144 59908
1764167081915437024 59909
1764167081939993824 59910
1764167081969364000 59911
1764167081997804672 59912
1764167082032977632 59913
1764167082060897728 59914
1764167082095945952 59915
1764167082134941472 59916
1764167082161164704 59917
1764167082197185344 59918
1764167082244658688 59919
1764167082271025504 59920
1764167082305883776 59921
1764167082331541632 59922
1764167082367452704 59923
1764167082403065824 59924
1764167082428866656 59925
1764167082464919904 59926
1764167082504361504 59927
1764167082549782528 59928
1764167082580705728 59929
1764167082602032736 59930
1764167082628003872 59931
1764167082665962816 59932
1764167082700563136 59933
1764167082734107232 59934
1764167082762002016 59935
1764167082799207264 59936
1764167082828329056 59937
1764167082863761952 59938
1764167082900317280 59939
1764167082932498464 59940
1764167082961547744 59941
1764167082999680448 59942
1764167083032769600 59943
1764167083067013024 59944
1764167083103503040 59945
1764167083140247520 59946
1764167083166357568 59947
1764167083211209056 59948
1764167083233290944 59949
1764167083270452992 59950
1764167083294812864 59951
1764167083331655872 59952
1764167083367532416 59953
1764167083399041408 59954
1764167083431975232 59955
1764167083465551040 59956
1764167083503768960 59957
1764167083542612480 59958
1764167083565149920 59959
1764167083599313664 59960
1764167083628438144 59961
1764167083663193824 59962
1764167083699104064 59963
1764167083735420576 59964
1764167083770927168 59965
1764167083796539296 59966
1764167083832248256 59967
1764167083862137024 59968
1764167083903521760 59969
1764167083936632576 59970
1764167083962425472 59971
1764167083997901504 59972
1764167084032039360 59973
1764167084066834048 59974
1764167084094161408 59975
1764167084131062976 59976
1764167084167012832 59977
1764167084200233152 59978
1764167084227622112 59979
1764167084263651552 59980
1764167084302466272 59981
1764167084329058144 59982
1764167084364047264 59983
1764167084399526080 59984
1764167084433487040 59985
1764167084467535584 59986
1764167084501466816 59987
1764167084539146176 59988
1764167084567028672 59989
1764167084598270816 59990
1764167084632609280 59991
1764167084661599808 59992
1764167084698390944 59993
1764167084735595168 59994
1764167084762933536 59995
1764167084800095808 59996
1764167084832230656 59997
1764167084866959488 59998
1764167084900134432 59999
1764167084942638144 60000
1764167084967722592 60001
1764167085002790496 60002
1764167085030428576 60003
1764167085064202176 60004
1764167085104812704 60005
1764167085136203008 60006
1764167085162417344 60007
1764167085209612896 60008
1764167085231311840 60009
1764167085267514752 60010
1764167085295810112 60011
1764167085335808000 60012
1764167085377616128 60013
1764167085404622752 60014
1764167085433323008 60015
1764167085467667968 60016
1764167085494972128 60017
1764167085529139520 60018
1764167085570435680 60019
1764167085595506048 60020
1764167085631808064 60021
1764167085678462752 60022
1764167085700221856 60023
1764167085732861600 60024
1764167085763008544 60025
1764167085803470528 60026
1764167085843850944 60027
1764167085866781312 60028
1764167085905329600 60029
1764167085932612960 60030
1764167085961706528 60031
1764167085999565184 60032
1764167086035265088 60033
1764167086061030976 60034
1764167086100375232 60035
1764167086135083680 60036
1764167086161917888 60037
1764167086199554432 60038
1764167086241493760 60039
1764167086266373536 60040
1764167086303621120 60041
1764167086345781280 60042
1764167086365784928 60043
1764167086400002208 60044
1764167086432762944 60045
1764167086466163616 60046
1764167086507549408 60047
1764167086532540160 60048
1764167086566646432 60049
1764167086599820960 60050
1764167086627776544 60051
1764167086662183968 60052
1764167086699873472 60053
1764167086733945728 60054
1764167086770804992 60055
1764167086795205472 60056
1764167086831035008 60057
1764167086867734496 60058
1764167086895662400 60059
1764167086931516352 60060
1764167086974488672 60061
1764167086998657664 60062
1764167087035889248 60063
1764167087067024928 60064
1764167087100840256 60065
1764167087139390368 60066
1764167087165622240 60067
1764167087194094656 60068
1764167087228928608 60069
1764167087263909280 60070
1764167087303514144 60071
1764167087328631456 60072
1764167087370807200 60073
1764167087396149120 60074
1764167087431599680 60075
1764167087467386272 60076
1764167087499032288 60077
1764167087532504832 60078
1764167087563101664 60079
1764167087605042464 60080
1764167087633763264 60081
1764167087661504704 60082
1764167087699447392 60083
1764167087728827424 60084
1764167087769897152 60085
1764167087800051552 60086
1764167087839433024 60087
1764167087870222112 60088
1764167087903267328 60089
1764167087935369312 60090
1764167087965949664 60091
1764167087999044096 60092
1764167088027988160 60093
1764167088063535648 60094
1764167088111704672 60095
1764167088134065024 60096
1764167088167489472 60097
1764167088200201088 60098
1764167088244996000 60099
1764167088264947456 60100
1764167088306475616 60101
1764167088348770720 60102
1764167088367499808 60103
1764167088394361504 60104
1764167088438179424 60105
1764167088491256992 60106
1764167088531572448 60107
1764167088547990208 60108
1764167088578329376 60109
1764167088598178912 60110
1764167088628217376 60111
1764167088664331104 60112
1764167088699930560 60113
1764167088735886976 60114
1764167088766557184 60115
1764167088798813728 60116
1764167088833657376 60117
1764167088863351232 60118
1764167088897975744 60119
1764167088933645504 60120
1764167088962825216 60121
1764167088997667424 60122
1764167089033307840 60123
1764167089069383456 60124
1764167089097047584 60125
1764167089131218272 60126
1764167089166436064 60127
1764167089200279904 60128
1764167089237902080 60129
1764167089266144736 60130
1764167089294435616 60131
1764167089335614880 60132
1764167089362504992 60133
1764167089399116192 60134
1764167089433943200 60135
1764167089460755296 60136
1764167089495424480 60137
1764167089530858080 60138
1764167089565129920 60139
1764167089599199360 60140
1764167089632384832 60141
1764167089667799872 60142
1764167089694937792 60143
1764167089736510880 60144
1764167089762088800 60145
1764167089804343584 60146
1764167089835148704 60147
1764167089863409696 60148
1764167089897588928 60149
1764167089938677792 60150
1764167089966048160 60151
1764167090004600864 60152
1764167090043111424 60153
1764167090066573376 60154
1764167090099259296 60155
1764167090135271072 60156
1764167090161734560 60157
1764167090196380672 60158
1764167090231917472 60159
1764167090266839552 60160
1764167090294500640 60161
1764167090328654688 60162
1764167090363918848 60163
1764167090399752960 60164
1764167090434435168 60165
1764167090460831680 60166
1764167090497644736 60167
1764167090535473536 60168
1764167090575597568 60169
1764167090601193376 60170
1764167090628027776 60171
1764167090662771616 60172
1764167090699458752 60173
1764167090734472608 60174
1764167090761847680 60175
1764167090806487520 60176
1764167090831980224 60177
1764167090865810144 60178
1764167090899271264 60179
1764167090940209120 60180
1764167090965329920 60181
1764167090998872128 60182
1764167091031097536 60183
1764167091066692384 60184
1764167091105714336 60185
1764167091143245312 60186
1764167091167798400 60187
1764167091193590816 60188
1764167091234122912 60189
1764167091262445600 60190
1764167091302702496 60191
1764167091328211616 60192
1764167091366756256 60193
1764167091394284928 60194
1764167091431505216 60195
1764167091467856384 60196
1764167091505300352 60197
1764167091531323904 60198
1764167091570056128 60199
1764167091615663200 60200
1764167091632606752 60201
1764167091671157888 60202
1764167091698281664 60203
1764167091734450336 60204
1764167091761253280 60205
1764167091798954592 60206
1764167091832804224 60207
1764167091860791424 60208
1764167091897301472 60209
