107491 3621935084 1764164700080.847900 1764164700081 1764164700088
107492 3621968428 1764164700114.192871 1764164700114 1764164700121
107493 3622001772 1764164700147.537842 1764164700147 1764164700154
107494 3622035116 1764164700180.882812 1764164700181 1764164700188
107495 3622068460 1764164700214.227539 1764164700213 1764164700221
107496 3622101804 1764164700247.572510 1764164700247 1764164700254
107497 3622135148 1764164700280.917236 1764164700281 1764164700288
107498 3622168491 1764164700314.260986 1764164700313 1764164700321
107499 3622201835 1764164700347.605957 1764164700347 1764164700354
107500 3622235179 1764164700380.950684 1764164700381 1764164700388
107501 3622268523 1764164700414.295410 1764164700413 1764164700421
107502 3622301867 1764164700447.640137 1764164700447 1764164700454
107503 3622335211 1764164700480.984863 1764164700481 1764164700488
107504 3622368555 1764164700514.329590 1764164700513 1764164700521
107505 3622401899 1764164700547.674316 1764164700548 1764164700555
107506 3622435243 1764164700581.019043 1764164700581 1764164700588
107507 3622468587 1764164700614.363770 1764164700614 1764164700621
107508 3622501931 1764164700647.708252 1764164700647 1764164700654
107509 3622535275 1764164700681.052979 1764164700681 1764164700688
107510 3622568619 1764164700714.397461 1764164700714 1764164700721
107511 3622601962 1764164700747.741211 1764164700747 1764164700754
107512 3622635306 1764164700781.085693 1764164700781 1764164700788
107513 3622668650 1764164700814.430908 1764164700814 1764164700821
107514 3622701994 1764164700847.775879 1764164700847 1764164700855
107515 3622735338 1764164700881.120850 1764164700881 1764164700888
107516 3622768682 1764164700914.465820 1764164700914 1764164700921
107517 3622802026 1764164700947.810791 1764164700948 1764164700955
107518 3622835370 1764164700981.155762 1764164700980 1764164700988
107519 3622868714 1764164701014.500732 1764164701014 1764164701021
107520 3622902058 1764164701047.845459 1764164701048 1764164701055
107521 3622935402 1764164701081.190430 1764164701080 1764164701088
107522 3622968746 1764164701114.535400 1764164701114 1764164701121
107523 3623002090 1764164701147.880127 1764164701148 1764164701155
107524 3623035434 1764164701181.225098 1764164701180 1764164701188
107525 3623068777 1764164701214.568848 1764164701214 1764164701221
107526 3623102121 1764164701247.913818 1764164701248 1764164701255
107527 3623135465 1764164701281.258545 1764164701280 1764164701288
107528 3623168809 1764164701314.603271 1764164701314 1764164701321
107529 3623202153 1764164701347.947998 1764164701348 1764164701355
107530 3623235497 1764164701381.292725 1764164701381 1764164701388
107531 3623268841 1764164701414.637695 1764164701414 1764164701421
107532 3623302185 1764164701447.982422 1764164701448 1764164701455
107533 3623335529 1764164701481.326904 1764164701481 1764164701488
107534 3623368873 1764164701514.671631 1764164701515 1764164701522
107535 3623402217 1764164701548.016357 1764164701548 1764164701555
107536 3623435561 1764164701581.361084 1764164701581 1764164701588
107537 3623468905 1764164701614.705566 1764164701615 1764164701622
107538 3623502248 1764164701648.049316 1764164701648 1764164701655
107539 3623535592 1764164701681.393799 1764164701681 1764164701688
107540 3623568936 1764164701714.738525 1764164701715 1764164701722
107541 3623602280 1764164701748.083008 1764164701748 1764164701755
107542 3623635624 1764164701781.427734 1764164701781 1764164701788
107543 3623668968 1764164701814.772705 1764164701815 1764164701822
107544 3623702312 1764164701848.117676 1764164701847 1764164701855
107545 3623735656 1764164701881.462646 1764164701881 1764164701888
107546 3623769000 1764164701914.807617 1764164701915 1764164701922
107547 3623802344 1764164701948.152588 1764164701947 1764164701955
107548 3623835688 1764164701981.497559 1764164701981 1764164701988
107549 3623869032 1764164702014.842529 1764164702015 1764164702022
107550 3623902376 1764164702048.187500 1764164702047 1764164702055
107551 3623935719 1764164702081.531494 1764164702081 1764164702088
107552 3623969063 1764164702114.876465 1764164702115 1764164702122
107553 3624002407 1764164702148.221191 1764164702147 1764164702155
107554 3624035751 1764164702181.566162 1764164702182 1764164702189
107555 3624069095 1764164702214.910889 1764164702215 1764164702222
107556 3624102439 1764164702248.255859 1764164702247 1764164702255
107557 3624135783 1764164702281.600586 1764164702281 1764164702288
107558 3624169127 1764164702314.945312 1764164702315 1764164702322
107559 3624202471 1764164702348.290283 1764164702348 1764164702355
107560 3624235815 1764164702381.635010 1764164702381 1764164702388
107561 3624269159 1764164702414.979736 1764164702415 1764164702422
107562 3624302503 1764164702448.324463 1764164702448 1764164702455
107563 3624335847 1764164702481.669189 1764164702481 1764164702488
107564 3624369191 1764164702515.013916 1764164702515 1764164702522
107565 3624402534 1764164702548.357666 1764164702548 1764164702555
107566 3624435878 1764164702581.702148 1764164702581 1764164702588
107567 3624469222 1764164702615.046875 1764164702615 1764164702622
107568 3624502566 1764164702648.391602 1764164702648 1764164702655
107569 3624535910 1764164702681.736084 1764164702681 1764164702688
107570 3624569254 1764164702715.080811 1764164702715 1764164702722
107571 3624602598 1764164702748.425293 1764164702748 1764164702755
107572 3624635942 1764164702781.770020 1764164702782 1764164702789
107573 3624669286 1764164702815.114258 1764164702815 1764164702822
107574 3624702630 1764164702848.458740 1764164702848 1764164702855
107575 3624735974 1764164702881.802979 1764164702882 1764164702889
107576 3624769318 1764164702915.147217 1764164702914 1764164702922
107577 3624802662 1764164702948.491455 1764164702948 1764164702955
107578 3624836005 1764164702981.834717 1764164702982 1764164702989
107579 3624869349 1764164703015.178955 1764164703014 1764164703022
107580 3624902693 1764164703048.523193 1764164703048 1764164703055
107581 3624936037 1764164703081.867432 1764164703082 1764164703089
107582 3624969381 1764164703115.211426 1764164703114 1764164703122
107583 3625002725 1764164703148.555664 1764164703148 1764164703155
107584 3625036069 1764164703181.899902 1764164703182 1764164703189
107585 3625069413 1764164703215.243896 1764164703214 1764164703222
107586 3625102757 1764164703248.587891 1764164703248 1764164703255
107587 3625136101 1764164703281.932129 1764164703282 1764164703289
107588 3625169445 1764164703315.276123 1764164703314 1764164703322
107589 3625202789 1764164703348.620117 1764164703348 1764164703355
107590 3625236133 1764164703381.964111 1764164703382 1764164703389
107591 3625269476 1764164703415.307129 1764164703414 1764164703422
107592 3625302820 1764164703448.651123 1764164703448 1764164703455
107593 3625336164 1764164703481.994873 1764164703482 1764164703489
107594 3625369508 1764164703515.338867 1764164703514 1764164703522
107595 3625402852 1764164703548.682861 1764164703548 1764164703555
107596 3625436196 1764164703582.026611 1764164703582 1764164703589
107597 3625469540 1764164703615.370605 1764164703615 1764164703622
107598 3625502884 1764164703648.714355 1764164703649 1764164703656
107599 3625536228 1764164703682.058105 1764164703682 1764164703689
107600 3625569572 1764164703715.402100 1764164703715 1764164703722
107601 3625602916 1764164703748.745850 1764164703749 1764164703756
107602 3625636260 1764164703782.089600 1764164703782 1764164703789
107603 3625669604 1764164703815.434570 1764164703815 1764164703822
107604 3625702948 1764164703848.779297 1764164703848 1764164703855
107605 3625736291 1764164703882.123291 1764164703882 1764164703889
107606 3625769635 1764164703915.468018 1764164703915 1764164703922
107607 3625802979 1764164703948.812988 1764164703948 1764164703955
107608 3625836323 1764164703982.157715 1764164703982 1764164703989
107609 3625869667 1764164704015.502686 1764164704015 1764164704022
107610 3625903011 1764164704048.847412 1764164704049 1764164704056
107611 3625936355 1764164704082.192139 1764164704081 1764164704089
107612 3625969699 1764164704115.536865 1764164704115 1764164704122
107613 3626003043 1764164704148.881592 1764164704149 1764164704156
107614 3626036387 1764164704182.226318 1764164704182 1764164704189
107615 3626069731 1764164704215.571045 1764164704215 1764164704222
107616 3626103075 1764164704248.915771 1764164704249 1764164704256
107617 3626136419 1764164704282.260498 1764164704281 1764164704289
107618 3626169762 1764164704315.604004 1764164704315 1764164704322
107619 3626203106 1764164704348.948730 1764164704349 1764164704356
107620 3626236450 1764164704382.293457 1764164704381 1764164704389
107621 3626269794 1764164704415.637939 1764164704415 1764164704422
107622 3626303138 1764164704448.982422 1764164704449 1764164704456
107623 3626336482 1764164704482.327148 1764164704481 1764164704489
107624 3626369826 1764164704515.671631 1764164704515 1764164704522
107625 3626403170 1764164704549.016113 1764164704549 1764164704556
107626 3626436514 1764164704582.360596 1764164704581 1764164704589
107627 3626469858 1764164704615.705078 1764164704615 1764164704622
107628 3626503202 1764164704649.049561 1764164704649 1764164704656
107629 3626536546 1764164704682.394043 1764164704681 1764164704689
107630 3626569890 1764164704715.738525 1764164704715 1764164704722
107631 3626603233 1764164704749.082031 1764164704749 1764164704756
107632 3626636577 1764164704782.426514 1764164704781 1764164704789
107633 3626669921 1764164704815.769043 1764164704815 1764164704822
107634 3626703265 1764164704849.111572 1764164704849 1764164704856
107635 3626736609 1764164704882.453857 1764164704882 1764164704889
107636 3626769953 1764164704915.796387 1764164704915 1764164704922
107637 3626803297 1764164704949.138672 1764164704949 1764164704956
107638 3626836641 1764164704982.481201 1764164704982 1764164704989
107639 3626869985 1764164705015.823486 1764164705015 1764164705022
107640 3626903329 1764164705049.165771 1764164705049 1764164705056
107641 3626936673 1764164705082.508057 1764164705082 1764164705089
107642 3626970017 1764164705115.850342 1764164705115 1764164705122
107643 3627003361 1764164705149.192383 1764164705149 1764164705156
107644 3627036705 1764164705182.534668 1764164705182 1764164705189
107645 3627070048 1764164705215.875732 1764164705215 1764164705222
107646 3627103392 1764164705249.218018 1764164705248 1764164705256
107647 3627136736 1764164705282.560059 1764164705282 1764164705289
107648 3627170080 1764164705315.902100 1764164705316 1764164705323
107649 3627203424 1764164705349.244141 1764164705349 1764164705356
107650 3627236768 1764164705382.585938 1764164705382 1764164705389
107651 3627270112 1764164705415.927979 1764164705416 1764164705423
107652 3627303456 1764164705449.270020 1764164705448 1764164705456
107653 3627336800 1764164705482.611816 1764164705482 1764164705489
107654 3627370144 1764164705515.953613 1764164705516 1764164705523
107655 3627403488 1764164705549.295410 1764164705548 1764164705556
107656 3627436832 1764164705582.637207 1764164705582 1764164705589
107657 3627470176 1764164705615.979004 1764164705616 1764164705623
107658 3627503519 1764164705649.319824 1764164705648 1764164705656
107659 3627536863 1764164705682.661377 1764164705682 1764164705689
107660 3627570207 1764164705716.003174 1764164705716 1764164705723
107661 3627603551 1764164705749.344727 1764164705748 1764164705756
107662 3627636895 1764164705782.686279 1764164705782 1764164705789
107663 3627670239 1764164705816.028809 1764164705816 1764164705823
107664 3627703583 1764164705849.371338 1764164705848 1764164705856
107665 3627736927 1764164705882.713867 1764164705882 1764164705889
107666 3627770271 1764164705916.056396 1764164705916 1764164705923
107667 3627803615 1764164705949.398682 1764164705948 1764164705956
107668 3627836959 1764164705982.741211 1764164705982 1764164705989
107669 3627870303 1764164706016.083496 1764164706016 1764164706023
107670 3627903647 1764164706049.425781 1764164706048 1764164706056
107671 3627936990 1764164706082.767090 1764164706082 1764164706089
107672 3627970334 1764164706116.109375 1764164706116 1764164706123
107673 3628003678 1764164706149.451660 1764164706149 1764164706156
107674 3628037022 1764164706182.793945 1764164706182 1764164706189
107675 3628070366 1764164706216.135986 1764164706216 1764164706223
107676 3628103710 1764164706249.478271 1764164706249 1764164706256
107677 3628137054 1764164706282.820312 1764164706282 1764164706289
107678 3628170398 1764164706316.162354 1764164706316 1764164706323
107679 3628203742 1764164706349.504395 1764164706349 1764164706356
107680 3628237086 1764164706382.846436 1764164706382 1764164706389
107681 3628270430 1764164706416.188477 1764164706416 1764164706423
107682 3628303774 1764164706449.530518 1764164706449 1764164706456
107683 3628337118 1764164706482.872314 1764164706483 1764164706490
107684 3628370462 1764164706516.214355 1764164706516 1764164706523
107685 3628403805 1764164706549.555176 1764164706549 1764164706557
107686 3628437149 1764164706582.896973 1764164706582 1764164706590
107687 3628470493 1764164706616.238770 1764164706616 1764164706623
107688 3628503837 1764164706649.580566 1764164706649 1764164706656
107689 3628537181 1764164706682.922119 1764164706683 1764164706690
107690 3628570525 1764164706716.263916 1764164706715 1764164706723
107691 3628603869 1764164706749.605469 1764164706749 1764164706756
107692 3628637213 1764164706782.947266 1764164706783 1764164706790
107693 3628670557 1764164706816.287842 1764164706815 1764164706823
107694 3628703901 1764164706849.628174 1764164706849 1764164706856
107695 3628737245 1764164706882.968750 1764164706883 1764164706890
107696 3628770589 1764164706916.309082 1764164706915 1764164706923
107697 3628803933 1764164706949.649414 1764164706949 1764164706956
107698 3628837276 1764164706982.988770 1764164706983 1764164706990
107699 3628870620 1764164707016.329102 1764164707016 1764164707024
107700 3628903964 1764164707049.669189 1764164707050 1764164707057
107701 3628937308 1764164707083.009277 1764164707083 1764164707090
107702 3628970652 1764164707116.349609 1764164707115 1764164707123
107703 3629003996 1764164707149.689697 1764164707149 1764164707156
107704 3629037340 1764164707183.029541 1764164707183 1764164707190
107705 3629070684 1764164707216.369629 1764164707215 1764164707223
107706 3629104028 1764164707249.709473 1764164707249 1764164707256
107707 3629137372 1764164707283.049561 1764164707283 1764164707290
107708 3629170716 1764164707316.389404 1764164707315 1764164707323
107709 3629204060 1764164707349.729248 1764164707349 1764164707356
107710 3629237404 1764164707383.068848 1764164707383 1764164707390
107711 3629270747 1764164707416.407715 1764164707416 1764164707423
107712 3629304091 1764164707449.747314 1764164707449 1764164707456
107713 3629337435 1764164707483.086914 1764164707483 1764164707490
107714 3629370779 1764164707516.426514 1764164707516 1764164707523
107715 3629404123 1764164707549.766113 1764164707550 1764164707557
107716 3629437467 1764164707583.105713 1764164707583 1764164707590
107717 3629470811 1764164707616.445068 1764164707616 1764164707623
107718 3629504155 1764164707649.784668 1764164707649 1764164707656
107719 3629537499 1764164707683.124023 1764164707683 1764164707690
107720 3629570843 1764164707716.463379 1764164707716 1764164707723
107721 3629604187 1764164707749.802490 1764164707750 1764164707757
107722 3629637531 1764164707783.141846 1764164707783 1764164707790
107723 3629670875 1764164707816.481934 1764164707816 1764164707823
107724 3629704219 1764164707849.821777 1764164707850 1764164707857
107725 3629737562 1764164707883.160645 1764164707882 1764164707890
107726 3629770906 1764164707916.500488 1764164707916 1764164707923
107727 3629804250 1764164707949.840332 1764164707950 1764164707957
107728 3629837594 1764164707983.180176 1764164707982 1764164707990
107729 3629870938 1764164708016.519775 1764164708016 1764164708023
107730 3629904282 1764164708049.859619 1764164708050 1764164708057
107731 3629937626 1764164708083.199219 1764164708082 1764164708090
107732 3629970970 1764164708116.538818 1764164708116 1764164708123
107733 3630004314 1764164708149.878174 1764164708150 1764164708157
107734 3630037658 1764164708183.217773 1764164708182 1764164708190
107735 3630071002 1764164708216.557129 1764164708216 1764164708223
107736 3630104346 1764164708249.896484 1764164708250 1764164708257
107737 3630137690 1764164708283.235840 1764164708282 1764164708290
107738 3630171033 1764164708316.574219 1764164708316 1764164708324
107739 3630204377 1764164708349.913330 1764164708350 1764164708357
107740 3630237721 1764164708383.252686 1764164708382 1764164708390
107741 3630271065 1764164708416.591797 1764164708416 1764164708423
107742 3630304409 1764164708449.930908 1764164708450 1764164708457
107743 3630337753 1764164708483.270020 1764164708482 1764164708490
107744 3630371097 1764164708516.608887 1764164708516 1764164708523
107745 3630404441 1764164708549.947998 1764164708549 1764164708557
107746 3630437785 1764164708583.286865 1764164708582 1764164708590
107747 3630471129 1764164708616.625732 1764164708616 1764164708623
107748 3630504473 1764164708649.964600 1764164708650 1764164708657
107749 3630537817 1764164708683.303223 1764164708683 1764164708690
107750 3630571161 1764164708716.642090 1764164708716 1764164708723
107751 3630604504 1764164708749.979736 1764164708749 1764164708757
107752 3630637848 1764164708783.318359 1764164708783 1764164708790
107753 3630671192 1764164708816.657959 1764164708816 1764164708823
107754 3630704536 1764164708849.997559 1764164708850 1764164708857
107755 3630737880 1764164708883.337158 1764164708883 1764164708890
107756 3630771224 1764164708916.676514 1764164708916 1764164708923
107757 3630804568 1764164708950.016113 1764164708950 1764164708957
107758 3630837912 1764164708983.355469 1764164708983 1764164708990
107759 3630871256 1764164709016.694824 1764164709016 1764164709023
107760 3630904600 1764164709050.033936 1764164709050 1764164709057
107761 3630937944 1764164709083.373291 1764164709083 1764164709090
107762 3630971288 1764164709116.712402 1764164709116 1764164709123
107763 3631004632 1764164709150.051514 1764164709150 1764164709157
107764 3631037976 1764164709183.390625 1764164709183 1764164709190
107765 3631071319 1764164709216.728760 1764164709217 1764164709224
107766 3631104663 1764164709250.067871 1764164709250 1764164709257
107767 3631138007 1764164709283.406738 1764164709283 1764164709290
107768 3631171351 1764164709316.745605 1764164709317 1764164709324
107769 3631204695 1764164709350.084473 1764164709349 1764164709357
107770 3631238039 1764164709383.423340 1764164709383 1764164709390
107771 3631271383 1764164709416.762207 1764164709417 1764164709424
107772 3631304727 1764164709450.100830 1764164709449 1764164709457
107773 3631338071 1764164709483.439697 1764164709483 1764164709490
107774 3631371415 1764164709516.778320 1764164709517 1764164709524
107775 3631404759 1764164709550.116943 1764164709549 1764164709557
107776 3631438103 1764164709583.455322 1764164709583 1764164709590
107777 3631471447 1764164709616.793945 1764164709617 1764164709624
107778 3631504790 1764164709650.131348 1764164709649 1764164709657
107779 3631538134 1764164709683.469727 1764164709683 1764164709690
107780 3631571478 1764164709716.808105 1764164709717 1764164709724
107781 3631604822 1764164709750.146484 1764164709749 1764164709757
107782 3631638166 1764164709783.484863 1764164709783 1764164709790
107783 3631671510 1764164709816.823975 1764164709817 1764164709824
107784 3631704854 1764164709850.163330 1764164709849 1764164709857
107785 3631738198 1764164709883.502441 1764164709883 1764164709890
107786 3631771542 1764164709916.841553 1764164709917 1764164709924
107787 3631804886 1764164709950.180664 1764164709950 1764164709962
107788 3631838230 1764164709983.519531 1764164709983 1764164709990
107789 3631871574 1764164710016.858643 1764164710017 1764164710024
107790 3631904918 1764164710050.197510 1764164710050 1764164710057
107791 3631938261 1764164710083.535400 1764164710083 1764164710090
107792 3631971605 1764164710116.874268 1764164710117 1764164710124
107793 3632004949 1764164710150.212891 1764164710150 1764164710157
107794 3632038293 1764164710183.551758 1764164710183 1764164710190
107795 3632071637 1764164710216.890381 1764164710217 1764164710224
107796 3632104981 1764164710250.229004 1764164710250 1764164710257
107797 3632138325 1764164710283.567627 1764164710283 1764164710290
107798 3632171669 1764164710316.906006 1764164710317 1764164710324
107799 3632205013 1764164710350.244629 1764164710350 1764164710357
107800 3632238357 1764164710383.583008 1764164710384 1764164710391
107801 3632271701 1764164710416.921387 1764164710417 1764164710424
107802 3632305045 1764164710450.259766 1764164710450 1764164710457
107803 3632338389 1764164710483.598145 1764164710484 1764164710491
107804 3632371733 1764164710516.936279 1764164710516 1764164710524
107805 3632405076 1764164710550.273438 1764164710550 1764164710557
107806 3632438420 1764164710583.611816 1764164710584 1764164710591
107807 3632471764 1764164710616.949707 1764164710616 1764164710624
107808 3632505108 1764164710650.287842 1764164710650 1764164710657
107809 3632538452 1764164710683.625977 1764164710684 1764164710691
107810 3632571796 1764164710716.963867 1764164710716 1764164710724
107811 3632605140 1764164710750.301758 1764164710750 1764164710757
107812 3632638484 1764164710783.639648 1764164710784 1764164710791
107813 3632671828 1764164710816.978516 1764164710816 1764164710824
107814 3632705172 1764164710850.317383 1764164710850 1764164710858
107815 3632738516 1764164710883.656006 1764164710884 1764164710891
107816 3632771860 1764164710916.994629 1764164710916 1764164710924
107817 3632805204 1764164710950.333252 1764164710950 1764164710957
107818 3632838547 1764164710983.670898 1764164710984 1764164710991
107819 3632871891 1764164711017.009521 1764164711016 1764164711024
107820 3632905235 1764164711050.347900 1764164711050 1764164711057
107821 3632938579 1764164711083.686279 1764164711084 1764164711091
107822 3632971923 1764164711117.024658 1764164711116 1764164711124
107823 3633005267 1764164711150.363037 1764164711150 1764164711157
107824 3633038611 1764164711183.701416 1764164711184 1764164711191
107825 3633071955 1764164711217.039551 1764164711217 1764164711224
107826 3633105299 1764164711250.377930 1764164711250 1764164711257
107827 3633138643 1764164711283.716064 1764164711284 1764164711291
107828 3633171987 1764164711317.053955 1764164711317 1764164711324
107829 3633205331 1764164711350.392090 1764164711350 1764164711357
107830 3633238675 1764164711383.729980 1764164711384 1764164711391
107831 3633272018 1764164711417.067139 1764164711417 1764164711424
107832 3633305362 1764164711450.405029 1764164711451 1764164711458
107833 3633338706 1764164711483.742676 1764164711484 1764164711491
107834 3633372050 1764164711517.080566 1764164711517 1764164711524
107835 3633405394 1764164711550.418457 1764164711550 1764164711557
107836 3633438738 1764164711583.756104 1764164711584 1764164711591
107837 3633472082 1764164711617.093750 1764164711617 1764164711624
107838 3633505426 1764164711650.431396 1764164711651 1764164711658
107839 3633538770 1764164711683.768799 1764164711684 1764164711691
107840 3633572114 1764164711717.106445 1764164711717 1764164711724
107841 3633605458 1764164711750.443848 1764164711751 1764164711758
107842 3633638802 1764164711783.781250 1764164711783 1764164711791
107843 3633672146 1764164711817.130371 1764164711817 1764164711824
107844 3633705490 1764164711850.479736 1764164711851 1764164711858
107845 3633738833 1764164711883.828125 1764164711883 1764164711891
107846 3633772177 1764164711917.177734 1764164711917 1764164711924
107847 3633805521 1764164711950.527100 1764164711951 1764164711958
107848 3633838865 1764164711983.876709 1764164711983 1764164711991
107849 3633872209 1764164712017.226562 1764164712017 1764164712024
107850 3633905553 1764164712050.576416 1764164712051 1764164712058
107851 3633938897 1764164712083.926270 1764164712083 1764164712091
107852 3633972241 1764164712117.276123 1764164712117 1764164712124
107853 3634005585 1764164712150.626221 1764164712151 1764164712158
107854 3634038929 1764164712183.976562 1764164712183 1764164712191
107855 3634072273 1764164712217.326660 1764164712217 1764164712224
107856 3634105617 1764164712250.677002 1764164712251 1764164712258
107857 3634138961 1764164712284.027588 1764164712283 1764164712291
107858 3634172304 1764164712317.376953 1764164712317 1764164712324
107859 3634205648 1764164712350.727539 1764164712351 1764164712358
107860 3634238992 1764164712384.078125 1764164712383 1764164712391
107861 3634272336 1764164712417.428955 1764164712417 1764164712424
107862 3634305680 1764164712450.779785 1764164712451 1764164712458
107863 3634339024 1764164712484.130859 1764164712484 1764164712491
107864 3634372368 1764164712517.481934 1764164712517 1764164712524
107865 3634405712 1764164712550.833008 1764164712551 1764164712558
107866 3634439056 1764164712584.184082 1764164712584 1764164712591
107867 3634472400 1764164712617.535400 1764164712617 1764164712624
107868 3634505744 1764164712650.886719 1764164712651 1764164712658
107869 3634539088 1764164712684.238281 1764164712684 1764164712691
107870 3634572432 1764164712717.589844 1764164712717 1764164712724
107871 3634605775 1764164712750.940430 1764164712751 1764164712758
107872 3634639119 1764164712784.291992 1764164712784 1764164712791
107873 3634672463 1764164712817.635742 1764164712817 1764164712824
107874 3634705807 1764164712850.979492 1764164712851 1764164712858
107875 3634739151 1764164712884.322998 1764164712884 1764164712891
107876 3634772495 1764164712917.666748 1764164712918 1764164712925
107877 3634805839 1764164712951.010498 1764164712951 1764164712958
107878 3634839183 1764164712984.354004 1764164712984 1764164712991
107879 3634872527 1764164713017.697754 1764164713018 1764164713025
107880 3634905871 1764164713051.041504 1764164713051 1764164713058
107881 3634939215 1764164713084.385010 1764164713084 1764164713091
107882 3634972559 1764164713117.728760 1764164713118 1764164713125
107883 3635005903 1764164713151.072266 1764164713150 1764164713158
107884 3635039247 1764164713184.416016 1764164713184 1764164713191
107885 3635072590 1764164713217.758545 1764164713218 1764164713225
107886 3635105934 1764164713251.102295 1764164713250 1764164713258
107887 3635139278 1764164713284.445801 1764164713284 1764164713291
107888 3635172622 1764164713317.789551 1764164713318 1764164713325
107889 3635205966 1764164713351.133057 1764164713350 1764164713358
107890 3635239310 1764164713384.476562 1764164713384 1764164713391
107891 3635272654 1764164713417.820312 1764164713418 1764164713425
107892 3635305998 1764164713451.163818 1764164713450 1764164713458
107893 3635339342 1764164713484.507568 1764164713484 1764164713491
107894 3635372686 1764164713517.851074 1764164713518 1764164713525
107895 3635406030 1764164713551.194580 1764164713550 1764164713558
107896 3635439374 1764164713584.538086 1764164713584 1764164713591
107897 3635472718 1764164713617.881836 1764164713618 1764164713625
107898 3635506061 1764164713651.224365 1764164713650 1764164713658
107899 3635539405 1764164713684.567871 1764164713684 1764164713691
107900 3635572749 1764164713717.911377 1764164713718 1764164713725
107901 3635606093 1764164713751.255127 1764164713751 1764164713758
107902 3635639437 1764164713784.598633 1764164713784 1764164713791
107903 3635672781 1764164713817.942139 1764164713818 1764164713825
107904 3635706125 1764164713851.282471 1764164713851 1764164713858
107905 3635739469 1764164713884.622559 1764164713884 1764164713891
107906 3635772813 1764164713917.962891 1764164713918 1764164713925
107907 3635806157 1764164713951.303223 1764164713951 1764164713958
107908 3635839501 1764164713984.643311 1764164713984 1764164713991
107909 3635872845 1764164714017.983398 1764164714018 1764164714025
107910 3635906189 1764164714051.323730 1764164714051 1764164714058
107911 3635939532 1764164714084.662842 1764164714085 1764164714092
107912 3635972876 1764164714118.002930 1764164714118 1764164714125
107913 3636006220 1764164714151.343018 1764164714151 1764164714158
107914 3636039564 1764164714184.682861 1764164714185 1764164714192
107915 3636072908 1764164714218.022949 1764164714218 1764164714225
107916 3636106252 1764164714251.363037 1764164714251 1764164714258
107917 3636139596 1764164714284.702881 1764164714285 1764164714292
107918 3636172940 1764164714318.042725 1764164714318 1764164714325
107919 3636206284 1764164714351.382812 1764164714351 1764164714358
107920 3636239628 1764164714384.722656 1764164714385 1764164714392
107921 3636272972 1764164714418.062500 1764164714417 1764164714425
107922 3636306316 1764164714451.402344 1764164714451 1764164714458
107923 3636339660 1764164714484.742188 1764164714485 1764164714492
107924 3636373004 1764164714518.081787 1764164714517 1764164714525
107925 3636406347 1764164714551.420654 1764164714551 1764164714558
107926 3636439691 1764164714584.760254 1764164714585 1764164714592
107927 3636473035 1764164714618.100098 1764164714617 1764164714625
107928 3636506379 1764164714651.439697 1764164714651 1764164714658
107929 3636539723 1764164714684.779297 1764164714685 1764164714692
107930 3636573067 1764164714718.118896 1764164714717 1764164714725
107931 3636606411 1764164714751.458496 1764164714751 1764164714758
107932 3636639755 1764164714784.798096 1764164714785 1764164714792
107933 3636673099 1764164714818.137451 1764164714817 1764164714825
107934 3636706443 1764164714851.478027 1764164714851 1764164714858
107935 3636739787 1764164714884.818359 1764164714885 1764164714892
107936 3636773131 1764164714918.158936 1764164714917 1764164714925
107937 3636806475 1764164714951.499268 1764164714951 1764164714958
107938 3636839818 1764164714984.838623 1764164714985 1764164714992
107939 3636873162 1764164715018.178955 1764164715018 1764164715025
107940 3636906506 1764164715051.519287 1764164715051 1764164715058
107941 3636939850 1764164715084.859619 1764164715085 1764164715092
107942 3636973194 1764164715118.199951 1764164715118 1764164715125
107943 3637006538 1764164715151.540283 1764164715151 1764164715158
107944 3637039882 1764164715184.880371 1764164715185 1764164715192
107945 3637073226 1764164715218.220703 1764164715218 1764164715225
107946 3637106570 1764164715251.560791 1764164715251 1764164715258
107947 3637139914 1764164715284.901123 1764164715285 1764164715292
107948 3637173258 1764164715318.241211 1764164715318 1764164715325
107949 3637206602 1764164715351.581299 1764164715351 1764164715358
107950 3637239946 1764164715384.921387 1764164715385 1764164715392
107951 3637273289 1764164715418.260498 1764164715418 1764164715425
107952 3637306633 1764164715451.600586 1764164715452 1764164715459
107953 3637339977 1764164715484.940674 1764164715485 1764164715492
107954 3637373321 1764164715518.280518 1764164715518 1764164715525
107955 3637406665 1764164715551.620605 1764164715552 1764164715559
107956 3637440009 1764164715584.960449 1764164715585 1764164715592
107957 3637473353 1764164715618.300537 1764164715618 1764164715625
107958 3637506697 1764164715651.640381 1764164715652 1764164715659
107959 3637540041 1764164715684.980225 1764164715684 1764164715692
107960 3637573385 1764164715718.320068 1764164715718 1764164715725
107961 3637606729 1764164715751.659912 1764164715752 1764164715759
107962 3637640073 1764164715784.999756 1764164715784 1764164715792
107963 3637673417 1764164715818.339600 1764164715818 1764164715825
107964 3637706761 1764164715851.680176 1764164715852 1764164715859
107965 3637740104 1764164715885.019775 1764164715884 1764164715892
107966 3637773448 1764164715918.360107 1764164715918 1764164715925
107967 3637806792 1764164715951.700684 1764164715952 1764164715959
107968 3637840136 1764164715985.041016 1764164715984 1764164715992
107969 3637873480 1764164716018.381592 1764164716018 1764164716025
107970 3637906824 1764164716051.721924 1764164716052 1764164716059
107971 3637940168 1764164716085.062500 1764164716084 1764164716092
107972 3637973512 1764164716118.402832 1764164716118 1764164716125
107973 3638006856 1764164716151.743164 1764164716151 1764164716159
107974 3638040200 1764164716185.083496 1764164716184 1764164716192
107975 3638073544 1764164716218.423828 1764164716218 1764164716225
107976 3638106888 1764164716251.764160 1764164716252 1764164716259
107977 3638140232 1764164716285.104492 1764164716285 1764164716292
107978 3638173575 1764164716318.443848 1764164716318 1764164716325
107979 3638206919 1764164716351.783936 1764164716352 1764164716359
107980 3638240263 1764164716385.124268 1764164716385 1764164716392
107981 3638273607 1764164716418.464355 1764164716418 1764164716425
107982 3638306951 1764164716451.804688 1764164716452 1764164716459
107983 3638340295 1764164716485.144775 1764164716485 1764164716492
107984 3638373639 1764164716518.484863 1764164716518 1764164716525
107985 3638406983 1764164716551.825195 1764164716552 1764164716559
107986 3638440327 1764164716585.165283 1764164716585 1764164716592
107987 3638473671 1764164716618.505371 1764164716618 1764164716625
107988 3638507015 1764164716651.845459 1764164716652 1764164716659
107989 3638540359 1764164716685.185303 1764164716685 1764164716692
107990 3638573703 1764164716718.525391 1764164716719 1764164716726
107991 3638607046 1764164716751.864502 1764164716752 1764164716759
107992 3638640390 1764164716785.204346 1764164716785 1764164716792
107993 3638673734 1764164716818.544434 1764164716819 1764164716826
107994 3638707078 1764164716851.885498 1764164716851 1764164716859
107995 3638740422 1764164716885.226562 1764164716885 1764164716892
107996 3638773766 1764164716918.567627 1764164716919 1764164716926
107997 3638807110 1764164716951.908936 1764164716951 1764164716959
107998 3638840454 1764164716985.250000 1764164716985 1764164716992
107999 3638873798 1764164717018.590820 1764164717019 1764164717026
108000 3638907142 1764164717051.931885 1764164717051 1764164717059
108001 3638940486 1764164717085.272949 1764164717085 1764164717092
108002 3638973830 1764164717118.614014 1764164717119 1764164717126
108003 3639007174 1764164717151.955078 1764164717151 1764164717159
108004 3639040518 1764164717185.295898 1764164717185 1764164717192
108005 3639073861 1764164717218.635986 1764164717219 1764164717226
108006 3639107205 1764164717251.976807 1764164717251 1764164717259
108007 3639140549 1764164717285.317871 1764164717285 1764164717292
108008 3639173893 1764164717318.658691 1764164717318 1764164717326
108009 3639207237 1764164717351.999756 1764164717351 1764164717359
108010 3639240581 1764164717385.340576 1764164717385 1764164717392
108011 3639273925 1764164717418.681396 1764164717419 1764164717426
108012 3639307269 1764164717452.022461 1764164717451 1764164717459
108013 3639340613 1764164717485.363281 1764164717485 1764164717492
108014 3639373957 1764164717518.704102 1764164717519 1764164717526
108015 3639407301 1764164717552.044922 1764164717552 1764164717559
108016 3639440645 1764164717585.385742 1764164717585 1764164717592
108017 3639473989 1764164717618.726562 1764164717619 1764164717626
108018 3639507332 1764164717652.066406 1764164717652 1764164717659
108019 3639540676 1764164717685.407227 1764164717685 1764164717692
108020 3639574020 1764164717718.747803 1764164717719 1764164717726
108021 3639607364 1764164717752.088623 1764164717752 1764164717759
108022 3639640708 1764164717785.429443 1764164717785 1764164717792
108023 3639674052 1764164717818.770020 1764164717819 1764164717826
108024 3639707396 1764164717852.111328 1764164717852 1764164717860
108025 3639740740 1764164717885.452881 1764164717886 1764164717893
108026 3639774084 1764164717918.794189 1764164717919 1764164717926
108027 3639807428 1764164717952.135498 1764164717952 1764164717959
108028 3639840772 1764164717985.476562 1764164717986 1764164717993
108029 3639874116 1764164718018.817871 1764164718019 1764164718026
108030 3639907460 1764164718052.159180 1764164718052 1764164718059
108031 3639940803 1764164718085.499512 1764164718086 1764164718093
108032 3639974147 1764164718118.840820 1764164718119 1764164718126
108033 3640007491 1764164718152.182129 1764164718152 1764164718159
108034 3640040835 1764164718185.523193 1764164718186 1764164718193
108035 3640074179 1764164718218.864502 1764164718218 1764164718226
108036 3640107523 1764164718252.205811 1764164718252 1764164718259
108037 3640140867 1764164718285.546875 1764164718286 1764164718293
108038 3640174211 1764164718318.888184 1764164718318 1764164718326
108039 3640207555 1764164718352.229492 1764164718352 1764164718359
108040 3640240899 1764164718385.570557 1764164718386 1764164718393
108041 3640274243 1764164718418.911865 1764164718418 1764164718426
108042 3640307587 1764164718452.252930 1764164718452 1764164718459
108043 3640340931 1764164718485.594238 1764164718486 1764164718493
108044 3640374275 1764164718518.935303 1764164718518 1764164718526
108045 3640407618 1764164718552.275391 1764164718553 1764164718560
108046 3640440962 1764164718585.616699 1764164718586 1764164718594
108047 3640474306 1764164718618.957764 1764164718618 1764164718626
108048 3640507650 1764164718652.298828 1764164718653 1764164718660
108049 3640540994 1764164718685.639893 1764164718686 1764164718693
108050 3640574338 1764164718718.980957 1764164718718 1764164718726
108051 3640607682 1764164718752.322266 1764164718752 1764164718759
108052 3640641026 1764164718785.663330 1764164718786 1764164718793
108053 3640674370 1764164718819.004395 1764164718819 1764164718826
108054 3640707714 1764164718852.345703 1764164718852 1764164718859
108055 3640741058 1764164718885.687256 1764164718886 1764164718893
108056 3640774402 1764164718919.028564 1764164718919 1764164718926
108057 3640807746 1764164718952.369873 1764164718952 1764164718959
108058 3640841089 1764164718985.710205 1764164718985 1764164718996
108059 3640874433 1764164719019.051758 1764164719019 1764164719026
108060 3640907777 1764164719052.393066 1764164719052 1764164719059
108061 3640941121 1764164719085.734375 1764164719086 1764164719093
108062 3640974465 1764164719119.075684 1764164719119 1764164719126
108063 3641007809 1764164719152.416992 1764164719152 1764164719159
108064 3641041153 1764164719185.758301 1764164719186 1764164719193
108065 3641074497 1764164719219.099609 1764164719219 1764164719226
108066 3641107841 1764164719252.440918 1764164719252 1764164719259
108067 3641141185 1764164719285.782227 1764164719286 1764164719293
108068 3641174529 1764164719319.123535 1764164719319 1764164719326
108069 3641207873 1764164719352.464844 1764164719353 1764164719360
108070 3641241217 1764164719385.806152 1764164719385 1764164719393
108071 3641274560 1764164719419.146484 1764164719419 1764164719426
108072 3641307904 1764164719452.487793 1764164719453 1764164719460
108073 3641341248 1764164719485.829102 1764164719485 1764164719493
108074 3641374592 1764164719519.170410 1764164719519 1764164719526
108075 3641407936 1764164719552.511719 1764164719553 1764164719560
108076 3641441280 1764164719585.852783 1764164719585 1764164719593
108077 3641474624 1764164719619.194092 1764164719619 1764164719626
108078 3641507968 1764164719652.535400 1764164719653 1764164719660
108079 3641541312 1764164719685.876709 1764164719685 1764164719693
108080 3641574656 1764164719719.217773 1764164719719 1764164719726
108081 3641608000 1764164719752.559082 1764164719753 1764164719760
108082 3641641344 1764164719785.900391 1764164719785 1764164719793
108083 3641674688 1764164719819.241455 1764164719819 1764164719826
108084 3641708032 1764164719852.583984 1764164719853 1764164719860
108085 3641741375 1764164719885.925537 1764164719885 1764164719893
108086 3641774719 1764164719919.268066 1764164719919 1764164719926
108087 3641808063 1764164719952.610596 1764164719953 1764164719960
108088 3641841407 1764164719985.953125 1764164719985 1764164719993
108089 3641874751 1764164720019.295654 1764164720019 1764164720026
108090 3641908095 1764164720052.638184 1764164720053 1764164720060
108091 3641941439 1764164720085.980713 1764164720086 1764164720093
108092 3641974783 1764164720119.323242 1764164720119 1764164720126
108093 3642008127 1764164720152.665771 1764164720153 1764164720160
108094 3642041471 1764164720186.008545 1764164720186 1764164720193
108095 3642074815 1764164720219.351074 1764164720219 1764164720226
108096 3642108159 1764164720252.693604 1764164720253 1764164720260
108097 3642141503 1764164720286.036133 1764164720286 1764164720293
108098 3642174846 1764164720319.377686 1764164720319 1764164720326
108099 3642208190 1764164720352.720459 1764164720353 1764164720360
108100 3642241534 1764164720386.062988 1764164720386 1764164720393
108101 3642274878 1764164720419.405518 1764164720420 1764164720428
108102 3642308222 1764164720452.748291 1764164720453 1764164720460
108103 3642341566 1764164720486.090820 1764164720486 1764164720493
108104 3642374910 1764164720519.433594 1764164720520 1764164720527
108105 3642408254 1764164720552.776123 1764164720553 1764164720560
108106 3642441598 1764164720586.118896 1764164720586 1764164720593
108107 3642474942 1764164720619.461426 1764164720620 1764164720627
108108 3642508286 1764164720652.804199 1764164720652 1764164720660
108109 3642541630 1764164720686.146729 1764164720686 1764164720693
108110 3642574974 1764164720719.489502 1764164720720 1764164720727
108111 3642608317 1764164720752.831055 1764164720752 1764164720760
108112 3642641661 1764164720786.173828 1764164720786 1764164720793
108113 3642675005 1764164720819.516602 1764164720820 1764164720827
108114 3642708349 1764164720852.859619 1764164720852 1764164720860
108115 3642741693 1764164720886.202637 1764164720886 1764164720893
108116 3642775037 1764164720919.545410 1764164720920 1764164720927
108117 3642808381 1764164720952.888428 1764164720952 1764164720960
108118 3642841725 1764164720986.231445 1764164720986 1764164720993
108119 3642875069 1764164721019.574463 1764164721020 1764164721027
108120 3642908413 1764164721052.917480 1764164721052 1764164721060
108121 3642941757 1764164721086.260498 1764164721086 1764164721093
108122 3642975101 1764164721119.603516 1764164721120 1764164721127
108123 3643008445 1764164721152.946533 1764164721152 1764164721160
108124 3643041789 1764164721186.289551 1764164721186 1764164721193
108125 3643075132 1764164721219.631592 1764164721220 1764164721227
108126 3643108476 1764164721252.974854 1764164721252 1764164721260
108127 3643141820 1764164721286.317871 1764164721287 1764164721294
108128 3643175164 1764164721319.660889 1764164721320 1764164721327
108129 3643208508 1764164721353.003906 1764164721353 1764164721360
108130 3643241852 1764164721386.346924 1764164721386 1764164721393
108131 3643275196 1764164721419.689941 1764164721420 1764164721427
108132 3643308540 1764164721453.033203 1764164721453 1764164721460
108133 3643341884 1764164721486.376221 1764164721486 1764164721493
108134 3643375228 1764164721519.719238 1764164721520 1764164721527
108135 3643408572 1764164721553.062256 1764164721553 1764164721560
108136 3643441916 1764164721586.405518 1764164721586 1764164721593
108137 3643475260 1764164721619.748535 1764164721620 1764164721627
108138 3643508603 1764164721653.090576 1764164721653 1764164721660
108139 3643541947 1764164721686.433838 1764164721686 1764164721694
108140 3643575291 1764164721719.776855 1764164721720 1764164721727
108141 3643608635 1764164721753.120117 1764164721753 1764164721762
108142 3643641979 1764164721786.463135 1764164721787 1764164721794
108143 3643675323 1764164721819.806152 1764164721820 1764164721827
108144 3643708667 1764164721853.148193 1764164721853 1764164721860
108145 3643742011 1764164721886.490234 1764164721887 1764164721894
108146 3643775355 1764164721919.832275 1764164721920 1764164721927
108147 3643808699 1764164721953.174316 1764164721953 1764164721960
108148 3643842043 1764164721986.516357 1764164721987 1764164721994
108149 3643875387 1764164722019.858398 1764164722019 1764164722027
108150 3643908731 1764164722053.200684 1764164722053 1764164722060
108151 3643942074 1764164722086.541504 1764164722087 1764164722094
108152 3643975418 1764164722119.883789 1764164722119 1764164722127
108153 3644008762 1764164722153.225830 1764164722153 1764164722160
108154 3644042106 1764164722186.567871 1764164722187 1764164722194
108155 3644075450 1764164722219.909912 1764164722219 1764164722227
108156 3644108794 1764164722253.251953 1764164722253 1764164722260
108157 3644142138 1764164722286.593994 1764164722287 1764164722294
108158 3644175482 1764164722319.936035 1764164722319 1764164722327
108159 3644208826 1764164722353.278076 1764164722353 1764164722360
108160 3644242170 1764164722386.620117 1764164722387 1764164722394
108161 3644275514 1764164722419.962158 1764164722419 1764164722427
108162 3644308858 1764164722453.304443 1764164722453 1764164722460
108163 3644342202 1764164722486.646484 1764164722487 1764164722494
108164 3644375546 1764164722519.988525 1764164722519 1764164722527
108165 3644408889 1764164722553.329590 1764164722553 1764164722560
108166 3644442233 1764164722586.671631 1764164722587 1764164722594
108167 3644475577 1764164722620.013672 1764164722620 1764164722627
108168 3644508921 1764164722653.355713 1764164722653 1764164722660
108169 3644542265 1764164722686.697998 1764164722687 1764164722694
108170 3644575609 1764164722720.040039 1764164722720 1764164722727
108171 3644608953 1764164722753.382080 1764164722753 1764164722760
108172 3644642297 1764164722786.724121 1764164722787 1764164722794
108173 3644675641 1764164722820.066162 1764164722820 1764164722827
108174 3644708985 1764164722853.407715 1764164722854 1764164722861
108175 3644742329 1764164722886.749268 1764164722886 1764164722894
108176 3644775673 1764164722920.090820 1764164722920 1764164722927
108177 3644809017 1764164722953.432129 1764164722953 1764164722960
108178 3644842360 1764164722986.772705 1764164722986 1764164722994
108179 3644875704 1764164723020.114258 1764164723020 1764164723027
108180 3644909048 1764164723053.455566 1764164723054 1764164723061
108181 3644942392 1764164723086.797119 1764164723086 1764164723094
108182 3644975736 1764164723120.138672 1764164723120 1764164723127
108183 3645009080 1764164723153.479980 1764164723154 1764164723161
108184 3645042424 1764164723186.821533 1764164723186 1764164723194
108185 3645075768 1764164723220.162842 1764164723220 1764164723227
108186 3645109112 1764164723253.504395 1764164723254 1764164723261
108187 3645142456 1764164723286.845703 1764164723286 1764164723294
108188 3645175800 1764164723320.187256 1764164723320 1764164723327
108189 3645209144 1764164723353.528564 1764164723354 1764164723361
108190 3645242488 1764164723386.869873 1764164723386 1764164723394
108191 3645275831 1764164723420.210449 1764164723420 1764164723427
108192 3645309175 1764164723453.551758 1764164723454 1764164723461
108193 3645342519 1764164723486.893066 1764164723486 1764164723494
108194 3645375863 1764164723520.234619 1764164723520 1764164723527
108195 3645409207 1764164723553.575928 1764164723554 1764164723561
108196 3645442551 1764164723586.917236 1764164723587 1764164723594
108197 3645475895 1764164723620.258545 1764164723620 1764164723627
108198 3645509239 1764164723653.599854 1764164723654 1764164723661
108199 3645542583 1764164723686.941406 1764164723686 1764164723694
108200 3645575927 1764164723720.282715 1764164723720 1764164723727
108201 3645609271 1764164723753.624023 1764164723753 1764164723761
108202 3645642615 1764164723786.965332 1764164723787 1764164723794
108203 3645675959 1764164723820.306641 1764164723820 1764164723827
108204 3645709303 1764164723853.648438 1764164723854 1764164723861
108205 3645742646 1764164723886.989014 1764164723887 1764164723894
108206 3645775990 1764164723920.330566 1764164723920 1764164723927
108207 3645809334 1764164723953.672363 1764164723954 1764164723961
108208 3645842678 1764164723987.013916 1764164723987 1764164723994
108209 3645876022 1764164724020.355469 1764164724020 1764164724027
108210 3645909366 1764164724053.697266 1764164724054 1764164724061
108211 3645942710 1764164724087.038818 1764164724087 1764164724094
108212 3645976054 1764164724120.380371 1764164724120 1764164724127
108213 3646009398 1764164724153.721924 1764164724154 1764164724161
108214 3646042742 1764164724187.063721 1764164724187 1764164724194
108215 3646076086 1764164724220.405273 1764164724221 1764164724228
108216 3646109430 1764164724253.746826 1764164724254 1764164724261
108217 3646142774 1764164724287.088379 1764164724287 1764164724294
108218 3646176117 1764164724320.428955 1764164724321 1764164724328
108219 3646209461 1764164724353.770508 1764164724354 1764164724361
108220 3646242805 1764164724387.112305 1764164724387 1764164724394
108221 3646276149 1764164724420.453857 1764164724421 1764164724428
108222 3646309493 1764164724453.795410 1764164724453 1764164724462
108223 3646342837 1764164724487.136963 1764164724487 1764164724494
108224 3646376181 1764164724520.478516 1764164724521 1764164724528
108225 3646409525 1764164724553.820068 1764164724553 1764164724561
108226 3646442869 1764164724587.161621 1764164724587 1764164724594
108227 3646476213 1764164724620.503174 1764164724621 1764164724628
108228 3646509557 1764164724653.844727 1764164724653 1764164724661
108229 3646542901 1764164724687.186279 1764164724687 1764164724694
108230 3646576245 1764164724720.527832 1764164724721 1764164724728
108231 3646609588 1764164724753.868408 1764164724753 1764164724761
108232 3646642932 1764164724787.209961 1764164724787 1764164724794
108233 3646676276 1764164724820.551514 1764164724821 1764164724828
108234 3646709620 1764164724853.894043 1764164724853 1764164724861
108235 3646742964 1764164724887.236572 1764164724887 1764164724894
108236 3646776308 1764164724920.579346 1764164724921 1764164724928
108237 3646809652 1764164724953.921875 1764164724953 1764164724961
108238 3646842996 1764164724987.264648 1764164724987 1764164724994
108239 3646876340 1764164725020.607178 1764164725021 1764164725028
108240 3646909684 1764164725053.949707 1764164725053 1764164725061
108241 3646943028 1764164725087.292480 1764164725087 1764164725094
108242 3646976372 1764164725120.635010 1764164725121 1764164725128
108243 3647009716 1764164725153.977783 1764164725153 1764164725161
108244 3647043060 1764164725187.320312 1764164725187 1764164725194
108245 3647076403 1764164725220.661865 1764164725221 1764164725228
108246 3647109747 1764164725254.004639 1764164725254 1764164725261
108247 3647143091 1764164725287.347168 1764164725287 1764164725294
108248 3647176435 1764164725320.689941 1764164725321 1764164725328
108249 3647209779 1764164725354.032471 1764164725354 1764164725361
108250 3647243123 1764164725387.375244 1764164725387 1764164725394
108251 3647276467 1764164725420.717773 1764164725421 1764164725428
108252 3647309811 1764164725454.060547 1764164725454 1764164725461
108253 3647343155 1764164725487.403076 1764164725488 1764164725495
108254 3647376499 1764164725520.745850 1764164725521 1764164725528
108255 3647409843 1764164725554.088379 1764164725554 1764164725561
108256 3647443187 1764164725587.431152 1764164725587 1764164725594
108257 3647476531 1764164725620.773682 1764164725621 1764164725628
108258 3647509874 1764164725654.115234 1764164725654 1764164725661
108259 3647543218 1764164725687.458008 1764164725687 1764164725694
108260 3647576562 1764164725720.800537 1764164725721 1764164725728
108261 3647609906 1764164725754.143311 1764164725754 1764164725761
108262 3647643250 1764164725787.486084 1764164725787 1764164725794
108263 3647676594 1764164725820.828613 1764164725821 1764164725828
108264 3647709938 1764164725854.169434 1764164725854 1764164725861
108265 3647743282 1764164725887.510254 1764164725887 1764164725894
108266 3647776626 1764164725920.851074 1764164725921 1764164725928
108267 3647809970 1764164725954.191650 1764164725954 1764164725961
108268 3647843314 1764164725987.532471 1764164725987 1764164725994
108269 3647876658 1764164726020.873291 1764164726021 1764164726028
108270 3647910002 1764164726054.214111 1764164726054 1764164726061
108271 3647943345 1764164726087.553711 1764164726087 1764164726094
108272 3647976689 1764164726120.894531 1764164726121 1764164726128
108273 3648010033 1764164726154.235107 1764164726154 1764164726161
108274 3648043377 1764164726187.575928 1764164726187 1764164726194
108275 3648076721 1764164726220.916504 1764164726221 1764164726228
108276 3648110065 1764164726254.257324 1764164726254 1764164726261
108277 3648143409 1764164726287.597900 1764164726287 1764164726294
108278 3648176753 1764164726320.938477 1764164726321 1764164726328
108279 3648210097 1764164726354.279297 1764164726354 1764164726361
108280 3648243441 1764164726387.619873 1764164726388 1764164726395
108281 3648276785 1764164726420.960449 1764164726421 1764164726428
108282 3648310129 1764164726454.301025 1764164726454 1764164726461
108283 3648343473 1764164726487.641602 1764164726488 1764164726495
108284 3648376817 1764164726520.982422 1764164726521 1764164726528
108285 3648410160 1764164726554.321777 1764164726554 1764164726561
108286 3648443504 1764164726587.662598 1764164726588 1764164726595
108287 3648476848 1764164726621.002930 1764164726620 1764164726628
108288 3648510192 1764164726654.343506 1764164726654 1764164726661
108289 3648543536 1764164726687.684082 1764164726688 1764164726695
108290 3648576880 1764164726721.024658 1764164726720 1764164726728
108291 3648610224 1764164726754.365234 1764164726754 1764164726761
108292 3648643568 1764164726787.705811 1764164726788 1764164726795
108293 3648676912 1764164726821.046387 1764164726820 1764164726828
108294 3648710256 1764164726854.385986 1764164726854 1764164726861
108295 3648743600 1764164726887.725586 1764164726888 1764164726895
108296 3648776944 1764164726921.065430 1764164726920 1764164726928
108297 3648810288 1764164726954.405029 1764164726954 1764164726961
108298 3648843631 1764164726987.743652 1764164726988 1764164726995
108299 3648876975 1764164727021.083252 1764164727020 1764164727028
108300 3648910319 1764164727054.422852 1764164727054 1764164727061
108301 3648943663 1764164727087.762451 1764164727088 1764164727095
108302 3648977007 1764164727121.102051 1764164727120 1764164727128
108303 3649010351 1764164727154.441406 1764164727154 1764164727161
108304 3649043695 1764164727187.781006 1764164727188 1764164727195
108305 3649077039 1764164727221.120605 1764164727220 1764164727228
108306 3649110383 1764164727254.459961 1764164727254 1764164727261
108307 3649143727 1764164727287.799561 1764164727288 1764164727295
108308 3649177071 1764164727321.138916 1764164727320 1764164727328
108309 3649210415 1764164727354.478516 1764164727354 1764164727361
108310 3649243759 1764164727387.817871 1764164727388 1764164727395
108311 3649277102 1764164727421.156250 1764164727420 1764164727428
108312 3649310446 1764164727454.495605 1764164727454 1764164727461
108313 3649343790 1764164727487.834961 1764164727488 1764164727495
108314 3649377134 1764164727521.174316 1764164727520 1764164727528
108315 3649410478 1764164727554.513672 1764164727554 1764164727561
108316 3649443822 1764164727587.853027 1764164727588 1764164727595
108317 3649477166 1764164727621.192383 1764164727620 1764164727628
108318 3649510510 1764164727654.531494 1764164727654 1764164727661
108319 3649543854 1764164727687.870850 1764164727688 1764164727695
108320 3649577198 1764164727721.210205 1764164727720 1764164727728
108321 3649610542 1764164727754.549316 1764164727754 1764164727761
108322 3649643886 1764164727787.888672 1764164727788 1764164727795
108323 3649677230 1764164727821.227783 1764164727820 1764164727828
108324 3649710574 1764164727854.568359 1764164727854 1764164727861
108325 3649743917 1764164727887.907959 1764164727888 1764164727895
108326 3649777261 1764164727921.248291 1764164727920 1764164727928
108327 3649810605 1764164727954.588867 1764164727954 1764164727961
108328 3649843949 1764164727987.929443 1764164727988 1764164727995
108329 3649877293 1764164728021.269775 1764164728020 1764164728028
108330 3649910637 1764164728054.610352 1764164728054 1764164728061
108331 3649943981 1764164728087.950684 1764164728088 1764164728095
108332 3649977325 1764164728121.291260 1764164728121 1764164728128
108333 3650010669 1764164728154.631592 1764164728154 1764164728161
108334 3650044013 1764164728187.972168 1764164728188 1764164728195
108335 3650077357 1764164728221.312500 1764164728221 1764164728228
108336 3650110701 1764164728254.653076 1764164728254 1764164728261
108337 3650144045 1764164728287.993408 1764164728288 1764164728295
108338 3650177388 1764164728321.332764 1764164728321 1764164728328
108339 3650210732 1764164728354.673096 1764164728354 1764164728361
108340 3650244076 1764164728388.013672 1764164728388 1764164728395
108341 3650277420 1764164728421.354004 1764164728421 1764164728428
108342 3650310764 1764164728454.694336 1764164728454 1764164728461
108343 3650344108 1764164728488.034668 1764164728488 1764164728495
108344 3650377452 1764164728521.375000 1764164728521 1764164728528
108345 3650410796 1764164728554.715332 1764164728554 1764164728561
108346 3650444140 1764164728588.055908 1764164728588 1764164728595
108347 3650477484 1764164728621.396240 1764164728621 1764164728628
108348 3650510828 1764164728654.736572 1764164728654 1764164728661
108349 3650544172 1764164728688.076660 1764164728688 1764164728695
108350 3650577516 1764164728721.416992 1764164728721 1764164728728
108351 3650610859 1764164728754.756348 1764164728754 1764164728761
108352 3650644203 1764164728788.096680 1764164728788 1764164728795
108353 3650677547 1764164728821.437012 1764164728821 1764164728828
108354 3650710891 1764164728854.776611 1764164728854 1764164728861
108355 3650744235 1764164728888.116211 1764164728887 1764164728895
108356 3650777579 1764164728921.455566 1764164728921 1764164728928
108357 3650810923 1764164728954.795166 1764164728955 1764164728962
108358 3650844267 1764164728988.134766 1764164728988 1764164728995
108359 3650877611 1764164729021.474365 1764164729021 1764164729028
108360 3650910955 1764164729054.813721 1764164729054 1764164729061
108361 3650944299 1764164729088.153320 1764164729088 1764164729095
108362 3650977643 1764164729121.492920 1764164729121 1764164729128
108363 3651010987 1764164729154.832275 1764164729155 1764164729162
108364 3651044331 1764164729188.171875 1764164729187 1764164729195
108365 3651077674 1764164729221.510254 1764164729221 1764164729228
108366 3651111018 1764164729254.849854 1764164729255 1764164729262
108367 3651144362 1764164729288.189209 1764164729288 1764164729295
108368 3651177706 1764164729321.528809 1764164729321 1764164729328
108369 3651211050 1764164729354.868164 1764164729355 1764164729362
108370 3651244394 1764164729388.207764 1764164729388 1764164729395
108371 3651277738 1764164729421.547119 1764164729421 1764164729428
108372 3651311082 1764164729454.886475 1764164729455 1764164729462
108373 3651344426 1764164729488.226074 1764164729487 1764164729495
108374 3651377770 1764164729521.565430 1764164729521 1764164729528
108375 3651411114 1764164729554.904785 1764164729555 1764164729562
108376 3651444458 1764164729588.244385 1764164729587 1764164729595
108377 3651477802 1764164729621.583740 1764164729621 1764164729628
108378 3651511145 1764164729654.922119 1764164729655 1764164729662
108379 3651544489 1764164729688.261475 1764164729687 1764164729695
108380 3651577833 1764164729721.600830 1764164729721 1764164729728
108381 3651611177 1764164729754.940430 1764164729755 1764164729762
108382 3651644521 1764164729788.279785 1764164729787 1764164729795
108383 3651677865 1764164729821.619141 1764164729821 1764164729828
108384 3651711209 1764164729854.956543 1764164729855 1764164729862
108385 3651744553 1764164729888.293945 1764164729887 1764164729895
108386 3651777897 1764164729921.631348 1764164729921 1764164729928
108387 3651811241 1764164729954.968506 1764164729955 1764164729962
108388 3651844585 1764164729988.305908 1764164729987 1764164729995
108389 3651877929 1764164730021.643066 1764164730021 1764164730028
108390 3651911273 1764164730054.980469 1764164730055 1764164730062
108391 3651944616 1764164730088.316650 1764164730087 1764164730095
108392 3651977960 1764164730121.653809 1764164730121 1764164730128
108393 3652011304 1764164730154.990967 1764164730155 1764164730162
108394 3652044648 1764164730188.328125 1764164730187 1764164730195
108395 3652077992 1764164730221.665039 1764164730221 1764164730228
108396 3652111336 1764164730255.002197 1764164730255 1764164730262
108397 3652144680 1764164730288.339355 1764164730287 1764164730295
108398 3652178024 1764164730321.676270 1764164730321 1764164730328
108399 3652211368 1764164730355.013184 1764164730355 1764164730362
108400 3652244712 1764164730388.350098 1764164730387 1764164730395
108401 3652278056 1764164730421.687012 1764164730421 1764164730428
108402 3652311400 1764164730455.023926 1764164730455 1764164730462
108403 3652344744 1764164730488.360840 1764164730487 1764164730495
108404 3652378088 1764164730521.697754 1764164730521 1764164730528
108405 3652411431 1764164730555.033447 1764164730555 1764164730562
108406 3652444775 1764164730588.370361 1764164730587 1764164730595
108407 3652478119 1764164730621.707031 1764164730621 1764164730628
108408 3652511463 1764164730655.043701 1764164730655 1764164730662
108409 3652544807 1764164730688.380371 1764164730687 1764164730695
108410 3652578151 1764164730721.717041 1764164730721 1764164730728
108411 3652611495 1764164730755.053711 1764164730755 1764164730762
108412 3652644839 1764164730788.390381 1764164730787 1764164730795
108413 3652678183 1764164730821.727051 1764164730821 1764164730828
108414 3652711527 1764164730855.065674 1764164730855 1764164730862
108415 3652744871 1764164730888.404297 1764164730887 1764164730895
108416 3652778215 1764164730921.742920 1764164730921 1764164730928
108417 3652811559 1764164730955.081543 1764164730955 1764164730962
108418 3652844902 1764164730988.419189 1764164730988 1764164730995
108419 3652878246 1764164731021.757812 1764164731021 1764164731028
108420 3652911590 1764164731055.096436 1764164731055 1764164731062
108421 3652944934 1764164731088.435059 1764164731088 1764164731095
108422 3652978278 1764164731121.773682 1764164731121 1764164731130
108423 3653011622 1764164731155.112061 1764164731155 1764164731162
108424 3653044966 1764164731188.450684 1764164731188 1764164731195
108425 3653078310 1764164731221.789062 1764164731221 1764164731228
108426 3653111654 1764164731255.127686 1764164731255 1764164731262
