1764166740789686912 49674
1764166740821332224 49675
1764166740855276384 49676
1764166740891615136 49677
1764166740922035232 49678
1764166740956998464 49679
1764166740993934752 49680
1764166741019765280 49681
1764166741053944736 49682
1764166741090152832 49683
1764166741123570848 49684
1764166741157809440 49685
1764166741184605888 49686
1764166741219216256 49687
1764166741255024928 49688
1764166741290679392 49689
1764166741324411584 49690
1764166741361868352 49691
1764166741402993088 49692
1764166741432375520 49693
1764166741468610688 49694
1764166741502154624 49695
1764166741532916960 49696
1764166741558114144 49697
1764166741586102496 49698
1764166741620973376 49699
1764166741656365952 49700
1764166741690070912 49701
1764166741723093632 49702
1764166741756027168 49703
1764166741789358816 49704
1764166741823577056 49705
1764166741856462784 49706
1764166741887301472 49707
1764166741919572736 49708
1764166741958116096 49709
1764166741994239968 49710
1764166742020993600 49711
1764166742055414848 49712
1764166742090084672 49713
1764166742119116544 49714
1764166742155154144 49715
1764166742189507360 49716
1764166742218852864 49717
1764166742255061632 49718
1764166742291008448 49719
1764166742328304416 49720
1764166742356326176 49721
1764166742389510368 49722
1764166742423436320 49723
1764166742456368096 49724
1764166742488514400 49725
1764166742524272800 49726
1764166742551658272 49727
1764166742590146784 49728
1764166742624985312 49729
1764166742651082752 49730
1764166742688283712 49731
1764166742722630304 49732
1764166742756743744 49733
1764166742789404832 49734
1764166742826510624 49735
1764166742862311264 49736
1764166742889288704 49737
1764166742922202144 49738
1764166742957474816 49739
1764166742984403136 49740
1764166743019513440 49741
1764166743059294784 49742
1764166743090791136 49743
1764166743118221952 49744
1764166743152949152 49745
1764166743188942528 49746
1764166743223630816 49747
1764166743253464672 49748
1764166743287957888 49749
1764166743322562720 49750
1764166743355827840 49751
1764166743391231136 49752
1764166743417668064 49753
1764166743452052448 49754
1764166743490714880 49755
1764166743519476576 49756
1764166743555256960 49757
1764166743588633952 49758
1764166743622738464 49759
1764166743659184608 49760
1764166743692665120 49761
1764166743719445472 49762
1764166743755240192 49763
1764166743789406016 49764
1764166743822179744 49765
1764166743857418048 49766
1764166743884877440 49767
1764166743925451040 49768
1764166743951939296 49769
1764166743987345472 49770
1764166744022116992 49771
1764166744064598848 49772
1764166744089799104 49773
1764166744123806304 49774
1764166744153583008 49775
1764166744187335712 49776
1764166744222908928 49777
1764166744255712224 49778
1764166744289665600 49779
1764166744320221920 49780
1764166744355075328 49781
1764166744388265696 49782
1764166744427347136 49783
1764166744456492864 49784
1764166744490349952 49785
1764166744517248416 49786
1764166744552100512 49787
1764166744592231168 49788
1764166744618265152 49789
1764166744654263872 49790
1764166744691174496 49791
1764166744718155776 49792
1764166744753970336 49793
1764166744790413632 49794
1764166744828259104 49795
1764166744862928448 49796
1764166744889476064 49797
1764166744928410176 49798
1764166744955187296 49799
1764166744995212736 49800
1764166745022753536 49801
1764166745057292512 49802
1764166745084513280 49803
1764166745123829696 49804
1764166745157842144 49805
1764166745193817216 49806
1764166745221603168 49807
1764166745256131072 49808
1764166745295213216 49809
1764166745325330432 49810
1764166745355322976 49811
1764166745388674496 49812
1764166745421774816 49813
1764166745455188128 49814
1764166745488982496 49815
1764166745522936576 49816
1764166745561056640 49817
1764166745590054208 49818
1764166745617110304 49819
1764166745651445920 49820
1764166745686614912 49821
1764166745722504352 49822
1764166745755976640 49823
1764166745791880960 49824
1764166745818085120 49825
1764166745852127904 49826
1764166745888562400 49827
1764166745923162944 49828
1764166745949883552 49829
1764166745985502560 49830
1764166746021568000 49831
1764166746056981408 49832
1764166746086576320 49833
1764166746120576864 49834
1764166746156279296 49835
1764166746188976224 49836
1764166746222901536 49837
1764166746251182528 49838
1764166746287998656 49839
1764166746321868800 49840
1764166746355852160 49841
1764166746388966464 49842
1764166746421421184 49843
1764166746457208384 49844
1764166746486174592 49845
1764166746524177376 49846
1764166746550944352 49847
1764166746587630624 49848
1764166746622624256 49849
1764166746655598272 49850
1764166746690905184 49851
1764166746719033312 49852
1764166746753839008 49853
1764166746795781920 49854
1764166746825070496 49855
1764166746860595072 49856
1764166746886788192 49857
1764166746920999200 49858
1764166746957739840 49859
1764166746992968480 49860
1764166747021877696 49861
1764166747055014432 49862
1764166747091485440 49863
1764166747127838432 49864
1764166747159114016 49865
1764166747184851296 49866
1764166747218781056 49867
1764166747263499968 49868
1764166747299504448 49869
1764166747322845280 49870
1764166747360288448 49871
1764166747393422944 49872
1764166747428076736 49873
1764166747453970592 49874
1764166747487500448 49875
1764166747523996960 49876
1764166747560249216 49877
1764166747591875424 49878
1764166747617871808 49879
1764166747654349920 49880
1764166747688797280 49881
1764166747722783808 49882
1764166747750673888 49883
1764166747784939008 49884
1764166747828461408 49885
1764166747866155872 49886
1764166747893090944 49887
1764166747922932960 49888
1764166747961903104 49889
1764166747997243488 49890
1764166748026202432 49891
1764166748063887168 49892
1764166748087604480 49893
1764166748120381632 49894
1764166748154352384 49895
1764166748188144160 49896
1764166748222813632 49897
1764166748250948576 49898
1764166748288767648 49899
1764166748319126816 49900
1764166748355670720 49901
1764166748383099808 49902
1764166748418567264 49903
1764166748455115872 49904
1764166748488191776 49905
1764166748523071936 49906
1764166748550910624 49907
1764166748585733984 49908
1764166748626558688 49909
1764166748655025728 49910
1764166748688114016 49911
1764166748723285504 49912
1764166748754036448 49913
1764166748787994112 49914
1764166748820625280 49915
1764166748854278464 49916
1764166748889172256 49917
1764166748923103328 49918
1764166748959590016 49919
1764166748990561248 49920
1764166749017793792 49921
1764166749051995968 49922
1764166749086081408 49923
1764166749120383680 49924
1764166749156025248 49925
1764166749184147744 49926
1764166749219324896 49927
1764166749255194272 49928
1764166749288764960 49929
1764166749316509984 49930
1764166749351379488 49931
1764166749389096000 49932
1764166749417081920 49933
1764166749452869728 49934
1764166749489279328 49935
1764166749523133216 49936
1764166749551703904 49937
1764166749587181312 49938
1764166749622276512 49939
1764166749650713632 49940
1764166749685507008 49941
1764166749720447936 49942
1764166749757246592 49943
1764166749783501664 49944
1764166749817856128 49945
1764166749859226976 49946
1764166749893128032 49947
1764166749921447584 49948
1764166749954441152 49949
1764166749989549696 49950
1764166750016832480 49951
1764166750051365888 49952
1764166750091939392 49953
1764166750118708096 49954
1764166750155025440 49955
1764166750190444576 49956
1764166750218950624 49957
1764166750254611104 49958
1764166750288049344 49959
1764166750321631392 49960
1764166750354890144 49961
1764166750388431552 49962
1764166750422403648 49963
1764166750460369248 49964
1764166750491250080 49965
1764166750523076192 49966
1764166750549099456 49967
1764166750588478496 49968
1764166750624882592 49969
1764166750651100064 49970
1764166750687665984 49971
1764166750720771200 49972
1764166750754167424 49973
1764166750789806368 49974
1764166750816778496 49975
1764166750858849760 49976
1764166750891580032 49977
1764166750930445184 49978
1764166750952327840 49979
1764166750985196544 49980
1764166751021135520 49981
1764166751054907680 49982
1764166751088402560 49983
1764166751115956320 49984
1764166751153835872 49985
1764166751188302432 49986
1764166751222509408 49987
1764166751255982336 49988
1764166751285848352 49989
1764166751319788992 49990
1764166751355124832 49991
1764166751393108160 49992
1764166751422896192 49993
1764166751455192576 49994
1764166751485212000 49995
1764166751518969760 49996
1764166751554427680 49997
1764166751588426752 49998
1764166751616529888 49999
1764166751654471968 50000
1764166751689368896 50001
1764166751719048032 50002
1764166751755532608 50003
1764166751783438048 50004
1764166751818063520 50005
1764166751857759200 50006
1764166751898567168 50007
1764166751929093248 50008
1764166751963517568 50009
1764166751989124736 50010
1764166752023406368 50011
1764166752057880832 50012
1764166752086423232 50013
1764166752120608736 50014
1764166752155704608 50015
1764166752192962944 50016
1764166752227598176 50017
1764166752253578656 50018
1764166752288238720 50019
1764166752324411616 50020
1764166752349248992 50021
1764166752383471712 50022
1764166752422100032 50023
1764166752465976800 50024
1764166752488736160 50025
1764166752525262944 50026
1764166752551180768 50027
1764166752585385344 50028
1764166752620153216 50029
1764166752653419968 50030
1764166752687136128 50031
1764166752720512416 50032
1764166752753869440 50033
1764166752789871296 50034
1764166752818667776 50035
1764166752854562272 50036
1764166752889353216 50037
1764166752936128416 50038
1764166752970196608 50039
1764166752999148448 50040
1764166753032683968 50041
1764166753064893632 50042
1764166753087416320 50043
1764166753122482624 50044
1764166753149986688 50045
1764166753184839008 50046
1764166753221185984 50047
1764166753254671008 50048
1764166753287373248 50049
1764166753322212416 50050
1764166753360134208 50051
1764166753388017184 50052
1764166753420898976 50053
1764166753455097184 50054
1764166753483492608 50055
1764166753519514464 50056
1764166753553726208 50057
1764166753587841568 50058
1764166753624163584 50059
1764166753656393152 50060
1764166753697605760 50061
1764166753725703744 50062
1764166753763284800 50063
1764166753789633440 50064
1764166753816868416 50065
1764166753852881440 50066
1764166753887999264 50067
1764166753926217376 50068
1764166753961481280 50069
1764166753988608832 50070
1764166754017751008 50071
1764166754052395424 50072
1764166754087045024 50073
1764166754121077504 50074
1764166754153154688 50075
1764166754187917408 50076
1764166754221383328 50077
1764166754255535744 50078
1764166754293111808 50079
1764166754321384608 50080
1764166754355001248 50081
1764166754385340928 50082
1764166754419126688 50083
1764166754452669024 50084
1764166754486950528 50085
1764166754522518336 50086
1764166754561019904 50087
1764166754597757152 50088
1764166754620030816 50089
1764166754657374720 50090
1764166754684746240 50091
1764166754722210848 50092
1764166754749684000 50093
1764166754793848416 50094
1764166754821411232 50095
1764166754859492448 50096
1764166754896596512 50097
1764166754920885088 50098
1764166754954395264 50099
1764166754987995168 50100
1764166755020285408 50101
1764166755053920576 50102
1764166755088216544 50103
1764166755122393280 50104
1764166755160314304 50105
1764166755198085632 50106
1764166755223143712 50107
1764166755248503744 50108
1764166755284100608 50109
1764166755320776864 50110
1764166755355471456 50111
1764166755394425696 50112
1764166755429071040 50113
1764166755466520448 50114
1764166755496819648 50115
1764166755519840160 50116
1764166755553738656 50117
1764166755587744288 50118
1764166755623730112 50119
1764166755649253504 50120
1764166755683279232 50121
1764166755719584992 50122
1764166755754717216 50123
1764166755788018464 50124
1764166755821459808 50125
1764166755854436544 50126
1764166755887177632 50127
1764166755920558144 50128
1764166755955056768 50129
1764166755982406848 50130
1764166756019828192 50131
1764166756055591808 50132
1764166756083344704 50133
1764166756123203424 50134
1764166756161285888 50135
1764166756195733344 50136
1764166756226139040 50137
1764166756253822848 50138
1764166756286733824 50139
1764166756319751712 50140
1764166756354971488 50141
1764166756382546080 50142
1764166756418819392 50143
1764166756456226816 50144
1764166756482666144 50145
1764166756518442624 50146
1764166756553387072 50147
1764166756586822592 50148
1764166756620261408 50149
1764166756656626784 50150
1764166756684770304 50151
1764166756722318656 50152
1764166756760876864 50153
1764166756786878624 50154
1764166756824745888 50155
1764166756849670304 50156
1764166756887341952 50157
1764166756922297376 50158
1764166756948961280 50159
1764166756987414656 50160
1764166757024817024 50161
1764166757051498016 50162
1764166757085389984 50163
1764166757123630720 50164
1764166757151232928 50165
1764166757187543456 50166
1764166757217732928 50167
1764166757256478080 50168
1764166757283110208 50169
1764166757318445088 50170
1764166757353160192 50171
1764166757388941312 50172
1764166757416082624 50173
1764166757451509760 50174
1764166757495056448 50175
1764166757526910528 50176
1764166757555321312 50177
1764166757581978240 50178
1764166757616458208 50179
1764166757650780960 50180
1764166757685581536 50181
1764166757723907808 50182
1764166757750771776 50183
1764166757789039264 50184
1764166757815289344 50185
1764166757850936160 50186
1764166757886436192 50187
1764166757920429056 50188
1764166757954685120 50189
1764166757986558208 50190
1764166758021407776 50191
1764166758060297312 50192
1764166758100358016 50193
1764166758119752640 50194
1764166758152969824 50195
1764166758188781888 50196
1764166758224998592 50197
1764166758254879616 50198
1764166758283450528 50199
1764166758319701408 50200
1764166758358461376 50201
1764166758396101216 50202
1764166758420096288 50203
1764166758457112768 50204
1764166758499557952 50205
1764166758530101024 50206
1764166758559143136 50207
1764166758602605344 50208
1764166758631405120 50209
1764166758656736384 50210
1764166758695048992 50211
1764166758723977280 50212
1764166758761005600 50213
1764166758788212288 50214
1764166758815183328 50215
1764166758855469696 50216
1764166758885448832 50217
1764166758920212128 50218
1764166758953365440 50219
1764166758986949664 50220
1764166759022517568 50221
1764166759050326432 50222
1764166759085733056 50223
1764166759121658976 50224
1764166759154469920 50225
1764166759185279712 50226
1764166759220259968 50227
1764166759253367008 50228
1764166759290152352 50229
1764166759326312800 50230
1764166759355167584 50231
1764166759390148544 50232
1764166759419229312 50233
1764166759461137536 50234
1764166759486726752 50235
1764166759519877664 50236
1764166759552962816 50237
1764166759590457504 50238
1764166759616223552 50239
1764166759651545664 50240
1764166759686019072 50241
1764166759719970400 50242
1764166759752845568 50243
1764166759786196608 50244
1764166759819955488 50245
1764166759854099616 50246
1764166759886999520 50247
1764166759919786688 50248
1764166759955591648 50249
1764166759992293728 50250
1764166760019598944 50251
1764166760052942528 50252
1764166760087241440 50253
1764166760121121568 50254
1764166760157912320 50255
1764166760184808320 50256
1764166760219211104 50257
1764166760253297248 50258
1764166760288122240 50259
1764166760315291616 50260
1764166760351824448 50261
1764166760392075232 50262
1764166760419659680 50263
1764166760457661248 50264
1764166760493175456 50265
1764166760523629600 50266
1764166760556934848 50267
1764166760582268992 50268
1764166760618613184 50269
1764166760653434368 50270
1764166760681551200 50271
1764166760716919488 50272
1764166760752659328 50273
1764166760789399840 50274
1764166760816360096 50275
1764166760857862208 50276
1764166760892500384 50277
1764166760922258784 50278
1764166760958291872 50279
1764166760988333760 50280
1764166761029361984 50281
1764166761052652672 50282
1764166761086478912 50283
1764166761122480000 50284
1764166761148691936 50285
1764166761182621504 50286
1764166761218344384 50287
1764166761258934432 50288
1764166761290208096 50289
1764166761330542336 50290
1764166761352672704 50291
1764166761386031648 50292
1764166761419513952 50293
1764166761457197376 50294
1764166761489498624 50295
1764166761526276192 50296
1764166761552691360 50297
1764166761586223904 50298
1764166761620637248 50299
1764166761653970528 50300
1764166761687564064 50301
1764166761715563168 50302
1764166761755213088 50303
1764166761785034304 50304
1764166761819649952 50305
1764166761855447360 50306
1764166761881646624 50307
1764166761924621120 50308
1764166761953323680 50309
1764166761987517920 50310
1764166762019649760 50311
1764166762052724032 50312
1764166762087468160 50313
1764166762124815040 50314
1764166762151985920 50315
1764166762182395584 50316
1764166762217120032 50317
1764166762254192416 50318
1764166762295049216 50319
1764166762322187456 50320
1764166762347553600 50321
1764166762388107776 50322
1764166762415476128 50323
1764166762450448000 50324
1764166762487533472 50325
1764166762516302528 50326
1764166762551382784 50327
1764166762586232608 50328
1764166762623473600 50329
1764166762648978496 50330
1764166762681122176 50331
1764166762716524576 50332
1764166762754861536 50333
1764166762782897088 50334
1764166762818902848 50335
1764166762853394144 50336
1764166762893113280 50337
1764166762920316192 50338
1764166762948043968 50339
1764166762985128768 50340
1764166763020952224 50341
1764166763048186720 50342
1764166763081751520 50343
1764166763116175360 50344
1764166763155466208 50345
1764166763181833120 50346
1764166763219578752 50347
1764166763254749568 50348
1764166763282134432 50349
1764166763325911584 50350
1764166763352097536 50351
1764166763386455296 50352
1764166763419906944 50353
1764166763453069664 50354
1764166763486692480 50355
1764166763524368384 50356
1764166763552374592 50357
1764166763590453216 50358
1764166763618997056 50359
1764166763652094912 50360
1764166763686224992 50361
1764166763720618496 50362
1764166763749428320 50363
1764166763793850592 50364
1764166763818829536 50365
1764166763852910752 50366
1764166763890861216 50367
1764166763918735392 50368
1764166763953021184 50369
1764166763982434240 50370
1764166764019523520 50371
1764166764052578016 50372
1764166764086448608 50373
1764166764119827008 50374
1764166764153377696 50375
1764166764186496160 50376
1764166764225027104 50377
1764166764262710528 50378
1764166764290130624 50379
1764166764315695424 50380
1764166764357176992 50381
1764166764382958976 50382
1764166764417911936 50383
1764166764452422528 50384
1764166764489462240 50385
1764166764519049696 50386
1764166764558566336 50387
1764166764595853216 50388
1764166764618896928 50389
1764166764651557664 50390
1764166764687062656 50391
1764166764720563072 50392
1764166764749743936 50393
1764166764790467744 50394
1764166764815416512 50395
1764166764850563104 50396
1764166764889197728 50397
1764166764919147040 50398
1764166764950172704 50399
1764166764989580576 50400
1764166765015602400 50401
1764166765056572352 50402
1764166765081808288 50403
1764166765121383360 50404
1764166765149090176 50405
1764166765190874400 50406
1764166765219926624 50407
1764166765253093216 50408
1764166765281947712 50409
1764166765319120864 50410
1764166765352773408 50411
1764166765390453312 50412
1764166765415968064 50413
1764166765455027552 50414
1764166765496452832 50415
1764166765520024256 50416
1764166765550812576 50417
1764166765587745760 50418
1764166765616048576 50419
1764166765655039520 50420
1764166765682746848 50421
1764166765717964896 50422
1764166765762419008 50423
1764166765785863808 50424
1764166765822843136 50425
1764166765848620640 50426
1764166765887537952 50427
1764166765923482176 50428
1764166765950576960 50429
1764166765986812544 50430
1764166766024773088 50431
1764166766051890976 50432
1764166766087525920 50433
1764166766120513216 50434
1764166766148265856 50435
