1764166788747498528 51113
1764166788775528096 51114
1764166788822452224 51115
1764166788856998304 51116
1764166788880986496 51117
1764166788909106208 51118
1764166788950845920 51119
1764166788976038016 51120
1764166789010536416 51121
1764166789047496000 51122
1764166789080716832 51123
1764166789107991744 51124
1764166789150598368 51125
1764166789175536736 51126
1764166789217986080 51127
1764166789253530880 51128
1764166789279631136 51129
1764166789318360672 51130
1764166789344838944 51131
1764166789391535136 51132
1764166789414936640 51133
1764166789450012544 51134
1764166789491042208 51135
1764166789520233120 51136
1764166789545772416 51137
1764166789579518400 51138
1764166789615405632 51139
1764166789655176416 51141
1764166789680185472 51141
1764166789707419104 51142
1764166789742447904 51143
1764166789778138176 51144
1764166789814120512 51145
1764166789849597120 51146
1764166789877609568 51147
1764166789912949568 51148
1764166789946712768 51149
1764166789980029632 51150
1764166790011427296 51151
1764166790058842016 51152
1764166790078116672 51153
1764166790111649728 51154
1764166790144246272 51155
1764166790184168832 51156
1764166790211399392 51157
1764166790247768416 51158
1764166790275403488 51159
1764166790310185792 51160
1764166790349941216 51161
1764166790375352928 51162
1764166790409237696 51163
1764166790445952192 51164
1764166790479366144 51165
1764166790513711552 51166
1764166790546246720 51167
1764166790580368096 51168
1764166790618275200 51169
1764166790645693408 51170
1764166790679667072 51171
1764166790708352992 51172
1764166790743744448 51173
1764166790780237280 51174
1764166790808237664 51175
1764166790842371968 51176
1764166790878222016 51177
1764166790912481632 51178
1764166790946543456 51179
1764166790974855072 51180
1764166791009383616 51181
1764166791050806208 51182
1764166791077238048 51183
1764166791111076736 51184
1764166791147209184 51185
1764166791179869664 51186
1764166791208054368 51187
1764166791243207936 51188
1764166791279573504 51189
1764166791313666688 51190
1764166791341452096 51191
1764166791375178496 51192
1764166791412086400 51193
1764166791447780832 51194
1764166791474691136 51195
1764166791508418848 51196
1764166791546020000 51197
1764166791579325216 51198
1764166791612161440 51199
1764166791646149056 51200
1764166791680272384 51201
1764166791708083776 51202
1764166791747634528 51203
1764166791781004288 51204
1764166791808194464 51205
1764166791842259040 51206
1764166791883531904 51207
1764166791913550272 51208
1764166791948303456 51209
1764166791974607168 51210
1764166792017610336 51211
1764166792043169440 51212
1764166792084658656 51213
1764166792120516064 51214
1764166792148195392 51215
1764166792179822592 51216
1764166792217490208 51217
1764166792252301312 51218
1764166792281536032 51219
1764166792307454080 51220
1764166792350583328 51221
1764166792385830240 51222
1764166792412563744 51223
1764166792443157408 51224
1764166792492397184 51225
1764166792511356416 51226
1764166792548959072 51227
1764166792578165440 51228
1764166792623397920 51229
1764166792644465920 51230
1764166792680561440 51231
1764166792707664384 51232
1764166792750612864 51233
1764166792796657024 51234
1764166792812980832 51235
1764166792846487072 51236
1764166792874350560 51237
1764166792914460768 51238
1764166792940780160 51239
1764166792975391552 51240
1764166793010896480 51241
1764166793045556864 51242
1764166793080442624 51243
1764166793107265216 51244
1764166793141672864 51245
1764166793178945440 51246
1764166793215943264 51247
1764166793242411904 51248
1764166793279667776 51249
1764166793307891808 51250
1764166793342321088 51251
1764166793383382816 51252
1764166793411076704 51253
1764166793446227456 51254
1764166793480332960 51255
1764166793513670560 51256
1764166793540556160 51257
1764166793575268224 51258
1764166793611211232 51259
1764166793645658048 51260
1764166793673911808 51261
1764166793710280704 51262
1764166793751129024 51263
1764166793793263488 51264
1764166793811368768 51265
1764166793847491616 51266
1764166793877442272 51267
1764166793912090624 51268
1764166793947469120 51269
1764166793977085920 51270
1764166794011990656 51271
1764166794057507808 51272
1764166794076594912 51273
1764166794112442400 51274
1764166794147929984 51275
1764166794174451104 51276
1764166794210449248 51277
1764166794247276192 51278
1764166794285406432 51279
1764166794311417536 51280
1764166794339841216 51281
1764166794375091616 51282
1764166794410868704 51283
1764166794450894560 51284
1764166794477765408 51285
1764166794519590848 51286
1764166794544367040 51287
1764166794581231040 51288
1764166794617887136 51289
1764166794644596512 51290
1764166794679143168 51291
1764166794712438528 51292
1764166794745801248 51293
1764166794774792128 51294
1764166794810443776 51295
1764166794845072672 51296
1764166794884510240 51297
1764166794911793920 51298
1764166794955025312 51299
1764166794980646304 51300
1764166795010670752 51301
1764166795046460960 51302
1764166795074132480 51303
1764166795110449408 51304
1764166795140727648 51305
1764166795175864864 51306
1764166795211366944 51307
1764166795245634304 51308
1764166795273546944 51309
1764166795316155168 51310
1764166795340730880 51311
1764166795374685696 51312
1764166795411330080 51313
1764166795451321696 51314
1764166795488979136 51315
1764166795511692384 51316
1764166795546833088 51317
1764166795585875232 51318
1764166795611158720 51319
1764166795645848800 51320
1764166795673949536 51321
1764166795712523488 51322
1764166795740347552 51323
1764166795777355648 51324
1764166795812821408 51325
1764166795850833568 51326
1764166795888018336 51327
1764166795910661088 51328
1764166795950863360 51329
1764166795977123904 51330
1764166796015671904 51331
1764166796041422368 51332
1764166796088405216 51333
1764166796136236544 51334
1764166796168346528 51335
1764166796185294176 51336
1764166796209886784 51337
1764166796245920704 51338
1764166796274782496 51339
1764166796310594720 51340
1764166796346857824 51341
1764166796373126048 51342
1764166796414006784 51343
1764166796440123552 51344
1764166796477163296 51345
1764166796511844448 51346
1764166796544512320 51347
1764166796579258592 51348
1764166796615236832 51349
1764166796655339488 51350
1764166796676580512 51351
1764166796710628384 51352
1764166796744844128 51353
1764166796792295872 51354
1764166796810181280 51355
1764166796844999840 51356
1764166796873985856 51357
1764166796917789888 51358
1764166796944110816 51359
1764166796979290944 51360
1764166797006902816 51361
1764166797042786272 51362
1764166797079376928 51363
1764166797106877728 51364
1764166797151091264 51365
1764166797187176416 51366
1764166797211128320 51367
1764166797239695840 51368
1764166797286458624 51369
1764166797311237760 51370
1764166797347252192 51371
1764166797376151136 51372
1764166797411360320 51373
1764166797444879904 51374
1764166797484643040 51375
1764166797510168064 51376
1764166797544298752 51377
1764166797572451520 51378
1764166797608216576 51379
1764166797643545056 51380
1764166797679505056 51381
1764166797706480320 51382
1764166797741962464 51383
1764166797777509344 51384
1764166797811618304 51385
1764166797847110496 51386
1764166797874144896 51387
1764166797909653184 51388
1764166797945291328 51389
1764166797978925056 51390
1764166798006286176 51391
1764166798054475840 51392
1764166798076859168 51393
1764166798111195968 51394
1764166798139478720 51395
1764166798184072576 51396
1764166798210451968 51397
1764166798251350304 51398
1764166798277234624 51399
1764166798314453216 51400
1764166798341037216 51401
1764166798376564640 51402
1764166798415430816 51403
1764166798452715808 51404
1764166798477111648 51405
1764166798510643104 51406
1764166798544409152 51407
1764166798578914624 51408
1764166798618464224 51409
1764166798654073440 51410
1764166798677343328 51411
1764166798711516256 51412
1764166798739379936 51413
1764166798777819072 51414
1764166798814276384 51415
1764166798841698688 51416
1764166798875435200 51417
1764166798909267360 51418
1764166798944157664 51419
1764166798981112768 51420
1764166799008269792 51421
1764166799041913184 51422
1764166799078775840 51423
1764166799111871648 51424
1764166799139406112 51425
1764166799175144576 51426
1764166799211184544 51427
1764166799248184064 51428
1764166799272765472 51429
1764166799311706592 51430
1764166799348399936 51431
1764166799372595040 51432
1764166799407346080 51433
1764166799442942816 51434
1764166799483794208 51435
1764166799509913184 51436
1764166799545814112 51437
1764166799573389856 51438
1764166799611564192 51439
1764166799638903232 51440
1764166799674502944 51441
1764166799712336256 51442
1764166799739862976 51443
1764166799774163040 51444
1764166799812142112 51445
1764166799847899296 51446
1764166799880819712 51447
1764166799907345152 51448
1764166799946755392 51449
1764166799978504448 51450
1764166800006032160 51451
1764166800047319136 51452
1764166800083908000 51453
1764166800114861824 51454
1764166800148368448 51455
1764166800176240384 51456
1764166800214451488 51457
1764166800239750976 51458
1764166800277519424 51459
1764166800311794720 51460
1764166800339360320 51461
1764166800375833504 51462
1764166800410775584 51463
1764166800443889216 51464
1764166800477262784 51465
1764166800510850144 51466
1764166800547285088 51467
1764166800572334720 51468
1764166800607104064 51469
1764166800642243776 51470
1764166800682452928 51471
1764166800709207296 51472
1764166800743311136 51473
1764166800785412192 51474
1764166800811385344 51475
1764166800852585024 51476
1764166800876665152 51477
1764166800909833152 51478
1764166800951998976 51479
1764166800975955232 51480
1764166801015298880 51481
1764166801040431680 51482
1764166801074764608 51483
1764166801111398560 51484
1764166801139787904 51485
1764166801175039904 51486
1764166801209465056 51487
1764166801243558240 51488
1764166801283716448 51489
1764166801309749408 51490
1764166801354531296 51491
1764166801376066304 51492
1764166801414885632 51493
1764166801439172928 51494
1764166801478116768 51495
1764166801519569952 51496
1764166801544851616 51497
1764166801590066720 51498
1764166801610821280 51499
1764166801643883872 51500
1764166801672666176 51501
1764166801707588064 51502
1764166801747551712 51503
1764166801774853952 51504
1764166801809078528 51505
1764166801852474368 51506
1764166801878716160 51507
1764166801913348704 51508
1764166801940247584 51509
1764166801974556576 51510
1764166802013322336 51511
1764166802042856896 51512
1764166802077486144 51513
1764166802110200992 51514
1764166802145306496 51515
1764166802172310528 51516
1764166802208593728 51517
1764166802253682144 51518
1764166802276669472 51519
1764166802310638944 51520
1764166802344727776 51521
1764166802379584480 51522
1764166802405446208 51523
1764166802439175776 51524
1764166802476943712 51525
1764166802514483808 51526
1764166802538961984 51527
1764166802573776736 51528
1764166802612965920 51529
1764166802645056288 51530
1764166802678429088 51531
1764166802706334784 51532
1764166802744030080 51533
1764166802782457152 51534
1764166802812147040 51535
1764166802840609568 51536
1764166802875218848 51537
1764166802911519648 51538
1764166802939601184 51539
1764166802977060160 51540
1764166803011409152 51541
1764166803044680704 51542
1764166803072119296 51543
1764166803107833376 51544
1764166803142753984 51545
1764166803176962048 51546
1764166803211131872 51547
1764166803239127552 51548
1764166803282174304 51549
1764166803322636352 51550
1764166803343943712 51551
1764166803383588608 51552
1764166803409663936 51553
1764166803444904224 51554
1764166803472000928 51555
1764166803511227456 51556
1764166803538572192 51557
1764166803577460992 51558
1764166803610497376 51559
1764166803643318720 51560
1764166803676564288 51561
1764166803711049120 51562
1764166803743962048 51563
1764166803778445376 51564
1764166803806017120 51565
1764166803844466720 51566
1764166803884171136 51567
1764166803911078464 51568
1764166803948073632 51569
1764166803986865824 51570
1764166804010490304 51571
1764166804047065088 51572
1764166804072811296 51573
1764166804107883424 51574
1764166804154445088 51575
1764166804179434208 51576
1764166804207018432 51577
1764166804253700064 51578
1764166804279059744 51579
1764166804307146816 51580
1764166804341839872 51581
1764166804377516640 51582
1764166804408402848 51583
1764166804442455296 51584
1764166804477295648 51585
1764166804510782336 51586
1764166804543687808 51587
1764166804575920512 51588
1764166804611107744 51589
1764166804642395904 51590
1764166804676389504 51591
1764166804710482080 51592
1764166804743521408 51593
1764166804783040160 51594
1764166804811742496 51595
1764166804844703008 51596
1764166804872087040 51597
1764166804908867168 51598
1764166804954489216 51599
1764166804976955264 51600
1764166805009723904 51601
1764166805043592352 51602
1764166805077125280 51603
1764166805110551904 51604
1764166805143299840 51605
1764166805176477696 51606
1764166805210449120 51607
1764166805244436864 51608
1764166805289181088 51609
1764166805309962016 51610
1764166805342979648 51611
1764166805375471328 51612
1764166805409113696 51613
1764166805449791584 51614
1764166805478979328 51615
1764166805505387808 51616
1764166805542901696 51617
1764166805576904800 51618
1764166805610459936 51619
1764166805643957152 51620
1764166805672077408 51621
1764166805707801344 51622
1764166805742529088 51623
1764166805778185184 51624
1764166805805234880 51625
1764166805841578688 51626
1764166805875637920 51627
1764166805910440448 51628
1764166805953032992 51629
1764166805975827488 51630
1764166806010274912 51631
1764166806042549696 51632
1764166806086668288 51633
1764166806107158048 51634
1764166806141702752 51635
1764166806175637632 51636
1764166806213107712 51637
1764166806238712672 51638
1764166806282466528 51639
1764166806310076000 51640
1764166806350594592 51641
1764166806391132640 51642
1764166806410458496 51643
1764166806442705152 51644
1764166806476357088 51645
1764166806511310240 51646
1764166806539703296 51647
1764166806575767680 51648
1764166806611510432 51649
1764166806643173952 51650
1764166806679035936 51651
1764166806705973888 51652
1764166806742069728 51653
1764166806779945344 51654
1764166806807516864 51655
1764166806841704704 51656
1764166806876808448 51657
1764166806910163808 51658
1764166806939055616 51659
1764166806974912256 51660
1764166807012466720 51661
1764166807039928480 51662
1764166807074612544 51663
1764166807111516544 51664
1764166807141835680 51665
1764166807175630752 51666
1764166807211996128 51667
1764166807238783264 51668
1764166807274787296 51669
1764166807309425472 51670
1764166807347791712 51671
1764166807375414816 51672
1764166807410410336 51673
1764166807443588480 51674
1764166807475998528 51675
1764166807510569952 51676
1764166807543753600 51677
1764166807577062304 51678
1764166807610745152 51679
1764166807639613792 51680
1764166807675091296 51681
1764166807721428864 51682
1764166807743738944 51683
1764166807777876992 51684
1764166807806048288 51685
1764166807839389952 51686
1764166807875569984 51687
1764166807910437792 51688
1764166807943932672 51689
1764166807972830400 51690
1764166808014765472 51691
1764166808063669504 51692
1764166808086073376 51693
1764166808109593344 51694
1764166808148050688 51695
1764166808176162016 51696
1764166808220494976 51697
1764166808242738464 51698
1764166808287422944 51699
1764166808320622208 51700
1764166808354115296 51701
1764166808379357120 51702
1764166808405966176 51703
1764166808442048448 51704
1764166808477185024 51705
1764166808510506848 51706
1764166808553594112 51707
1764166808580881120 51708
1764166808605765504 51709
1764166808647453728 51710
1764166808675003584 51711
1764166808708670368 51712
1764166808743025984 51713
1764166808777817472 51714
1764166808806414656 51715
1764166808843003936 51716
1764166808876077056 51717
1764166808910392096 51718
1764166808942956416 51719
1764166808982471264 51720
1764166809009817184 51721
1764166809043211456 51722
1764166809087232704 51723
1764166809110553152 51724
1764166809150198048 51725
1764166809175574208 51726
1764166809209773120 51727
1764166809247597632 51728
1764166809278785696 51729
1764166809314391168 51730
1764166809342078464 51731
1764166809375908224 51732
1764166809411109024 51733
1764166809437914976 51734
1764166809473562368 51735
1764166809514474976 51736
1764166809540571648 51737
1764166809576551136 51738
1764166809610194368 51739
1764166809642984992 51740
1764166809676346560 51741
1764166809717446080 51742
1764166809744102464 51743
1764166809775575456 51744
1764166809805528320 51745
1764166809841206656 51746
1764166809878116448 51747
1764166809907474976 51748
1764166809938150144 51749
1764166809973513888 51750
1764166810008779904 51751
1764166810043212544 51752
1764166810075902624 51753
1764166810109400256 51754
1764166810143768544 51755
1764166810177206496 51756
1764166810211182176 51757
1764166810238158752 51758
1764166810273462144 51759
1764166810309655136 51760
1764166810344259776 51761
1764166810371725120 51762
1764166810408517984 51763
1764166810443152032 51764
1764166810476714496 51765
1764166810509880544 51766
1764166810544052896 51767
1764166810577144928 51768
1764166810610554848 51769
1764166810637848640 51770
1764166810676691168 51771
1764166810709932128 51772
1764166810744044864 51773
1764166810771207872 51774
1764166810805581120 51775
1764166810842599744 51776
1764166810876606784 51777
1764166810927851200 51778
1764166810954509856 51779
1764166810974893504 51780
1764166811011341120 51781
1764166811038856064 51782
1764166811074195744 51783
1764166811110452768 51784
1764166811138588768 51785
1764166811174438432 51786
1764166811210148928 51787
1764166811238868896 51788
1764166811275913888 51789
1764166811305530944 51790
1764166811340803904 51791
1764166811375679264 51792
1764166811430705888 51793
1764166811446929216 51794
1764166811472333376 51795
1764166811513058112 51796
1764166811539034688 51797
1764166811575031968 51798
1764166811609437600 51799
1764166811640913216 51800
1764166811674905056 51801
1764166811709895712 51802
1764166811738528640 51803
1764166811775743072 51804
1764166811820677472 51805
1764166811841717536 51806
1764166811876288928 51807
1764166811910128384 51808
1764166811940725760 51809
1764166811974121472 51810
1764166812009143264 51811
1764166812044182592 51812
1764166812070907520 51813
1764166812106204256 51814
1764166812147826112 51815
1764166812176264000 51816
1764166812210216864 51817
1764166812243679584 51818
1764166812277977504 51819
1764166812307185408 51820
1764166812342175648 51821
1764166812378143136 51822
1764166812406969280 51823
1764166812441639520 51824
1764166812476356032 51825
1764166812510438720 51826
1764166812541616736 51827
1764166812577244672 51828
1764166812611545664 51829
1764166812637087680 51830
1764166812673282784 51831
1764166812705922336 51832
1764166812743624448 51833
1764166812779292288 51834
1764166812808460096 51835
1764166812841618848 51836
1764166812876707104 51837
1764166812915758112 51838
1764166812942002528 51839
1764166812975761888 51840
1764166813006435744 51841
1764166813041671744 51842
1764166813075751040 51843
1764166813109413344 51844
1764166813142020928 51845
1764166813175529472 51846
1764166813217066432 51847
1764166813243116128 51848
1764166813271179520 51849
1764166813321280896 51850
1764166813346002976 51851
1764166813372281120 51852
1764166813405663520 51853
1764166813441723872 51854
1764166813476393696 51855
1764166813509840736 51856
1764166813537839200 51857
1764166813574305440 51858
1764166813607779712 51859
1764166813642858112 51860
1764166813676202272 51861
1764166813705352320 51862
1764166813741482688 51863
1764166813776577312 51864
1764166813807632448 51865
1764166813841614176 51866
1764166813877218208 51867
1764166813905748256 51868
1764166813945064288 51869
1764166813978196928 51870
1764166814004180736 51871
1764166814041957312 51872
1764166814070851424 51873
1764166814112331968 51874
1764166814138038720 51875
1764166814174327840 51876
1764166814210494496 51877
1764166814241551040 51878
1764166814270852544 51879
1764166814308801888 51880
1764166814337444800 51881
1764166814372890816 51882
1764166814409885632 51883
1764166814442972480 51884
1764166814475659104 51885
1764166814509458784 51886
1764166814543291392 51887
1764166814575333536 51888
1764166814610025120 51889
1764166814642450624 51890
1764166814675018016 51891
1764166814704764480 51892
1764166814740026112 51893
1764166814794444320 51894
1764166814815270912 51895
1764166814845597632 51896
1764166814875360608 51897
1764166814908561728 51898
1764166814943152128 51899
1764166814975316448 51900
1764166815008759200 51901
1764166815038835520 51902
1764166815081088192 51903
1764166815107732736 51904
1764166815146454624 51905
1764166815170883072 51906
1764166815207568576 51907
1764166815244452416 51908
1764166815276798976 51909
1764166815308114720 51910
1764166815343729216 51911
1764166815372377440 51912
1764166815422445760 51913
1764166815441864416 51914
1764166815475782048 51915
1764166815525856672 51916
1764166815543396800 51917
1764166815583649760 51918
1764166815611311296 51919
1764166815637744480 51920
1764166815672672096 51921
1764166815708289664 51922
1764166815742287552 51923
1764166815772377600 51924
1764166815810417728 51925
1764166815845543712 51926
1764166815872020096 51927
1764166815906184576 51928
1764166815950462688 51929
1764166815974598464 51930
1764166816008716512 51931
1764166816041728864 51932
1764166816076864448 51933
1764166816109043776 51934
1764166816142433888 51935
1764166816175417984 51936
1764166816208985984 51937
1764166816244491200 51938
1764166816270704064 51939
1764166816305714336 51940
1764166816340949504 51941
1764166816375887968 51942
1764166816408823392 51943
1764166816445177280 51944
1764166816471487744 51945
1764166816506216672 51946
1764166816541995136 51947
1764166816573002688 51948
1764166816607972832 51949
1764166816641727744 51950
1764166816676263168 51951
1764166816709257024 51952
1764166816744078848 51953
1764166816783053056 51954
1764166816809533376 51955
1764166816838375424 51956
1764166816883182816 51957
1764166816915611584 51958
1764166816942664992 51959
1764166816974912512 51960
1764166817008986016 51961
1764166817042460384 51962
1764166817075257408 51963
1764166817108903712 51964
1764166817140862432 51965
1764166817175625824 51966
1764166817212874464 51967
1764166817239516768 51968
1764166817274841216 51969
1764166817309442944 51970
