74622 2166235066 1764167571658.079102 1764167571658 1764167571665
74623 2166268409 1764167571691.438232 1764167571691 1764167571698
74624 2166301753 1764167571724.798584 1764167571725 1764167571732
74625 2166335097 1764167571758.158936 1764167571758 1764167571765
74626 2166368441 1764167571791.504395 1764167571791 1764167571798
74627 2166401785 1764167571824.849609 1764167571825 1764167571833
74628 2166435129 1764167571858.194824 1764167571857 1764167571865
74629 2166468473 1764167571891.540039 1764167571891 1764167571898
74630 2166501817 1764167571924.885498 1764167571925 1764167571932
74631 2166535161 1764167571958.230713 1764167571957 1764167571965
74632 2166568505 1764167571991.575928 1764167571991 1764167571998
74633 2166601849 1764167572024.921143 1764167572025 1764167572032
74634 2166635193 1764167572058.266113 1764167572057 1764167572065
74635 2166668537 1764167572091.611328 1764167572091 1764167572098
74636 2166701880 1764167572124.955566 1764167572125 1764167572132
74637 2166735224 1764167572158.300781 1764167572157 1764167572165
74638 2166768568 1764167572191.645752 1764167572192 1764167572199
74639 2166801912 1764167572224.990967 1764167572225 1764167572232
74640 2166835256 1764167572258.336182 1764167572257 1764167572265
74641 2166868600 1764167572291.681152 1764167572291 1764167572298
74642 2166901944 1764167572325.026123 1764167572325 1764167572332
74643 2166935288 1764167572358.371338 1764167572358 1764167572365
74644 2166968632 1764167572391.716309 1764167572391 1764167572398
74645 2167001976 1764167572425.061279 1764167572425 1764167572432
74646 2167035320 1764167572458.406494 1764167572458 1764167572465
74647 2167068664 1764167572491.751465 1764167572491 1764167572498
74648 2167102008 1764167572525.096436 1764167572524 1764167572532
74649 2167135351 1764167572558.440430 1764167572558 1764167572565
74650 2167168695 1764167572591.785400 1764167572592 1764167572599
74651 2167202039 1764167572625.130371 1764167572625 1764167572632
74652 2167235383 1764167572658.475342 1764167572658 1764167572665
74653 2167268727 1764167572691.820312 1764167572692 1764167572699
74654 2167302071 1764167572725.165039 1764167572724 1764167572732
74655 2167335415 1764167572758.510010 1764167572758 1764167572765
74656 2167368759 1764167572791.856201 1764167572792 1764167572799
74657 2167402103 1764167572825.202148 1764167572824 1764167572832
74658 2167435447 1764167572858.548096 1764167572858 1764167572865
74659 2167468791 1764167572891.894287 1764167572892 1764167572899
74660 2167502135 1764167572925.240234 1764167572924 1764167572932
74661 2167535479 1764167572958.586182 1764167572958 1764167572965
74662 2167568823 1764167572991.932129 1764167572992 1764167572999
74663 2167602166 1764167573025.277344 1764167573024 1764167573032
74664 2167635510 1764167573058.623291 1764167573059 1764167573066
74665 2167668854 1764167573091.969238 1764167573092 1764167573099
74666 2167702198 1764167573125.315186 1764167573125 1764167573132
74667 2167735542 1764167573158.661133 1764167573158 1764167573165
74668 2167768886 1764167573192.007324 1764167573192 1764167573199
74669 2167802230 1764167573225.353271 1764167573225 1764167573232
74670 2167835574 1764167573258.699219 1764167573259 1764167573266
74671 2167868918 1764167573292.045166 1764167573292 1764167573299
74672 2167902262 1764167573325.391113 1764167573325 1764167573332
74673 2167935606 1764167573358.737061 1764167573358 1764167573365
74674 2167968950 1764167573392.083008 1764167573392 1764167573399
74675 2168002294 1764167573425.428955 1764167573425 1764167573432
74676 2168035637 1764167573458.773926 1764167573459 1764167573466
74677 2168068981 1764167573492.119873 1764167573491 1764167573499
74678 2168102325 1764167573525.465820 1764167573525 1764167573532
74679 2168135669 1764167573558.811768 1764167573559 1764167573566
74680 2168169013 1764167573592.157715 1764167573591 1764167573599
74681 2168202357 1764167573625.503662 1764167573626 1764167573633
74682 2168235701 1764167573658.849609 1764167573659 1764167573666
74683 2168269045 1764167573692.195557 1764167573691 1764167573699
74684 2168302389 1764167573725.541504 1764167573725 1764167573732
74685 2168335733 1764167573758.887451 1764167573759 1764167573766
74686 2168369077 1764167573792.233398 1764167573791 1764167573799
74687 2168402421 1764167573825.579102 1764167573825 1764167573832
74688 2168435765 1764167573858.924805 1764167573859 1764167573866
74689 2168469108 1764167573892.269775 1764167573892 1764167573899
74690 2168502452 1764167573925.615479 1764167573925 1764167573932
74691 2168535796 1764167573958.961182 1764167573959 1764167573966
74692 2168569140 1764167573992.306885 1764167573992 1764167573999
74693 2168602484 1764167574025.652832 1764167574026 1764167574033
74694 2168635828 1764167574058.998535 1764167574059 1764167574066
74695 2168669172 1764167574092.344238 1764167574092 1764167574099
74696 2168702516 1764167574125.689941 1764167574125 1764167574132
74697 2168735860 1764167574159.035645 1764167574159 1764167574168
74698 2168769204 1764167574192.381348 1764167574192 1764167574199
74699 2168802548 1764167574225.727051 1764167574226 1764167574233
74700 2168835892 1764167574259.072754 1764167574259 1764167574266
74701 2168869236 1764167574292.418213 1764167574292 1764167574299
74702 2168902580 1764167574325.763916 1764167574326 1764167574333
74703 2168935923 1764167574359.108643 1764167574358 1764167574366
74704 2168969267 1764167574392.454346 1764167574392 1764167574399
74705 2169002611 1764167574425.799805 1764167574426 1764167574433
74706 2169035955 1764167574459.145508 1764167574458 1764167574467
74707 2169069299 1764167574492.491211 1764167574492 1764167574499
74708 2169102643 1764167574525.836670 1764167574526 1764167574533
74709 2169135987 1764167574559.182373 1764167574558 1764167574566
74710 2169169331 1764167574592.527832 1764167574592 1764167574599
74711 2169202675 1764167574625.873535 1764167574626 1764167574633
74712 2169236019 1764167574659.218994 1764167574658 1764167574666
74713 2169269363 1764167574692.564453 1764167574692 1764167574699
74714 2169302707 1764167574725.910156 1764167574726 1764167574733
74715 2169336051 1764167574759.255615 1764167574759 1764167574766
74716 2169369394 1764167574792.600342 1764167574792 1764167574799
74717 2169402738 1764167574825.945801 1764167574826 1764167574833
74718 2169436082 1764167574859.291504 1764167574859 1764167574866
74719 2169469426 1764167574892.637207 1764167574892 1764167574899
74720 2169502770 1764167574925.982910 1764167574926 1764167574933
74721 2169536114 1764167574959.328369 1764167574959 1764167574966
74722 2169569458 1764167574992.674072 1764167574993 1764167575000
74723 2169602802 1764167575026.019531 1764167575026 1764167575033
74724 2169636146 1764167575059.365234 1764167575059 1764167575066
74725 2169669490 1764167575092.710693 1764167575093 1764167575100
74726 2169702834 1764167575126.056396 1764167575126 1764167575133
74727 2169736178 1764167575159.401855 1764167575159 1764167575166
74728 2169769522 1764167575192.747314 1764167575193 1764167575200
74729 2169802865 1764167575226.092041 1764167575225 1764167575233
74730 2169836209 1764167575259.437500 1764167575259 1764167575266
74731 2169869553 1764167575292.782959 1764167575293 1764167575300
74732 2169902897 1764167575326.128418 1764167575325 1764167575333
74733 2169936241 1764167575359.473877 1764167575359 1764167575366
74734 2169969585 1764167575392.819336 1764167575393 1764167575400
74735 2170002929 1764167575426.164795 1764167575425 1764167575433
74736 2170036273 1764167575459.510254 1764167575459 1764167575466
74737 2170069617 1764167575492.855713 1764167575493 1764167575500
74738 2170102961 1764167575526.201172 1764167575525 1764167575533
74739 2170136305 1764167575559.546631 1764167575559 1764167575566
74740 2170169649 1764167575592.892090 1764167575593 1764167575600
74741 2170202993 1764167575626.237549 1764167575626 1764167575633
74742 2170236337 1764167575659.582764 1764167575659 1764167575666
74743 2170269680 1764167575692.927246 1764167575693 1764167575700
74744 2170303024 1764167575726.272705 1764167575726 1764167575733
74745 2170336368 1764167575759.617920 1764167575759 1764167575766
74746 2170369712 1764167575792.963867 1764167575793 1764167575800
74747 2170403056 1764167575826.309570 1764167575826 1764167575833
74748 2170436400 1764167575859.655273 1764167575860 1764167575867
74749 2170469744 1764167575893.000977 1764167575893 1764167575900
74750 2170503088 1764167575926.346924 1764167575926 1764167575933
74751 2170536432 1764167575959.692627 1764167575960 1764167575967
74752 2170569776 1764167575993.038330 1764167575992 1764167576000
74753 2170603120 1764167576026.384033 1764167576026 1764167576033
74754 2170636464 1764167576059.729736 1764167576060 1764167576067
74755 2170669808 1764167576093.075439 1764167576092 1764167576100
74756 2170703151 1764167576126.420166 1764167576126 1764167576133
74757 2170736495 1764167576159.765869 1764167576160 1764167576167
74758 2170769839 1764167576193.111328 1764167576192 1764167576200
74759 2170803183 1764167576226.457031 1764167576226 1764167576233
74760 2170836527 1764167576259.802734 1764167576260 1764167576267
74761 2170869871 1764167576293.148438 1764167576292 1764167576300
74762 2170903215 1764167576326.493896 1764167576326 1764167576333
74763 2170936559 1764167576359.839600 1764167576360 1764167576367
74764 2170969903 1764167576393.185303 1764167576393 1764167576400
74765 2171003247 1764167576426.530762 1764167576426 1764167576433
74766 2171036591 1764167576459.876465 1764167576460 1764167576467
74767 2171069935 1764167576493.221924 1764167576493 1764167576500
74768 2171103279 1764167576526.567627 1764167576526 1764167576534
74769 2171136622 1764167576559.912109 1764167576560 1764167576567
74770 2171169966 1764167576593.257568 1764167576593 1764167576600
74771 2171203310 1764167576626.603271 1764167576626 1764167576633
74772 2171236654 1764167576659.948730 1764167576659 1764167576667
74773 2171269998 1764167576693.294189 1764167576693 1764167576700
74774 2171303342 1764167576726.639893 1764167576727 1764167576734
74775 2171336686 1764167576759.985352 1764167576760 1764167576767
74776 2171370030 1764167576793.330811 1764167576793 1764167576800
74777 2171403374 1764167576826.676270 1764167576827 1764167576834
74778 2171436718 1764167576860.021729 1764167576859 1764167576867
74779 2171470062 1764167576893.367432 1764167576893 1764167576900
74780 2171503406 1764167576926.712891 1764167576927 1764167576934
74781 2171536750 1764167576960.058350 1764167576960 1764167576970
74782 2171570094 1764167576993.403809 1764167576993 1764167577000
74783 2171603437 1764167577026.748047 1764167577027 1764167577034
74784 2171636781 1764167577060.093506 1764167577059 1764167577067
74785 2171670125 1764167577093.438965 1764167577093 1764167577100
74786 2171703469 1764167577126.784424 1764167577127 1764167577134
74787 2171736813 1764167577160.129883 1764167577159 1764167577167
74788 2171770157 1764167577193.475098 1764167577193 1764167577200
74789 2171803501 1764167577226.820557 1764167577227 1764167577234
74790 2171836845 1764167577260.165771 1764167577260 1764167577267
74791 2171870189 1764167577293.511230 1764167577293 1764167577300
74792 2171903533 1764167577326.856445 1764167577327 1764167577334
74793 2171936877 1764167577360.201904 1764167577360 1764167577367
74794 2171970221 1764167577393.547119 1764167577393 1764167577401
74795 2172003565 1764167577426.892578 1764167577427 1764167577434
74796 2172036908 1764167577460.236816 1764167577460 1764167577467
74797 2172070252 1764167577493.582031 1764167577493 1764167577500
74798 2172103596 1764167577526.927246 1764167577527 1764167577534
74799 2172136940 1764167577560.272461 1764167577560 1764167577567
74800 2172170284 1764167577593.617676 1764167577594 1764167577601
74801 2172203628 1764167577626.962891 1764167577626 1764167577634
74802 2172236972 1764167577660.308105 1764167577660 1764167577667
74803 2172270316 1764167577693.653320 1764167577694 1764167577701
74804 2172303660 1764167577726.998535 1764167577726 1764167577734
74805 2172337004 1764167577760.343750 1764167577760 1764167577767
74806 2172370348 1764167577793.689209 1764167577794 1764167577801
74807 2172403692 1764167577827.034668 1764167577826 1764167577834
74808 2172437036 1764167577860.380127 1764167577860 1764167577867
74809 2172470379 1764167577893.724609 1764167577894 1764167577901
74810 2172503723 1764167577927.070068 1764167577926 1764167577934
74811 2172537067 1764167577960.415527 1764167577960 1764167577967
74812 2172570411 1764167577993.760986 1764167577994 1764167578001
74813 2172603755 1764167578027.106445 1764167578027 1764167578034
74814 2172637099 1764167578060.451660 1764167578060 1764167578067
74815 2172670443 1764167578093.797119 1764167578094 1764167578101
74816 2172703787 1764167578127.142578 1764167578127 1764167578134
74817 2172737131 1764167578160.487793 1764167578160 1764167578167
74818 2172770475 1764167578193.833252 1764167578194 1764167578201
74819 2172803819 1764167578227.178711 1764167578227 1764167578234
74820 2172837163 1764167578260.523926 1764167578261 1764167578268
74821 2172870507 1764167578293.869141 1764167578294 1764167578301
74822 2172903851 1764167578327.214600 1764167578327 1764167578334
74823 2172937194 1764167578360.558838 1764167578361 1764167578368
74824 2172970538 1764167578393.904053 1764167578394 1764167578401
74825 2173003882 1764167578427.249268 1764167578427 1764167578434
74826 2173037226 1764167578460.594727 1764167578461 1764167578468
74827 2173070570 1764167578493.939941 1764167578493 1764167578501
74828 2173103914 1764167578527.285156 1764167578527 1764167578534
74829 2173137258 1764167578560.630371 1764167578561 1764167578568
74830 2173170602 1764167578593.975586 1764167578593 1764167578601
74831 2173203946 1764167578627.320801 1764167578627 1764167578634
74832 2173237290 1764167578660.665771 1764167578661 1764167578668
74833 2173270634 1764167578694.010986 1764167578693 1764167578701
74834 2173303978 1764167578727.356201 1764167578727 1764167578734
74835 2173337322 1764167578760.701416 1764167578761 1764167578768
74836 2173370665 1764167578794.045898 1764167578793 1764167578801
74837 2173404009 1764167578827.391357 1764167578827 1764167578834
74838 2173437353 1764167578860.736816 1764167578861 1764167578868
74839 2173470697 1764167578894.082275 1764167578894 1764167578901
74840 2173504041 1764167578927.427734 1764167578927 1764167578934
74841 2173537385 1764167578960.773193 1764167578961 1764167578968
74842 2173570729 1764167578994.118652 1764167578994 1764167579001
74843 2173604073 1764167579027.463867 1764167579027 1764167579034
74844 2173637417 1764167579060.809326 1764167579061 1764167579068
74845 2173670761 1764167579094.154785 1764167579094 1764167579101
74846 2173704105 1764167579127.500000 1764167579128 1764167579135
74847 2173737449 1764167579160.845459 1764167579161 1764167579168
74848 2173770793 1764167579194.190918 1764167579194 1764167579201
74849 2173804136 1764167579227.535156 1764167579228 1764167579235
74850 2173837480 1764167579260.880371 1764167579260 1764167579268
74851 2173870824 1764167579294.225830 1764167579294 1764167579301
74852 2173904168 1764167579327.571045 1764167579328 1764167579335
74853 2173937512 1764167579360.916260 1764167579360 1764167579368
74854 2173970856 1764167579394.261719 1764167579394 1764167579401
74855 2174004200 1764167579427.606934 1764167579428 1764167579435
74856 2174037544 1764167579460.952148 1764167579460 1764167579468
74857 2174070888 1764167579494.297363 1764167579494 1764167579501
74858 2174104232 1764167579527.642578 1764167579528 1764167579535
74859 2174137576 1764167579560.987793 1764167579560 1764167579568
74860 2174170920 1764167579594.333008 1764167579594 1764167579601
74861 2174204264 1764167579627.678223 1764167579628 1764167579635
74862 2174237608 1764167579661.023193 1764167579660 1764167579668
74863 2174270951 1764167579694.367432 1764167579694 1764167579701
74864 2174304295 1764167579727.712646 1764167579728 1764167579735
74865 2174337639 1764167579761.057617 1764167579761 1764167579768
74866 2174370983 1764167579794.403076 1764167579794 1764167579801
74867 2174404327 1764167579827.748535 1764167579828 1764167579835
74868 2174437671 1764167579861.093994 1764167579861 1764167579868
74869 2174471015 1764167579894.439453 1764167579894 1764167579901
74870 2174504359 1764167579927.784912 1764167579928 1764167579935
74871 2174537703 1764167579961.130371 1764167579961 1764167579968
74872 2174571047 1764167579994.475586 1764167579995 1764167580002
74873 2174604391 1764167580027.821045 1764167580028 1764167580035
74874 2174637735 1764167580061.166504 1764167580061 1764167580068
74875 2174671079 1764167580094.511719 1764167580095 1764167580102
74876 2174704422 1764167580127.856201 1764167580127 1764167580135
74877 2174737766 1764167580161.201416 1764167580161 1764167580168
74878 2174771110 1764167580194.546631 1764167580195 1764167580202
74879 2174804454 1764167580227.892090 1764167580227 1764167580235
74880 2174837798 1764167580261.237305 1764167580261 1764167580268
74881 2174871142 1764167580294.582520 1764167580295 1764167580302
74882 2174904486 1764167580327.927734 1764167580327 1764167580335
74883 2174937830 1764167580361.272949 1764167580361 1764167580368
74884 2174971174 1764167580394.618408 1764167580395 1764167580402
74885 2175004518 1764167580427.963623 1764167580427 1764167580435
74886 2175037862 1764167580461.308838 1764167580461 1764167580468
74887 2175071206 1764167580494.653809 1764167580495 1764167580502
74888 2175104550 1764167580527.999023 1764167580528 1764167580535
74889 2175137893 1764167580561.343262 1764167580561 1764167580568
74890 2175171237 1764167580594.688477 1764167580595 1764167580602
74891 2175204581 1764167580628.033691 1764167580628 1764167580635
74892 2175237925 1764167580661.378662 1764167580661 1764167580668
74893 2175271269 1764167580694.723877 1764167580695 1764167580702
74894 2175304613 1764167580728.068848 1764167580728 1764167580735
74895 2175337957 1764167580761.414062 1764167580761 1764167580768
74896 2175371301 1764167580794.759521 1764167580795 1764167580802
74897 2175404645 1764167580828.104980 1764167580828 1764167580835
74898 2175437989 1764167580861.450439 1764167580862 1764167580869
74899 2175471333 1764167580894.795654 1764167580895 1764167580902
74900 2175504677 1764167580928.141113 1764167580928 1764167580935
74901 2175538021 1764167580961.486572 1764167580962 1764167580969
74902 2175571365 1764167580994.831787 1764167580994 1764167581002
74903 2175604708 1764167581028.176270 1764167581028 1764167581035
74904 2175638052 1764167581061.521484 1764167581061 1764167581069
74905 2175671396 1764167581094.866943 1764167581094 1764167581102
74906 2175704740 1764167581128.212158 1764167581129 1764167581136
74907 2175738084 1764167581161.557617 1764167581162 1764167581169
74908 2175771428 1764167581194.902832 1764167581194 1764167581202
74909 2175804772 1764167581228.248047 1764167581228 1764167581235
74910 2175838116 1764167581261.593506 1764167581262 1764167581269
74911 2175871460 1764167581294.938721 1764167581294 1764167581302
74912 2175904804 1764167581328.283936 1764167581328 1764167581335
74913 2175938148 1764167581361.629150 1764167581362 1764167581369
74914 2175971492 1764167581394.974365 1764167581395 1764167581402
74915 2176004836 1764167581428.319580 1764167581428 1764167581435
74916 2176038179 1764167581461.663818 1764167581462 1764167581469
74917 2176071523 1764167581495.008789 1764167581495 1764167581502
74918 2176104867 1764167581528.354004 1764167581528 1764167581535
74919 2176138211 1764167581561.699219 1764167581562 1764167581569
74920 2176171555 1764167581595.044434 1764167581595 1764167581602
74921 2176204899 1764167581628.389404 1764167581629 1764167581636
74922 2176238243 1764167581661.734619 1764167581661 1764167581669
74923 2176271587 1764167581695.079834 1764167581695 1764167581702
74924 2176304931 1764167581728.424805 1764167581729 1764167581736
74925 2176338275 1764167581761.769775 1764167581761 1764167581769
74926 2176371619 1764167581795.115479 1764167581795 1764167581802
74927 2176404963 1764167581828.460938 1764167581829 1764167581836
74928 2176438307 1764167581861.806396 1764167581861 1764167581869
74929 2176471650 1764167581895.150879 1764167581895 1764167581902
74930 2176504994 1764167581928.496338 1764167581929 1764167581936
74931 2176538338 1764167581961.841797 1764167581961 1764167581969
74932 2176571682 1764167581995.187256 1764167581995 1764167582002
74933 2176605026 1764167582028.532715 1764167582029 1764167582036
74934 2176638370 1764167582061.878174 1764167582061 1764167582069
74935 2176671714 1764167582095.223633 1764167582095 1764167582102
74936 2176705058 1764167582128.569092 1764167582129 1764167582136
74937 2176738402 1764167582161.914551 1764167582162 1764167582169
74938 2176771746 1764167582195.259766 1764167582195 1764167582202
74939 2176805090 1764167582228.605225 1764167582229 1764167582236
74940 2176838434 1764167582261.950439 1764167582262 1764167582269
74941 2176871778 1764167582295.295898 1764167582295 1764167582302
74942 2176905122 1764167582328.641113 1764167582329 1764167582336
74943 2176938465 1764167582361.985596 1764167582362 1764167582369
74944 2176971809 1764167582395.330811 1764167582395 1764167582402
74945 2177005153 1764167582428.676270 1764167582429 1764167582436
74946 2177038497 1764167582462.021484 1764167582462 1764167582469
74947 2177071841 1764167582495.366699 1764167582496 1764167582503
74948 2177105185 1764167582528.711914 1764167582529 1764167582536
74949 2177138529 1764167582562.057129 1764167582562 1764167582569
74950 2177171873 1764167582595.402344 1764167582596 1764167582603
74951 2177205217 1764167582628.747803 1764167582628 1764167582636
74952 2177238561 1764167582662.092773 1764167582662 1764167582669
74953 2177271905 1764167582695.437988 1764167582696 1764167582703
74954 2177305249 1764167582728.783203 1764167582728 1764167582736
74955 2177338593 1764167582762.128418 1764167582762 1764167582769
74956 2177371936 1764167582795.472900 1764167582796 1764167582803
74957 2177405280 1764167582828.818359 1764167582828 1764167582836
74958 2177438624 1764167582862.163818 1764167582862 1764167582869
74959 2177471968 1764167582895.509277 1764167582896 1764167582903
74960 2177505312 1764167582928.854736 1764167582929 1764167582936
74961 2177538656 1764167582962.200195 1764167582962 1764167582969
74962 2177572000 1764167582995.545654 1764167582996 1764167583003
74963 2177605344 1764167583028.891113 1764167583029 1764167583036
74964 2177638688 1764167583062.236328 1764167583062 1764167583069
74965 2177672032 1764167583095.581787 1764167583096 1764167583103
74966 2177705376 1764167583128.927246 1764167583129 1764167583136
74967 2177738720 1764167583162.272461 1764167583162 1764167583169
74968 2177772064 1764167583195.617920 1764167583196 1764167583203
74969 2177805407 1764167583228.962158 1764167583229 1764167583236
74970 2177838751 1764167583262.307617 1764167583263 1764167583270
74971 2177872095 1764167583295.652832 1764167583296 1764167583303
74972 2177905439 1764167583328.998047 1764167583329 1764167583336
74973 2177938783 1764167583362.343262 1764167583363 1764167583370
74974 2177972127 1764167583395.688721 1764167583395 1764167583403
74975 2178005471 1764167583429.033936 1764167583429 1764167583436
74976 2178038815 1764167583462.379150 1764167583463 1764167583470
74977 2178072159 1764167583495.724365 1764167583495 1764167583503
74978 2178105503 1764167583529.069580 1764167583529 1764167583536
74979 2178138847 1764167583562.414795 1764167583563 1764167583570
74980 2178172191 1764167583595.760010 1764167583595 1764167583603
74981 2178205535 1764167583629.105225 1764167583629 1764167583636
74982 2178238879 1764167583662.450195 1764167583663 1764167583670
74983 2178272222 1764167583695.794434 1764167583695 1764167583703
74984 2178305566 1764167583729.139648 1764167583729 1764167583736
74985 2178338910 1764167583762.484619 1764167583763 1764167583770
74986 2178372254 1764167583795.830566 1764167583795 1764167583803
74987 2178405598 1764167583829.179688 1764167583829 1764167583836
74988 2178438942 1764167583862.528564 1764167583863 1764167583870
74989 2178472286 1764167583895.877441 1764167583896 1764167583903
74990 2178505630 1764167583929.226318 1764167583929 1764167583936
74991 2178538974 1764167583962.575439 1764167583963 1764167583970
74992 2178572318 1764167583995.924316 1764167583996 1764167584003
74993 2178605662 1764167584029.273438 1764167584029 1764167584036
74994 2178639006 1764167584062.622559 1764167584063 1764167584070
74995 2178672350 1764167584095.971436 1764167584096 1764167584103
74996 2178705693 1764167584129.319580 1764167584130 1764167584137
74997 2178739037 1764167584162.668701 1764167584162 1764167584170
74998 2178772381 1764167584196.017822 1764167584196 1764167584203
74999 2178805725 1764167584229.366943 1764167584230 1764167584237
75000 2178839069 1764167584262.716064 1764167584262 1764167584270
75001 2178872413 1764167584296.065186 1764167584296 1764167584303
75002 2178905757 1764167584329.414551 1764167584330 1764167584337
75003 2178939101 1764167584362.763672 1764167584362 1764167584370
75004 2178972445 1764167584396.112793 1764167584396 1764167584403
75005 2179005789 1764167584429.462158 1764167584430 1764167584437
75006 2179039133 1764167584462.811523 1764167584462 1764167584470
75007 2179072477 1764167584496.160645 1764167584496 1764167584503
75008 2179105821 1764167584529.510010 1764167584529 1764167584537
75009 2179139164 1764167584562.858398 1764167584562 1764167584570
75010 2179172508 1764167584596.207764 1764167584596 1764167584603
75011 2179205852 1764167584629.557129 1764167584630 1764167584638
75012 2179239196 1764167584662.906494 1764167584663 1764167584670
75013 2179272540 1764167584696.255859 1764167584696 1764167584703
75014 2179305884 1764167584729.605225 1764167584730 1764167584737
75015 2179339228 1764167584762.954590 1764167584763 1764167584773
75016 2179372572 1764167584796.303955 1764167584796 1764167584803
75017 2179405916 1764167584829.649902 1764167584830 1764167584837
75018 2179439260 1764167584862.995605 1764167584863 1764167584870
75019 2179472604 1764167584896.341309 1764167584896 1764167584904
75020 2179505948 1764167584929.687012 1764167584930 1764167584937
75021 2179539292 1764167584963.032715 1764167584963 1764167584970
75022 2179572636 1764167584996.378418 1764167584997 1764167585004
75023 2179605979 1764167585029.723145 1764167585030 1764167585037
75024 2179639323 1764167585063.068848 1764167585063 1764167585070
75025 2179672667 1764167585096.414551 1764167585097 1764167585104
75026 2179706011 1764167585129.760254 1764167585129 1764167585137
75027 2179739355 1764167585163.105957 1764167585163 1764167585170
75028 2179772699 1764167585196.451416 1764167585197 1764167585204
75029 2179806043 1764167585229.797119 1764167585229 1764167585237
75030 2179839387 1764167585263.142822 1764167585263 1764167585270
75031 2179872731 1764167585296.488281 1764167585297 1764167585304
75032 2179906075 1764167585329.833984 1764167585329 1764167585337
75033 2179939419 1764167585363.179443 1764167585363 1764167585370
75034 2179972763 1764167585396.525146 1764167585397 1764167585404
75035 2180006107 1764167585429.870605 1764167585429 1764167585437
75036 2180039450 1764167585463.215332 1764167585463 1764167585470
75037 2180072794 1764167585496.560791 1764167585497 1764167585504
75038 2180106138 1764167585529.906250 1764167585530 1764167585537
75039 2180139482 1764167585563.251953 1764167585563 1764167585570
75040 2180172826 1764167585596.597412 1764167585597 1764167585604
75041 2180206170 1764167585629.942871 1764167585630 1764167585637
75042 2180239514 1764167585663.288330 1764167585663 1764167585670
75043 2180272858 1764167585696.633789 1764167585697 1764167585704
75044 2180306202 1764167585729.979248 1764167585730 1764167585737
75045 2180339546 1764167585763.324707 1764167585764 1764167585771
75046 2180372890 1764167585796.670166 1764167585797 1764167585804
75047 2180406234 1764167585830.015625 1764167585830 1764167585837
75048 2180439578 1764167585863.361084 1764167585864 1764167585871
75049 2180472921 1764167585896.705566 1764167585896 1764167585904
75050 2180506265 1764167585930.051270 1764167585930 1764167585937
75051 2180539609 1764167585963.396484 1764167585964 1764167585971
75052 2180572953 1764167585996.741943 1764167585996 1764167586004
75053 2180606297 1764167586030.087402 1764167586030 1764167586037
75054 2180639641 1764167586063.432861 1764167586064 1764167586071
75055 2180672985 1764167586096.778320 1764167586096 1764167586104
75056 2180706329 1764167586130.123779 1764167586130 1764167586137
75057 2180739673 1764167586163.468994 1764167586164 1764167586171
75058 2180773017 1764167586196.814453 1764167586196 1764167586204
75059 2180806361 1764167586230.159912 1764167586230 1764167586237
75060 2180839705 1764167586263.505127 1764167586264 1764167586271
75061 2180873049 1764167586296.850586 1764167586297 1764167586304
75062 2180906393 1764167586330.195801 1764167586330 1764167586337
75063 2180939736 1764167586363.540039 1764167586364 1764167586371
75064 2180973080 1764167586396.885498 1764167586397 1764167586404
75065 2181006424 1764167586430.230713 1764167586430 1764167586437
75066 2181039768 1764167586463.575928 1764167586464 1764167586471
75067 2181073112 1764167586496.921143 1764167586497 1764167586504
75068 2181106456 1764167586530.266357 1764167586530 1764167586537
75069 2181139800 1764167586563.611572 1764167586564 1764167586571
75070 2181173144 1764167586596.956787 1764167586597 1764167586604
75071 2181206488 1764167586630.302002 1764167586631 1764167586638
75072 2181239832 1764167586663.647217 1764167586663 1764167586671
75073 2181273176 1764167586696.992432 1764167586697 1764167586704
75074 2181306520 1764167586730.337646 1764167586731 1764167586738
75075 2181339864 1764167586763.682861 1764167586763 1764167586771
75076 2181373207 1764167586797.026855 1764167586797 1764167586804
75077 2181406551 1764167586830.379150 1764167586831 1764167586838
75078 2181439895 1764167586863.731445 1764167586863 1764167586871
75079 2181473239 1764167586897.083740 1764167586897 1764167586904
75080 2181506583 1764167586930.436279 1764167586931 1764167586938
75081 2181539927 1764167586963.788818 1764167586963 1764167586971
75082 2181573271 1764167586997.141357 1764167586997 1764167587004
75083 2181606615 1764167587030.493896 1764167587031 1764167587038
75084 2181639959 1764167587063.846680 1764167587064 1764167587071
75085 2181673303 1764167587097.199463 1764167587097 1764167587104
75086 2181706647 1764167587130.552490 1764167587131 1764167587138
75087 2181739991 1764167587163.905273 1764167587164 1764167587171
75088 2181773335 1764167587197.258301 1764167587197 1764167587204
75089 2181806678 1764167587230.610596 1764167587231 1764167587238
75090 2181840022 1764167587263.963623 1764167587264 1764167587271
75091 2181873366 1764167587297.316895 1764167587297 1764167587304
75092 2181906710 1764167587330.670410 1764167587331 1764167587338
75093 2181940054 1764167587364.023682 1764167587364 1764167587371
75094 2181973398 1764167587397.377197 1764167587398 1764167587405
75095 2182006742 1764167587430.730713 1764167587431 1764167587438
75096 2182040086 1764167587464.084473 1764167587464 1764167587471
75097 2182073430 1764167587497.438232 1764167587498 1764167587505
75098 2182106774 1764167587530.791992 1764167587530 1764167587538
75099 2182140118 1764167587564.145752 1764167587564 1764167587571
75100 2182173462 1764167587597.499756 1764167587598 1764167587605
75101 2182206806 1764167587630.853760 1764167587630 1764167587638
75102 2182240150 1764167587664.207764 1764167587664 1764167587671
75103 2182273493 1764167587697.561035 1764167587698 1764167587707
75104 2182306837 1764167587730.915283 1764167587730 1764167587738
75105 2182340181 1764167587764.269531 1764167587764 1764167587771
75106 2182373525 1764167587797.623779 1764167587798 1764167587805
75107 2182406869 1764167587830.971436 1764167587830 1764167587838
75108 2182440213 1764167587864.318848 1764167587864 1764167587871
75109 2182473557 1764167587897.666260 1764167587898 1764167587905
75110 2182506901 1764167587931.013916 1764167587931 1764167587938
75111 2182540245 1764167587964.361328 1764167587964 1764167587971
75112 2182573589 1764167587997.708740 1764167587998 1764167588005
75113 2182606933 1764167588031.056152 1764167588031 1764167588038
75114 2182640277 1764167588064.403809 1764167588065 1764167588072
75115 2182673621 1764167588097.751221 1764167588098 1764167588105
75116 2182706964 1764167588131.097656 1764167588131 1764167588138
75117 2182740308 1764167588164.445312 1764167588165 1764167588172
75118 2182773652 1764167588197.792725 1764167588198 1764167588205
75119 2182806996 1764167588231.140381 1764167588231 1764167588238
75120 2182840340 1764167588264.487793 1764167588265 1764167588272
75121 2182873684 1764167588297.835205 1764167588297 1764167588305
75122 2182907028 1764167588331.182861 1764167588331 1764167588338
75123 2182940372 1764167588364.530273 1764167588365 1764167588372
75124 2182973716 1764167588397.877930 1764167588397 1764167588405
75125 2183007060 1764167588431.225342 1764167588431 1764167588438
75126 2183040404 1764167588464.572998 1764167588465 1764167588472
75127 2183073748 1764167588497.920410 1764167588497 1764167588505
75128 2183107092 1764167588531.268066 1764167588531 1764167588538
75129 2183140435 1764167588564.614502 1764167588565 1764167588572
75130 2183173779 1764167588597.962158 1764167588597 1764167588605
75131 2183207123 1764167588631.309570 1764167588631 1764167588638
75132 2183240467 1764167588664.657227 1764167588665 1764167588672
75133 2183273811 1764167588698.004639 1764167588697 1764167588705
75134 2183307155 1764167588731.352295 1764167588731 1764167588738
75135 2183340499 1764167588764.699707 1764167588765 1764167588772
75136 2183373843 1764167588798.047363 1764167588798 1764167588805
75137 2183407187 1764167588831.393555 1764167588831 1764167588838
75138 2183440531 1764167588864.739990 1764167588865 1764167588872
75139 2183473875 1764167588898.086426 1764167588898 1764167588905
75140 2183507219 1764167588931.432617 1764167588931 1764167588938
75141 2183540563 1764167588964.779053 1764167588965 1764167588972
75142 2183573907 1764167588998.125244 1764167588998 1764167589005
75143 2183607250 1764167589031.470703 1764167589032 1764167589039
75144 2183640594 1764167589064.816895 1764167589065 1764167589072
75145 2183673938 1764167589098.163330 1764167589098 1764167589105
75146 2183707282 1764167589131.509521 1764167589132 1764167589139
75147 2183740626 1764167589164.855957 1764167589164 1764167589172
75148 2183773970 1764167589198.202148 1764167589198 1764167589205
75149 2183807314 1764167589231.548340 1764167589232 1764167589239
75150 2183840658 1764167589264.894775 1764167589264 1764167589272
75151 2183874002 1764167589298.240967 1764167589298 1764167589305
75152 2183907346 1764167589331.587402 1764167589332 1764167589339
75153 2183940690 1764167589364.933594 1764167589364 1764167589372
75154 2183974034 1764167589398.279785 1764167589398 1764167589405
75155 2184007378 1764167589431.625977 1764167589432 1764167589439
75156 2184040721 1764167589464.971436 1764167589464 1764167589472
75157 2184074065 1764167589498.317627 1764167589498 1764167589505
75158 2184107409 1764167589531.663818 1764167589532 1764167589539
75159 2184140753 1764167589565.010010 1764167589565 1764167589572
75160 2184174097 1764167589598.356201 1764167589598 1764167589605
75161 2184207441 1764167589631.702637 1764167589632 1764167589639
75162 2184240785 1764167589665.048828 1764167589665 1764167589672
75163 2184274129 1764167589698.395020 1764167589698 1764167589705
75164 2184307473 1764167589731.741211 1764167589732 1764167589739
75165 2184340817 1764167589765.087402 1764167589765 1764167589778
75166 2184374161 1764167589798.433594 1764167589798 1764167589805
75167 2184407505 1764167589831.781494 1764167589832 1764167589839
75168 2184440849 1764167589865.129150 1764167589865 1764167589872
75169 2184474192 1764167589898.476074 1764167589899 1764167589906
75170 2184507536 1764167589931.823975 1764167589931 1764167589939
75171 2184540880 1764167589965.171631 1764167589965 1764167589972
75172 2184574224 1764167589998.519531 1764167589999 1764167590006
75173 2184607568 1764167590031.867432 1764167590031 1764167590039
75174 2184640912 1764167590065.215332 1764167590065 1764167590072
75175 2184674256 1764167590098.563232 1764167590099 1764167590106
75176 2184707600 1764167590131.911133 1764167590131 1764167590139
75177 2184740944 1764167590165.258789 1764167590165 1764167590172
75178 2184774288 1764167590198.606689 1764167590199 1764167590206
75179 2184807632 1764167590231.954590 1764167590231 1764167590239
75180 2184840976 1764167590265.302490 1764167590265 1764167590272
75181 2184874320 1764167590298.650391 1764167590299 1764167590306
75182 2184907664 1764167590331.998291 1764167590331 1764167590339
75183 2184941007 1764167590365.345215 1764167590365 1764167590372
75184 2184974351 1764167590398.693115 1764167590399 1764167590406
75185 2185007695 1764167590432.041016 1764167590432 1764167590439
75186 2185041039 1764167590465.388916 1764167590465 1764167590472
75187 2185074383 1764167590498.737061 1764167590499 1764167590506
75188 2185107727 1764167590532.084961 1764167590532 1764167590539
75189 2185141071 1764167590565.432861 1764167590565 1764167590572
75190 2185174415 1764167590598.780762 1764167590599 1764167590606
75191 2185207759 1764167590632.128662 1764167590632 1764167590639
75192 2185241103 1764167590665.476807 1764167590665 1764167590672
75193 2185274447 1764167590698.824707 1764167590699 1764167590706
75194 2185307791 1764167590732.172607 1764167590732 1764167590739
75195 2185341135 1764167590765.520508 1764167590766 1764167590773
75196 2185374478 1764167590798.867676 1764167590798 1764167590806
75197 2185407822 1764167590832.220703 1764167590832 1764167590839
75198 2185441166 1764167590865.573730 1764167590866 1764167590873
75199 2185474510 1764167590898.927002 1764167590898 1764167590906
75200 2185507854 1764167590932.280029 1764167590932 1764167590941
75201 2185541198 1764167590965.633301 1764167590966 1764167590973
75202 2185574542 1764167590998.986572 1764167590998 1764167591006
75203 2185607886 1764167591032.339844 1764167591032 1764167591039
75204 2185641230 1764167591065.693115 1764167591066 1764167591073
75205 2185674574 1764167591099.046631 1764167591098 1764167591106
75206 2185707918 1764167591132.399902 1764167591132 1764167591139
75207 2185741262 1764167591165.753418 1764167591166 1764167591173
75208 2185774606 1764167591199.106934 1764167591199 1764167591206
75209 2185807949 1764167591232.459473 1764167591232 1764167591239
75210 2185841293 1764167591265.812988 1764167591266 1764167591273
75211 2185874637 1764167591299.166504 1764167591299 1764167591306
75212 2185907981 1764167591332.520264 1764167591332 1764167591339
75213 2185941325 1764167591365.873779 1764167591366 1764167591373
75214 2185974669 1764167591399.227539 1764167591399 1764167591406
75215 2186008013 1764167591432.581299 1764167591433 1764167591440
75216 2186041357 1764167591465.935059 1764167591466 1764167591473
75217 2186074701 1764167591499.289062 1764167591499 1764167591506
75218 2186108045 1764167591532.642822 1764167591533 1764167591540
75219 2186141389 1764167591565.996826 1764167591566 1764167591573
75220 2186174733 1764167591599.350586 1764167591599 1764167591606
75221 2186208077 1764167591632.704590 1764167591633 1764167591640
75222 2186241421 1764167591666.058594 1764167591665 1764167591673
75223 2186274764 1764167591699.411865 1764167591699 1764167591706
75224 2186308108 1764167591732.765869 1764167591733 1764167591740
75225 2186341452 1764167591766.120117 1764167591765 1764167591773
75226 2186374796 1764167591799.474121 1764167591799 1764167591806
75227 2186408140 1764167591832.821289 1764167591833 1764167591840
75228 2186441484 1764167591866.168213 1764167591865 1764167591873
75229 2186474828 1764167591899.515381 1764167591899 1764167591906
75230 2186508172 1764167591932.862549 1764167591933 1764167591940
75231 2186541516 1764167591966.209473 1764167591965 1764167591973
75232 2186574860 1764167591999.556641 1764167591999 1764167592006
75233 2186608204 1764167592032.903809 1764167592033 1764167592040
75234 2186641548 1764167592066.250732 1764167592066 1764167592073
75235 2186674892 1764167592099.597900 1764167592099 1764167592106
75236 2186708235 1764167592132.943848 1764167592133 1764167592140
75237 2186741579 1764167592166.291016 1764167592166 1764167592173
75238 2186774923 1764167592199.638184 1764167592199 1764167592206
75239 2186808267 1764167592232.985107 1764167592233 1764167592240
75240 2186841611 1764167592266.332275 1764167592266 1764167592273
75241 2186874955 1764167592299.679199 1764167592300 1764167592307
75242 2186908299 1764167592333.026367 1764167592333 1764167592340
75243 2186941643 1764167592366.373535 1764167592366 1764167592373
75244 2186974987 1764167592399.720459 1764167592400 1764167592407
75245 2187008331 1764167592433.067627 1764167592433 1764167592440
75246 2187041675 1764167592466.414551 1764167592466 1764167592473
75247 2187075019 1764167592499.761719 1764167592500 1764167592507
75248 2187108363 1764167592533.108887 1764167592532 1764167592540
75249 2187141706 1764167592566.454834 1764167592566 1764167592573
75250 2187175050 1764167592599.802002 1764167592600 1764167592607
75251 2187208394 1764167592633.148926 1764167592632 1764167592640
75252 2187241738 1764167592666.496094 1764167592666 1764167592673
75253 2187275082 1764167592699.843018 1764167592700 1764167592707
75254 2187308426 1764167592733.190186 1764167592732 1764167592740
75255 2187341770 1764167592766.537354 1764167592766 1764167592773
75256 2187375114 1764167592799.884277 1764167592799 1764167592808
75257 2187408458 1764167592833.231201 1764167592832 1764167592840
75258 2187441802 1764167592866.577881 1764167592866 1764167592873
75259 2187475146 1764167592899.924561 1764167592900 1764167592907
75260 2187508490 1764167592933.271240 1764167592933 1764167592940
75261 2187541834 1764167592966.618164 1764167592966 1764167592973
75262 2187575178 1764167592999.964844 1764167593000 1764167593007
75263 2187608521 1764167593033.310547 1764167593033 1764167593040
75264 2187641865 1764167593066.657227 1764167593066 1764167593073
75265 2187675209 1764167593100.003906 1764167593100 1764167593107
75266 2187708553 1764167593133.350586 1764167593133 1764167593140
75267 2187741897 1764167593166.697510 1764167593167 1764167593174
75268 2187775241 1764167593200.044189 1764167593200 1764167593207
75269 2187808585 1764167593233.390869 1764167593233 1764167593240
75270 2187841929 1764167593266.737549 1764167593267 1764167593274
75271 2187875273 1764167593300.084229 1764167593299 1764167593307
75272 2187908617 1764167593333.430908 1764167593333 1764167593340
75273 2187941961 1764167593366.777588 1764167593367 1764167593374
75274 2187975305 1764167593400.124268 1764167593399 1764167593407
75275 2188008649 1764167593433.470947 1764167593433 1764167593440
75276 2188041992 1764167593466.816650 1764167593467 1764167593474
75277 2188075336 1764167593500.163330 1764167593499 1764167593507
75278 2188108680 1764167593533.510010 1764167593533 1764167593540
75279 2188142024 1764167593566.856689 1764167593567 1764167593574
75280 2188175368 1764167593600.203369 1764167593599 1764167593607
75281 2188208712 1764167593633.550049 1764167593633 1764167593640
75282 2188242056 1764167593666.896729 1764167593667 1764167593674
75283 2188275400 1764167593700.243408 1764167593700 1764167593707
75284 2188308744 1764167593733.590088 1764167593733 1764167593740
75285 2188342088 1764167593766.936768 1764167593767 1764167593774
75286 2188375432 1764167593800.283447 1764167593800 1764167593807
75287 2188408776 1764167593833.629150 1764167593833 1764167593840
75288 2188442120 1764167593866.974854 1764167593867 1764167593874
75289 2188475463 1764167593900.319336 1764167593900 1764167593907
75290 2188508807 1764167593933.665039 1764167593933 1764167593940
75291 2188542151 1764167593967.010742 1764167593967 1764167593974
75292 2188575495 1764167594000.356445 1764167594000 1764167594007
75293 2188608839 1764167594033.702148 1764167594034 1764167594041
75294 2188642183 1764167594067.047852 1764167594067 1764167594074
75295 2188675527 1764167594100.393311 1764167594100 1764167594107
75296 2188708871 1764167594133.739014 1764167594134 1764167594141
75297 2188742215 1764167594167.084717 1764167594166 1764167594174
75298 2188775559 1764167594200.430176 1764167594200 1764167594207
75299 2188808903 1764167594233.775879 1764167594234 1764167594241
75300 2188842247 1764167594267.121338 1764167594266 1764167594274
75301 2188875591 1764167594300.467041 1764167594300 1764167594307
75302 2188908935 1764167594333.812500 1764167594334 1764167594341
75303 2188942278 1764167594367.156982 1764167594366 1764167594374
75304 2188975622 1764167594400.502441 1764167594400 1764167594407
75305 2189008966 1764167594433.848145 1764167594434 1764167594441
75306 2189042310 1764167594467.193604 1764167594466 1764167594474
75307 2189075654 1764167594500.539062 1764167594500 1764167594507
75308 2189108998 1764167594533.884521 1764167594534 1764167594541
75309 2189142342 1764167594567.229980 1764167594567 1764167594574
75310 2189175686 1764167594600.575439 1764167594600 1764167594607
75311 2189209030 1764167594633.920898 1764167594634 1764167594641
75312 2189242374 1764167594667.266357 1764167594667 1764167594674
75313 2189275718 1764167594700.611816 1764167594700 1764167594707
75314 2189309062 1764167594733.957275 1764167594734 1764167594741
75315 2189342406 1764167594767.302734 1764167594767 1764167594774
75316 2189375749 1764167594800.647217 1764167594801 1764167594808
75317 2189409093 1764167594833.993652 1764167594834 1764167594841
75318 2189442437 1764167594867.340332 1764167594867 1764167594874
75319 2189475781 1764167594900.687012 1764167594901 1764167594908
75320 2189509125 1764167594934.033691 1764167594933 1764167594941
75321 2189542469 1764167594967.380127 1764167594967 1764167594974
75322 2189575813 1764167595000.726807 1764167595001 1764167595008
75323 2189609157 1764167595034.073486 1764167595033 1764167595041
75324 2189642501 1764167595067.419922 1764167595067 1764167595074
75325 2189675845 1764167595100.766602 1764167595100 1764167595110
75326 2189709189 1764167595134.113037 1764167595133 1764167595141
75327 2189742533 1764167595167.459717 1764167595167 1764167595174
75328 2189775877 1764167595200.806396 1764167595201 1764167595208
75329 2189809220 1764167595234.151855 1764167595233 1764167595241
75330 2189842564 1764167595267.498291 1764167595267 1764167595274
75331 2189875908 1764167595300.844971 1764167595301 1764167595308
75332 2189909252 1764167595334.191406 1764167595334 1764167595341
75333 2189942596 1764167595367.538086 1764167595367 1764167595374
75334 2189975940 1764167595400.884521 1764167595401 1764167595408
75335 2190009284 1764167595434.231201 1764167595434 1764167595441
75336 2190042628 1764167595467.577637 1764167595467 1764167595474
75337 2190075972 1764167595500.924316 1764167595501 1764167595508
75338 2190109316 1764167595534.270752 1764167595534 1764167595541
75339 2190142660 1764167595567.617188 1764167595567 1764167595574
75340 2190176004 1764167595600.963623 1764167595601 1764167595608
75341 2190209348 1764167595634.310303 1764167595634 1764167595641
75342 2190242692 1764167595667.656738 1764167595668 1764167595675
75343 2190276035 1764167595701.002197 1764167595700 1764167595708
75344 2190309379 1764167595734.348633 1764167595734 1764167595741
75345 2190342723 1764167595767.695312 1764167595768 1764167595775
75346 2190376067 1764167595801.041748 1764167595800 1764167595808
75347 2190409411 1764167595834.387207 1764167595834 1764167595841
75348 2190442755 1764167595867.732666 1764167595868 1764167595875
75349 2190476099 1764167595901.078125 1764167595900 1764167595908
75350 2190509443 1764167595934.423340 1764167595934 1764167595941
75351 2190542787 1764167595967.768799 1764167595968 1764167595975
75352 2190576131 1764167596001.114258 1764167596001 1764167596008
75353 2190609475 1764167596034.459473 1764167596034 1764167596041
75354 2190642819 1764167596067.804932 1764167596068 1764167596075
75355 2190676163 1764167596101.150146 1764167596100 1764167596108
75356 2190709506 1764167596134.494629 1764167596134 1764167596141
75357 2190742850 1764167596167.839844 1764167596168 1764167596175
75358 2190776194 1764167596201.185303 1764167596201 1764167596208
75359 2190809538 1764167596234.530518 1764167596234 1764167596241
75360 2190842882 1764167596267.875732 1764167596268 1764167596275
75361 2190876226 1764167596301.220947 1764167596301 1764167596308
75362 2190909570 1764167596334.566406 1764167596334 1764167596341
75363 2190942914 1764167596367.911621 1764167596368 1764167596375
75364 2190976258 1764167596401.256836 1764167596401 1764167596408
75365 2191009602 1764167596434.602051 1764167596435 1764167596442
75366 2191042946 1764167596467.947266 1764167596468 1764167596475
75367 2191076290 1764167596501.292480 1764167596501 1764167596508
75368 2191109634 1764167596534.637451 1764167596535 1764167596542
75369 2191142977 1764167596567.981689 1764167596567 1764167596575
75370 2191176321 1764167596601.326904 1764167596601 1764167596608
75372 2191243009 1764167596668.017090 1764167596667 1764167596675
75373 2191276353 1764167596701.362305 1764167596701 1764167596708
75371 2191209665 1764167596634.671875 1764167596635 1764167596642
75374 2191309697 1764167596734.707275 1764167596735 1764167596742
75375 2191343041 1764167596768.052490 1764167596767 1764167596775
75376 2191376385 1764167596801.397461 1764167596801 1764167596808
75377 2191409729 1764167596834.742920 1764167596835 1764167596842
75378 2191443073 1764167596868.088623 1764167596867 1764167596875
75379 2191476417 1764167596901.434082 1764167596901 1764167596908
75380 2191509761 1764167596934.779541 1764167596935 1764167596942
75381 2191543105 1764167596968.125000 1764167596968 1764167596975
75382 2191576449 1764167597001.470459 1764167597001 1764167597008
75383 2191609792 1764167597034.814941 1764167597035 1764167597042
75384 2191643136 1764167597068.160400 1764167597068 1764167597075
75385 2191676480 1764167597101.505859 1764167597102 1764167597109
75386 2191709824 1764167597134.851318 1764167597135 1764167597142
75387 2191743168 1764167597168.196777 1764167597168 1764167597175
75388 2191776512 1764167597201.541992 1764167597201 1764167597208
75389 2191809856 1764167597234.887451 1764167597234 1764167597242
75390 2191843200 1764167597268.232910 1764167597268 1764167597275
75391 2191876544 1764167597301.578125 1764167597302 1764167597309
75392 2191909888 1764167597334.923584 1764167597335 1764167597342
75393 2191943232 1764167597368.268799 1764167597368 1764167597375
75394 2191976576 1764167597401.614258 1764167597402 1764167597409
75395 2192009920 1764167597434.959473 1764167597434 1764167597442
75396 2192043263 1764167597468.303711 1764167597468 1764167597475
75397 2192076607 1764167597501.649170 1764167597502 1764167597509
75398 2192109951 1764167597534.994385 1764167597534 1764167597542
75399 2192143295 1764167597568.339600 1764167597568 1764167597575
75400 2192176639 1764167597601.684814 1764167597602 1764167597609
75401 2192209983 1764167597635.030029 1764167597634 1764167597642
75402 2192243327 1764167597668.375244 1764167597668 1764167597675
75403 2192276671 1764167597701.720459 1764167597702 1764167597709
75404 2192310015 1764167597735.065674 1764167597734 1764167597742
75405 2192343359 1764167597768.410889 1764167597768 1764167597775
75406 2192376703 1764167597801.756104 1764167597802 1764167597809
75407 2192410047 1764167597835.102783 1764167597835 1764167597842
75408 2192443391 1764167597868.449463 1764167597868 1764167597875
75409 2192476734 1764167597901.795166 1764167597901 1764167597909
75410 2192510078 1764167597935.141846 1764167597935 1764167597942
75411 2192543422 1764167597968.488281 1764167597968 1764167597975
75412 2192576766 1764167598001.834961 1764167598002 1764167598009
75413 2192610110 1764167598035.181641 1764167598035 1764167598042
75414 2192643454 1764167598068.528320 1764167598069 1764167598076
75415 2192676798 1764167598101.875000 1764167598102 1764167598109
75416 2192710142 1764167598135.221680 1764167598135 1764167598142
75417 2192743486 1764167598168.568115 1764167598169 1764167598176
75418 2192776830 1764167598201.914795 1764167598201 1764167598209
75419 2192810174 1764167598235.261475 1764167598235 1764167598242
75420 2192843518 1764167598268.608154 1764167598269 1764167598276
75421 2192876862 1764167598301.954590 1764167598301 1764167598309
75422 2192910206 1764167598335.301270 1764167598335 1764167598342
75423 2192943549 1764167598368.646729 1764167598369 1764167598376
75424 2192976893 1764167598401.993408 1764167598401 1764167598409
75425 2193010237 1764167598435.340088 1764167598435 1764167598442
75426 2193043581 1764167598468.686523 1764167598469 1764167598476
75427 2193076925 1764167598502.033203 1764167598501 1764167598509
75428 2193110269 1764167598535.379639 1764167598535 1764167598542
75429 2193143613 1764167598568.726318 1764167598569 1764167598576
75430 2193176957 1764167598602.072754 1764167598601 1764167598609
75431 2193210301 1764167598635.419434 1764167598635 1764167598642
75432 2193243645 1764167598668.765869 1764167598669 1764167598676
75433 2193276989 1764167598702.112549 1764167598702 1764167598709
75434 2193310333 1764167598735.458984 1764167598735 1764167598742
75435 2193343677 1764167598768.805664 1764167598769 1764167598776
75436 2193377020 1764167598802.151123 1764167598802 1764167598809
75437 2193410364 1764167598835.497070 1764167598835 1764167598842
75438 2193443708 1764167598868.843018 1764167598869 1764167598876
75439 2193477052 1764167598902.188721 1764167598902 1764167598909
75440 2193510396 1764167598935.534668 1764167598936 1764167598943
75441 2193543740 1764167598968.880615 1764167598969 1764167598976
75442 2193577084 1764167599002.226318 1764167599002 1764167599009
75443 2193610428 1764167599035.572266 1764167599036 1764167599043
75444 2193643772 1764167599068.918213 1764167599068 1764167599076
75445 2193677116 1764167599102.263916 1764167599102 1764167599109
75446 2193710460 1764167599135.609863 1764167599136 1764167599143
75447 2193743804 1764167599168.955566 1764167599168 1764167599176
75448 2193777148 1764167599202.301270 1764167599202 1764167599209
75449 2193810491 1764167599235.646240 1764167599236 1764167599243
75450 2193843835 1764167599268.991943 1764167599268 1764167599276
75451 2193877179 1764167599302.337646 1764167599302 1764167599309
75452 2193910523 1764167599335.683350 1764167599336 1764167599343
75453 2193943867 1764167599369.029297 1764167599368 1764167599376
75454 2193977211 1764167599402.375000 1764167599402 1764167599409
75455 2194010555 1764167599435.720703 1764167599436 1764167599443
75456 2194043899 1764167599469.066406 1764167599469 1764167599476
75457 2194077243 1764167599502.412109 1764167599502 1764167599509
75458 2194110587 1764167599535.757812 1764167599536 1764167599543
75459 2194143931 1764167599569.103516 1764167599569 1764167599576
75460 2194177275 1764167599602.449219 1764167599602 1764167599609
75461 2194210619 1764167599635.794922 1764167599636 1764167599643
75462 2194243963 1764167599669.140381 1764167599669 1764167599676
75463 2194277306 1764167599702.485107 1764167599703 1764167599710
75464 2194310650 1764167599735.830811 1764167599736 1764167599743
75465 2194343994 1764167599769.176514 1764167599769 1764167599776
75466 2194377338 1764167599802.521973 1764167599803 1764167599810
75467 2194410682 1764167599835.868652 1764167599836 1764167599843
75468 2194444026 1764167599869.215576 1764167599869 1764167599876
75469 2194477370 1764167599902.562256 1764167599903 1764167599910
75470 2194510714 1764167599935.908936 1764167599935 1764167599943
75471 2194544058 1764167599969.255615 1764167599969 1764167599976
75472 2194577402 1764167600002.602295 1764167600003 1764167600010
75473 2194610746 1764167600035.948975 1764167600035 1764167600043
75474 2194644090 1764167600069.295898 1764167600069 1764167600076
75475 2194677434 1764167600102.642578 1764167600103 1764167600110
75476 2194710777 1764167600135.988281 1764167600135 1764167600143
75477 2194744121 1764167600169.334961 1764167600169 1764167600176
75478 2194777465 1764167600202.681641 1764167600203 1764167600210
75479 2194810809 1764167600236.028564 1764167600236 1764167600243
75480 2194844153 1764167600269.375244 1764167600269 1764167600276
75481 2194877497 1764167600302.721924 1764167600303 1764167600310
75482 2194910841 1764167600336.068604 1764167600336 1764167600343
75483 2194944185 1764167600369.415527 1764167600369 1764167600376
75484 2194977529 1764167600402.762207 1764167600403 1764167600410
75485 2195010873 1764167600436.108887 1764167600436 1764167600443
75486 2195044217 1764167600469.455811 1764167600469 1764167600476
75487 2195077561 1764167600502.802490 1764167600503 1764167600510
75488 2195110905 1764167600536.149170 1764167600536 1764167600543
75489 2195144248 1764167600569.495117 1764167600570 1764167600577
75490 2195177592 1764167600602.841797 1764167600603 1764167600610
75491 2195210936 1764167600636.188477 1764167600636 1764167600643
75492 2195244280 1764167600669.535400 1764167600670 1764167600677
75493 2195277624 1764167600702.882080 1764167600702 1764167600710
75494 2195310968 1764167600736.229004 1764167600736 1764167600743
75495 2195344312 1764167600769.575684 1764167600770 1764167600777
75496 2195377656 1764167600802.922607 1764167600803 1764167600810
75497 2195411000 1764167600836.268799 1764167600836 1764167600843
75498 2195444344 1764167600869.614990 1764167600870 1764167600877
75499 2195477688 1764167600902.961182 1764167600902 1764167600910
75500 2195511032 1764167600936.307373 1764167600936 1764167600943
75501 2195544376 1764167600969.653809 1764167600970 1764167600977
75502 2195577720 1764167601003.000000 1764167601002 1764167601010
75503 2195611063 1764167601036.345215 1764167601036 1764167601043
75504 2195644407 1764167601069.691406 1764167601070 1764167601077
75505 2195677751 1764167601103.037598 1764167601102 1764167601110
75506 2195711095 1764167601136.383789 1764167601136 1764167601143
75507 2195744439 1764167601169.729980 1764167601170 1764167601177
75508 2195777783 1764167601203.076172 1764167601203 1764167601210
75509 2195811127 1764167601236.422119 1764167601236 1764167601243
75510 2195844471 1764167601269.768311 1764167601270 1764167601277
75511 2195877815 1764167601303.114502 1764167601303 1764167601310
75512 2195911159 1764167601336.460693 1764167601337 1764167601344
75513 2195944503 1764167601369.806885 1764167601370 1764167601377
75514 2195977847 1764167601403.153076 1764167601403 1764167601410
75515 2196011191 1764167601436.499023 1764167601437 1764167601444
75516 2196044534 1764167601469.844238 1764167601470 1764167601477
75517 2196077878 1764167601503.190430 1764167601503 1764167601510
75518 2196111222 1764167601536.536377 1764167601537 1764167601544
75519 2196144566 1764167601569.882568 1764167601569 1764167601577
75520 2196177910 1764167601603.228760 1764167601603 1764167601610
75521 2196211254 1764167601636.574707 1764167601637 1764167601644
75522 2196244598 1764167601669.920898 1764167601669 1764167601677
75523 2196277942 1764167601703.266846 1764167601703 1764167601710
75524 2196311286 1764167601736.613037 1764167601737 1764167601744
75525 2196344630 1764167601769.958984 1764167601769 1764167601777
75526 2196377974 1764167601803.305176 1764167601803 1764167601810
75527 2196411318 1764167601836.652100 1764167601837 1764167601844
75528 2196444662 1764167601869.999268 1764167601869 1764167601877
75529 2196478005 1764167601903.345215 1764167601903 1764167601910
75530 2196511349 1764167601936.692139 1764167601937 1764167601944
75531 2196544693 1764167601970.039062 1764167601970 1764167601977
75532 2196578037 1764167602003.386230 1764167602003 1764167602010
75533 2196611381 1764167602036.733154 1764167602036 1764167602044
75534 2196644725 1764167602070.080078 1764167602070 1764167602077
75535 2196678069 1764167602103.427002 1764167602103 1764167602110
75536 2196711413 1764167602136.774170 1764167602137 1764167602144
75537 2196744757 1764167602170.121094 1764167602170 1764167602177
75538 2196778101 1764167602203.468018 1764167602204 1764167602211
75539 2196811445 1764167602236.814941 1764167602237 1764167602244
75540 2196844789 1764167602270.161865 1764167602270 1764167602277
75541 2196878133 1764167602303.509033 1764167602304 1764167602311
75542 2196911477 1764167602336.855957 1764167602336 1764167602344
75543 2196944820 1764167602370.201904 1764167602370 1764167602377
75544 2196978164 1764167602403.548828 1764167602404 1764167602411
75545 2197011508 1764167602436.895752 1764167602436 1764167602444
75546 2197044852 1764167602470.242676 1764167602470 1764167602477
75547 2197078196 1764167602503.589600 1764167602504 1764167602511
75548 2197111540 1764167602536.936768 1764167602536 1764167602544
75549 2197144884 1764167602570.283691 1764167602570 1764167602577
75550 2197178228 1764167602603.630615 1764167602604 1764167602611
75551 2197211572 1764167602636.977539 1764167602636 1764167602644
75552 2197244916 1764167602670.324463 1764167602670 1764167602677
75553 2197278260 1764167602703.671387 1764167602704 1764167602711
75554 2197311604 1764167602737.018311 1764167602736 1764167602744
75555 2197344948 1764167602770.365234 1764167602770 1764167602777
75556 2197378291 1764167602803.711182 1764167602804 1764167602811
75557 2197411635 1764167602837.056641 1764167602837 1764167602844
75558 2197444979 1764167602870.402100 1764167602870 1764167602877
75559 2197478323 1764167602903.747314 1764167602903 1764167602912
75560 2197511667 1764167602937.092773 1764167602937 1764167602944
75561 2197545011 1764167602970.438232 1764167602970 1764167602977
75562 2197578355 1764167603003.783691 1764167603004 1764167603011
75563 2197611699 1764167603037.128906 1764167603037 1764167603044
75564 2197645043 1764167603070.474365 1764167603071 1764167603078
75565 2197678387 1764167603103.819580 1764167603104 1764167603111
75566 2197711731 1764167603137.165039 1764167603137 1764167603144
75567 2197745075 1764167603170.510254 1764167603171 1764167603178
75568 2197778419 1764167603203.855713 1764167603203 1764167603211
75569 2197811762 1764167603237.199951 1764167603237 1764167603244
75570 2197845106 1764167603270.545166 1764167603271 1764167603278
75571 2197878450 1764167603303.890381 1764167603303 1764167603311
75572 2197911794 1764167603337.235840 1764167603337 1764167603344
75573 2197945138 1764167603370.581055 1764167603371 1764167603378
75574 2197978482 1764167603403.926270 1764167603403 1764167603411
75575 2198011826 1764167603437.271484 1764167603437 1764167603444
75576 2198045170 1764167603470.616699 1764167603471 1764167603478
75577 2198078514 1764167603503.961914 1764167603503 1764167603511
75578 2198111858 1764167603537.306885 1764167603537 1764167603544
75579 2198145202 1764167603570.652100 1764167603571 1764167603578
75580 2198178546 1764167603603.997314 1764167603604 1764167603611
75581 2198211890 1764167603637.342529 1764167603637 1764167603644
75582 2198245234 1764167603670.687500 1764167603671 1764167603678
75583 2198278577 1764167603704.031738 1764167603704 1764167603711
75584 2198311921 1764167603737.376709 1764167603737 1764167603744
75585 2198345265 1764167603770.721924 1764167603771 1764167603778
75586 2198378609 1764167603804.066895 1764167603804 1764167603811
75587 2198411953 1764167603837.412842 1764167603837 1764167603844
75588 2198445297 1764167603870.758789 1764167603871 1764167603878
75589 2198478641 1764167603904.104736 1764167603904 1764167603911
75590 2198511985 1764167603937.450684 1764167603938 1764167603945
75591 2198545329 1764167603970.796631 1764167603970 1764167603978
75592 2198578673 1764167604004.142334 1764167604004 1764167604011
75593 2198612017 1764167604037.488281 1764167604038 1764167604045
75594 2198645361 1764167604070.834229 1764167604070 1764167604078
75595 2198678705 1764167604104.179932 1764167604104 1764167604111
75596 2198712048 1764167604137.524902 1764167604138 1764167604145
75597 2198745392 1764167604170.870605 1764167604170 1764167604178
75598 2198778736 1764167604204.216553 1764167604204 1764167604211
75599 2198812080 1764167604237.562500 1764167604238 1764167604245
75600 2198845424 1764167604270.908203 1764167604270 1764167604278
75601 2198878768 1764167604304.254150 1764167604304 1764167604311
75602 2198912112 1764167604337.599854 1764167604338 1764167604345
75603 2198945456 1764167604370.945801 1764167604370 1764167604378
75604 2198978800 1764167604404.291504 1764167604404 1764167604411
75605 2199012144 1764167604437.637207 1764167604438 1764167604445
75606 2199045488 1764167604470.983154 1764167604471 1764167604478
75607 2199078832 1764167604504.328857 1764167604504 1764167604511
75608 2199112176 1764167604537.674561 1764167604538 1764167604545
75609 2199145519 1764167604571.019531 1764167604571 1764167604578
75610 2199178863 1764167604604.365234 1764167604605 1764167604612
75611 2199212207 1764167604637.710938 1764167604638 1764167604645
75612 2199245551 1764167604671.056641 1764167604671 1764167604678
75613 2199278895 1764167604704.402344 1764167604705 1764167604712
75614 2199312239 1764167604737.748291 1764167604738 1764167604745
75615 2199345583 1764167604771.093994 1764167604771 1764167604778
75616 2199378927 1764167604804.439697 1764167604805 1764167604812
75617 2199412271 1764167604837.785156 1764167604837 1764167604845
75618 2199445615 1764167604871.130371 1764167604871 1764167604878
75619 2199478959 1764167604904.475830 1764167604905 1764167604912
75620 2199512303 1764167604937.821045 1764167604937 1764167604945
75621 2199545647 1764167604971.166504 1764167604971 1764167604978
75622 2199578991 1764167605004.511719 1764167605005 1764167605012
75623 2199612334 1764167605037.856201 1764167605037 1764167605045
75624 2199645678 1764167605071.201416 1764167605071 1764167605078
75625 2199679022 1764167605104.546631 1764167605105 1764167605112
75626 2199712366 1764167605137.891846 1764167605137 1764167605145
75627 2199745710 1764167605171.237305 1764167605171 1764167605178
75628 2199779054 1764167605204.582520 1764167605205 1764167605212
75629 2199812398 1764167605237.927734 1764167605238 1764167605245
75630 2199845742 1764167605271.272949 1764167605271 1764167605278
75631 2199879086 1764167605304.618164 1764167605305 1764167605312
75632 2199912430 1764167605337.963135 1764167605338 1764167605345
75633 2199945774 1764167605371.308350 1764167605371 1764167605378
75634 2199979118 1764167605404.653564 1764167605405 1764167605412
75635 2200012462 1764167605437.998779 1764167605438 1764167605445
75636 2200045805 1764167605471.342773 1764167605471 1764167605478
75637 2200079149 1764167605504.687988 1764167605505 1764167605512
75638 2200112493 1764167605538.032959 1764167605538 1764167605545
75639 2200145837 1764167605571.378174 1764167605572 1764167605579
75640 2200179181 1764167605604.723145 1764167605604 1764167605612
75641 2200212525 1764167605638.068359 1764167605638 1764167605645
75642 2200245869 1764167605671.413330 1764167605672 1764167605679
75643 2200279213 1764167605704.758301 1764167605704 1764167605712
75644 2200312557 1764167605738.103271 1764167605738 1764167605745
75645 2200345901 1764167605771.448486 1764167605772 1764167605779
75646 2200379245 1764167605804.793457 1764167605804 1764167605812
75647 2200412589 1764167605838.139648 1764167605838 1764167605845
75648 2200445933 1764167605871.485840 1764167605872 1764167605879
75649 2200479276 1764167605904.830811 1764167605904 1764167605912
75650 2200512620 1764167605938.177002 1764167605938 1764167605945
75651 2200545964 1764167605971.523193 1764167605972 1764167605979
75652 2200579308 1764167606004.869385 1764167606004 1764167606012
75653 2200612652 1764167606038.215576 1764167606038 1764167606045
75654 2200645996 1764167606071.561523 1764167606072 1764167606079
75655 2200679340 1764167606104.907715 1764167606105 1764167606112
75656 2200712684 1764167606138.253906 1764167606138 1764167606145
75657 2200746028 1764167606171.600098 1764167606172 1764167606179
75658 2200779372 1764167606204.946045 1764167606205 1764167606212
75659 2200812716 1764167606238.292236 1764167606238 1764167606245
