2638 4060506449 1764165171027.708984 1764165171028 1764165171035
2639 4060539793 1764165171061.055176 1764165171061 1764165171068
2640 4060573137 1764165171094.401611 1764165171095 1764165171102
2641 4060606481 1764165171127.747803 1764165171128 1764165171135
2642 4060639825 1764165171161.094238 1764165171162 1764165171169
2643 4060673169 1764165171194.440674 1764165171194 1764165171202
2644 4060706513 1764165171227.787109 1764165171228 1764165171235
2645 4060739857 1764165171261.133545 1764165171262 1764165171269
2646 4060773201 1764165171294.479980 1764165171294 1764165171302
2647 4060806545 1764165171327.826416 1764165171328 1764165171335
2648 4060839889 1764165171361.173096 1764165171362 1764165171369
2649 4060873233 1764165171394.519531 1764165171394 1764165171402
2650 4060906576 1764165171427.865234 1764165171428 1764165171435
2651 4060939920 1764165171461.211670 1764165171462 1764165171469
2652 4060973264 1764165171494.558350 1764165171494 1764165171502
2653 4061006608 1764165171527.905029 1764165171528 1764165171536
2654 4061039952 1764165171561.251953 1764165171562 1764165171569
2655 4061073296 1764165171594.598633 1764165171594 1764165171602
2656 4061106640 1764165171627.945312 1764165171628 1764165171635
2657 4061139984 1764165171661.292236 1764165171662 1764165171669
2658 4061173328 1764165171694.639160 1764165171695 1764165171702
2659 4061206672 1764165171727.985840 1764165171728 1764165171735
2660 4061240016 1764165171761.332764 1764165171762 1764165171769
2661 4061273360 1764165171794.679688 1764165171795 1764165171802
2662 4061306704 1764165171828.026611 1764165171828 1764165171835
2663 4061340047 1764165171861.372803 1764165171862 1764165171869
2664 4061373391 1764165171894.719727 1764165171895 1764165171902
2665 4061406735 1764165171928.066895 1764165171929 1764165171936
2666 4061440079 1764165171961.413818 1764165171961 1764165171969
2667 4061473423 1764165171994.760986 1764165171995 1764165172002
2668 4061506767 1764165172028.108154 1764165172029 1764165172036
2669 4061540111 1764165172061.455322 1764165172061 1764165172069
2670 4061573455 1764165172094.798584 1764165172095 1764165172102
2671 4061606799 1764165172128.145020 1764165172129 1764165172136
2672 4061640143 1764165172161.491455 1764165172161 1764165172169
2673 4061673487 1764165172194.837891 1764165172195 1764165172202
2674 4061706831 1764165172228.184570 1764165172229 1764165172236
2675 4061740175 1764165172261.531006 1764165172261 1764165172269
2676 4061773519 1764165172294.877686 1764165172295 1764165172302
2677 4061806862 1764165172328.223145 1764165172329 1764165172336
2678 4061840206 1764165172361.569824 1764165172361 1764165172369
2679 4061873550 1764165172394.916504 1764165172396 1764165172403
2680 4061906894 1764165172428.263184 1764165172429 1764165172436
2681 4061940238 1764165172461.609863 1764165172461 1764165172469
2682 4061973582 1764165172494.956543 1764165172495 1764165172502
2683 4062006926 1764165172528.303223 1764165172529 1764165172536
2684 4062040270 1764165172561.650146 1764165172562 1764165172569
2685 4062073614 1764165172594.996826 1764165172595 1764165172602
2686 4062106958 1764165172628.343750 1764165172629 1764165172636
2687 4062140302 1764165172661.690430 1764165172662 1764165172669
2688 4062173646 1764165172695.037354 1764165172695 1764165172702
2689 4062206990 1764165172728.384277 1764165172729 1764165172736
2690 4062240333 1764165172761.730225 1764165172762 1764165172769
2691 4062273677 1764165172795.077148 1764165172796 1764165172803
2692 4062307021 1764165172828.424072 1764165172829 1764165172836
2693 4062340365 1764165172861.770996 1764165172862 1764165172869
2694 4062373709 1764165172895.117920 1764165172896 1764165172903
2695 4062407053 1764165172928.465088 1764165172928 1764165172936
2696 4062440397 1764165172961.812012 1764165172962 1764165172969
2697 4062473741 1764165172995.159180 1764165172996 1764165173003
2698 4062507085 1764165173028.506348 1764165173028 1764165173036
2699 4062540429 1764165173061.853271 1764165173062 1764165173069
2700 4062573773 1764165173095.200439 1764165173096 1764165173103
2701 4062607117 1764165173128.547119 1764165173128 1764165173136
2702 4062640461 1764165173161.893799 1764165173162 1764165173169
2703 4062673804 1764165173195.239746 1764165173196 1764165173203
2704 4062707148 1764165173228.586426 1764165173228 1764165173236
2705 4062740492 1764165173261.933350 1764165173262 1764165173269
2706 4062773836 1764165173295.280029 1764165173296 1764165173303
2707 4062807180 1764165173328.626953 1764165173329 1764165173336
2708 4062840524 1764165173361.973877 1764165173362 1764165173369
2709 4062873868 1764165173395.320801 1764165173396 1764165173403
2710 4062907212 1764165173428.667725 1764165173429 1764165173436
2711 4062940556 1764165173462.014648 1764165173462 1764165173469
2712 4062973900 1764165173495.361572 1764165173496 1764165173503
2713 4063007244 1764165173528.708496 1764165173529 1764165173536
2714 4063040588 1764165173562.055664 1764165173563 1764165173570
2715 4063073932 1764165173595.402588 1764165173596 1764165173603
2716 4063107276 1764165173628.749756 1764165173629 1764165173636
2717 4063140619 1764165173662.095703 1764165173663 1764165173670
2718 4063173963 1764165173695.442871 1764165173696 1764165173703
2719 4063207307 1764165173728.790039 1764165173729 1764165173736
2720 4063240651 1764165173762.137207 1764165173763 1764165173770
2721 4063273995 1764165173795.484375 1764165173795 1764165173803
2722 4063307339 1764165173828.831543 1764165173829 1764165173836
2723 4063340683 1764165173862.178955 1764165173863 1764165173870
2724 4063374027 1764165173895.526123 1764165173895 1764165173903
2725 4063407371 1764165173928.873291 1764165173929 1764165173936
2726 4063440715 1764165173962.220703 1764165173963 1764165173970
2727 4063474059 1764165173995.568115 1764165173995 1764165174003
2728 4063507403 1764165174028.915283 1764165174029 1764165174036
2729 4063540747 1764165174062.262695 1764165174063 1764165174070
2730 4063574090 1764165174095.609131 1764165174095 1764165174103
2731 4063607434 1764165174128.956543 1764165174129 1764165174136
2732 4063640778 1764165174162.303955 1764165174163 1764165174170
2733 4063674122 1764165174195.651367 1764165174196 1764165174203
2734 4063707466 1764165174228.998779 1764165174230 1764165174237
2735 4063740810 1764165174262.346436 1764165174263 1764165174270
2736 4063774154 1764165174295.693848 1764165174296 1764165174303
2737 4063807498 1764165174329.041504 1764165174329 1764165174336
2738 4063840842 1764165174362.389160 1764165174362 1764165174370
2739 4063874186 1764165174395.736572 1764165174396 1764165174403
2740 4063907530 1764165174429.084229 1764165174430 1764165174437
2741 4063940874 1764165174462.432129 1764165174463 1764165174470
2742 4063974218 1764165174495.779785 1764165174496 1764165174503
2743 4064007561 1764165174529.126465 1764165174530 1764165174537
2744 4064040905 1764165174562.474121 1764165174562 1764165174570
2745 4064074249 1764165174595.822021 1764165174596 1764165174603
2746 4064107593 1764165174629.169922 1764165174630 1764165174637
2747 4064140937 1764165174662.517822 1764165174662 1764165174670
2748 4064174281 1764165174695.865479 1764165174696 1764165174703
2749 4064207625 1764165174729.213623 1764165174730 1764165174737
2750 4064240969 1764165174762.561523 1764165174762 1764165174770
2751 4064274313 1764165174795.909424 1764165174796 1764165174803
2752 4064307657 1764165174829.257324 1764165174830 1764165174837
2753 4064341001 1764165174862.605469 1764165174862 1764165174870
2754 4064374345 1764165174895.953613 1764165174896 1764165174903
2755 4064407689 1764165174929.301514 1764165174930 1764165174937
2756 4064441033 1764165174962.649658 1764165174963 1764165174970
2757 4064474376 1764165174995.996826 1764165174996 1764165175003
2758 4064507720 1764165175029.344971 1764165175030 1764165175037
2759 4064541064 1764165175062.693115 1764165175063 1764165175070
2760 4064574408 1764165175096.041504 1764165175096 1764165175103
2761 4064607752 1764165175129.389160 1764165175130 1764165175138
2762 4064641096 1764165175162.736816 1764165175163 1764165175170
2763 4064674440 1764165175196.084717 1764165175197 1764165175204
2764 4064707784 1764165175229.432617 1764165175230 1764165175237
2765 4064741128 1764165175262.780273 1764165175263 1764165175270
2766 4064774472 1764165175296.128174 1764165175297 1764165175304
2767 4064807816 1764165175329.476074 1764165175330 1764165175337
2768 4064841160 1764165175362.823975 1764165175363 1764165175370
2769 4064874504 1764165175396.171875 1764165175397 1764165175404
2770 4064907847 1764165175429.519043 1764165175429 1764165175437
2771 4064941191 1764165175462.866943 1764165175463 1764165175470
2772 4064974535 1764165175496.215088 1764165175497 1764165175504
2773 4065007879 1764165175529.562988 1764165175529 1764165175537
2774 4065041223 1764165175562.911133 1764165175563 1764165175570
2775 4065074567 1764165175596.259277 1764165175597 1764165175604
2776 4065107911 1764165175629.607422 1764165175629 1764165175637
2777 4065141255 1764165175662.955566 1764165175663 1764165175670
2778 4065174599 1764165175696.303711 1764165175697 1764165175704
2779 4065207943 1764165175729.652100 1764165175729 1764165175737
2780 4065241287 1764165175763.000244 1764165175763 1764165175770
2781 4065274631 1764165175796.348633 1764165175797 1764165175804
2782 4065307975 1764165175829.696777 1764165175830 1764165175837
2783 4065341318 1764165175863.044189 1764165175863 1764165175870
2784 4065374662 1764165175896.392578 1764165175897 1764165175904
2785 4065408006 1764165175929.740967 1764165175930 1764165175937
2786 4065441350 1764165175963.089355 1764165175963 1764165175970
2787 4065474694 1764165175996.437744 1764165175997 1764165176004
2788 4065508038 1764165176029.786377 1764165176030 1764165176037
2789 4065541382 1764165176063.134766 1764165176064 1764165176071
2790 4065574726 1764165176096.483398 1764165176097 1764165176104
2791 4065608070 1764165176129.831055 1764165176130 1764165176137
2792 4065641414 1764165176163.178955 1764165176164 1764165176171
2793 4065674758 1764165176196.526611 1764165176196 1764165176204
2794 4065708102 1764165176229.874512 1764165176230 1764165176237
2795 4065741446 1764165176263.222412 1764165176264 1764165176271
2796 4065774790 1764165176296.570312 1764165176296 1764165176304
2797 4065808133 1764165176329.917236 1764165176330 1764165176337
2798 4065841477 1764165176363.265137 1764165176364 1764165176371
2799 4065874821 1764165176396.613037 1764165176396 1764165176404
2800 4065908165 1764165176429.960938 1764165176430 1764165176437
2801 4065941509 1764165176463.309082 1764165176464 1764165176471
2802 4065974853 1764165176496.656982 1764165176496 1764165176504
2803 4066008197 1764165176530.005127 1764165176530 1764165176537
2804 4066041541 1764165176563.353271 1764165176564 1764165176571
2805 4066074885 1764165176596.701172 1764165176597 1764165176604
2806 4066108229 1764165176630.049316 1764165176630 1764165176638
2807 4066141573 1764165176663.397461 1764165176664 1764165176671
2808 4066174917 1764165176696.745850 1764165176697 1764165176704
2809 4066208261 1764165176730.093994 1764165176730 1764165176737
2810 4066241604 1764165176763.441162 1764165176764 1764165176771
2811 4066274948 1764165176796.789551 1764165176797 1764165176804
2812 4066308292 1764165176830.137695 1764165176830 1764165176837
2813 4066341636 1764165176863.486084 1764165176864 1764165176871
2814 4066374980 1764165176896.834473 1764165176897 1764165176904
2815 4066408324 1764165176930.182861 1764165176931 1764165176938
2816 4066441668 1764165176963.531250 1764165176963 1764165176971
2817 4066475012 1764165176996.879639 1764165176997 1764165177004
2818 4066508356 1764165177030.228027 1764165177031 1764165177038
2819 4066541700 1764165177063.576416 1764165177063 1764165177071
2820 4066575044 1764165177096.924805 1764165177097 1764165177104
2821 4066608388 1764165177130.272705 1764165177131 1764165177138
2822 4066641732 1764165177163.620605 1764165177163 1764165177171
2823 4066675075 1764165177196.967529 1764165177197 1764165177204
2824 4066708419 1764165177230.315430 1764165177231 1764165177238
2825 4066741763 1764165177263.663330 1764165177263 1764165177271
2826 4066775107 1764165177297.011230 1764165177298 1764165177305
2827 4066808451 1764165177330.359375 1764165177331 1764165177338
2828 4066841795 1764165177363.707275 1764165177363 1764165177371
2829 4066875139 1764165177397.055420 1764165177397 1764165177404
2830 4066908483 1764165177430.403564 1764165177431 1764165177438
2831 4066941827 1764165177463.751465 1764165177464 1764165177471
2832 4066975171 1764165177497.099609 1764165177497 1764165177504
2833 4067008515 1764165177530.447754 1764165177531 1764165177538
2834 4067041859 1764165177563.795898 1764165177564 1764165177571
2835 4067075203 1764165177597.144043 1764165177597 1764165177604
2836 4067108547 1764165177630.492432 1764165177631 1764165177638
2837 4067141890 1764165177663.839600 1764165177664 1764165177671
2838 4067175234 1764165177697.187744 1764165177697 1764165177704
2839 4067208578 1764165177730.536133 1764165177731 1764165177738
2840 4067241922 1764165177763.884277 1764165177764 1764165177771
2841 4067275266 1764165177797.232666 1764165177798 1764165177805
2842 4067308610 1764165177830.581055 1764165177830 1764165177838
2843 4067341954 1764165177863.929443 1764165177864 1764165177871
2844 4067375298 1764165177897.277832 1764165177898 1764165177905
2845 4067408642 1764165177930.626221 1764165177930 1764165177938
2846 4067441986 1764165177963.974609 1764165177964 1764165177971
2847 4067475330 1764165177997.323242 1764165177998 1764165178005
2848 4067508674 1764165178030.671631 1764165178030 1764165178038
2849 4067542018 1764165178064.020264 1764165178064 1764165178071
2850 4067575361 1764165178097.367676 1764165178098 1764165178105
2851 4067608705 1764165178130.715576 1764165178130 1764165178138
2852 4067642049 1764165178164.063232 1764165178164 1764165178171
2853 4067675393 1764165178197.411133 1764165178198 1764165178205
2854 4067708737 1764165178230.759033 1764165178231 1764165178238
2855 4067742081 1764165178264.106934 1764165178264 1764165178271
2856 4067775425 1764165178297.454834 1764165178298 1764165178305
2857 4067808769 1764165178330.802734 1764165178330 1764165178338
2858 4067842113 1764165178364.150635 1764165178364 1764165178371
2859 4067875457 1764165178397.498779 1764165178398 1764165178405
2860 4067908801 1764165178430.846680 1764165178431 1764165178438
2861 4067942145 1764165178464.194580 1764165178464 1764165178471
2862 4067975489 1764165178497.542725 1764165178498 1764165178505
2863 4068008832 1764165178530.889648 1764165178531 1764165178538
2864 4068042176 1764165178564.237793 1764165178564 1764165178571
2865 4068075520 1764165178597.585938 1764165178598 1764165178605
2866 4068108864 1764165178630.934082 1764165178631 1764165178638
2867 4068142208 1764165178664.282227 1764165178664 1764165178671
2868 4068175552 1764165178697.630371 1764165178698 1764165178705
2869 4068208896 1764165178730.978516 1764165178731 1764165178738
2870 4068242240 1764165178764.326660 1764165178765 1764165178772
2871 4068275584 1764165178797.675049 1764165178798 1764165178805
2872 4068308928 1764165178831.023193 1764165178831 1764165178838
2873 4068342272 1764165178864.371338 1764165178865 1764165178872
2874 4068375616 1764165178897.719727 1764165178898 1764165178905
2875 4068408960 1764165178931.068115 1764165178931 1764165178938
2876 4068442304 1764165178964.416260 1764165178965 1764165178972
2877 4068475647 1764165178997.763672 1764165178997 1764165179005
2878 4068508991 1764165179031.112061 1764165179031 1764165179038
2879 4068542335 1764165179064.460449 1764165179065 1764165179072
2880 4068575679 1764165179097.808838 1764165179097 1764165179105
2881 4068609023 1764165179131.155518 1764165179131 1764165179138
2882 4068642367 1764165179164.501953 1764165179165 1764165179172
2883 4068675711 1764165179197.848633 1764165179197 1764165179205
2884 4068709055 1764165179231.195068 1764165179231 1764165179238
2885 4068742399 1764165179264.541748 1764165179265 1764165179272
2886 4068775743 1764165179297.888428 1764165179297 1764165179305
2887 4068809087 1764165179331.234863 1764165179331 1764165179338
2888 4068842431 1764165179364.581543 1764165179364 1764165179372
2889 4068875775 1764165179397.928223 1764165179397 1764165179405
2890 4068909118 1764165179431.273926 1764165179431 1764165179438
2891 4068942462 1764165179464.620361 1764165179465 1764165179472
2892 4068975806 1764165179497.967041 1764165179497 1764165179505
2893 4069009150 1764165179531.313721 1764165179531 1764165179538
2894 4069042494 1764165179564.660400 1764165179565 1764165179572
2895 4069075838 1764165179598.007080 1764165179598 1764165179605
2896 4069109182 1764165179631.353760 1764165179631 1764165179638
2897 4069142526 1764165179664.700684 1764165179665 1764165179672
2898 4069175870 1764165179698.047363 1764165179698 1764165179705
2899 4069209214 1764165179731.394043 1764165179731 1764165179738
2900 4069242558 1764165179764.740723 1764165179765 1764165179772
2901 4069275902 1764165179798.087646 1764165179798 1764165179805
2902 4069309246 1764165179831.434326 1764165179831 1764165179838
2903 4069342589 1764165179864.780029 1764165179865 1764165179872
2904 4069375933 1764165179898.126953 1764165179898 1764165179905
2905 4069409277 1764165179931.473633 1764165179931 1764165179938
2906 4069442621 1764165179964.820557 1764165179965 1764165179972
2907 4069475965 1764165179998.167236 1764165179998 1764165180005
2908 4069509309 1764165180031.514160 1764165180031 1764165180038
2909 4069542653 1764165180064.860840 1764165180065 1764165180072
2910 4069575997 1764165180098.207764 1764165180098 1764165180105
2911 4069609341 1764165180131.554688 1764165180132 1764165180139
2912 4069642685 1764165180164.901611 1764165180165 1764165180172
2913 4069676029 1764165180198.248779 1764165180198 1764165180205
2914 4069709373 1764165180231.595703 1764165180232 1764165180239
2915 4069742717 1764165180264.942871 1764165180264 1764165180272
2916 4069776061 1764165180298.289795 1764165180298 1764165180305
2917 4069809404 1764165180331.635986 1764165180332 1764165180339
2918 4069842748 1764165180364.983154 1764165180364 1764165180372
2919 4069876092 1764165180398.330322 1764165180398 1764165180405
2920 4069909436 1764165180431.677246 1764165180432 1764165180439
2921 4069942780 1764165180465.024414 1764165180464 1764165180472
2922 4069976124 1764165180498.371826 1764165180498 1764165180505
2923 4070009468 1764165180531.718994 1764165180532 1764165180539
2924 4070042812 1764165180565.066162 1764165180564 1764165180572
2925 4070076156 1764165180598.413330 1764165180598 1764165180605
2926 4070109500 1764165180631.760742 1764165180632 1764165180639
2927 4070142844 1764165180665.107910 1764165180664 1764165180672
2928 4070176188 1764165180698.455322 1764165180698 1764165180705
2929 4070209532 1764165180731.802734 1764165180732 1764165180739
2930 4070242875 1764165180765.148926 1764165180764 1764165180772
2931 4070276219 1764165180798.496338 1764165180798 1764165180805
2932 4070309563 1764165180831.843750 1764165180832 1764165180839
2933 4070342907 1764165180865.191162 1764165180865 1764165180872
2934 4070376251 1764165180898.538574 1764165180898 1764165180905
2935 4070409595 1764165180931.885986 1764165180932 1764165180939
2936 4070442939 1764165180965.233398 1764165180965 1764165180972
2937 4070476283 1764165180998.581055 1764165180998 1764165181005
2938 4070509627 1764165181031.928467 1764165181032 1764165181039
2939 4070542971 1764165181065.276123 1764165181065 1764165181072
2940 4070576315 1764165181098.623535 1764165181098 1764165181105
2941 4070609659 1764165181131.967773 1764165181132 1764165181139
2942 4070643003 1764165181165.312256 1764165181165 1764165181172
2943 4070676346 1764165181198.655518 1764165181198 1764165181205
2944 4070709690 1764165181231.999756 1764165181232 1764165181239
2945 4070743034 1764165181265.343994 1764165181265 1764165181272
2946 4070776378 1764165181298.688232 1764165181298 1764165181305
2947 4070809722 1764165181332.032471 1764165181331 1764165181339
2948 4070843066 1764165181365.376465 1764165181365 1764165181372
2949 4070876410 1764165181398.720703 1764165181399 1764165181406
2950 4070909754 1764165181432.064941 1764165181431 1764165181439
2951 4070943098 1764165181465.409180 1764165181465 1764165181472
2952 4070976442 1764165181498.753418 1764165181499 1764165181506
2953 4071009786 1764165181532.097412 1764165181531 1764165181539
2954 4071043130 1764165181565.441650 1764165181565 1764165181572
2955 4071076474 1764165181598.785889 1764165181599 1764165181606
2956 4071109818 1764165181632.129883 1764165181631 1764165181639
2957 4071143161 1764165181665.473145 1764165181665 1764165181672
2958 4071176505 1764165181698.817139 1764165181699 1764165181706
2959 4071209849 1764165181732.161133 1764165181732 1764165181739
2960 4071243193 1764165181765.505371 1764165181765 1764165181772
2961 4071276537 1764165181798.849365 1764165181799 1764165181806
2962 4071309881 1764165181832.193604 1764165181831 1764165181839
2963 4071343225 1764165181865.537598 1764165181865 1764165181872
2964 4071376569 1764165181898.881592 1764165181899 1764165181906
2965 4071409913 1764165181932.225586 1764165181931 1764165181939
2966 4071443257 1764165181965.569580 1764165181965 1764165181974
2967 4071476601 1764165181998.913818 1764165181999 1764165182006
2968 4071509945 1764165182032.257812 1764165182031 1764165182039
2969 4071543289 1764165182065.601807 1764165182065 1764165182072
2970 4071576632 1764165182098.944824 1764165182099 1764165182106
2971 4071609976 1764165182132.290527 1764165182131 1764165182139
2972 4071643320 1764165182165.635986 1764165182165 1764165182172
2973 4071676664 1764165182198.981689 1764165182199 1764165182206
2974 4071710008 1764165182232.327393 1764165182232 1764165182239
2975 4071743352 1764165182265.673096 1764165182265 1764165182272
2976 4071776696 1764165182299.018799 1764165182299 1764165182306
2977 4071810040 1764165182332.364258 1764165182332 1764165182339
2978 4071843384 1764165182365.709961 1764165182365 1764165182372
2979 4071876728 1764165182399.055664 1764165182399 1764165182406
2980 4071910072 1764165182432.401367 1764165182433 1764165182440
2981 4071943416 1764165182465.746826 1764165182466 1764165182473
2982 4071976760 1764165182499.092529 1764165182499 1764165182506
2983 4072010103 1764165182532.437256 1764165182532 1764165182539
2984 4072043447 1764165182565.782715 1764165182565 1764165182572
2985 4072076791 1764165182599.128418 1764165182599 1764165182606
2986 4072110135 1764165182632.474121 1764165182632 1764165182639
2987 4072143479 1764165182665.819580 1764165182666 1764165182673
2988 4072176823 1764165182699.165283 1764165182698 1764165182706
2989 4072210167 1764165182732.510986 1764165182732 1764165182739
2990 4072243511 1764165182765.856445 1764165182766 1764165182773
2991 4072276855 1764165182799.202148 1764165182798 1764165182806
2992 4072310199 1764165182832.547607 1764165182833 1764165182840
2993 4072343543 1764165182865.893311 1764165182866 1764165182873
2994 4072376887 1764165182899.239014 1764165182898 1764165182906
2995 4072410231 1764165182932.584473 1764165182932 1764165182939
2996 4072443575 1764165182965.930176 1764165182966 1764165182973
2997 4072476918 1764165182999.274658 1764165182998 1764165183006
2998 4072510262 1764165183032.620361 1764165183032 1764165183039
2999 4072543606 1764165183065.965820 1764165183066 1764165183073
3000 4072576950 1764165183099.311523 1764165183098 1764165183106
3001 4072610294 1764165183132.653564 1764165183133 1764165183140
3002 4072643638 1764165183165.995361 1764165183166 1764165183173
3003 4072676982 1764165183199.337402 1764165183198 1764165183206
3004 4072710326 1764165183232.679199 1764165183232 1764165183239
3005 4072743670 1764165183266.021240 1764165183266 1764165183273
3006 4072777014 1764165183299.363037 1764165183298 1764165183306
3007 4072810358 1764165183332.704834 1764165183332 1764165183339
3008 4072843702 1764165183366.046631 1764165183366 1764165183373
3009 4072877046 1764165183399.388428 1764165183399 1764165183406
3010 4072910389 1764165183432.729004 1764165183432 1764165183439
3011 4072943733 1764165183466.070801 1764165183466 1764165183473
3012 4072977077 1764165183499.412354 1764165183499 1764165183506
3013 4073010421 1764165183532.754150 1764165183532 1764165183539
3014 4073043765 1764165183566.095703 1764165183566 1764165183573
3015 4073077109 1764165183599.437256 1764165183599 1764165183606
3016 4073110453 1764165183632.778809 1764165183632 1764165183639
3017 4073143797 1764165183666.120361 1764165183666 1764165183673
3018 4073177141 1764165183699.461914 1764165183699 1764165183706
3019 4073210485 1764165183732.803223 1764165183732 1764165183739
3020 4073243829 1764165183766.144775 1764165183766 1764165183773
3021 4073277173 1764165183799.486084 1764165183799 1764165183806
3022 4073310517 1764165183832.827393 1764165183833 1764165183840
3023 4073343860 1764165183866.167725 1764165183866 1764165183873
3024 4073377204 1764165183899.509033 1764165183899 1764165183906
3025 4073410548 1764165183932.850342 1764165183933 1764165183940
3026 4073443892 1764165183966.191650 1764165183966 1764165183973
3027 4073477236 1764165183999.532959 1764165183999 1764165184006
3028 4073510580 1764165184032.874023 1764165184033 1764165184040
3029 4073543924 1764165184066.215088 1764165184065 1764165184073
3030 4073577268 1764165184099.556396 1764165184099 1764165184106
3031 4073610612 1764165184132.897949 1764165184133 1764165184140
3032 4073643956 1764165184166.239502 1764165184165 1764165184173
3033 4073677300 1764165184199.581055 1764165184199 1764165184206
3034 4073710644 1764165184232.922607 1764165184233 1764165184240
3035 4073743988 1764165184266.264160 1764165184265 1764165184273
3036 4073777332 1764165184299.605469 1764165184299 1764165184306
3037 4073810675 1764165184332.945801 1764165184333 1764165184340
3038 4073844019 1764165184366.287354 1764165184365 1764165184373
3039 4073877363 1764165184399.628662 1764165184400 1764165184407
3040 4073910707 1764165184432.969971 1764165184433 1764165184440
3041 4073944051 1764165184466.311279 1764165184465 1764165184473
3042 4073977395 1764165184499.652588 1764165184499 1764165184506
3043 4074010739 1764165184532.993652 1764165184533 1764165184543
3044 4074044083 1764165184566.334961 1764165184565 1764165184573
3045 4074077427 1764165184599.676025 1764165184599 1764165184606
3046 4074110771 1764165184633.017334 1764165184633 1764165184640
3047 4074144115 1764165184666.358398 1764165184665 1764165184673
3048 4074177459 1764165184699.699463 1764165184699 1764165184706
3049 4074210803 1764165184733.040527 1764165184733 1764165184740
3050 4074244146 1764165184766.380615 1764165184766 1764165184773
3051 4074277490 1764165184799.721436 1764165184799 1764165184806
3052 4074310834 1764165184833.062500 1764165184833 1764165184840
3053 4074344178 1764165184866.403320 1764165184866 1764165184873
3054 4074377522 1764165184899.744385 1764165184899 1764165184906
3055 4074410866 1764165184933.085205 1764165184933 1764165184940
3056 4074444210 1764165184966.426025 1764165184966 1764165184973
3057 4074477554 1764165184999.766846 1764165184999 1764165185007
3058 4074510898 1764165185033.107666 1764165185033 1764165185040
3059 4074544242 1764165185066.448242 1764165185066 1764165185073
3060 4074577586 1764165185099.789062 1764165185099 1764165185106
3061 4074610930 1764165185133.130127 1764165185133 1764165185140
3062 4074644274 1764165185166.471436 1764165185166 1764165185173
3063 4074677617 1764165185199.811279 1764165185200 1764165185207
3064 4074710961 1764165185233.152344 1764165185232 1764165185240
3065 4074744305 1764165185266.493408 1764165185266 1764165185273
3066 4074777649 1764165185299.834473 1764165185300 1764165185307
3067 4074810993 1764165185333.175293 1764165185332 1764165185340
3068 4074844337 1764165185366.516113 1764165185366 1764165185373
3069 4074877681 1764165185399.856934 1764165185400 1764165185407
3070 4074911025 1764165185433.197998 1764165185432 1764165185440
3071 4074944369 1764165185466.538574 1764165185466 1764165185473
3072 4074977713 1764165185499.879395 1764165185500 1764165185507
3073 4075011057 1764165185533.220215 1764165185532 1764165185540
3074 4075044401 1764165185566.560791 1764165185566 1764165185573
3075 4075077745 1764165185599.901611 1764165185600 1764165185607
3076 4075111089 1764165185633.242188 1764165185632 1764165185640
3077 4075144432 1764165185666.581787 1764165185666 1764165185673
3078 4075177776 1764165185699.922363 1764165185700 1764165185707
3079 4075211120 1764165185733.262939 1764165185732 1764165185740
3080 4075244464 1764165185766.603516 1764165185766 1764165185773
3081 4075277808 1764165185799.943848 1764165185800 1764165185807
3082 4075311152 1764165185833.284424 1764165185832 1764165185840
3083 4075344496 1764165185866.624756 1764165185866 1764165185873
3084 4075377840 1764165185899.965088 1764165185900 1764165185907
3085 4075411184 1764165185933.305420 1764165185932 1764165185940
3086 4075444528 1764165185966.645752 1764165185966 1764165185973
3087 4075477872 1764165185999.986084 1764165186000 1764165186007
3088 4075511216 1764165186033.326416 1764165186033 1764165186040
3089 4075544560 1764165186066.666504 1764165186066 1764165186073
3090 4075577903 1764165186100.005859 1764165186100 1764165186107
3091 4075611247 1764165186133.346924 1764165186133 1764165186140
3092 4075644591 1764165186166.688232 1764165186166 1764165186173
3093 4075677935 1764165186200.029297 1764165186200 1764165186207
3094 4075711279 1764165186233.370361 1764165186233 1764165186240
3095 4075744623 1764165186266.711426 1764165186266 1764165186273
3096 4075777967 1764165186300.052490 1764165186300 1764165186307
3097 4075811311 1764165186333.393555 1764165186333 1764165186340
3098 4075844655 1764165186366.734619 1764165186367 1764165186374
3099 4075877999 1764165186400.075439 1764165186400 1764165186407
3100 4075911343 1764165186433.416504 1764165186433 1764165186440
3101 4075944687 1764165186466.757324 1764165186467 1764165186474
3102 4075978031 1764165186500.098389 1764165186500 1764165186507
3103 4076011374 1764165186533.438232 1764165186533 1764165186540
3104 4076044718 1764165186566.779053 1764165186567 1764165186574
3105 4076078062 1764165186600.119873 1764165186600 1764165186607
3106 4076111406 1764165186633.460693 1764165186633 1764165186640
3107 4076144750 1764165186666.801270 1764165186667 1764165186674
3108 4076178094 1764165186700.142090 1764165186699 1764165186707
3109 4076211438 1764165186733.482910 1764165186733 1764165186740
3110 4076244782 1764165186766.823486 1764165186767 1764165186774
3111 4076278126 1764165186800.164062 1764165186799 1764165186807
3112 4076311470 1764165186833.504883 1764165186833 1764165186840
3113 4076344814 1764165186866.845459 1764165186867 1764165186874
3114 4076378158 1764165186900.186035 1764165186899 1764165186907
3115 4076411502 1764165186933.526611 1764165186933 1764165186940
3116 4076444846 1764165186966.866943 1764165186966 1764165186974
3117 4076478189 1764165187000.206543 1764165187000 1764165187007
3118 4076511533 1764165187033.546875 1764165187033 1764165187040
3119 4076544877 1764165187066.887451 1764165187067 1764165187074
3120 4076578221 1764165187100.227783 1764165187099 1764165187107
3121 4076611565 1764165187133.568604 1764165187133 1764165187140
3122 4076644909 1764165187166.909180 1764165187167 1764165187174
3123 4076678253 1764165187200.249756 1764165187199 1764165187207
3124 4076711597 1764165187233.590332 1764165187233 1764165187240
3125 4076744941 1764165187266.930908 1764165187267 1764165187274
3126 4076778285 1764165187300.271484 1764165187300 1764165187307
3127 4076811629 1764165187333.612061 1764165187333 1764165187340
3128 4076844973 1764165187366.952393 1764165187367 1764165187374
3129 4076878317 1764165187400.292969 1764165187400 1764165187407
3130 4076911660 1764165187433.632324 1764165187433 1764165187440
3131 4076945004 1764165187466.972656 1764165187467 1764165187474
3132 4076978348 1764165187500.312988 1764165187500 1764165187507
3133 4077011692 1764165187533.653320 1764165187533 1764165187540
3134 4077045036 1764165187566.993652 1764165187567 1764165187574
3135 4077078380 1764165187600.333740 1764165187600 1764165187607
3136 4077111724 1764165187633.674072 1764165187633 1764165187640
3137 4077145068 1764165187667.014160 1764165187667 1764165187674
3138 4077178412 1764165187700.354248 1764165187700 1764165187707
3139 4077211756 1764165187733.694336 1764165187734 1764165187741
3140 4077245100 1764165187767.034424 1764165187767 1764165187774
3141 4077278444 1764165187800.374512 1764165187800 1764165187807
3142 4077311788 1764165187833.714600 1764165187834 1764165187841
3143 4077345131 1764165187867.053711 1764165187867 1764165187874
3144 4077378475 1764165187900.393555 1764165187900 1764165187907
3145 4077411819 1764165187933.733398 1764165187934 1764165187941
3146 4077445163 1764165187967.073486 1764165187966 1764165187974
3147 4077478507 1764165188000.413330 1764165188000 1764165188007
3148 4077511851 1764165188033.753174 1764165188034 1764165188041
3149 4077545195 1764165188067.092773 1764165188066 1764165188074
3150 4077578539 1764165188100.432617 1764165188100 1764165188107
3151 4077611883 1764165188133.773682 1764165188134 1764165188141
3152 4077645227 1764165188167.114746 1764165188166 1764165188174
3153 4077678571 1764165188200.455566 1764165188200 1764165188207
3154 4077711915 1764165188233.796387 1764165188234 1764165188241
3155 4077745259 1764165188267.137451 1764165188266 1764165188274
3156 4077778603 1764165188300.478271 1764165188300 1764165188307
3157 4077811946 1764165188333.818115 1764165188334 1764165188341
3158 4077845290 1764165188367.158936 1764165188367 1764165188374
3159 4077878634 1764165188400.499756 1764165188400 1764165188407
3160 4077911978 1764165188433.840332 1764165188434 1764165188441
3161 4077945322 1764165188467.181152 1764165188466 1764165188475
3162 4077978666 1764165188500.521729 1764165188500 1764165188507
3163 4078012010 1764165188533.862549 1764165188534 1764165188541
3164 4078045354 1764165188567.203125 1764165188567 1764165188574
3165 4078078698 1764165188600.543701 1764165188600 1764165188607
3166 4078112042 1764165188633.884521 1764165188634 1764165188641
3167 4078145386 1764165188667.225098 1764165188667 1764165188674
3168 4078178730 1764165188700.565430 1764165188700 1764165188707
3169 4078212074 1764165188733.906006 1764165188734 1764165188741
3170 4078245417 1764165188767.245605 1764165188767 1764165188774
3171 4078278761 1764165188800.585938 1764165188800 1764165188807
3172 4078312105 1764165188833.926514 1764165188834 1764165188841
3173 4078345449 1764165188867.266846 1764165188867 1764165188874
3174 4078378793 1764165188900.607422 1764165188900 1764165188907
3175 4078412137 1764165188933.947754 1764165188934 1764165188941
3176 4078445481 1764165188967.288086 1764165188967 1764165188974
3177 4078478825 1764165189000.628418 1764165189001 1764165189008
3178 4078512169 1764165189033.968750 1764165189033 1764165189041
3179 4078545513 1764165189067.308838 1764165189067 1764165189074
3180 4078578857 1764165189100.649170 1764165189101 1764165189108
3181 4078612201 1764165189133.992676 1764165189134 1764165189141
3182 4078645545 1764165189167.333252 1764165189167 1764165189174
3183 4078678888 1764165189200.673096 1764165189201 1764165189208
3184 4078712232 1764165189234.013672 1764165189233 1764165189241
3185 4078745576 1764165189267.354492 1764165189267 1764165189274
3186 4078778920 1764165189300.695068 1764165189301 1764165189308
3187 4078812264 1764165189334.035645 1764165189333 1764165189341
3188 4078845608 1764165189367.376221 1764165189367 1764165189374
3189 4078878952 1764165189400.716797 1764165189401 1764165189408
3190 4078912296 1764165189434.057373 1764165189433 1764165189441
3191 4078945640 1764165189467.397705 1764165189467 1764165189474
3192 4078978984 1764165189500.738281 1764165189501 1764165189508
3193 4079012328 1764165189534.078613 1764165189533 1764165189541
3194 4079045672 1764165189567.419189 1764165189567 1764165189574
3195 4079079016 1764165189600.759521 1764165189601 1764165189608
3196 4079112360 1764165189634.099854 1764165189633 1764165189641
3197 4079145703 1764165189667.439209 1764165189667 1764165189674
3198 4079179047 1764165189700.779541 1764165189701 1764165189708
3199 4079212391 1764165189734.119873 1764165189733 1764165189741
3200 4079245735 1764165189767.460205 1764165189767 1764165189774
3201 4079279079 1764165189800.800293 1764165189801 1764165189808
3202 4079312423 1764165189834.140625 1764165189834 1764165189841
3203 4079345767 1764165189867.480713 1764165189867 1764165189874
3204 4079379111 1764165189900.821045 1764165189901 1764165189908
3205 4079412455 1764165189934.161133 1764165189934 1764165189941
3206 4079445799 1764165189967.501221 1764165189967 1764165189974
3207 4079479143 1764165190000.841309 1764165190001 1764165190008
3208 4079512487 1764165190034.181396 1764165190034 1764165190041
3209 4079545831 1764165190067.521484 1764165190067 1764165190074
3210 4079579174 1764165190100.860352 1764165190101 1764165190108
3211 4079612518 1764165190134.200439 1764165190134 1764165190141
3212 4079645862 1764165190167.541016 1764165190167 1764165190174
3213 4079679206 1764165190200.881836 1764165190201 1764165190208
3214 4079712550 1764165190234.222412 1764165190234 1764165190241
3215 4079745894 1764165190267.562988 1764165190268 1764165190275
3216 4079779238 1764165190300.903564 1764165190301 1764165190308
3217 4079812582 1764165190334.244141 1764165190334 1764165190341
3218 4079845926 1764165190367.584717 1764165190368 1764165190375
3219 4079879270 1764165190400.925049 1764165190401 1764165190408
3220 4079912614 1764165190434.265625 1764165190434 1764165190441
3221 4079945958 1764165190467.605957 1764165190468 1764165190475
3222 4079979302 1764165190500.946533 1764165190500 1764165190508
3223 4080012645 1764165190534.285889 1764165190534 1764165190541
3224 4080045989 1764165190567.626221 1764165190568 1764165190575
3225 4080079333 1764165190600.966553 1764165190600 1764165190608
3226 4080112677 1764165190634.306885 1764165190634 1764165190641
3227 4080146021 1764165190667.647217 1764165190668 1764165190675
3228 4080179365 1764165190700.987549 1764165190700 1764165190708
3229 4080212709 1764165190734.327881 1764165190734 1764165190741
3230 4080246053 1764165190767.667969 1764165190768 1764165190775
3231 4080279397 1764165190801.008301 1764165190800 1764165190808
3232 4080312741 1764165190834.348389 1764165190834 1764165190841
3233 4080346085 1764165190867.688721 1764165190868 1764165190875
3234 4080379429 1764165190901.028809 1764165190900 1764165190908
3235 4080412773 1764165190934.368896 1764165190934 1764165190941
3236 4080446117 1764165190967.708984 1764165190967 1764165190975
3237 4080479460 1764165191001.048096 1764165191000 1764165191008
3238 4080512804 1764165191034.388184 1764165191034 1764165191041
3239 4080546148 1764165191067.728271 1764165191068 1764165191075
3240 4080579492 1764165191101.068115 1764165191101 1764165191108
3241 4080612836 1764165191134.408203 1764165191134 1764165191141
3242 4080646180 1764165191167.749512 1764165191168 1764165191175
3243 4080679524 1764165191201.090576 1764165191201 1764165191208
3244 4080712868 1764165191234.431885 1764165191235 1764165191242
3245 4080746212 1764165191267.772949 1764165191268 1764165191275
3246 4080779556 1764165191301.114258 1764165191301 1764165191308
3247 4080812900 1764165191334.455322 1764165191334 1764165191341
3248 4080846244 1764165191367.796631 1764165191368 1764165191375
3249 4080879588 1764165191401.137695 1764165191401 1764165191408
3250 4080912931 1764165191434.477783 1764165191434 1764165191441
3251 4080946275 1764165191467.818848 1764165191468 1764165191475
3252 4080979619 1764165191501.159912 1764165191501 1764165191508
3253 4081012963 1764165191534.500977 1764165191535 1764165191542
3254 4081046307 1764165191567.842041 1764165191568 1764165191575
3255 4081079651 1764165191601.183105 1764165191601 1764165191608
3256 4081112995 1764165191634.524170 1764165191635 1764165191642
3257 4081146339 1764165191667.865234 1764165191667 1764165191675
3258 4081179683 1764165191701.206055 1764165191701 1764165191708
3259 4081213027 1764165191734.547119 1764165191735 1764165191742
3260 4081246371 1764165191767.887939 1764165191767 1764165191775
3261 4081279715 1764165191801.229004 1764165191801 1764165191808
3262 4081313059 1764165191834.569824 1764165191835 1764165191842
3263 4081346402 1764165191867.909912 1764165191867 1764165191875
3264 4081379746 1764165191901.250732 1764165191901 1764165191908
3265 4081413090 1764165191934.591553 1764165191935 1764165191942
3266 4081446434 1764165191967.932373 1764165191967 1764165191975
3267 4081479778 1764165192001.273193 1764165192001 1764165192008
3268 4081513122 1764165192034.614014 1764165192035 1764165192042
3269 4081546466 1764165192067.954834 1764165192067 1764165192075
3270 4081579810 1764165192101.295654 1764165192101 1764165192108
3271 4081613154 1764165192134.636475 1764165192135 1764165192142
3272 4081646498 1764165192168.005371 1764165192167 1764165192175
3273 4081679842 1764165192201.374268 1764165192201 1764165192208
3274 4081713186 1764165192234.743164 1764165192235 1764165192242
3275 4081746530 1764165192268.112549 1764165192267 1764165192275
3276 4081779874 1764165192301.481934 1764165192301 1764165192308
3277 4081813217 1764165192334.850586 1764165192335 1764165192342
3278 4081846561 1764165192368.220215 1764165192368 1764165192375
3279 4081879905 1764165192401.590088 1764165192401 1764165192408
3280 4081913249 1764165192434.960205 1764165192435 1764165192442
3281 4081946593 1764165192468.330322 1764165192468 1764165192475
3282 4081979937 1764165192501.700928 1764165192501 1764165192508
3283 4082013281 1764165192535.071289 1764165192535 1764165192542
3284 4082046625 1764165192568.442139 1764165192568 1764165192575
3285 4082079969 1764165192601.812988 1764165192601 1764165192608
3286 4082113313 1764165192635.184082 1764165192635 1764165192642
3287 4082146657 1764165192668.555176 1764165192668 1764165192675
3288 4082180001 1764165192701.926514 1764165192701 1764165192708
3289 4082213345 1764165192735.298096 1764165192735 1764165192742
3290 4082246688 1764165192768.668701 1764165192768 1764165192775
3291 4082280032 1764165192802.040771 1764165192802 1764165192809
3292 4082313376 1764165192835.412598 1764165192835 1764165192842
3293 4082346720 1764165192868.784912 1764165192868 1764165192875
3294 4082380064 1764165192902.157227 1764165192902 1764165192909
3295 4082413408 1764165192935.529785 1764165192934 1764165192942
3296 4082446752 1764165192968.902344 1764165192968 1764165192975
3297 4082480096 1764165193002.275146 1764165193002 1764165193009
3298 4082513440 1764165193035.648193 1764165193034 1764165193042
3299 4082546784 1764165193069.021484 1764165193068 1764165193075
3300 4082580128 1764165193102.394775 1764165193102 1764165193109
3301 4082613472 1764165193135.768066 1764165193134 1764165193142
3302 4082646816 1764165193169.107422 1764165193168 1764165193175
3303 4082680159 1764165193202.445801 1764165193202 1764165193209
3304 4082713503 1764165193235.785400 1764165193234 1764165193242
3305 4082746847 1764165193269.124756 1764165193268 1764165193275
3306 4082780191 1764165193302.464111 1764165193302 1764165193309
3307 4082813535 1764165193335.803467 1764165193334 1764165193342
3308 4082846879 1764165193369.142578 1764165193368 1764165193375
3309 4082880223 1764165193402.481934 1764165193402 1764165193410
3310 4082913567 1764165193435.821289 1764165193434 1764165193442
3311 4082946911 1764165193469.160400 1764165193468 1764165193475
3312 4082980255 1764165193502.499512 1764165193502 1764165193509
3313 4083013599 1764165193535.838867 1764165193534 1764165193542
3314 4083046943 1764165193569.177979 1764165193568 1764165193575
3315 4083080287 1764165193602.517090 1764165193602 1764165193609
3316 4083113631 1764165193635.856201 1764165193635 1764165193642
3317 4083146974 1764165193669.194092 1764165193668 1764165193675
3318 4083180318 1764165193702.533203 1764165193702 1764165193709
3319 4083213662 1764165193735.872314 1764165193735 1764165193742
3320 4083247006 1764165193769.211182 1764165193768 1764165193775
3321 4083280350 1764165193802.550049 1764165193802 1764165193809
3322 4083313694 1764165193835.888916 1764165193835 1764165193842
3323 4083347038 1764165193869.228027 1764165193868 1764165193875
3324 4083380382 1764165193902.566895 1764165193902 1764165193909
3325 4083413726 1764165193935.905518 1764165193935 1764165193942
3326 4083447070 1764165193969.244385 1764165193969 1764165193976
3327 4083480414 1764165194002.583252 1764165194002 1764165194009
3328 4083513758 1764165194035.921875 1764165194035 1764165194042
3329 4083547102 1764165194069.260742 1764165194069 1764165194076
3330 4083580445 1764165194102.598389 1764165194102 1764165194109
3331 4083613789 1764165194135.937012 1764165194135 1764165194142
3332 4083647133 1764165194169.276367 1764165194169 1764165194176
3333 4083680477 1764165194202.615723 1764165194201 1764165194209
3334 4083713821 1764165194235.955078 1764165194235 1764165194242
3335 4083747165 1764165194269.294434 1764165194269 1764165194276
3336 4083780509 1764165194302.633789 1764165194301 1764165194309
3337 4083813853 1764165194335.972900 1764165194335 1764165194342
3338 4083847197 1764165194369.312256 1764165194369 1764165194376
3339 4083880541 1764165194402.651367 1764165194401 1764165194409
3340 4083913885 1764165194435.990479 1764165194435 1764165194442
3341 4083947229 1764165194469.329834 1764165194469 1764165194476
3342 4083980573 1764165194502.668945 1764165194501 1764165194509
3343 4084013916 1764165194536.006836 1764165194535 1764165194542
3344 4084047260 1764165194569.345947 1764165194569 1764165194576
3345 4084080604 1764165194602.685059 1764165194601 1764165194609
3346 4084113948 1764165194636.024170 1764165194635 1764165194642
3347 4084147292 1764165194669.363037 1764165194669 1764165194676
3348 4084180636 1764165194702.702148 1764165194701 1764165194709
3349 4084213980 1764165194736.041016 1764165194735 1764165194742
3350 4084247324 1764165194769.379883 1764165194769 1764165194776
3351 4084280668 1764165194802.718994 1764165194801 1764165194809
3352 4084314012 1764165194836.057861 1764165194835 1764165194842
3353 4084347356 1764165194869.396729 1764165194869 1764165194876
3354 4084380700 1764165194902.735352 1764165194902 1764165194909
3355 4084414044 1764165194936.074219 1764165194935 1764165194942
3356 4084447388 1764165194969.413086 1764165194969 1764165194976
3357 4084480731 1764165195002.750732 1764165195002 1764165195009
3358 4084514075 1764165195036.089600 1764165195035 1764165195042
3359 4084547419 1764165195069.428223 1764165195069 1764165195076
3360 4084580763 1764165195102.766846 1764165195102 1764165195109
3361 4084614107 1764165195136.105713 1764165195135 1764165195142
3362 4084647451 1764165195169.444824 1764165195169 1764165195176
3363 4084680795 1764165195202.783691 1764165195202 1764165195209
3364 4084714139 1764165195236.122803 1764165195236 1764165195243
3365 4084747483 1764165195269.461914 1764165195269 1764165195276
3366 4084780827 1764165195302.800781 1764165195302 1764165195309
3367 4084814171 1764165195336.139893 1764165195336 1764165195343
3368 4084847515 1764165195369.478760 1764165195369 1764165195376
3369 4084880859 1764165195402.817627 1764165195402 1764165195409
3370 4084914202 1764165195436.155518 1764165195436 1764165195443
3371 4084947546 1764165195469.494385 1764165195468 1764165195476
3372 4084980890 1764165195502.833252 1764165195502 1764165195509
3373 4085014234 1764165195536.172119 1764165195536 1764165195543
3374 4085047578 1764165195569.510742 1764165195568 1764165195576
3375 4085080922 1764165195602.849609 1764165195602 1764165195609
3376 4085114266 1764165195636.188232 1764165195636 1764165195643
3377 4085147610 1764165195669.526855 1764165195668 1764165195676
3378 4085180954 1764165195702.865479 1764165195702 1764165195709
3379 4085214298 1764165195736.204346 1764165195736 1764165195743
3380 4085247642 1764165195769.542725 1764165195768 1764165195776
3381 4085280986 1764165195802.881348 1764165195802 1764165195809
3382 4085314330 1764165195836.219971 1764165195836 1764165195843
3383 4085347673 1764165195869.557617 1764165195868 1764165195876
3384 4085381017 1764165195902.895996 1764165195902 1764165195909
3385 4085414361 1764165195936.234375 1764165195936 1764165195943
3386 4085447705 1764165195969.572998 1764165195968 1764165195976
3387 4085481049 1764165196002.911377 1764165196002 1764165196009
3388 4085514393 1764165196036.249756 1764165196036 1764165196043
3389 4085547737 1764165196069.588135 1764165196068 1764165196076
3390 4085581081 1764165196102.926514 1764165196102 1764165196109
3391 4085614425 1764165196136.264893 1764165196136 1764165196143
3392 4085647769 1764165196169.605469 1764165196169 1764165196176
3393 4085681113 1764165196202.946289 1764165196202 1764165196210
3394 4085714457 1764165196236.287109 1764165196236 1764165196243
3395 4085747801 1764165196269.627686 1764165196269 1764165196276
3396 4085781145 1764165196302.968506 1764165196302 1764165196309
3397 4085814488 1764165196336.308105 1764165196336 1764165196343
3398 4085847832 1764165196369.648926 1764165196369 1764165196376
3399 4085881176 1764165196402.989502 1764165196403 1764165196410
3400 4085914520 1764165196436.330078 1764165196436 1764165196443
3401 4085947864 1764165196469.670898 1764165196469 1764165196476
3402 4085981208 1764165196503.011475 1764165196503 1764165196510
3403 4086014552 1764165196536.352051 1764165196536 1764165196543
3404 4086047896 1764165196569.692627 1764165196569 1764165196576
3405 4086081240 1764165196603.033203 1764165196603 1764165196610
3406 4086114584 1764165196636.373779 1764165196635 1764165196643
3407 4086147928 1764165196669.714355 1764165196669 1764165196676
3408 4086181272 1764165196703.054688 1764165196703 1764165196710
3409 4086214616 1764165196736.395264 1764165196735 1764165196743
3410 4086247959 1764165196769.734863 1764165196769 1764165196776
3411 4086281303 1764165196803.075195 1764165196803 1764165196810
3412 4086314647 1764165196836.415771 1764165196835 1764165196843
3413 4086347991 1764165196869.756104 1764165196869 1764165196876
3414 4086381335 1764165196903.096680 1764165196903 1764165196910
3415 4086414679 1764165196936.437012 1764165196935 1764165196943
3416 4086448023 1764165196969.777344 1764165196969 1764165196976
3417 4086481367 1764165197003.117676 1764165197003 1764165197010
3418 4086514711 1764165197036.458008 1764165197035 1764165197043
3419 4086548055 1764165197069.798340 1764165197069 1764165197076
3420 4086581399 1764165197103.138672 1764165197103 1764165197110
3421 4086614743 1764165197136.479004 1764165197135 1764165197143
3422 4086648087 1764165197169.818115 1764165197169 1764165197176
3423 4086681430 1764165197203.156250 1764165197203 1764165197210
3424 4086714774 1764165197236.495361 1764165197235 1764165197243
3425 4086748118 1764165197269.834473 1764165197269 1764165197276
3426 4086781462 1764165197303.173340 1764165197303 1764165197310
3427 4086814806 1764165197336.512451 1764165197335 1764165197343
3428 4086848150 1764165197369.851318 1764165197369 1764165197376
3429 4086881494 1764165197403.190430 1764165197403 1764165197410
3430 4086914838 1764165197436.529297 1764165197436 1764165197443
3431 4086948182 1764165197469.868164 1764165197469 1764165197476
3432 4086981526 1764165197503.207031 1764165197503 1764165197510
3433 4087014870 1764165197536.545654 1764165197536 1764165197543
3434 4087048214 1764165197569.884521 1764165197569 1764165197576
3435 4087081558 1764165197603.223389 1764165197603 1764165197610
3436 4087114902 1764165197636.562012 1764165197636 1764165197643
3437 4087148245 1764165197669.899658 1764165197669 1764165197676
3438 4087181589 1764165197703.238525 1764165197703 1764165197710
3439 4087214933 1764165197736.577148 1764165197736 1764165197743
3440 4087248277 1764165197769.915771 1764165197769 1764165197776
3441 4087281621 1764165197803.254395 1764165197803 1764165197810
3442 4087314965 1764165197836.592773 1764165197836 1764165197843
3443 4087348309 1764165197869.931396 1764165197870 1764165197877
3444 4087381653 1764165197903.269775 1764165197903 1764165197910
3445 4087414997 1764165197936.608398 1764165197936 1764165197943
3446 4087448341 1764165197969.946777 1764165197970 1764165197977
3447 4087481685 1764165198003.285156 1764165198003 1764165198010
3448 4087515029 1764165198036.623535 1764165198036 1764165198043
3449 4087548373 1764165198069.961914 1764165198070 1764165198077
3450 4087581716 1764165198103.299316 1764165198102 1764165198110
3451 4087615060 1764165198136.637695 1764165198136 1764165198143
3452 4087648404 1764165198169.982910 1764165198170 1764165198177
3453 4087681748 1764165198203.328369 1764165198202 1764165198210
3454 4087715092 1764165198236.673584 1764165198236 1764165198243
3455 4087748436 1764165198270.018799 1764165198270 1764165198277
3456 4087781780 1764165198303.364258 1764165198302 1764165198310
3457 4087815124 1764165198336.709473 1764165198336 1764165198343
3458 4087848468 1764165198370.054932 1764165198370 1764165198377
3459 4087881812 1764165198403.400391 1764165198402 1764165198410
3460 4087915156 1764165198436.745850 1764165198436 1764165198443
3461 4087948500 1764165198470.091309 1764165198470 1764165198477
3462 4087981844 1764165198503.436768 1764165198502 1764165198510
3463 4088015187 1764165198536.781250 1764165198536 1764165198543
3464 4088048531 1764165198570.126709 1764165198570 1764165198577
3465 4088081875 1764165198603.472168 1764165198602 1764165198610
3466 4088115219 1764165198636.817627 1764165198636 1764165198643
3467 4088148563 1764165198670.163330 1764165198670 1764165198677
3468 4088181907 1764165198703.508789 1764165198703 1764165198710
3469 4088215251 1764165198736.854492 1764165198736 1764165198743
3470 4088248595 1764165198770.200195 1764165198770 1764165198777
3471 4088281939 1764165198803.545654 1764165198803 1764165198810
3472 4088315283 1764165198836.891357 1764165198836 1764165198843
3473 4088348627 1764165198870.237061 1764165198869 1764165198877
3474 4088381971 1764165198903.582764 1764165198903 1764165198910
3475 4088415315 1764165198936.928467 1764165198936 1764165198943
3476 4088448659 1764165198970.274170 1764165198970 1764165198977
3477 4088482002 1764165199003.618896 1764165199003 1764165199010
3478 4088515346 1764165199036.964844 1764165199037 1764165199044
3479 4088548690 1764165199070.310547 1764165199070 1764165199077
3480 4088582034 1764165199103.656494 1764165199103 1764165199110
3481 4088615378 1764165199137.002197 1764165199136 1764165199143
3482 4088648722 1764165199170.340820 1764165199170 1764165199177
3483 4088682066 1764165199203.679199 1764165199203 1764165199210
3484 4088715410 1764165199237.017822 1764165199237 1764165199244
3485 4088748754 1764165199270.356201 1764165199269 1764165199277
3486 4088782098 1764165199303.694580 1764165199303 1764165199310
3487 4088815442 1764165199337.032959 1764165199337 1764165199344
3488 4088848786 1764165199370.371094 1764165199369 1764165199377
3489 4088882130 1764165199403.709473 1764165199403 1764165199410
3490 4088915473 1764165199437.046631 1764165199437 1764165199444
3491 4088948817 1764165199470.385010 1764165199469 1764165199477
3492 4088982161 1764165199503.723145 1764165199503 1764165199510
3493 4089015505 1764165199537.061279 1764165199537 1764165199544
3494 4089048849 1764165199570.399414 1764165199569 1764165199577
3495 4089082193 1764165199603.737549 1764165199603 1764165199610
3496 4089115537 1764165199637.075684 1764165199637 1764165199644
3497 4089148881 1764165199670.413574 1764165199669 1764165199677
3498 4089182225 1764165199703.751709 1764165199703 1764165199710
3499 4089215569 1764165199737.089600 1764165199737 1764165199744
3500 4089248913 1764165199770.427490 1764165199769 1764165199777
3501 4089282257 1764165199803.765381 1764165199803 1764165199810
3502 4089315601 1764165199837.103271 1764165199837 1764165199844
3503 4089348944 1764165199870.440186 1764165199869 1764165199877
3504 4089382288 1764165199903.778076 1764165199903 1764165199910
3505 4089415632 1764165199937.115723 1764165199937 1764165199944
3506 4089448976 1764165199970.453613 1764165199970 1764165199977
3507 4089482320 1764165200003.791260 1764165200003 1764165200010
3508 4089515664 1764165200037.128906 1764165200037 1764165200044
3509 4089549008 1764165200070.466553 1764165200070 1764165200077
3510 4089582352 1764165200103.804199 1764165200103 1764165200110
3511 4089615696 1764165200137.141846 1764165200137 1764165200144
3512 4089649040 1764165200170.480713 1764165200170 1764165200177
3513 4089682384 1764165200203.819580 1764165200203 1764165200210
3514 4089715728 1764165200237.158203 1764165200237 1764165200244
3515 4089749072 1764165200270.497070 1764165200270 1764165200277
3516 4089782416 1764165200303.835693 1764165200303 1764165200310
3517 4089815759 1764165200337.173340 1764165200337 1764165200344
3518 4089849103 1764165200370.511963 1764165200370 1764165200377
3519 4089882447 1764165200403.850586 1764165200404 1764165200411
3520 4089915791 1764165200437.189209 1764165200437 1764165200444
3521 4089949135 1764165200470.527832 1764165200470 1764165200477
3522 4089982479 1764165200503.866455 1764165200504 1764165200511
3523 4090015823 1764165200537.204834 1764165200537 1764165200544
3524 4090049167 1764165200570.543457 1764165200570 1764165200577
3525 4090082511 1764165200603.881836 1764165200604 1764165200611
3526 4090115855 1764165200637.220215 1764165200636 1764165200644
3527 4090149199 1764165200670.558594 1764165200670 1764165200677
3528 4090182543 1764165200703.896973 1764165200704 1764165200711
3529 4090215887 1764165200737.235352 1764165200736 1764165200744
3530 4090249230 1764165200770.572510 1764165200771 1764165200778
3531 4090282574 1764165200803.910889 1764165200804 1764165200811
3532 4090315918 1764165200837.249023 1764165200836 1764165200844
3533 4090349262 1764165200870.587402 1764165200870 1764165200877
3534 4090382606 1764165200903.925537 1764165200904 1764165200911
3535 4090415950 1764165200937.263672 1764165200936 1764165200944
3536 4090449294 1764165200970.601807 1764165200970 1764165200977
3537 4090482638 1764165201003.939941 1764165201004 1764165201011
3538 4090515982 1764165201037.277832 1764165201036 1764165201044
3539 4090549326 1764165201070.615967 1764165201070 1764165201077
3540 4090582670 1764165201103.953857 1764165201104 1764165201111
3541 4090616014 1764165201137.291992 1764165201136 1764165201144
3542 4090649358 1764165201170.630615 1764165201170 1764165201177
3543 4090682701 1764165201203.968262 1764165201204 1764165201211
3544 4090716045 1764165201237.306885 1764165201237 1764165201244
3545 4090749389 1764165201270.645508 1764165201270 1764165201277
3546 4090782733 1764165201303.984131 1764165201304 1764165201311
3547 4090816077 1764165201337.322510 1764165201337 1764165201344
3548 4090849421 1764165201370.661133 1764165201370 1764165201377
3549 4090882765 1764165201403.999512 1764165201404 1764165201411
3550 4090916109 1764165201437.337891 1764165201437 1764165201444
3551 4090949453 1764165201470.676270 1764165201470 1764165201477
3552 4090982797 1764165201504.014648 1764165201504 1764165201511
3553 4091016141 1764165201537.353027 1764165201537 1764165201544
3554 4091049485 1764165201570.691406 1764165201570 1764165201577
3555 4091082829 1764165201604.029541 1764165201604 1764165201611
3556 4091116173 1764165201637.367920 1764165201637 1764165201644
3557 4091149516 1764165201670.705078 1764165201671 1764165201678
3558 4091182860 1764165201704.043213 1764165201704 1764165201711
3559 4091216204 1764165201737.381348 1764165201737 1764165201744
3560 4091249548 1764165201770.719482 1764165201771 1764165201778
3561 4091282892 1764165201804.057617 1764165201804 1764165201811
3562 4091316236 1764165201837.395752 1764165201837 1764165201846
3563 4091349580 1764165201870.733643 1764165201871 1764165201878
3564 4091382924 1764165201904.071777 1764165201903 1764165201911
3565 4091416268 1764165201937.409668 1764165201937 1764165201944
3566 4091449612 1764165201970.747559 1764165201971 1764165201978
3567 4091482956 1764165202004.085449 1764165202003 1764165202011
3568 4091516300 1764165202037.423340 1764165202037 1764165202044
3569 4091549644 1764165202070.761230 1764165202071 1764165202078
3570 4091582987 1764165202104.098145 1764165202103 1764165202111
3571 4091616331 1764165202137.435791 1764165202137 1764165202144
3572 4091649675 1764165202170.774658 1764165202171 1764165202178
3573 4091683019 1764165202204.113281 1764165202203 1764165202211
3574 4091716363 1764165202237.451904 1764165202237 1764165202244
3575 4091749707 1764165202270.790527 1764165202271 1764165202278
3576 4091783051 1764165202304.128906 1764165202303 1764165202311
3577 4091816395 1764165202337.467529 1764165202337 1764165202344
3578 4091849739 1764165202370.805908 1764165202371 1764165202378
3579 4091883083 1764165202404.144531 1764165202403 1764165202411
3580 4091916427 1764165202437.482910 1764165202437 1764165202444
3581 4091949771 1764165202470.821289 1764165202471 1764165202478
3582 4091983115 1764165202504.159668 1764165202504 1764165202511
3583 4092016458 1764165202537.497070 1764165202537 1764165202544
3584 4092049802 1764165202570.835205 1764165202571 1764165202578
3585 4092083146 1764165202604.173584 1764165202604 1764165202611
3586 4092116490 1764165202637.511963 1764165202637 1764165202644
3587 4092149834 1764165202670.850098 1764165202671 1764165202678
3588 4092183178 1764165202704.188232 1764165202704 1764165202711
3589 4092216522 1764165202737.526367 1764165202737 1764165202744
3590 4092249866 1764165202770.864502 1764165202771 1764165202778
3591 4092283210 1764165202804.202637 1764165202804 1764165202811
3592 4092316554 1764165202837.540771 1764165202837 1764165202844
3593 4092349898 1764165202870.878662 1764165202871 1764165202878
3594 4092383242 1764165202904.216797 1764165202904 1764165202911
3595 4092416586 1764165202937.554688 1764165202938 1764165202945
3596 4092449930 1764165202970.892578 1764165202971 1764165202978
3597 4092483273 1764165203004.229492 1764165203004 1764165203011
