37231 914454022 1764166325080.451660 1764166325080 1764166325087
37232 914487366 1764166325113.798828 1764166325114 1764166325121
37233 914520710 1764166325147.146240 1764166325147 1764166325154
37234 914554054 1764166325180.493408 1764166325180 1764166325187
37235 914587398 1764166325213.840820 1764166325214 1764166325221
37236 914620742 1764166325247.187988 1764166325247 1764166325254
37237 914654086 1764166325280.535400 1764166325281 1764166325288
37238 914687430 1764166325313.882568 1764166325314 1764166325321
37239 914720774 1764166325347.229980 1764166325347 1764166325354
37240 914754118 1764166325380.577148 1764166325381 1764166325388
37241 914787461 1764166325413.923584 1764166325414 1764166325421
37242 914820805 1764166325447.270752 1764166325447 1764166325454
37243 914854149 1764166325480.618164 1764166325481 1764166325488
37244 914887493 1764166325513.965576 1764166325513 1764166325521
37245 914920837 1764166325547.311279 1764166325547 1764166325554
37246 914954181 1764166325580.657227 1764166325581 1764166325588
37247 914987525 1764166325614.003174 1764166325613 1764166325621
37248 915020869 1764166325647.349121 1764166325647 1764166325654
37249 915054213 1764166325680.695068 1764166325681 1764166325688
37250 915087557 1764166325714.040771 1764166325713 1764166325721
37251 915120901 1764166325747.386719 1764166325747 1764166325754
37252 915154245 1764166325780.732422 1764166325781 1764166325788
37253 915187589 1764166325814.078369 1764166325814 1764166325821
37254 915220933 1764166325847.424316 1764166325847 1764166325854
37255 915254276 1764166325880.769043 1764166325881 1764166325888
37256 915287620 1764166325914.114746 1764166325914 1764166325921
37257 915320964 1764166325947.460693 1764166325947 1764166325954
37258 915354308 1764166325980.806396 1764166325981 1764166325988
37259 915387652 1764166326014.152344 1764166326014 1764166326021
37260 915420996 1764166326047.498047 1764166326048 1764166326055
37261 915454340 1764166326080.843750 1764166326081 1764166326088
37262 915487684 1764166326114.189697 1764166326114 1764166326121
37263 915521028 1764166326147.535400 1764166326147 1764166326157
37264 915554372 1764166326180.881104 1764166326181 1764166326188
37265 915587716 1764166326214.226807 1764166326214 1764166326221
37266 915621060 1764166326247.572510 1764166326248 1764166326255
37267 915654404 1764166326280.918213 1764166326280 1764166326288
37268 915687747 1764166326314.262939 1764166326314 1764166326321
37269 915721091 1764166326347.608643 1764166326348 1764166326355
37270 915754435 1764166326380.954346 1764166326380 1764166326388
37271 915787779 1764166326414.300049 1764166326414 1764166326421
37272 915821123 1764166326447.645752 1764166326448 1764166326455
37273 915854467 1764166326480.991455 1764166326480 1764166326488
37274 915887811 1764166326514.337158 1764166326514 1764166326521
37275 915921155 1764166326547.683105 1764166326548 1764166326555
37276 915954499 1764166326581.029297 1764166326580 1764166326588
37277 915987843 1764166326614.375244 1764166326614 1764166326621
37278 916021187 1764166326647.721436 1764166326648 1764166326655
37279 916054531 1764166326681.067383 1764166326681 1764166326688
37280 916087875 1764166326714.413574 1764166326714 1764166326721
37281 916121218 1764166326747.758545 1764166326748 1764166326755
37282 916154562 1764166326781.104736 1764166326781 1764166326788
37283 916187906 1764166326814.450684 1764166326814 1764166326821
37284 916221250 1764166326847.796631 1764166326848 1764166326855
37285 916254594 1764166326881.142822 1764166326881 1764166326888
37286 916287938 1764166326914.488770 1764166326914 1764166326921
37287 916321282 1764166326947.834717 1764166326948 1764166326955
37288 916354626 1764166326981.180664 1764166326981 1764166326988
37289 916387970 1764166327014.526855 1764166327015 1764166327022
37290 916421314 1764166327047.872803 1764166327047 1764166327055
37291 916454658 1764166327081.218750 1764166327081 1764166327088
37292 916488002 1764166327114.564697 1764166327115 1764166327122
37293 916521346 1764166327147.910645 1764166327147 1764166327155
37294 916554690 1764166327181.256592 1764166327181 1764166327188
37295 916588033 1764166327214.601562 1764166327215 1764166327222
37296 916621377 1764166327247.947510 1764166327247 1764166327255
37297 916654721 1764166327281.293457 1764166327281 1764166327288
37298 916688065 1764166327314.639404 1764166327315 1764166327322
37299 916721409 1764166327347.985352 1764166327347 1764166327355
37300 916754753 1764166327381.331299 1764166327381 1764166327388
37301 916788097 1764166327414.677002 1764166327415 1764166327422
37302 916821441 1764166327448.022949 1764166327447 1764166327455
37303 916854785 1764166327481.368896 1764166327481 1764166327488
37304 916888129 1764166327514.714844 1764166327515 1764166327522
37305 916921473 1764166327548.061035 1764166327548 1764166327555
37306 916954817 1764166327581.407471 1764166327581 1764166327588
37307 916988161 1764166327614.753662 1764166327615 1764166327622
37308 917021504 1764166327648.098877 1764166327648 1764166327655
37309 917054848 1764166327681.445068 1764166327681 1764166327688
37310 917088192 1764166327714.791504 1764166327715 1764166327722
37311 917121536 1764166327748.137695 1764166327748 1764166327755
37312 917154880 1764166327781.483887 1764166327782 1764166327789
37313 917188224 1764166327814.830078 1764166327814 1764166327822
37314 917221568 1764166327848.176514 1764166327848 1764166327855
37315 917254912 1764166327881.522705 1764166327882 1764166327889
37316 917288256 1764166327914.868896 1764166327914 1764166327922
37317 917321600 1764166327948.215088 1764166327948 1764166327955
37318 917354944 1764166327981.561279 1764166327982 1764166327989
37319 917388288 1764166328014.907471 1764166328014 1764166328022
37320 917421632 1764166328048.253662 1764166328048 1764166328055
37321 917454975 1764166328081.598877 1764166328082 1764166328089
37322 917488319 1764166328114.945068 1764166328114 1764166328122
37323 917521663 1764166328148.291260 1764166328148 1764166328155
37324 917555007 1764166328181.637451 1764166328182 1764166328189
37325 917588351 1764166328214.983643 1764166328214 1764166328222
37326 917621695 1764166328248.329590 1764166328248 1764166328255
37327 917655039 1764166328281.675781 1764166328282 1764166328289
37328 917688383 1764166328315.021973 1764166328314 1764166328322
37329 917721727 1764166328348.368164 1764166328348 1764166328355
37330 917755071 1764166328381.714355 1764166328382 1764166328389
37331 917788415 1764166328415.060303 1764166328415 1764166328422
37332 917821759 1764166328448.406494 1764166328449 1764166328456
37333 917855103 1764166328481.752686 1764166328482 1764166328489
37334 917888447 1764166328515.098633 1764166328515 1764166328522
37335 917921790 1764166328548.445312 1764166328549 1764166328556
37336 917955134 1764166328581.792725 1764166328581 1764166328589
37337 917988478 1764166328615.140137 1764166328615 1764166328622
37338 918021822 1764166328648.487793 1764166328649 1764166328656
37339 918055166 1764166328681.835205 1764166328681 1764166328689
37340 918088510 1764166328715.182617 1764166328715 1764166328722
37341 918121854 1764166328748.530273 1764166328749 1764166328756
37342 918155198 1764166328781.877686 1764166328781 1764166328789
37343 918188542 1764166328815.225342 1764166328815 1764166328822
37344 918221886 1764166328848.572998 1764166328849 1764166328856
37345 918255230 1764166328881.920410 1764166328881 1764166328889
37346 918288574 1764166328915.268066 1764166328915 1764166328922
37347 918321918 1764166328948.615723 1764166328949 1764166328956
37348 918355261 1764166328981.962158 1764166328982 1764166328989
37349 918388605 1764166329015.309814 1764166329015 1764166329022
37350 918421949 1764166329048.657471 1764166329049 1764166329056
37351 918455293 1764166329082.004883 1764166329081 1764166329089
37352 918488637 1764166329115.352539 1764166329115 1764166329122
37353 918521981 1764166329148.700195 1764166329149 1764166329156
37354 918555325 1764166329182.047852 1764166329182 1764166329189
37355 918588669 1764166329215.395508 1764166329215 1764166329222
37356 918622013 1764166329248.743164 1764166329249 1764166329256
37357 918655357 1764166329282.090820 1764166329282 1764166329289
37358 918688701 1764166329315.438477 1764166329315 1764166329322
37359 918722045 1764166329348.786133 1764166329349 1764166329356
37360 918755389 1764166329382.133789 1764166329382 1764166329389
37361 918788732 1764166329415.480469 1764166329416 1764166329423
37362 918822076 1764166329448.828125 1764166329449 1764166329456
37363 918855420 1764166329482.175781 1764166329482 1764166329489
37364 918888764 1764166329515.523682 1764166329516 1764166329523
37365 918922108 1764166329548.869873 1764166329548 1764166329556
37366 918955452 1764166329582.216064 1764166329582 1764166329589
37367 918988796 1764166329615.562500 1764166329616 1764166329623
37368 919022140 1764166329648.908691 1764166329648 1764166329656
37369 919055484 1764166329682.254883 1764166329682 1764166329689
37370 919088828 1764166329715.601318 1764166329716 1764166329723
37371 919122172 1764166329748.947510 1764166329748 1764166329756
37372 919155516 1764166329782.293701 1764166329782 1764166329789
37373 919188860 1764166329815.639893 1764166329816 1764166329823
37374 919222204 1764166329848.986084 1764166329848 1764166329856
37375 919255547 1764166329882.331299 1764166329882 1764166329889
37376 919288891 1764166329915.677734 1764166329916 1764166329923
37377 919322235 1764166329949.023926 1764166329949 1764166329956
37378 919355579 1764166329982.370117 1764166329982 1764166329989
37379 919388923 1764166330015.716309 1764166330016 1764166330023
37380 919422267 1764166330049.062500 1764166330049 1764166330056
37381 919455611 1764166330082.408691 1764166330082 1764166330089
37382 919488955 1764166330115.754883 1764166330116 1764166330123
37383 919522299 1764166330149.101074 1764166330149 1764166330156
37384 919555643 1764166330182.447021 1764166330182 1764166330190
37385 919588987 1764166330215.793213 1764166330216 1764166330223
37386 919622331 1764166330249.139404 1764166330249 1764166330256
37387 919655675 1764166330282.485596 1764166330283 1764166330290
37388 919689018 1764166330315.830811 1764166330316 1764166330323
37389 919722362 1764166330349.176758 1764166330349 1764166330356
37390 919755706 1764166330382.522949 1764166330383 1764166330390
37391 919789050 1764166330415.869141 1764166330415 1764166330423
37392 919822394 1764166330449.215332 1764166330449 1764166330456
37393 919855738 1764166330482.561279 1764166330483 1764166330490
37394 919889082 1764166330515.907471 1764166330515 1764166330523
37395 919922426 1764166330549.253906 1764166330549 1764166330556
37396 919955770 1764166330582.600342 1764166330583 1764166330590
37397 919989114 1764166330615.946777 1764166330615 1764166330623
37398 920022458 1764166330649.293213 1764166330649 1764166330656
37399 920055802 1764166330682.639648 1764166330683 1764166330690
37400 920089146 1764166330715.985840 1764166330715 1764166330725
37401 920122489 1764166330749.331299 1764166330749 1764166330756
37402 920155833 1764166330782.677734 1764166330783 1764166330790
37403 920189177 1764166330816.024170 1764166330816 1764166330823
37404 920222521 1764166330849.370605 1764166330849 1764166330856
37405 920255865 1764166330882.716797 1764166330883 1764166330890
37406 920289209 1764166330916.063232 1764166330916 1764166330923
37407 920322553 1764166330949.409668 1764166330949 1764166330956
37408 920355897 1764166330982.756104 1764166330983 1764166330990
37409 920389241 1764166331016.102295 1764166331016 1764166331023
37410 920422585 1764166331049.448730 1764166331049 1764166331056
37411 920455929 1764166331082.795166 1764166331083 1764166331090
37412 920489273 1764166331116.141357 1764166331116 1764166331123
37413 920522617 1764166331149.487793 1764166331150 1764166331157
37414 920555961 1764166331182.833984 1764166331182 1764166331190
37415 920589304 1764166331216.179443 1764166331216 1764166331223
37416 920622648 1764166331249.525635 1764166331249 1764166331257
37417 920655992 1764166331282.872070 1764166331282 1764166331290
37418 920689336 1764166331316.218262 1764166331317 1764166331324
37419 920722680 1764166331349.564697 1764166331350 1764166331357
37420 920756024 1764166331382.910889 1764166331382 1764166331390
37421 920789368 1764166331416.257324 1764166331416 1764166331423
37422 920822712 1764166331449.603516 1764166331450 1764166331457
37423 920856056 1764166331482.949707 1764166331482 1764166331490
37424 920889400 1764166331516.296143 1764166331516 1764166331523
37425 920922744 1764166331549.642334 1764166331550 1764166331557
37426 920956088 1764166331582.988525 1764166331582 1764166331590
37427 920989432 1764166331616.334717 1764166331616 1764166331623
37428 921022775 1764166331649.679932 1764166331650 1764166331657
37429 921056119 1764166331683.026123 1764166331683 1764166331690
37430 921089463 1764166331716.372314 1764166331716 1764166331723
37431 921122807 1764166331749.718506 1764166331750 1764166331757
37432 921156151 1764166331783.064697 1764166331784 1764166331791
37433 921189495 1764166331816.410889 1764166331816 1764166331823
37434 921222839 1764166331849.757080 1764166331850 1764166331857
37435 921256183 1764166331883.103271 1764166331883 1764166331890
37436 921289527 1764166331916.449463 1764166331917 1764166331924
37437 921322871 1764166331949.795410 1764166331949 1764166331957
37438 921356215 1764166331983.141602 1764166331983 1764166331990
37439 921389559 1764166332016.487793 1764166332017 1764166332024
37440 921422903 1764166332049.833984 1764166332049 1764166332057
37441 921456246 1764166332083.178955 1764166332083 1764166332090
37442 921489590 1764166332116.525146 1764166332117 1764166332124
37443 921522934 1764166332149.871338 1764166332149 1764166332157
37444 921556278 1764166332183.217285 1764166332183 1764166332190
37445 921589622 1764166332216.563477 1764166332217 1764166332224
37446 921622966 1764166332249.909424 1764166332249 1764166332257
37447 921656310 1764166332283.255615 1764166332283 1764166332290
37448 921689654 1764166332316.601562 1764166332317 1764166332324
37449 921722998 1764166332349.947754 1764166332349 1764166332357
37450 921756342 1764166332383.293701 1764166332383 1764166332390
37451 921789686 1764166332416.639893 1764166332417 1764166332424
37452 921823030 1764166332449.985840 1764166332450 1764166332457
37453 921856374 1764166332483.331787 1764166332483 1764166332490
37454 921889718 1764166332516.677979 1764166332517 1764166332524
37455 921923061 1764166332550.027100 1764166332550 1764166332557
37456 921956405 1764166332583.377197 1764166332583 1764166332590
37457 921989749 1764166332616.727295 1764166332617 1764166332624
37458 922023093 1764166332650.077393 1764166332650 1764166332657
37459 922056437 1764166332683.427490 1764166332683 1764166332690
37460 922089781 1764166332716.777832 1764166332717 1764166332724
37461 922123125 1764166332750.127930 1764166332750 1764166332757
37462 922156469 1764166332783.478271 1764166332784 1764166332791
37463 922189813 1764166332816.828613 1764166332816 1764166332824
37464 922223157 1764166332850.178955 1764166332850 1764166332857
37465 922256501 1764166332883.529297 1764166332884 1764166332891
37466 922289845 1764166332916.879639 1764166332916 1764166332924
37467 922323189 1764166332950.229980 1764166332950 1764166332957
37468 922356532 1764166332983.579346 1764166332984 1764166332991
37469 922389876 1764166333016.929688 1764166333016 1764166333024
37470 922423220 1764166333050.280273 1764166333050 1764166333057
37471 922456564 1764166333083.630859 1764166333084 1764166333091
37472 922489908 1764166333116.981201 1764166333116 1764166333124
37473 922523252 1764166333150.331787 1764166333150 1764166333157
37474 922556596 1764166333183.682373 1764166333184 1764166333191
37475 922589940 1764166333217.032959 1764166333216 1764166333224
37476 922623284 1764166333250.383789 1764166333250 1764166333257
37477 922656628 1764166333283.734375 1764166333284 1764166333291
37478 922689972 1764166333317.084961 1764166333317 1764166333324
37479 922723316 1764166333350.435791 1764166333350 1764166333357
37480 922756660 1764166333383.786377 1764166333384 1764166333391
37481 922790003 1764166333417.136230 1764166333417 1764166333424
37482 922823347 1764166333450.487061 1764166333451 1764166333458
37483 922856691 1764166333483.837891 1764166333484 1764166333491
37484 922890035 1764166333517.188721 1764166333517 1764166333524
37485 922923379 1764166333550.534912 1764166333551 1764166333558
37486 922956723 1764166333583.881104 1764166333584 1764166333591
37487 922990067 1764166333617.227295 1764166333617 1764166333624
37488 923023411 1764166333650.573486 1764166333651 1764166333658
37489 923056755 1764166333683.919678 1764166333683 1764166333691
37490 923090099 1764166333717.265869 1764166333717 1764166333724
37491 923123443 1764166333750.612061 1764166333751 1764166333758
37492 923156787 1764166333783.958252 1764166333783 1764166333791
37493 923190131 1764166333817.304199 1764166333817 1764166333824
37494 923223475 1764166333850.650391 1764166333851 1764166333858
37495 923256818 1764166333883.995605 1764166333883 1764166333891
37496 923290162 1764166333917.341797 1764166333917 1764166333925
37497 923323506 1764166333950.687744 1764166333951 1764166333958
37498 923356850 1764166333984.033936 1764166333983 1764166333991
37499 923390194 1764166334017.380127 1764166334017 1764166334024
37500 923423538 1764166334050.726074 1764166334051 1764166334058
37501 923456882 1764166334084.072266 1764166334084 1764166334091
37502 923490226 1764166334117.418213 1764166334117 1764166334124
37503 923523570 1764166334150.764404 1764166334151 1764166334158
37504 923556914 1764166334184.110596 1764166334184 1764166334191
37505 923590258 1764166334217.456543 1764166334217 1764166334224
37506 923623602 1764166334250.802490 1764166334251 1764166334258
37507 923656946 1764166334284.148682 1764166334284 1764166334291
37508 923690289 1764166334317.493652 1764166334317 1764166334325
37509 923723633 1764166334350.839844 1764166334351 1764166334358
37510 923756977 1764166334384.185791 1764166334384 1764166334391
37511 923790321 1764166334417.531738 1764166334418 1764166334425
37512 923823665 1764166334450.877686 1764166334450 1764166334458
37513 923857009 1764166334484.223877 1764166334484 1764166334491
37514 923890353 1764166334517.569824 1764166334518 1764166334525
37515 923923697 1764166334550.916748 1764166334550 1764166334558
37516 923957041 1764166334584.262939 1764166334584 1764166334591
37517 923990385 1764166334617.609131 1764166334618 1764166334625
37518 924023729 1764166334650.955322 1764166334650 1764166334658
37519 924057073 1764166334684.301270 1764166334684 1764166334691
37520 924090417 1764166334717.647461 1764166334718 1764166334725
37521 924123760 1764166334750.992676 1764166334750 1764166334758
37522 924157104 1764166334784.338623 1764166334784 1764166334791
37523 924190448 1764166334817.684814 1764166334818 1764166334825
37524 924223792 1764166334851.030762 1764166334850 1764166334858
37525 924257136 1764166334884.376953 1764166334884 1764166334891
37526 924290480 1764166334917.722900 1764166334917 1764166334925
37527 924323824 1764166334951.069092 1764166334951 1764166334958
37528 924357168 1764166334984.415039 1764166334984 1764166334991
37529 924390512 1764166335017.760986 1764166335018 1764166335025
37530 924423856 1764166335051.107178 1764166335051 1764166335058
37531 924457200 1764166335084.453125 1764166335084 1764166335092
37532 924490544 1764166335117.799072 1764166335118 1764166335125
37533 924523888 1764166335151.145020 1764166335151 1764166335158
37534 924557232 1764166335184.491211 1764166335185 1764166335192
37535 924590575 1764166335217.836182 1764166335218 1764166335225
37536 924623919 1764166335251.182129 1764166335251 1764166335258
37537 924657263 1764166335284.528076 1764166335285 1764166335292
37538 924690607 1764166335317.874023 1764166335317 1764166335325
37539 924723951 1764166335351.219971 1764166335351 1764166335358
37540 924757295 1764166335384.565918 1764166335385 1764166335392
37541 924790639 1764166335417.911865 1764166335417 1764166335425
37542 924823983 1764166335451.257812 1764166335451 1764166335458
37543 924857327 1764166335484.603760 1764166335485 1764166335492
37544 924890671 1764166335517.949707 1764166335517 1764166335525
37545 924924015 1764166335551.295654 1764166335551 1764166335558
37546 924957359 1764166335584.641846 1764166335585 1764166335592
37547 924990703 1764166335617.987793 1764166335617 1764166335625
37548 925024046 1764166335651.333008 1764166335651 1764166335658
37549 925057390 1764166335684.679199 1764166335685 1764166335692
37550 925090734 1764166335718.025146 1764166335718 1764166335725
37551 925124078 1764166335751.371338 1764166335751 1764166335758
37552 925157422 1764166335784.717285 1764166335785 1764166335792
37553 925190766 1764166335818.063477 1764166335818 1764166335825
37554 925224110 1764166335851.409668 1764166335851 1764166335858
37555 925257454 1764166335884.755615 1764166335885 1764166335892
37556 925290798 1764166335918.101807 1764166335919 1764166335926
37557 925324142 1764166335951.447754 1764166335952 1764166335959
37558 925357486 1764166335984.793701 1764166335984 1764166335992
37559 925390830 1764166336018.139893 1764166336018 1764166336025
37560 925424174 1764166336051.485840 1764166336052 1764166336059
37561 925457517 1764166336084.830811 1764166336084 1764166336092
37562 925490861 1764166336118.177002 1764166336118 1764166336125
37563 925524205 1764166336151.522949 1764166336152 1764166336159
37564 925557549 1764166336184.868896 1764166336184 1764166336192
37565 925590893 1764166336218.214844 1764166336218 1764166336225
37566 925624237 1764166336251.561035 1764166336252 1764166336259
37567 925657581 1764166336284.906982 1764166336284 1764166336292
37568 925690925 1764166336318.252930 1764166336318 1764166336325
37569 925724269 1764166336351.598877 1764166336352 1764166336359
37570 925757613 1764166336384.944824 1764166336384 1764166336392
37571 925790957 1764166336418.290771 1764166336418 1764166336425
37572 925824301 1764166336451.636719 1764166336451 1764166336459
37573 925857645 1764166336484.982666 1764166336484 1764166336492
37574 925890989 1764166336518.328613 1764166336518 1764166336525
37575 925924332 1764166336551.673584 1764166336552 1764166336559
37576 925957676 1764166336585.019775 1764166336585 1764166336592
37577 925991020 1764166336618.365967 1764166336618 1764166336625
37578 926024364 1764166336651.712402 1764166336652 1764166336659
37579 926057708 1764166336685.058594 1764166336685 1764166336692
37580 926091052 1764166336718.404785 1764166336718 1764166336725
37581 926124396 1764166336751.750977 1764166336752 1764166336761
37582 926157740 1764166336785.097168 1764166336785 1764166336792
37583 926191084 1764166336818.443359 1764166336819 1764166336826
37584 926224428 1764166336851.789795 1764166336852 1764166336859
37585 926257772 1764166336885.135986 1764166336885 1764166336892
37586 926291116 1764166336918.482178 1764166336919 1764166336926
37587 926324460 1764166336951.828369 1764166336951 1764166336959
37588 926357803 1764166336985.173584 1764166336985 1764166336992
37589 926391147 1764166337018.519775 1764166337019 1764166337026
37590 926424491 1764166337051.865723 1764166337051 1764166337059
37591 926457835 1764166337085.211914 1764166337085 1764166337092
37592 926491179 1764166337118.558105 1764166337119 1764166337126
37593 926524523 1764166337151.904297 1764166337151 1764166337159
37594 926557867 1764166337185.250488 1764166337185 1764166337192
37595 926591211 1764166337218.596680 1764166337219 1764166337226
37596 926624555 1764166337251.942871 1764166337251 1764166337259
37597 926657899 1764166337285.288818 1764166337285 1764166337292
37598 926691243 1764166337318.635010 1764166337319 1764166337326
37599 926724587 1764166337351.981201 1764166337352 1764166337359
37600 926757931 1764166337385.327393 1764166337385 1764166337392
37601 926791274 1764166337418.672363 1764166337419 1764166337426
37602 926824618 1764166337452.018555 1764166337452 1764166337459
37603 926857962 1764166337485.364746 1764166337485 1764166337492
37604 926891306 1764166337518.710693 1764166337519 1764166337526
37605 926924650 1764166337552.056885 1764166337552 1764166337559
37606 926957994 1764166337585.415039 1764166337585 1764166337592
37607 926991338 1764166337618.773193 1764166337619 1764166337626
37608 927024682 1764166337652.131348 1764166337652 1764166337659
37609 927058026 1764166337685.489502 1764166337686 1764166337693
37610 927091370 1764166337718.847900 1764166337718 1764166337726
37611 927124714 1764166337752.206299 1764166337752 1764166337759
37612 927158058 1764166337785.564941 1764166337786 1764166337793
37613 927191402 1764166337818.923584 1764166337818 1764166337826
37614 927224746 1764166337852.282227 1764166337852 1764166337859
37615 927258089 1764166337885.639893 1764166337886 1764166337893
37616 927291433 1764166337918.998535 1764166337918 1764166337926
37617 927324777 1764166337952.357422 1764166337952 1764166337959
37618 927358121 1764166337985.716553 1764166337986 1764166337993
37619 927391465 1764166338019.075439 1764166338018 1764166338026
37620 927424809 1764166338052.434570 1764166338052 1764166338059
37621 927458153 1764166338085.793701 1764166338086 1764166338093
37622 927491497 1764166338119.152832 1764166338118 1764166338126
37623 927524841 1764166338152.512207 1764166338152 1764166338159
37624 927558185 1764166338185.871338 1764166338186 1764166338193
37625 927591529 1764166338219.230957 1764166338219 1764166338226
37626 927624873 1764166338252.590332 1764166338252 1764166338259
37627 927658217 1764166338285.949951 1764166338286 1764166338293
37628 927691560 1764166338319.308594 1764166338319 1764166338326
37629 927724904 1764166338352.668213 1764166338353 1764166338360
37630 927758248 1764166338386.027832 1764166338386 1764166338393
37631 927791592 1764166338419.387695 1764166338419 1764166338426
37632 927824936 1764166338452.747559 1764166338453 1764166338460
37633 927858280 1764166338486.107666 1764166338485 1764166338493
37634 927891624 1764166338519.467773 1764166338519 1764166338526
37635 927924968 1764166338552.827637 1764166338553 1764166338560
37636 927958312 1764166338586.175781 1764166338585 1764166338593
37637 927991656 1764166338619.523682 1764166338619 1764166338626
37638 928025000 1764166338652.871826 1764166338653 1764166338660
37639 928058344 1764166338686.219727 1764166338685 1764166338693
37640 928091688 1764166338719.567871 1764166338719 1764166338726
37641 928125031 1764166338752.914795 1764166338753 1764166338760
37642 928158375 1764166338786.262939 1764166338785 1764166338793
37643 928191719 1764166338819.611084 1764166338819 1764166338826
37644 928225063 1764166338852.959229 1764166338853 1764166338860
37645 928258407 1764166338886.307373 1764166338885 1764166338893
37646 928291751 1764166338919.655518 1764166338919 1764166338926
37647 928325095 1764166338953.003662 1764166338953 1764166338960
37648 928358439 1764166338986.351807 1764166338986 1764166338993
37649 928391783 1764166339019.699951 1764166339019 1764166339026
37650 928425127 1764166339053.048096 1764166339053 1764166339060
37651 928458471 1764166339086.396240 1764166339086 1764166339093
37652 928491815 1764166339119.744385 1764166339119 1764166339126
37653 928525159 1764166339153.092773 1764166339153 1764166339160
37654 928558503 1764166339186.440918 1764166339186 1764166339193
37655 928591846 1764166339219.788086 1764166339220 1764166339227
37656 928625190 1764166339253.136475 1764166339253 1764166339260
37657 928658534 1764166339286.484863 1764166339286 1764166339293
37658 928691878 1764166339319.833008 1764166339320 1764166339327
37659 928725222 1764166339353.181396 1764166339352 1764166339360
37660 928758566 1764166339386.529785 1764166339386 1764166339393
37661 928791910 1764166339419.877930 1764166339420 1764166339427
37662 928825254 1764166339453.226318 1764166339452 1764166339460
37663 928858598 1764166339486.574707 1764166339486 1764166339493
37664 928891942 1764166339519.923096 1764166339520 1764166339527
37665 928925286 1764166339553.271484 1764166339552 1764166339560
37666 928958630 1764166339586.617188 1764166339586 1764166339593
37667 928991974 1764166339619.962891 1764166339620 1764166339627
37668 929025317 1764166339653.307373 1764166339652 1764166339660
37669 929058661 1764166339686.653076 1764166339686 1764166339693
37670 929092005 1764166339719.998535 1764166339720 1764166339727
37671 929125349 1764166339753.344238 1764166339752 1764166339760
37672 929158693 1764166339786.689941 1764166339786 1764166339793
37673 929192037 1764166339820.035400 1764166339820 1764166339827
37674 929225381 1764166339853.381104 1764166339853 1764166339860
37675 929258725 1764166339886.726562 1764166339886 1764166339893
37676 929292069 1764166339920.072021 1764166339920 1764166339927
37677 929325413 1764166339953.417725 1764166339953 1764166339960
37678 929358757 1764166339986.763184 1764166339986 1764166339993
37679 929392101 1764166340020.108643 1764166340020 1764166340027
37680 929425445 1764166340053.454346 1764166340053 1764166340060
37681 929458788 1764166340086.798828 1764166340087 1764166340094
37682 929492132 1764166340120.144287 1764166340120 1764166340127
37683 929525476 1764166340153.489746 1764166340153 1764166340160
37684 929558820 1764166340186.835205 1764166340187 1764166340194
37685 929592164 1764166340220.180664 1764166340219 1764166340227
37686 929625508 1764166340253.526123 1764166340253 1764166340260
37687 929658852 1764166340286.871582 1764166340287 1764166340294
37688 929692196 1764166340320.217041 1764166340319 1764166340327
37689 929725540 1764166340353.562500 1764166340353 1764166340360
37690 929758884 1764166340386.907959 1764166340387 1764166340394
37691 929792228 1764166340420.253418 1764166340419 1764166340427
37692 929825572 1764166340453.598633 1764166340453 1764166340460
37693 929858916 1764166340486.944092 1764166340487 1764166340494
37694 929892260 1764166340520.289551 1764166340519 1764166340527
37695 929925603 1764166340553.633789 1764166340553 1764166340560
37696 929958947 1764166340586.979980 1764166340587 1764166340594
37697 929992291 1764166340620.326172 1764166340620 1764166340628
37698 930025635 1764166340653.672119 1764166340654 1764166340661
37699 930058979 1764166340687.018066 1764166340687 1764166340694
37700 930092323 1764166340720.364258 1764166340720 1764166340727
37701 930125667 1764166340753.710205 1764166340753 1764166340760
37702 930159011 1764166340787.056396 1764166340786 1764166340798
37703 930192355 1764166340820.402344 1764166340820 1764166340827
37704 930225699 1764166340853.748291 1764166340853 1764166340860
37705 930259043 1764166340887.094482 1764166340887 1764166340894
37706 930292387 1764166340920.440430 1764166340920 1764166340927
37707 930325731 1764166340953.786377 1764166340954 1764166340961
37708 930359074 1764166340987.131592 1764166340987 1764166340994
37709 930392418 1764166341020.477539 1764166341020 1764166341027
37710 930425762 1764166341053.823486 1764166341054 1764166341061
37711 930459106 1764166341087.169434 1764166341086 1764166341094
37712 930492450 1764166341120.515381 1764166341120 1764166341127
37713 930525794 1764166341153.861328 1764166341154 1764166341161
37714 930559138 1764166341187.207275 1764166341186 1764166341194
37715 930592482 1764166341220.553223 1764166341220 1764166341227
37716 930625826 1764166341253.899414 1764166341254 1764166341261
37717 930659170 1764166341287.245361 1764166341286 1764166341294
37718 930692514 1764166341320.591309 1764166341320 1764166341327
37719 930725858 1764166341353.937012 1764166341354 1764166341361
37720 930759202 1764166341387.282959 1764166341386 1764166341394
37721 930792545 1764166341420.627930 1764166341420 1764166341427
37722 930825889 1764166341453.973877 1764166341454 1764166341461
37723 930859233 1764166341487.319824 1764166341487 1764166341494
37724 930892577 1764166341520.665771 1764166341520 1764166341527
37725 930925921 1764166341554.011719 1764166341554 1764166341561
37726 930959265 1764166341587.357178 1764166341587 1764166341594
37727 930992609 1764166341620.702637 1764166341620 1764166341627
37728 931025953 1764166341654.048096 1764166341654 1764166341661
37729 931059297 1764166341687.393311 1764166341687 1764166341694
37730 931092641 1764166341720.738770 1764166341721 1764166341728
37731 931125985 1764166341754.084229 1764166341754 1764166341761
37732 931159329 1764166341787.429443 1764166341787 1764166341794
37733 931192673 1764166341820.774902 1764166341821 1764166341828
37734 931226017 1764166341854.120361 1764166341853 1764166341861
37735 931259360 1764166341887.464600 1764166341887 1764166341894
37736 931292704 1764166341920.809814 1764166341921 1764166341928
37737 931326048 1764166341954.155273 1764166341953 1764166341961
37738 931359392 1764166341987.500488 1764166341987 1764166341994
37739 931392736 1764166342020.845703 1764166342021 1764166342028
37740 931426080 1764166342054.190918 1764166342053 1764166342061
37741 931459424 1764166342087.536377 1764166342087 1764166342094
37742 931492768 1764166342120.881592 1764166342121 1764166342128
37743 931526112 1764166342154.226807 1764166342153 1764166342161
37744 931559456 1764166342187.572021 1764166342187 1764166342194
37745 931592800 1764166342220.916992 1764166342221 1764166342228
37746 931626144 1764166342254.262207 1764166342253 1764166342261
37747 931659488 1764166342287.607422 1764166342287 1764166342294
37748 931692831 1764166342320.951660 1764166342321 1764166342328
37749 931726175 1764166342354.296631 1764166342354 1764166342361
37750 931759519 1764166342387.641846 1764166342387 1764166342394
37751 931792863 1764166342420.986816 1764166342421 1764166342428
37752 931826207 1764166342454.332031 1764166342454 1764166342461
37753 931859551 1764166342487.677002 1764166342487 1764166342494
37754 931892895 1764166342521.022217 1764166342521 1764166342528
37755 931926239 1764166342554.367188 1764166342554 1764166342561
37756 931959583 1764166342587.712646 1764166342588 1764166342595
37757 931992927 1764166342621.057861 1764166342620 1764166342628
37758 932026271 1764166342654.403320 1764166342654 1764166342661
37759 932059615 1764166342687.748535 1764166342688 1764166342695
37760 932092959 1764166342721.093750 1764166342720 1764166342728
37761 932126302 1764166342754.437988 1764166342754 1764166342761
37762 932159646 1764166342787.783447 1764166342788 1764166342795
37763 932192990 1764166342821.128662 1764166342820 1764166342828
37764 932226334 1764166342854.473877 1764166342854 1764166342861
37765 932259678 1764166342887.819092 1764166342888 1764166342895
37766 932293022 1764166342921.164307 1764166342920 1764166342928
37767 932326366 1764166342954.509521 1764166342954 1764166342961
37768 932359710 1764166342987.854492 1764166342988 1764166342995
37769 932393054 1764166343021.199707 1764166343021 1764166343028
37770 932426398 1764166343054.544922 1764166343054 1764166343061
37771 932459742 1764166343087.889893 1764166343088 1764166343095
37772 932493086 1764166343121.235107 1764166343121 1764166343128
37773 932526430 1764166343154.580322 1764166343154 1764166343161
37774 932559774 1764166343187.925293 1764166343187 1764166343195
37775 932593117 1764166343221.269287 1764166343221 1764166343229
37776 932626461 1764166343254.614502 1764166343255 1764166343262
37777 932659805 1764166343287.959473 1764166343287 1764166343295
37778 932693149 1764166343321.304443 1764166343321 1764166343328
37779 932726493 1764166343354.649414 1764166343355 1764166343362
37780 932759837 1764166343387.994385 1764166343388 1764166343395
37781 932793181 1764166343421.339355 1764166343421 1764166343428
37782 932826525 1764166343454.684326 1764166343455 1764166343462
37783 932859869 1764166343488.029297 1764166343487 1764166343495
37784 932893213 1764166343521.374268 1764166343521 1764166343528
37785 932926557 1764166343554.719238 1764166343555 1764166343562
37786 932959901 1764166343588.064941 1764166343587 1764166343595
37787 932993245 1764166343621.410400 1764166343621 1764166343628
37788 933026588 1764166343654.755127 1764166343655 1764166343662
37789 933059932 1764166343688.100586 1764166343687 1764166343695
37790 933093276 1764166343721.446045 1764166343721 1764166343728
37791 933126620 1764166343754.791748 1764166343755 1764166343762
37792 933159964 1764166343788.137207 1764166343787 1764166343795
37793 933193308 1764166343821.482666 1764166343821 1764166343828
37794 933226652 1764166343854.828369 1764166343855 1764166343862
37795 933259996 1764166343888.173828 1764166343888 1764166343895
37796 933293340 1764166343921.519287 1764166343921 1764166343928
37797 933326684 1764166343954.864746 1764166343955 1764166343962
37798 933360028 1764166343988.210205 1764166343988 1764166343995
37799 933393372 1764166344021.555664 1764166344021 1764166344028
37800 933426716 1764166344054.901123 1764166344055 1764166344062
37801 933460059 1764166344088.245361 1764166344088 1764166344095
37802 933493403 1764166344121.590820 1764166344121 1764166344128
37803 933526747 1764166344154.936279 1764166344155 1764166344162
37804 933560091 1764166344188.281738 1764166344188 1764166344195
37805 933593435 1764166344221.626953 1764166344222 1764166344229
37806 933626779 1764166344254.972412 1764166344254 1764166344262
37807 933660123 1764166344288.317627 1764166344288 1764166344295
37808 933693467 1764166344321.663086 1764166344322 1764166344329
37809 933726811 1764166344355.008301 1764166344354 1764166344362
37810 933760155 1764166344388.353760 1764166344388 1764166344395
37811 933793499 1764166344421.698975 1764166344422 1764166344429
37812 933826843 1764166344455.044189 1764166344454 1764166344462
37813 933860187 1764166344488.389648 1764166344488 1764166344495
37814 933893531 1764166344521.734863 1764166344522 1764166344529
37815 933926874 1764166344555.079102 1764166344554 1764166344562
37816 933960218 1764166344588.424561 1764166344588 1764166344595
37817 933993562 1764166344621.770020 1764166344622 1764166344629
37818 934026906 1764166344655.115479 1764166344654 1764166344662
37819 934060250 1764166344688.460693 1764166344688 1764166344695
37820 934093594 1764166344721.806152 1764166344721 1764166344729
37821 934126938 1764166344755.151611 1764166344755 1764166344762
37822 934160282 1764166344788.497070 1764166344788 1764166344795
37823 934193626 1764166344821.842285 1764166344822 1764166344829
37824 934226970 1764166344855.187744 1764166344855 1764166344862
37825 934260314 1764166344888.532959 1764166344888 1764166344895
37826 934293658 1764166344921.878418 1764166344922 1764166344929
37827 934327002 1764166344955.223633 1764166344955 1764166344962
37828 934360345 1764166344988.567871 1764166344989 1764166344996
37829 934393689 1764166345021.913330 1764166345022 1764166345029
37830 934427033 1764166345055.258545 1764166345055 1764166345062
37831 934460377 1764166345088.603760 1764166345089 1764166345098
37832 934493721 1764166345121.948975 1764166345121 1764166345129
37833 934527065 1764166345155.294189 1764166345155 1764166345162
37834 934560409 1764166345188.639404 1764166345189 1764166345196
37835 934593753 1764166345221.984619 1764166345221 1764166345229
37836 934627097 1764166345255.329834 1764166345255 1764166345262
37837 934660441 1764166345288.675049 1764166345289 1764166345296
37838 934693785 1764166345322.020264 1764166345321 1764166345329
37839 934727129 1764166345355.365479 1764166345355 1764166345362
37840 934760473 1764166345388.710449 1764166345389 1764166345396
37841 934793816 1764166345422.054688 1764166345421 1764166345429
37842 934827160 1764166345455.399902 1764166345455 1764166345462
37843 934860504 1764166345488.744873 1764166345489 1764166345496
37844 934893848 1764166345522.090088 1764166345521 1764166345529
37845 934927192 1764166345555.435059 1764166345556 1764166345563
37846 934960536 1764166345588.780518 1764166345589 1764166345596
37847 934993880 1764166345622.125977 1764166345622 1764166345629
37848 935027224 1764166345655.471436 1764166345656 1764166345663
37849 935060568 1764166345688.816895 1764166345689 1764166345696
37850 935093912 1764166345722.162354 1764166345722 1764166345729
37851 935127256 1764166345755.507812 1764166345755 1764166345762
37852 935160600 1764166345788.853027 1764166345789 1764166345796
37853 935193944 1764166345822.198486 1764166345822 1764166345829
37854 935227288 1764166345855.543945 1764166345856 1764166345863
37855 935260631 1764166345888.888184 1764166345889 1764166345896
37856 935293975 1764166345922.233398 1764166345922 1764166345929
37857 935327319 1764166345955.578857 1764166345956 1764166345963
37858 935360663 1764166345988.924072 1764166345988 1764166345996
37859 935394007 1764166346022.269531 1764166346022 1764166346029
37860 935427351 1764166346055.614746 1764166346056 1764166346063
37861 935460695 1764166346088.959961 1764166346088 1764166346096
37862 935494039 1764166346122.305176 1764166346122 1764166346129
37863 935527383 1764166346155.650391 1764166346156 1764166346163
37864 935560727 1764166346188.995605 1764166346188 1764166346196
37865 935594071 1764166346222.340820 1764166346222 1764166346229
37866 935627415 1764166346255.686035 1764166346256 1764166346263
37867 935660759 1764166346289.031250 1764166346288 1764166346296
37868 935694102 1764166346322.375488 1764166346323 1764166346330
37869 935727446 1764166346355.720703 1764166346356 1764166346363
37870 935760790 1764166346389.065674 1764166346389 1764166346396
37871 935794134 1764166346422.410889 1764166346422 1764166346429
37872 935827478 1764166346455.755859 1764166346456 1764166346463
37873 935860822 1764166346489.101074 1764166346489 1764166346496
37874 935894166 1764166346522.446289 1764166346522 1764166346529
37875 935927510 1764166346555.791260 1764166346556 1764166346563
37876 935960854 1764166346589.136719 1764166346589 1764166346596
37877 935994198 1764166346622.482422 1764166346623 1764166346630
37878 936027542 1764166346655.827881 1764166346656 1764166346663
37879 936060886 1764166346689.173340 1764166346689 1764166346696
37880 936094230 1764166346722.518799 1764166346723 1764166346730
37881 936127573 1764166346755.863281 1764166346755 1764166346763
37882 936160917 1764166346789.208740 1764166346790 1764166346798
37883 936194261 1764166346822.554199 1764166346823 1764166346830
37884 936227605 1764166346855.899658 1764166346855 1764166346863
37885 936260949 1764166346889.245117 1764166346889 1764166346896
37886 936294293 1764166346922.590332 1764166346923 1764166346930
37887 936327637 1764166346955.935791 1764166346955 1764166346963
37888 936360981 1764166346989.281250 1764166346989 1764166346996
37889 936394325 1764166347022.626465 1764166347023 1764166347030
37890 936427669 1764166347055.971924 1764166347055 1764166347063
37891 936461013 1764166347089.317383 1764166347089 1764166347096
37892 936494357 1764166347122.662598 1764166347123 1764166347130
37893 936527701 1764166347156.007812 1764166347155 1764166347163
37894 936561045 1764166347189.353271 1764166347189 1764166347196
37895 936594388 1764166347222.697510 1764166347223 1764166347230
37896 936627732 1764166347256.042725 1764166347256 1764166347263
37897 936661076 1764166347289.387939 1764166347289 1764166347296
37898 936694420 1764166347322.733398 1764166347323 1764166347330
37899 936727764 1764166347356.078613 1764166347356 1764166347363
37900 936761108 1764166347389.423828 1764166347390 1764166347397
37901 936794452 1764166347422.769043 1764166347423 1764166347430
37902 936827796 1764166347456.114258 1764166347456 1764166347463
37903 936861140 1764166347489.459473 1764166347490 1764166347497
37904 936894484 1764166347522.804688 1764166347522 1764166347530
37905 936927828 1764166347556.149658 1764166347556 1764166347563
37906 936961172 1764166347589.495117 1764166347590 1764166347597
37907 936994516 1764166347622.840576 1764166347622 1764166347630
37908 937027859 1764166347656.184814 1764166347657 1764166347664
37909 937061203 1764166347689.530029 1764166347690 1764166347697
37910 937094547 1764166347722.875488 1764166347722 1764166347730
37911 937127891 1764166347756.220703 1764166347756 1764166347763
37912 937161235 1764166347789.565918 1764166347790 1764166347797
37913 937194579 1764166347822.911133 1764166347822 1764166347830
37914 937227923 1764166347856.256348 1764166347856 1764166347863
37915 937261267 1764166347889.601807 1764166347890 1764166347897
37916 937294611 1764166347922.947021 1764166347922 1764166347930
37917 937327955 1764166347956.292236 1764166347956 1764166347963
37918 937361299 1764166347989.637207 1764166347990 1764166347997
37919 937394643 1764166348022.982422 1764166348023 1764166348030
37920 937427987 1764166348056.327637 1764166348056 1764166348063
37921 937461330 1764166348089.671875 1764166348089 1764166348097
37922 937494674 1764166348123.016846 1764166348123 1764166348130
37923 937528018 1764166348156.362061 1764166348156 1764166348163
37924 937561362 1764166348189.707031 1764166348190 1764166348197
37925 937594706 1764166348223.052246 1764166348223 1764166348230
37926 937628050 1764166348256.397217 1764166348257 1764166348264
37927 937661394 1764166348289.742432 1764166348290 1764166348297
37928 937694738 1764166348323.087402 1764166348323 1764166348330
37929 937728082 1764166348356.432373 1764166348357 1764166348364
37930 937761426 1764166348389.777344 1764166348389 1764166348397
37931 937794770 1764166348423.122559 1764166348423 1764166348430
37932 937828114 1764166348456.467529 1764166348457 1764166348464
37933 937861458 1764166348489.812500 1764166348489 1764166348497
37934 937894802 1764166348523.157471 1764166348523 1764166348530
37935 937928145 1764166348556.501221 1764166348557 1764166348564
37936 937961489 1764166348589.848389 1764166348589 1764166348597
37937 937994833 1764166348623.195312 1764166348624 1764166348631
37938 938028177 1764166348656.542236 1764166348657 1764166348664
37939 938061521 1764166348689.889160 1764166348689 1764166348697
37940 938094865 1764166348723.236328 1764166348723 1764166348730
37941 938128209 1764166348756.583252 1764166348757 1764166348764
37942 938161553 1764166348789.930420 1764166348789 1764166348797
37943 938194897 1764166348823.277344 1764166348823 1764166348830
37944 938228241 1764166348856.624268 1764166348857 1764166348864
37945 938261585 1764166348889.971436 1764166348890 1764166348897
37946 938294929 1764166348923.318359 1764166348923 1764166348930
37947 938328273 1764166348956.665527 1764166348957 1764166348964
37948 938361616 1764166348990.011475 1764166348990 1764166348997
37949 938394960 1764166349023.358643 1764166349023 1764166349030
37950 938428304 1764166349056.705566 1764166349057 1764166349064
37951 938461648 1764166349090.052734 1764166349090 1764166349097
37952 938494992 1764166349123.399902 1764166349124 1764166349131
37953 938528336 1764166349156.746826 1764166349157 1764166349164
37954 938561680 1764166349190.093994 1764166349190 1764166349197
37955 938595024 1764166349223.441162 1764166349224 1764166349231
37956 938628368 1764166349256.788086 1764166349256 1764166349264
37957 938661712 1764166349290.135254 1764166349290 1764166349297
37958 938695056 1764166349323.482422 1764166349324 1764166349331
37959 938728400 1764166349356.829590 1764166349356 1764166349364
37960 938761744 1764166349390.176514 1764166349390 1764166349397
37961 938795087 1764166349423.522705 1764166349424 1764166349431
37962 938828431 1764166349456.869873 1764166349456 1764166349464
37963 938861775 1764166349490.217041 1764166349490 1764166349497
37964 938895119 1764166349523.564209 1764166349524 1764166349531
37965 938928463 1764166349556.911377 1764166349556 1764166349564
37966 938961807 1764166349590.256836 1764166349590 1764166349597
37967 938995151 1764166349623.602295 1764166349624 1764166349631
37968 939028495 1764166349656.947754 1764166349657 1764166349664
37969 939061839 1764166349690.293213 1764166349690 1764166349697
37970 939095183 1764166349723.638428 1764166349723 1764166349731
37971 939128527 1764166349756.983887 1764166349757 1764166349764
37972 939161871 1764166349790.329346 1764166349790 1764166349797
37973 939195215 1764166349823.674561 1764166349824 1764166349831
37974 939228559 1764166349857.020020 1764166349857 1764166349864
37975 939261902 1764166349890.364502 1764166349891 1764166349898
37976 939295246 1764166349923.709717 1764166349924 1764166349931
37977 939328590 1764166349957.054932 1764166349957 1764166349964
37978 939361934 1764166349990.400391 1764166349991 1764166349998
37979 939395278 1764166350023.745605 1764166350024 1764166350031
37980 939428622 1764166350057.091064 1764166350057 1764166350064
37981 939461966 1764166350090.436279 1764166350091 1764166350098
37982 939495310 1764166350123.781494 1764166350123 1764166350131
37983 939528654 1764166350157.126709 1764166350157 1764166350164
37984 939561998 1764166350190.471924 1764166350191 1764166350198
37985 939595342 1764166350223.817139 1764166350223 1764166350231
37986 939628686 1764166350257.162354 1764166350257 1764166350264
37987 939662030 1764166350290.507568 1764166350291 1764166350298
37988 939695373 1764166350323.851807 1764166350323 1764166350331
37989 939728717 1764166350357.197021 1764166350358 1764166350365
37990 939762061 1764166350390.541992 1764166350391 1764166350398
37991 939795405 1764166350423.887207 1764166350423 1764166350431
37992 939828749 1764166350457.232422 1764166350457 1764166350464
37993 939862093 1764166350490.577393 1764166350491 1764166350498
37994 939895437 1764166350523.922607 1764166350524 1764166350531
37995 939928781 1764166350557.267822 1764166350557 1764166350564
37996 939962125 1764166350590.613281 1764166350591 1764166350598
37997 939995469 1764166350623.958984 1764166350624 1764166350631
37998 940028813 1764166350657.304688 1764166350657 1764166350664
37999 940062157 1764166350690.650146 1764166350690 1764166350698
38000 940095501 1764166350723.995850 1764166350724 1764166350731
38001 940128844 1764166350757.340332 1764166350758 1764166350765
38002 940162188 1764166350790.685791 1764166350790 1764166350798
38003 940195532 1764166350824.031494 1764166350824 1764166350831
38004 940228876 1764166350857.376953 1764166350858 1764166350865
38005 940262220 1764166350890.722412 1764166350890 1764166350898
38006 940295564 1764166350924.068115 1764166350924 1764166350931
38007 940328908 1764166350957.413574 1764166350958 1764166350965
38008 940362252 1764166350990.759033 1764166350990 1764166350998
38009 940395596 1764166351024.104492 1764166351024 1764166351031
38010 940428940 1764166351057.449951 1764166351058 1764166351065
38011 940462284 1764166351090.795410 1764166351090 1764166351098
38012 940495628 1764166351124.140869 1764166351124 1764166351131
38013 940528972 1764166351157.486328 1764166351158 1764166351165
38014 940562316 1764166351190.831787 1764166351190 1764166351198
38015 940595659 1764166351224.176025 1764166351224 1764166351231
38016 940629003 1764166351257.521484 1764166351258 1764166351265
38017 940662347 1764166351290.866943 1764166351291 1764166351298
38018 940695691 1764166351324.212158 1764166351324 1764166351331
38019 940729035 1764166351357.557617 1764166351357 1764166351365
38020 940762379 1764166351390.902832 1764166351391 1764166351398
38021 940795723 1764166351424.248291 1764166351424 1764166351431
38022 940829067 1764166351457.593506 1764166351458 1764166351465
38023 940862411 1764166351490.938965 1764166351491 1764166351498
38024 940895755 1764166351524.284180 1764166351524 1764166351531
38025 940929099 1764166351557.629395 1764166351558 1764166351565
38026 940962443 1764166351590.975586 1764166351591 1764166351598
38027 940995787 1764166351624.321045 1764166351625 1764166351632
38028 941029130 1764166351657.665771 1764166351657 1764166351665
38029 941062474 1764166351691.011230 1764166351691 1764166351698
38030 941095818 1764166351724.356934 1764166351725 1764166351732
38031 941129162 1764166351757.702393 1764166351757 1764166351765
38032 941162506 1764166351791.048096 1764166351791 1764166351798
38033 941195850 1764166351824.393555 1764166351825 1764166351832
38034 941229194 1764166351857.739014 1764166351857 1764166351865
38035 941262538 1764166351891.084473 1764166351891 1764166351898
38036 941295882 1764166351924.429932 1764166351925 1764166351932
38037 941329226 1764166351957.775635 1764166351957 1764166351965
38038 941362570 1764166351991.121094 1764166351991 1764166351998
38039 941395914 1764166352024.466553 1764166352025 1764166352032
38040 941429258 1764166352057.812012 1764166352057 1764166352065
38041 941462601 1764166352091.156250 1764166352091 1764166352098
38042 941495945 1764166352124.501709 1764166352125 1764166352132
38043 941529289 1764166352157.847168 1764166352158 1764166352165
38044 941562633 1764166352191.192627 1764166352191 1764166352199
38045 941595977 1764166352224.537842 1764166352225 1764166352232
38046 941629321 1764166352257.883301 1764166352258 1764166352265
38047 941662665 1764166352291.228760 1764166352291 1764166352298
38048 941696009 1764166352324.573975 1764166352325 1764166352333
38049 941729353 1764166352357.919434 1764166352358 1764166352365
38050 941762697 1764166352391.264648 1764166352392 1764166352399
38051 941796041 1764166352424.610107 1764166352425 1764166352432
38052 941829385 1764166352457.955322 1764166352458 1764166352465
38053 941862729 1764166352491.300537 1764166352492 1764166352499
38054 941896073 1764166352524.645752 1764166352524 1764166352532
38055 941929416 1764166352557.990234 1764166352558 1764166352565
38056 941962760 1764166352591.335449 1764166352592 1764166352599
38057 941996104 1764166352624.684082 1764166352624 1764166352632
38058 942029448 1764166352658.032959 1764166352658 1764166352665
38059 942062792 1764166352691.381836 1764166352692 1764166352699
38060 942096136 1764166352724.730713 1764166352724 1764166352732
38061 942129480 1764166352758.079590 1764166352758 1764166352765
38062 942162824 1764166352791.428223 1764166352792 1764166352799
38063 942196168 1764166352824.777100 1764166352824 1764166352832
38064 942229512 1764166352858.125977 1764166352858 1764166352865
38065 942262856 1764166352891.474854 1764166352892 1764166352899
38066 942296200 1764166352924.823730 1764166352925 1764166352932
38067 942329544 1764166352958.172607 1764166352958 1764166352965
38068 942362887 1764166352991.520508 1764166352992 1764166352999
38069 942396231 1764166353024.869385 1764166353025 1764166353032
38070 942429575 1764166353058.218262 1764166353058 1764166353065
38071 942462919 1764166353091.567383 1764166353092 1764166353099
38072 942496263 1764166353124.916260 1764166353125 1764166353132
38073 942529607 1764166353158.265137 1764166353159 1764166353166
38074 942562951 1764166353191.614014 1764166353192 1764166353199
38075 942596295 1764166353224.963135 1764166353225 1764166353232
38076 942629639 1764166353258.312012 1764166353259 1764166353266
38077 942662983 1764166353291.660889 1764166353291 1764166353299
38078 942696327 1764166353325.010010 1764166353325 1764166353332
38079 942729671 1764166353358.358887 1764166353359 1764166353366
38080 942763015 1764166353391.708008 1764166353391 1764166353399
38081 942796358 1764166353425.055908 1764166353425 1764166353432
38082 942829702 1764166353458.405029 1764166353459 1764166353466
38083 942863046 1764166353491.753906 1764166353491 1764166353499
38084 942896390 1764166353525.103027 1764166353525 1764166353532
38085 942929734 1764166353558.451904 1764166353559 1764166353566
38086 942963078 1764166353591.801025 1764166353591 1764166353599
38087 942996422 1764166353625.152832 1764166353625 1764166353632
38088 943029766 1764166353658.504639 1764166353659 1764166353666
38089 943063110 1764166353691.856445 1764166353691 1764166353699
38090 943096454 1764166353725.208496 1764166353725 1764166353732
38091 943129798 1764166353758.560547 1764166353759 1764166353766
38092 943163142 1764166353791.912842 1764166353792 1764166353799
38093 943196486 1764166353825.264893 1764166353825 1764166353832
38094 943229830 1764166353858.617188 1764166353859 1764166353866
38095 943263173 1764166353891.968506 1764166353892 1764166353899
38096 943296517 1764166353925.321045 1764166353925 1764166353932
38097 943329861 1764166353958.673340 1764166353958 1764166353966
38098 943363205 1764166353992.026123 1764166353992 1764166353999
38099 943396549 1764166354025.378662 1764166354026 1764166354033
38100 943429893 1764166354058.731445 1764166354059 1764166354066
38101 943463237 1764166354092.084229 1764166354092 1764166354099
38102 943496581 1764166354125.437012 1764166354126 1764166354133
38103 943529925 1764166354158.789795 1764166354158 1764166354166
38104 943563269 1764166354192.142822 1764166354192 1764166354199
38105 943596613 1764166354225.495850 1764166354226 1764166354233
38106 943629957 1764166354258.849121 1764166354258 1764166354266
38107 943663301 1764166354292.202148 1764166354292 1764166354299
38108 943696644 1764166354325.554443 1764166354326 1764166354333
38109 943729988 1764166354358.907959 1764166354358 1764166354366
38110 943763332 1764166354392.261230 1764166354392 1764166354399
38111 943796676 1764166354425.614746 1764166354426 1764166354433
38112 943830020 1764166354458.968262 1764166354458 1764166354466
38113 943863364 1764166354492.322021 1764166354492 1764166354499
38114 943896708 1764166354525.675781 1764166354525 1764166354534
38115 943930052 1764166354559.029541 1764166354559 1764166354566
38116 943963396 1764166354592.383301 1764166354592 1764166354599
38117 943996740 1764166354625.730469 1764166354626 1764166354633
38118 944030084 1764166354659.077637 1764166354659 1764166354666
38119 944063428 1764166354692.424805 1764166354692 1764166354702
38120 944096772 1764166354725.771973 1764166354726 1764166354733
38121 944130115 1764166354759.118164 1764166354759 1764166354766
38122 944163459 1764166354792.465332 1764166354792 1764166354799
38123 944196803 1764166354825.812500 1764166354826 1764166354833
38124 944230147 1764166354859.159668 1764166354859 1764166354866
38125 944263491 1764166354892.506836 1764166354893 1764166354900
38126 944296835 1764166354925.854248 1764166354925 1764166354933
38127 944330179 1764166354959.201416 1764166354959 1764166354966
38128 944363523 1764166354992.548584 1764166354993 1764166355000
38129 944396867 1764166355025.895752 1764166355025 1764166355033
38130 944430211 1764166355059.242920 1764166355059 1764166355066
38131 944463555 1764166355092.590332 1764166355093 1764166355100
38132 944496899 1764166355125.937500 1764166355125 1764166355133
38133 944530243 1764166355159.284668 1764166355159 1764166355166
38134 944563587 1764166355192.632080 1764166355193 1764166355200
38135 944596930 1764166355225.978271 1764166355225 1764166355233
38136 944630274 1764166355259.325439 1764166355259 1764166355266
38137 944663618 1764166355292.672852 1764166355292 1764166355300
38138 944696962 1764166355326.020020 1764166355325 1764166355333
38139 944730306 1764166355359.367432 1764166355359 1764166355366
38140 944763650 1764166355392.714600 1764166355393 1764166355400
38141 944796994 1764166355426.061768 1764166355426 1764166355433
38142 944830338 1764166355459.409180 1764166355459 1764166355466
38143 944863682 1764166355492.756348 1764166355493 1764166355500
38144 944897026 1764166355526.103760 1764166355526 1764166355533
38145 944930370 1764166355559.451172 1764166355559 1764166355566
38146 944963714 1764166355592.798340 1764166355593 1764166355600
38147 944997058 1764166355626.144775 1764166355626 1764166355633
38148 945030401 1764166355659.490479 1764166355659 1764166355670
38149 945063745 1764166355692.836914 1764166355693 1764166355700
38150 945097089 1764166355726.183350 1764166355726 1764166355733
38151 945130433 1764166355759.530029 1764166355760 1764166355767
38152 945163777 1764166355792.876465 1764166355792 1764166355800
38153 945197121 1764166355826.222900 1764166355826 1764166355833
38154 945230465 1764166355859.569336 1764166355860 1764166355867
38155 945263809 1764166355892.915771 1764166355892 1764166355900
38156 945297153 1764166355926.262451 1764166355926 1764166355933
38157 945330497 1764166355959.608887 1764166355960 1764166355967
38158 945363841 1764166355992.955322 1764166355992 1764166356000
38159 945397185 1764166356026.301758 1764166356026 1764166356033
38160 945430529 1764166356059.648193 1764166356060 1764166356067
38161 945463872 1764166356092.993652 1764166356092 1764166356100
38162 945497216 1764166356126.340088 1764166356126 1764166356133
38163 945530560 1764166356159.686523 1764166356160 1764166356167
38164 945563904 1764166356193.032959 1764166356193 1764166356200
38165 945597248 1764166356226.379395 1764166356226 1764166356233
38166 945630592 1764166356259.725830 1764166356260 1764166356267
38167 945663936 1764166356293.072266 1764166356293 1764166356300
38168 945697280 1764166356326.418701 1764166356326 1764166356333
38169 945730624 1764166356359.765137 1764166356360 1764166356367
38170 945763968 1764166356393.111572 1764166356393 1764166356400
38171 945797312 1764166356426.458008 1764166356426 1764166356433
38172 945830656 1764166356459.804443 1764166356460 1764166356467
38173 945864000 1764166356493.150879 1764166356493 1764166356500
38174 945897344 1764166356526.497314 1764166356527 1764166356534
38175 945930687 1764166356559.842773 1764166356559 1764166356567
38176 945964031 1764166356593.188965 1764166356593 1764166356600
38177 945997375 1764166356626.536377 1764166356627 1764166356634
38178 946030719 1764166356659.883789 1764166356659 1764166356667
38179 946064063 1764166356693.231201 1764166356693 1764166356700
38180 946097407 1764166356726.578613 1764166356727 1764166356734
38181 946130751 1764166356759.926270 1764166356759 1764166356767
38182 946164095 1764166356793.273682 1764166356793 1764166356800
38183 946197439 1764166356826.621094 1764166356827 1764166356834
38184 946230783 1764166356859.968506 1764166356859 1764166356867
38185 946264127 1764166356893.315918 1764166356893 1764166356900
38186 946297471 1764166356926.663330 1764166356927 1764166356934
38187 946330815 1764166356960.010742 1764166356959 1764166356967
38188 946364158 1764166356993.357178 1764166356993 1764166357000
38189 946397502 1764166357026.704590 1764166357027 1764166357034
38190 946430846 1764166357060.052002 1764166357060 1764166357067
38191 946464190 1764166357093.399414 1764166357094 1764166357101
38192 946497534 1764166357126.747070 1764166357127 1764166357134
38193 946530878 1764166357160.094482 1764166357160 1764166357167
38194 946564222 1764166357193.441895 1764166357193 1764166357200
38195 946597566 1764166357226.789307 1764166357227 1764166357234
38196 946630910 1764166357260.136719 1764166357260 1764166357267
38197 946664254 1764166357293.484375 1764166357293 1764166357301
38198 946697598 1764166357326.831787 1764166357327 1764166357334
38199 946730942 1764166357360.179199 1764166357360 1764166357367
38200 946764286 1764166357393.526611 1764166357394 1764166357401
38201 946797629 1764166357426.873047 1764166357426 1764166357434
38202 946830973 1764166357460.220703 1764166357460 1764166357467
38203 946864317 1764166357493.568115 1764166357494 1764166357501
38204 946897661 1764166357526.915527 1764166357526 1764166357534
38205 946931005 1764166357560.263184 1764166357560 1764166357567
38206 946964349 1764166357593.610596 1764166357594 1764166357601
38207 946997693 1764166357626.957275 1764166357626 1764166357634
38208 947031037 1764166357660.303955 1764166357660 1764166357667
38209 947064381 1764166357693.650635 1764166357694 1764166357701
38210 947097725 1764166357726.997314 1764166357726 1764166357734
38211 947131069 1764166357760.343750 1764166357760 1764166357767
38212 947164413 1764166357793.690430 1764166357794 1764166357801
38213 947197757 1764166357827.037109 1764166357826 1764166357834
38214 947231101 1764166357860.383789 1764166357860 1764166357867
38215 947264444 1764166357893.729492 1764166357894 1764166357901
38216 947297788 1764166357927.076172 1764166357927 1764166357934
38217 947331132 1764166357960.422607 1764166357960 1764166357967
38218 947364476 1764166357993.769287 1764166357994 1764166358001
38219 947397820 1764166358027.115967 1764166358027 1764166358034
38220 947431164 1764166358060.462646 1764166358060 1764166358067
38221 947464508 1764166358093.809326 1764166358094 1764166358101
38222 947497852 1764166358127.155762 1764166358127 1764166358134
38223 947531196 1764166358160.502441 1764166358161 1764166358168
38224 947564540 1764166358193.849121 1764166358194 1764166358201
38225 947597884 1764166358227.195801 1764166358227 1764166358234
38226 947631228 1764166358260.542236 1764166358261 1764166358268
38227 947664572 1764166358293.888916 1764166358293 1764166358301
38228 947697915 1764166358327.234619 1764166358327 1764166358334
38229 947731259 1764166358360.581055 1764166358361 1764166358368
38230 947764603 1764166358393.927734 1764166358393 1764166358401
38231 947797947 1764166358427.274414 1764166358427 1764166358434
38232 947831291 1764166358460.620850 1764166358461 1764166358468
38233 947864635 1764166358493.967529 1764166358493 1764166358501
38234 947897979 1764166358527.314209 1764166358527 1764166358534
38235 947931323 1764166358560.660645 1764166358561 1764166358568
38236 947964667 1764166358594.007324 1764166358593 1764166358601
38237 947998011 1764166358627.354004 1764166358627 1764166358634
38238 948031355 1764166358660.700684 1764166358660 1764166358668
38239 948064699 1764166358694.047119 1764166358694 1764166358701
38240 948098043 1764166358727.393799 1764166358728 1764166358735
38241 948131386 1764166358760.739502 1764166358761 1764166358772
38242 948164730 1764166358794.085938 1764166358794 1764166358801
38243 948198074 1764166358827.432617 1764166358827 1764166358834
38244 948231418 1764166358860.779297 1764166358861 1764166358868
38245 948264762 1764166358894.125977 1764166358894 1764166358901
38246 948298106 1764166358927.472412 1764166358928 1764166358935
38247 948331450 1764166358960.819092 1764166358961 1764166358968
38248 948364794 1764166358994.165527 1764166358994 1764166359001
38249 948398138 1764166359027.512207 1764166359028 1764166359035
38250 948431482 1764166359060.858887 1764166359060 1764166359068
38251 948464826 1764166359094.205322 1764166359094 1764166359101
38252 948498170 1764166359127.552002 1764166359128 1764166359135
38253 948531514 1764166359160.898438 1764166359160 1764166359168
38254 948564858 1764166359194.245117 1764166359194 1764166359201
38255 948598201 1764166359227.590576 1764166359228 1764166359235
38256 948631545 1764166359260.937256 1764166359260 1764166359268
38257 948664889 1764166359294.283936 1764166359295 1764166359302
38258 948698233 1764166359327.630371 1764166359328 1764166359335
38259 948731577 1764166359360.977051 1764166359360 1764166359368
38260 948764921 1764166359394.323486 1764166359394 1764166359401
38261 948798265 1764166359427.670166 1764166359428 1764166359435
38262 948831609 1764166359461.016602 1764166359460 1764166359468
38263 948864953 1764166359494.363037 1764166359494 1764166359501
38264 948898297 1764166359527.709717 1764166359528 1764166359535
38265 948931641 1764166359561.056152 1764166359561 1764166359568
38266 948964985 1764166359594.402832 1764166359594 1764166359601
