1764164555967761472 103134
1764164556001766944 103135
1764164556035749376 103136
1764164556063519584 103137
1764164556101657344 103138
1764164556135354048 103139
1764164556164523648 103140
1764164556199879264 103141
1764164556234249408 103142
1764164556267288800 103143
1764164556301803872 103144
1764164556334121440 103145
1764164556368111392 103146
1764164556401135392 103147
1764164556435205920 103148
1764164556463698816 103149
1764164556497367680 103150
1764164556532942784 103151
1764164556567638816 103152
1764164556600635776 103153
1764164556633730304 103154
1764164556668359680 103155
1764164556696058080 103156
1764164556732144704 103157
1764164556766633568 103158
1764164556801799680 103159
1764164556835158048 103160
1764164556870112000 103161
1764164556896078880 103162
1764164556930979584 103163
1764164556969071616 103164
1764164556995767232 103165
1764164557035140320 103166
1764164557074489696 103167
1764164557101533824 103168
1764164557128759264 103169
1764164557164706368 103170
1764164557199647744 103171
1764164557235525312 103172
1764164557272662912 103173
1764164557301215616 103174
1764164557329067616 103175
1764164557365433088 103176
1764164557400790176 103177
1764164557435323008 103178
1764164557464205024 103179
1764164557499910880 103180
1764164557533451232 103181
1764164557568401600 103182
1764164557600682528 103183
1764164557635756256 103184
1764164557666255264 103185
1764164557699736128 103186
1764164557733072128 103187
1764164557767969376 103188
1764164557804956032 103189
1764164557836504160 103190
1764164557868513152 103191
1764164557896229120 103192
1764164557930969504 103193
1764164557966448768 103194
1764164558005312128 103195
1764164558032777568 103196
1764164558067982272 103197
1764164558096299776 103198
1764164558131512288 103199
1764164558167599552 103200
1764164558200789152 103201
1764164558234434784 103202
1764164558267344192 103203
1764164558301501088 103204
1764164558328876512 103205
1764164558368333536 103206
1764164558398283072 103207
1764164558435067552 103208
1764164558463455136 103209
1764164558502363488 103210
1764164558530541920 103211
1764164558565453824 103212
1764164558602988992 103213
1764164558629680096 103214
1764164558664383584 103215
1764164558699516608 103216
1764164558733612640 103217
1764164558767056736 103218
1764164558799989376 103219
1764164558834408000 103220
1764164558868375776 103221
1764164558896580448 103222
1764164558930909472 103223
1764164558966549696 103224
1764164559000040192 103225
1764164559033162176 103226
1764164559069824672 103227
1764164559102694848 103228
1764164559136002304 103229
1764164559166824384 103230
1764164559201485824 103231
1764164559230952032 103232
1764164559267763744 103233
1764164559300771264 103234
1764164559335047616 103235
1764164559363316480 103236
1764164559401603712 103237
1764164559431525376 103238
1764164559467311712 103239
1764164559500727488 103240
1764164559530793120 103241
1764164559566457952 103242
1764164559600248576 103243
1764164559633811808 103244
1764164559666522944 103245
1764164559700912128 103246
1764164559733992288 103247
1764164559771948896 103248
1764164559810487456 103249
1764164559857254688 103250
1764164559878584352 103251
1764164559899611776 103252
1764164559937800992 103253
1764164559970058080 103254
1764164560000885216 103255
1764164560034424000 103256
1764164560071425824 103257
1764164560100582784 103258
1764164560135564544 103259
1764164560162474272 103260
1764164560199580800 103261
1764164560235346048 103262
1764164560263479008 103263
1764164560299776608 103264
1764164560332473920 103265
1764164560370510848 103266
1764164560406551328 103267
1764164560434446688 103268
1764164560463837632 103269
1764164560499771712 103270
1764164560533277600 103271
1764164560566239584 103272
1764164560599337920 103273
1764164560632427936 103274
1764164560669071776 103275
1764164560695206848 103276
1764164560732483008 103277
1764164560766694944 103278
1764164560799647776 103279
1764164560832769344 103280
1764164560869001280 103281
1764164560894630784 103282
1764164560936336704 103283
1764164560968547872 103284
1764164561004897056 103285
1764164561032631264 103286
1764164561069224544 103287
1764164561096889664 103288
1764164561131378496 103289
1764164561166133248 103290
1764164561199635232 103291
1764164561235992384 103292
1764164561267622112 103293
1764164561295922592 103294
1764164561331274400 103295
1764164561365568704 103296
1764164561402667456 103297
1764164561429735808 103298
1764164561465613120 103299
1764164561499444672 103300
1764164561534002176 103301
1764164561565499520 103302
1764164561599365440 103303
1764164561640088032 103304
1764164561667692736 103305
1764164561698078144 103306
1764164561731768128 103307
1764164561766344480 103308
1764164561799245088 103309
1764164561834462496 103310
1764164561863606784 103311
1764164561898423872 103312
1764164561932770112 103313
1764164561966190656 103314
1764164561999897440 103315
1764164562033113920 103316
1764164562065958400 103317
1764164562101895680 103318
1764164562128268032 103319
1764164562164633664 103320
1764164562203223424 103321
1764164562230087488 103322
1764164562266458912 103323
1764164562301919200 103324
1764164562327803904 103325
1764164562363375712 103326
1764164562400780224 103327
1764164562428422912 103328
1764164562468546944 103329
1764164562501917984 103330
1764164562531546784 103331
1764164562566665632 103332
1764164562595061472 103333
1764164562629884608 103334
1764164562668575136 103335
1764164562703231264 103336
1764164562738909600 103337
1764164562768323520 103338
1764164562795428704 103339
1764164562829411616 103340
1764164562865170368 103341
1764164562899184992 103342
1764164562932153600 103343
1764164562966199424 103344
1764164562998855360 103345
1764164563032338432 103346
1764164563069232416 103347
1764164563098584832 103348
1764164563132991296 103349
1764164563165589472 103350
1764164563199131680 103351
1764164563231430432 103352
1764164563269128832 103353
1764164563295775712 103354
1764164563331573824 103355
1764164563366856672 103356
1764164563398459168 103357
1764164563431943584 103358
1764164563470116096 103359
1764164563495178656 103360
1764164563529737408 103361
1764164563565992384 103362
1764164563595025024 103363
1764164563630626816 103364
1764164563666526976 103365
1764164563695138688 103366
1764164563737874848 103367
1764164563764525824 103368
1764164563798241344 103369
1764164563834447072 103370
1764164563863006528 103371
1764164563897833376 103372
1764164563931351136 103373
1764164563967828064 103374
1764164563994050848 103375
1764164564028577632 103376
1764164564071184544 103377
1764164564102066528 103378
1764164564130725984 103379
1764164564169519296 103380
1764164564193919584 103381
1764164564232495264 103382
1764164564269387616 103383
1764164564294907136 103384
1764164564335800032 103385
1764164564360508576 103386
1764164564399631840 103387
1764164564431031232 103388
1764164564465895712 103389
1764164564494518592 103390
1764164564534770080 103391
1764164564565027712 103392
1764164564598444672 103393
1764164564626841536 103394
1764164564668139616 103395
1764164564694757824 103396
1764164564731750944 103397
1764164564766298880 103398
1764164564794490560 103399
1764164564832372416 103400
1764164564867664992 103401
1764164564904088896 103402
1764164564931306432 103403
1764164564969729664 103404
1764164564994928896 103405
1764164565036247488 103406
1764164565065473024 103407
1764164565099300832 103408
1764164565131897088 103409
1764164565169635232 103410
1764164565195909184 103411
1764164565230157536 103412
1764164565265184512 103413
1764164565298426080 103414
1764164565331715808 103415
1764164565364726272 103416
1764164565398155264 103417
1764164565432686432 103418
1764164565467009504 103419
1764164565493644160 103420
1764164565527649216 103421
1764164565562824736 103422
1764164565603484992 103423
1764164565636980800 103424
1764164565675491680 103425
1764164565697662976 103426
1764164565730290112 103427
1764164565766626176 103428
1764164565794118880 103429
1764164565837959776 103430
1764164565864129312 103431
1764164565898733856 103432
1764164565931219712 103433
1764164565969828640 103434
1764164566000566784 103435
1764164566028978784 103436
1764164566068799456 103437
1764164566095280992 103438
1764164566131485312 103439
1764164566168347168 103440
1764164566194658016 103441
1764164566229445952 103442
1764164566263560064 103443
1764164566299367008 103444
1764164566327111232 103445
1764164566362884000 103446
1764164566398363776 103447
1764164566432071744 103448
1764164566462616384 103449
1764164566499169504 103450
1764164566532445728 103451
1764164566568839904 103452
1764164566593125408 103453
1764164566629162240 103454
1764164566664582432 103455
1764164566699016512 103456
1764164566732789184 103457
1764164566761689856 103458
1764164566803635680 103459
1764164566836503456 103460
1764164566863926336 103461
1764164566905126656 103462
1764164566930737568 103463
1764164566963882080 103464
1764164566999115104 103465
1764164567032568960 103466
1764164567060216064 103467
1764164567098443392 103468
1764164567131699456 103469
1764164567164681888 103470
1764164567198625824 103471
1764164567231694432 103472
1764164567260395616 103473
1764164567295438208 103474
1764164567335456352 103475
1764164567364188608 103476
1764164567403301408 103477
1764164567430915680 103478
1764164567464971040 103479
1764164567497538592 103480
1764164567530889664 103481
1764164567564739904 103482
1764164567597907232 103483
1764164567631399648 103484
1764164567664661536 103485
1764164567702482400 103486
1764164567738306208 103487
1764164567764323872 103488
1764164567798487616 103489
1764164567835736544 103490
1764164567860128352 103491
1764164567897686848 103492
1764164567931537856 103493
1764164567959786048 103494
1764164567999019520 103495
1764164568028149216 103496
1764164568063939072 103497
1764164568098517088 103498
1764164568129352384 103499
1764164568164118048 103500
1764164568197242944 103501
1764164568230727808 103502
1764164568269485152 103503
1764164568306130080 103504
1764164568335056640 103505
1764164568372695936 103506
1764164568398770336 103507
1764164568434762560 103508
1764164568463621344 103509
1764164568499303904 103510
1764164568530465504 103511
1764164568563581728 103512
1764164568595907712 103513
1764164568634295456 103514
1764164568660319296 103515
1764164568697014688 103516
1764164568732359872 103517
1764164568760358816 103518
1764164568799375136 103519
1764164568826696480 103520
1764164568862159520 103521
1764164568896415360 103522
1764164568930730176 103523
1764164568967301952 103524
1764164568999558496 103525
1764164569032077216 103526
1764164569059510464 103527
1764164569094426272 103528
1764164569134319680 103529
1764164569159352672 103530
1764164569195365088 103531
1764164569229555264 103532
1764164569264952384 103533
1764164569293337984 103534
1764164569353458912 103535
1764164569369735872 103536
1764164569400773248 103537
1764164569427801248 103538
1764164569463961504 103539
1764164569500639072 103540
1764164569527592576 103541
1764164569566476896 103542
1764164569593458272 103543
1764164569630456768 103544
1764164569664965440 103545
1764164569692173216 103546
1764164569735639808 103547
1764164569763338752 103548
1764164569798839168 103549
1764164569829365792 103550
1764164569870169504 103551
1764164569906862144 103552
1764164569936051840 103553
1764164569966733376 103554
1764164570015040384 103555
1764164570043682144 103556
1764164570062699840 103557
1764164570104429024 103558
1764164570134482336 103559
1764164570164540160 103560
1764164570196902784 103561
1764164570230077664 103562
1764164570263988192 103563
1764164570296903584 103564
1764164570331669824 103565
1764164570364165792 103566
1764164570403791840 103567
1764164570430610208 103568
1764164570463516864 103569
1764164570496582784 103570
1764164570536387648 103571
1764164570563030624 103572
1764164570597624032 103573
1764164570630475008 103574
1764164570659467904 103575
1764164570694882848 103576
1764164570731183680 103577
1764164570762865824 103578
1764164570803016800 103579
1764164570829690912 103580
1764164570864272736 103581
1764164570896780544 103582
1764164570936354016 103583
1764164570963201728 103584
1764164570997501920 103585
1764164571025311968 103586
1764164571067358240 103587
1764164571092103424 103588
1764164571129145376 103589
1764164571164644000 103590
1764164571191942880 103591
1764164571230465920 103592
1764164571259353536 103593
1764164571298844064 103594
1764164571324918592 103595
1764164571359988896 103596
1764164571401066912 103597
1764164571427972480 103598
1764164571463076416 103599
1764164571499194624 103600
1764164571525930880 103601
1764164571569754816 103602
1764164571596668064 103603
1764164571626810592 103604
1764164571663550688 103605
1764164571699326688 103606
1764164571727921280 103607
1764164571761969920 103608
1764164571804317440 103609
1764164571829371200 103610
1764164571864855040 103611
1764164571893326496 103612
1764164571929912800 103613
1764164571964404384 103614
1764164571991807808 103615
1764164572038669824 103616
1764164572074277888 103617
1764164572102126432 103618
1764164572129887104 103619
1764164572163528384 103620
1764164572193635872 103621
1764164572228950752 103622
1764164572263050912 103623
1764164572303144608 103624
1764164572329172352 103625
1764164572363403712 103626
1764164572398596640 103627
1764164572426747072 103628
1764164572464200832 103629
1764164572491203840 103630
1764164572527571136 103631
1764164572563554048 103632
1764164572593435680 103633
1764164572631125024 103634
1764164572663536000 103635
1764164572698025440 103636
1764164572725188576 103637
1764164572776459456 103638
1764164572795511456 103639
1764164572835248864 103640
1764164572863462560 103641
1764164572897633280 103642
1764164572924326272 103643
1764164572961452704 103644
1764164572997250432 103645
1764164573024612704 103646
1764164573060615904 103647
1764164573096579392 103648
1764164573133169952 103649
1764164573169567744 103650
1764164573196477216 103651
1764164573233301760 103652
1764164573261379104 103653
1764164573294941568 103654
1764164573337479488 103655
1764164573364361056 103656
1764164573399764064 103657
1764164573426154240 103658
1764164573460667744 103659
1764164573496041312 103660
1764164573530176928 103661
1764164573567263840 103662
1764164573592088320 103663
1764164573626849184 103664
1764164573661250304 103665
1764164573696246144 103666
1764164573731983360 103667
1764164573764593056 103668
1764164573793137536 103669
1764164573825578432 103670
1764164573859939744 103671
1764164573895323360 103672
1764164573931955360 103673
1764164573958027872 103674
1764164573994250208 103675
1764164574031805568 103676
1764164574067346592 103677
1764164574093634816 103678
1764164574127268224 103679
1764164574162511616 103680
1764164574196698816 103681
1764164574228567008 103682
1764164574263323488 103683
1764164574299129952 103684
1764164574331091104 103685
1764164574360371168 103686
1764164574394580768 103687
1764164574429404192 103688
1764164574468660160 103689
1764164574495939808 103690
1764164574532317184 103691
1764164574558502336 103692
1764164574593462752 103693
1764164574629077600 103694
1764164574663842848 103695
1764164574700523040 103696
1764164574724963456 103697
1764164574763130080 103698
1764164574798872896 103699
1764164574824610880 103700
1764164574870724160 103701
1764164574906378944 103702
1764164574930438848 103703
1764164574960233984 103704
1764164575002673216 103705
1764164575032195456 103706
1764164575059871680 103707
1764164575094490720 103708
1764164575129581728 103709
1764164575163688864 103710
1764164575191429408 103711
1764164575226214528 103712
1764164575261242016 103713
1764164575299372320 103714
1764164575325445952 103715
1764164575368841728 103716
1764164575400299808 103717
1764164575449666880 103718
1764164575472685376 103719
1764164575496048992 103720
1764164575529296160 103721
1764164575563807936 103722
1764164575591650912 103723
1764164575631386304 103724
1764164575660144992 103725
1764164575700941312 103726
1764164575733890464 103727
1764164575761778400 103728
1764164575798088352 103729
1764164575829668576 103730
1764164575862856192 103731
1764164575892021248 103732
1764164575928288800 103733
1764164575962869408 103734
1764164575991577984 103735
1764164576029058720 103736
1764164576062658400 103737
1764164576103038656 103738
1764164576130207168 103739
1764164576167469920 103740
1764164576192132160 103741
1764164576233501568 103742
1764164576257575200 103743
1764164576293794176 103744
1764164576327387904 103745
1764164576361959232 103746
1764164576395083136 103747
1764164576428870336 103748
1764164576463647936 103749
1764164576490769088 103750
1764164576524948032 103751
1764164576561384992 103752
1764164576601434144 103753
1764164576628019488 103754
1764164576662908288 103755
1764164576701266144 103756
1764164576727850784 103757
1764164576762891040 103758
1764164576802191904 103759
1764164576833175328 103760
1764164576860531936 103761
1764164576903776960 103762
1764164576927744064 103763
1764164576958850272 103764
1764164576999646976 103765
1764164577027898592 103766
1764164577061713024 103767
1764164577095682944 103768
1764164577131461280 103769
1764164577163887616 103770
1764164577191259712 103771
1764164577228245536 103772
1764164577269729888 103773
1764164577292303040 103774
1764164577327531392 103775
1764164577362680896 103776
1764164577398442336 103777
1764164577424171840 103778
1764164577460584256 103779
1764164577494708864 103780
1764164577532505792 103781
1764164577557253600 103782
1764164577598209504 103783
1764164577623984320 103784
1764164577659454944 103785
1764164577694504480 103786
1764164577728285056 103787
1764164577766800864 103788
1764164577799565312 103789
1764164577824316672 103790
1764164577861094944 103791
1764164577898801408 103792
1764164577925328736 103793
1764164577967359264 103794
1764164577994773504 103795
1764164578028864352 103796
1764164578061915616 103797
1764164578105743456 103798
1764164578139620288 103799
1764164578161579008 103800
1764164578206060384 103801
1764164578229412448 103802
1764164578257400448 103803
1764164578293841280 103804
1764164578334067808 103805
1764164578360753920 103806
1764164578399273664 103807
1764164578424023168 103808
1764164578463477184 103809
1764164578491298848 103810
1764164578526680320 103811
1764164578574557824 103812
1764164578597735488 103813
1764164578623039072 103814
1764164578660480576 103815
1764164578695547072 103816
1764164578731075584 103817
1764164578758671456 103818
1764164578793514592 103819
1764164578830825632 103820
1764164578863023104 103821
1764164578891469088 103822
1764164578930494272 103823
1764164578957094528 103824
1764164578993126816 103825
1764164579027094880 103826
1764164579062992448 103827
1764164579092326112 103828
1764164579134165856 103829
1764164579166829504 103830
1764164579193955680 103831
1764164579230017504 103832
1764164579256220800 103833
1764164579296179360 103834
1764164579324011008 103835
1764164579359782912 103836
1764164579395472384 103837
1764164579430858464 103838
1764164579457202432 103839
1764164579493423840 103840
1764164579527809376 103841
1764164579566510336 103842
1764164579594720768 103843
1764164579635734720 103844
1764164579661167584 103845
1764164579695149216 103846
1764164579728097152 103847
1764164579769986144 103848
1764164579796307200 103849
1764164579824363840 103850
1764164579862486880 103851
1764164579891675392 103852
1764164579922873952 103853
1764164579959507712 103854
1764164579993325920 103855
1764164580036584832 103856
1764164580060297728 103857
1764164580095173376 103858
1764164580137095232 103859
1764164580160334496 103860
1764164580194142560 103861
1764164580232698368 103862
1764164580258448320 103863
1764164580294019168 103864
1764164580328028480 103865
1764164580357120544 103866
1764164580394319648 103867
1764164580429223360 103868
1764164580455252928 103869
1764164580494444960 103870
1764164580534214784 103871
1764164580560966848 103872
1764164580596266592 103873
1764164580623953856 103874
1764164580661096704 103875
1764164580700250240 103876
1764164580727034080 103877
1764164580761696416 103878
1764164580795918720 103879
1764164580828761824 103880
1764164580861817120 103881
1764164580895023200 103882
1764164580927832896 103883
1764164580966862496 103884
1764164580994841952 103885
1764164581022966688 103886
1764164581059119616 103887
1764164581095236640 103888
1764164581135402848 103889
1764164581162686560 103890
1764164581190466624 103891
1764164581228473728 103892
1764164581261051488 103893
1764164581303920960 103894
1764164581326514240 103895
1764164581363058752 103896
1764164581390374592 103897
1764164581437721344 103898
1764164581460749824 103899
1764164581501665632 103900
1764164581540956288 103901
1764164581559346304 103902
1764164581594216352 103903
1764164581627675360 103904
1764164581663961344 103905
1764164581693155040 103906
1764164581726458592 103907
1764164581760879872 103908
1764164581800814976 103909
1764164581827260064 103910
1764164581860945536 103911
1764164581903631904 103912
1764164581931441920 103913
1764164581957949408 103914
1764164581995319840 103915
1764164582023293888 103916
1764164582061313760 103917
1764164582094525056 103918
1764164582136966816 103919
1764164582160167936 103920
1764164582194324224 103921
1764164582227638176 103922
1764164582263664192 103923
1764164582291000448 103924
1764164582326056352 103925
1764164582360520352 103926
1764164582393893280 103927
1764164582428177696 103928
1764164582456325344 103929
1764164582492977152 103930
1764164582537155168 103931
1764164582560497376 103932
1764164582596390176 103933
1764164582622107936 103934
1764164582658261632 103935
1764164582693323872 103936
1764164582727205536 103937
1764164582761628832 103938
1764164582794362112 103939
1764164582828008064 103940
1764164582856109376 103941
1764164582905375776 103942
1764164582926842144 103943
1764164582962471584 103944
1764164582993364448 103945
1764164583028670272 103946
1764164583055579904 103947
1764164583091195488 103948
1764164583128403936 103949
1764164583170619296 103950
1764164583193446592 103951
1764164583230047808 103952
1764164583255561888 103953
1764164583293716480 103954
1764164583322731872 103955
1764164583359004608 103956
1764164583398491392 103957
1764164583426986080 103958
1764164583462454656 103959
1764164583495605568 103960
1764164583522465088 103961
1764164583561969824 103962
1764164583594262880 103963
1764164583627974208 103964
1764164583656371456 103965
1764164583704749024 103967
1764164583727332000 103967
1764164583770084224 103968
1764164583796822112 103969
1764164583823131168 103970
1764164583859158752 103971
1764164583894084480 103972
1764164583927356608 103973
1764164583961651328 103974
1764164583989583680 103975
1764164584024075456 103976
1764164584059368352 103977
1764164584096599360 103978
1764164584122394464 103979
1764164584160117024 103980
1764164584194469280 103981
1764164584232701472 103982
1764164584259447840 103983
1764164584294050048 103984
1764164584327808192 103985
1764164584355621760 103986
1764164584393380832 103987
1764164584433178624 103988
1764164584460432448 103989
1764164584493691744 103990
1764164584527393856 103991
1764164584561675008 103992
1764164584589349536 103993
1764164584625156000 103994
1764164584660773472 103995
1764164584694982144 103996
1764164584723425632 103997
1764164584754979872 103998
1764164584790579808 103999
1764164584826934304 104000
1764164584861202752 104001
1764164584893338784 104002
1764164584931750272 104003
1764164584957479936 104004
1764164584993283296 104005
1764164585031280160 104006
1764164585055448288 104007
1764164585099081920 104008
1764164585126461024 104009
1764164585161073472 104010
1764164585198856032 104011
1764164585226598848 104012
1764164585259414880 104013
1764164585293469728 104014
1764164585326653952 104015
1764164585356577440 104016
1764164585388306208 104017
1764164585423310688 104018
1764164585460342208 104019
1764164585493763104 104020
1764164585526865696 104021
1764164585570458912 104022
1764164585592283200 104023
1764164585625779776 104024
1764164585660253024 104025
1764164585706277472 104026
1764164585725329632 104027
1764164585760157056 104028
1764164585793583584 104029
1764164585830481440 104030
1764164585857655232 104031
1764164585892259744 104032
1764164585927629472 104033
1764164585955269632 104034
1764164585992124416 104035
1764164586026449952 104036
1764164586063425120 104037
1764164586093246848 104038
1764164586122747424 104039
1764164586158674272 104040
1764164586197408096 104041
1764164586225319584 104042
1764164586259190848 104043
1764164586288945984 104044
1764164586322721376 104045
1764164586360752928 104046
1764164586393252864 104047
1764164586428768736 104048
1764164586455300544 104049
1764164586491754560 104050
1764164586526897568 104051
1764164586560767936 104052
1764164586590976832 104053
1764164586626930272 104054
1764164586663144256 104055
1764164586690264960 104056
1764164586725871552 104057
1764164586756739328 104058
1764164586795033248 104059
1764164586823182496 104060
1764164586859612480 104061
1764164586893180224 104062
1764164586925887072 104063
1764164586960293344 104064
1764164586994247936 104065
1764164587021749344 104066
1764164587062728736 104067
1764164587088551072 104068
1764164587124775968 104069
1764164587159503744 104070
1764164587204753824 104071
1764164587226319488 104072
1764164587259261824 104073
1764164587308631968 104074
1764164587327438080 104075
1764164587355287520 104076
1764164587390026144 104077
1764164587427065312 104078
1764164587465593472 104079
1764164587493454816 104080
1764164587538017472 104081
1764164587559263200 104082
1764164587591778432 104083
1764164587627037888 104084
1764164587660581952 104085
1764164587687429024 104086
1764164587723826048 104087
1764164587761567040 104088
1764164587788948192 104089
1764164587826430400 104090
1764164587859343168 104091
1764164587893073120 104092
1764164587925801088 104093
1764164587962452288 104094
1764164587990256032 104095
1764164588025108704 104096
1764164588059454304 104097
1764164588092292960 104098
1764164588126499648 104099
1764164588162457952 104100
1764164588190833600 104101
1764164588225660288 104102
1764164588255006432 104103
1764164588291043936 104104
1764164588334457248 104105
1764164588359070944 104106
1764164588387327968 104107
1764164588421151904 104108
1764164588458857952 104109
1764164588494651968 104110
1764164588524218912 104111
1764164588565029568 104112
1764164588592358304 104113
1764164588626588224 104114
1764164588660051488 104115
1764164588693287040 104116
1764164588726427552 104117
1764164588759574880 104118
1764164588797227840 104119
1764164588824368256 104120
1764164588859356512 104121
1764164588894143072 104122
1764164588922938720 104123
1764164588965219648 104124
1764164588992003200 104125
1764164589027136896 104126
1764164589063506432 104127
1764164589088059136 104128
1764164589122775392 104129
1764164589159654848 104130
1764164589188249760 104131
1764164589223874304 104132
1764164589262744672 104133
1764164589288538496 104134
1764164589323427968 104135
1764164589359747872 104136
1764164589403516480 104137
1764164589434879712 104138
1764164589460179616 104139
1764164589493092896 104140
1764164589527518816 104141
1764164589557324256 104142
1764164589601031488 104143
1764164589627591584 104144
1764164589654557664 104145
1764164589689761248 104146
