39524 990944986 1764166401578.148926 1764166401578 1764166401585
39525 990978330 1764166401611.494385 1764166401612 1764166401619
39526 991011674 1764166401644.839844 1764166401645 1764166401652
39527 991045018 1764166401678.185303 1764166401678 1764166401685
39528 991078362 1764166401711.531738 1764166401712 1764166401719
39529 991111706 1764166401744.878418 1764166401744 1764166401752
39530 991145050 1764166401778.224854 1764166401778 1764166401785
39531 991178394 1764166401811.571289 1764166401812 1764166401819
39532 991211738 1764166401844.917725 1764166401844 1764166401852
39533 991245082 1764166401878.264160 1764166401878 1764166401885
39534 991278425 1764166401911.609619 1764166401912 1764166401919
39535 991311769 1764166401944.956055 1764166401944 1764166401952
39536 991345113 1764166401978.302490 1764166401978 1764166401985
39537 991378457 1764166402011.648926 1764166402012 1764166402019
39538 991411801 1764166402044.995361 1764166402044 1764166402052
39539 991445145 1764166402078.341797 1764166402078 1764166402086
39540 991478489 1764166402111.688232 1764166402112 1764166402119
39541 991511833 1764166402145.034668 1764166402145 1764166402152
39542 991545177 1764166402178.381104 1764166402178 1764166402185
39543 991578521 1764166402211.727539 1764166402212 1764166402219
39544 991611865 1764166402245.073975 1764166402245 1764166402252
39545 991645209 1764166402278.420410 1764166402278 1764166402285
39546 991678553 1764166402311.766846 1764166402312 1764166402319
39547 991711896 1764166402345.112305 1764166402345 1764166402352
39548 991745240 1764166402378.458740 1764166402378 1764166402385
39549 991778584 1764166402411.805176 1764166402411 1764166402419
39550 991811928 1764166402445.151611 1764166402445 1764166402452
39551 991845272 1764166402478.498047 1764166402479 1764166402486
39552 991878616 1764166402511.844482 1764166402511 1764166402519
39553 991911960 1764166402545.190674 1764166402545 1764166402552
39554 991945304 1764166402578.537109 1764166402579 1764166402586
39555 991978648 1764166402611.883545 1764166402611 1764166402619
39556 992011992 1764166402645.229980 1764166402645 1764166402652
39557 992045336 1764166402678.576416 1764166402679 1764166402686
39558 992078680 1764166402711.922607 1764166402711 1764166402719
39559 992112024 1764166402745.268799 1764166402745 1764166402752
39560 992145367 1764166402778.614014 1764166402779 1764166402786
39561 992178711 1764166402811.960205 1764166402811 1764166402819
39562 992212055 1764166402845.306396 1764166402846 1764166402853
39563 992245399 1764166402878.652832 1764166402879 1764166402886
39564 992278743 1764166402911.999023 1764166402911 1764166402919
39565 992312087 1764166402945.345215 1764166402945 1764166402952
39566 992345431 1764166402978.691406 1764166402979 1764166402986
39567 992378775 1764166403012.037598 1764166403012 1764166403019
39568 992412119 1764166403045.383789 1764166403045 1764166403052
39569 992445463 1764166403078.729980 1764166403079 1764166403086
39570 992478807 1764166403112.076172 1764166403112 1764166403119
39571 992512151 1764166403145.422119 1764166403145 1764166403152
39572 992545495 1764166403178.768311 1764166403179 1764166403186
39573 992578839 1764166403212.114502 1764166403212 1764166403219
39574 992612182 1764166403245.459717 1764166403246 1764166403253
39575 992645526 1764166403278.805908 1764166403279 1764166403286
39576 992678870 1764166403312.151855 1764166403312 1764166403319
39577 992712214 1764166403345.498047 1764166403346 1764166403353
39578 992745558 1764166403378.844238 1764166403378 1764166403386
39579 992778902 1764166403412.190186 1764166403412 1764166403419
39580 992812246 1764166403445.536377 1764166403446 1764166403453
39581 992845590 1764166403478.882568 1764166403478 1764166403486
39582 992878934 1764166403512.228516 1764166403512 1764166403519
39583 992912278 1764166403545.574707 1764166403546 1764166403553
39584 992945622 1764166403578.920654 1764166403578 1764166403586
39585 992978966 1764166403612.266846 1764166403612 1764166403619
39586 993012310 1764166403645.613037 1764166403646 1764166403653
39587 993045653 1764166403678.958008 1764166403678 1764166403686
39588 993078997 1764166403712.304443 1764166403712 1764166403719
39589 993112341 1764166403745.650635 1764166403746 1764166403753
39590 993145685 1764166403778.997070 1764166403779 1764166403786
39591 993179029 1764166403812.343506 1764166403812 1764166403819
39592 993212373 1764166403845.689697 1764166403846 1764166403853
39593 993245717 1764166403879.036133 1764166403879 1764166403886
39594 993279061 1764166403912.382324 1764166403912 1764166403919
39595 993312405 1764166403945.728760 1764166403946 1764166403953
39596 993345749 1764166403979.074951 1764166403979 1764166403986
39597 993379093 1764166404012.421387 1764166404013 1764166404020
39598 993412437 1764166404045.767578 1764166404046 1764166404053
39599 993445781 1764166404079.114014 1764166404079 1764166404086
39600 993479124 1764166404112.459229 1764166404113 1764166404120
39601 993512468 1764166404145.805664 1764166404145 1764166404153
39602 993545812 1764166404179.151855 1764166404180 1764166404187
39603 993579156 1764166404212.498291 1764166404213 1764166404220
39604 993612500 1764166404245.844482 1764166404245 1764166404253
39605 993645844 1764166404279.190674 1764166404279 1764166404286
39606 993679188 1764166404312.537109 1764166404313 1764166404320
39607 993712532 1764166404345.883301 1764166404345 1764166404353
39608 993745876 1764166404379.229492 1764166404379 1764166404386
39609 993779220 1764166404412.575684 1764166404413 1764166404420
39610 993812564 1764166404445.922119 1764166404445 1764166404453
39611 993845908 1764166404479.268311 1764166404479 1764166404486
39612 993879252 1764166404512.614502 1764166404513 1764166404520
39613 993912596 1764166404545.960693 1764166404545 1764166404553
39614 993945939 1764166404579.305908 1764166404579 1764166404586
39615 993979283 1764166404612.652100 1764166404613 1764166404620
39616 994012627 1764166404645.998535 1764166404646 1764166404653
39617 994045971 1764166404679.344727 1764166404679 1764166404686
39618 994079315 1764166404712.690918 1764166404713 1764166404720
39619 994112659 1764166404746.037354 1764166404746 1764166404753
39620 994146003 1764166404779.383545 1764166404779 1764166404786
39621 994179347 1764166404812.729980 1764166404813 1764166404820
39622 994212691 1764166404846.076172 1764166404846 1764166404853
39623 994246035 1764166404879.422607 1764166404880 1764166404887
39624 994279379 1764166404912.768799 1764166404913 1764166404920
39625 994312723 1764166404946.114990 1764166404946 1764166404953
39626 994346067 1764166404979.461426 1764166404980 1764166404987
39627 994379410 1764166405012.806641 1764166405012 1764166405020
39628 994412754 1764166405046.152832 1764166405046 1764166405053
39629 994446098 1764166405079.499023 1764166405080 1764166405087
39630 994479442 1764166405112.845459 1764166405112 1764166405120
39631 994512786 1764166405146.191650 1764166405146 1764166405153
39632 994546130 1764166405179.537842 1764166405180 1764166405187
39633 994579474 1764166405212.884033 1764166405212 1764166405220
39634 994612818 1764166405246.230225 1764166405246 1764166405253
39635 994646162 1764166405279.576416 1764166405280 1764166405287
39636 994679506 1764166405312.922607 1764166405312 1764166405320
39637 994712850 1764166405346.268799 1764166405346 1764166405353
39638 994746194 1764166405379.614990 1764166405380 1764166405387
39639 994779538 1764166405412.961182 1764166405413 1764166405420
39640 994812881 1764166405446.306396 1764166405446 1764166405453
39641 994846225 1764166405479.652588 1764166405480 1764166405487
39642 994879569 1764166405512.998779 1764166405513 1764166405520
39643 994912913 1764166405546.344971 1764166405546 1764166405553
39644 994946257 1764166405579.691162 1764166405580 1764166405587
39645 994979601 1764166405613.037354 1764166405613 1764166405620
39646 995012945 1764166405646.383301 1764166405646 1764166405653
39647 995046289 1764166405679.729492 1764166405680 1764166405687
39648 995079633 1764166405713.075928 1764166405713 1764166405720
39649 995112977 1764166405746.422119 1764166405747 1764166405754
39650 995146321 1764166405779.768555 1764166405779 1764166405787
39651 995179665 1764166405813.114746 1764166405813 1764166405820
39652 995213009 1764166405846.461182 1764166405847 1764166405854
39653 995246353 1764166405879.807373 1764166405879 1764166405887
39654 995279696 1764166405913.152588 1764166405913 1764166405920
39655 995313040 1764166405946.499023 1764166405947 1764166405954
39656 995346384 1764166405979.845215 1764166405979 1764166405987
39657 995379728 1764166406013.191406 1764166406013 1764166406020
39658 995413072 1764166406046.537842 1764166406047 1764166406054
39659 995446416 1764166406079.884033 1764166406079 1764166406087
39660 995479760 1764166406113.230225 1764166406114 1764166406121
39661 995513104 1764166406146.576416 1764166406147 1764166406154
39662 995546448 1764166406179.922607 1764166406180 1764166406187
39663 995579792 1764166406213.269043 1764166406213 1764166406220
39664 995613136 1764166406246.615234 1764166406247 1764166406254
39665 995646480 1764166406279.961426 1764166406280 1764166406287
39666 995679824 1764166406313.307617 1764166406313 1764166406320
39667 995713167 1764166406346.652832 1764166406347 1764166406354
39668 995746511 1764166406379.999023 1764166406380 1764166406387
39669 995779855 1764166406413.345215 1764166406413 1764166406420
39670 995813199 1764166406446.691406 1764166406447 1764166406454
39671 995846543 1764166406480.037354 1764166406480 1764166406487
39672 995879887 1764166406513.383545 1764166406514 1764166406521
39673 995913231 1764166406546.729736 1764166406546 1764166406554
39674 995946575 1764166406580.075928 1764166406580 1764166406587
39675 995979919 1764166406613.422119 1764166406614 1764166406621
39676 996013263 1764166406646.768311 1764166406646 1764166406654
39677 996046607 1764166406680.114258 1764166406680 1764166406687
39678 996079951 1764166406713.460449 1764166406714 1764166406721
39679 996113295 1764166406746.806641 1764166406746 1764166406754
39680 996146638 1764166406780.151855 1764166406781 1764166406788
39681 996179982 1764166406813.497803 1764166406814 1764166406821
39682 996213326 1764166406846.843994 1764166406846 1764166406854
39683 996246670 1764166406880.190186 1764166406880 1764166406887
39684 996280014 1764166406913.536133 1764166406914 1764166406921
39685 996313358 1764166406946.882324 1764166406946 1764166406954
39686 996346702 1764166406980.228516 1764166406980 1764166406987
39687 996380046 1764166407013.574463 1764166407014 1764166407021
39688 996413390 1764166407046.920654 1764166407047 1764166407054
39689 996446734 1764166407080.266602 1764166407080 1764166407087
39690 996480078 1764166407113.612793 1764166407114 1764166407121
39691 996513422 1764166407146.958740 1764166407147 1764166407154
39692 996546766 1764166407180.304688 1764166407180 1764166407187
39693 996580110 1764166407213.650879 1764166407214 1764166407221
39694 996613453 1764166407246.995850 1764166407247 1764166407254
39695 996646797 1764166407280.341797 1764166407280 1764166407287
39696 996680141 1764166407313.687988 1764166407313 1764166407321
39697 996713485 1764166407347.033936 1764166407347 1764166407354
39698 996746829 1764166407380.379883 1764166407381 1764166407388
39699 996780173 1764166407413.725830 1764166407414 1764166407421
39700 996813517 1764166407447.071777 1764166407447 1764166407454
39701 996846861 1764166407480.417969 1764166407481 1764166407488
39702 996880205 1764166407513.763916 1764166407513 1764166407521
39703 996913549 1764166407547.109863 1764166407547 1764166407554
39704 996946893 1764166407580.455811 1764166407581 1764166407588
39705 996980237 1764166407613.801758 1764166407613 1764166407621
39706 997013581 1764166407647.147705 1764166407647 1764166407654
39707 997046924 1764166407680.492676 1764166407681 1764166407688
39708 997080268 1764166407713.839111 1764166407713 1764166407721
39709 997113612 1764166407747.185059 1764166407747 1764166407754
39710 997146956 1764166407780.531006 1764166407781 1764166407788
39711 997180300 1764166407813.876953 1764166407813 1764166407821
39712 997213644 1764166407847.222900 1764166407847 1764166407854
39713 997246988 1764166407880.568848 1764166407881 1764166407888
39714 997280332 1764166407913.914795 1764166407914 1764166407921
39715 997313676 1764166407947.260742 1764166407947 1764166407954
39716 997347020 1764166407980.606445 1764166407981 1764166407988
39717 997380364 1764166408013.952393 1764166408014 1764166408021
39718 997413708 1764166408047.298340 1764166408047 1764166408054
39719 997447052 1764166408080.644287 1764166408081 1764166408088
39720 997480395 1764166408113.989014 1764166408114 1764166408121
39721 997513739 1764166408147.334961 1764166408148 1764166408155
39722 997547083 1764166408180.680908 1764166408181 1764166408188
39723 997580427 1764166408214.026611 1764166408214 1764166408221
39724 997613771 1764166408247.372559 1764166408248 1764166408255
39725 997647115 1764166408280.718262 1764166408280 1764166408288
39726 997680459 1764166408314.064209 1764166408314 1764166408321
39727 997713803 1764166408347.409912 1764166408348 1764166408355
39728 997747147 1764166408380.755859 1764166408380 1764166408388
39729 997780491 1764166408414.101562 1764166408414 1764166408421
39730 997813835 1764166408447.447266 1764166408448 1764166408455
39731 997847179 1764166408480.793213 1764166408480 1764166408488
39732 997880523 1764166408514.138916 1764166408514 1764166408521
39733 997913867 1764166408547.484619 1764166408548 1764166408555
39734 997947210 1764166408580.829346 1764166408580 1764166408588
39735 997980554 1764166408614.175293 1764166408614 1764166408621
39736 998013898 1764166408647.520996 1764166408648 1764166408656
39737 998047242 1764166408680.866699 1764166408682 1764166408690
39738 998080586 1764166408714.212402 1764166408715 1764166408723
39739 998113930 1764166408747.558594 1764166408748 1764166408755
39740 998147274 1764166408780.904541 1764166408781 1764166408788
39741 998180618 1764166408814.250732 1764166408814 1764166408821
39742 998213962 1764166408847.596924 1764166408847 1764166408855
39743 998247306 1764166408880.943115 1764166408881 1764166408888
39744 998280650 1764166408914.289062 1764166408914 1764166408921
39745 998313994 1764166408947.635254 1764166408948 1764166408955
39746 998347338 1764166408980.981201 1764166408981 1764166408988
39747 998380681 1764166409014.326416 1764166409015 1764166409022
39748 998414025 1764166409047.672363 1764166409048 1764166409055
39749 998447369 1764166409081.018555 1764166409081 1764166409090
39750 998480713 1764166409114.364502 1764166409115 1764166409122
39751 998514057 1764166409147.710693 1764166409147 1764166409155
39752 998547401 1764166409181.056641 1764166409181 1764166409188
39753 998580745 1764166409214.402832 1764166409215 1764166409222
39754 998614089 1764166409247.748779 1764166409247 1764166409255
39755 998647433 1764166409281.094727 1764166409281 1764166409288
39756 998680777 1764166409314.440918 1764166409315 1764166409322
39757 998714121 1764166409347.786865 1764166409347 1764166409355
39758 998747465 1764166409381.132812 1764166409381 1764166409388
39759 998780809 1764166409414.478760 1764166409415 1764166409422
39760 998814152 1764166409447.823730 1764166409447 1764166409455
39761 998847496 1764166409481.169678 1764166409481 1764166409488
39762 998880840 1764166409514.515869 1764166409515 1764166409522
39763 998914184 1764166409547.861816 1764166409548 1764166409555
39764 998947528 1764166409581.207764 1764166409581 1764166409588
39765 998980872 1764166409614.553711 1764166409615 1764166409622
39766 999014216 1764166409647.899658 1764166409648 1764166409655
39767 999047560 1764166409681.245605 1764166409682 1764166409689
39768 999080904 1764166409714.591553 1764166409715 1764166409722
39769 999114248 1764166409747.942383 1764166409748 1764166409755
39770 999147592 1764166409781.293457 1764166409782 1764166409789
39771 999180936 1764166409814.644531 1764166409814 1764166409822
39772 999214280 1764166409847.995605 1764166409848 1764166409855
39773 999247624 1764166409881.346924 1764166409882 1764166409891
39774 999280967 1764166409914.697021 1764166409914 1764166409922
39775 999314311 1764166409948.048340 1764166409949 1764166409958
39776 999347655 1764166409981.399658 1764166409982 1764166409989
39777 999380999 1764166410014.751221 1764166410014 1764166410022
39778 999414343 1764166410048.102783 1764166410048 1764166410055
39779 999447687 1764166410081.454102 1764166410082 1764166410089
39780 999481031 1764166410114.805908 1764166410114 1764166410122
39781 999514375 1764166410148.157471 1764166410148 1764166410155
39782 999547719 1764166410181.509277 1764166410182 1764166410189
39783 999581063 1764166410214.861084 1764166410214 1764166410222
39784 999614407 1764166410248.212891 1764166410248 1764166410255
39785 999647751 1764166410281.564697 1764166410282 1764166410289
39786 999681095 1764166410314.916748 1764166410315 1764166410322
39787 999714438 1764166410348.267578 1764166410348 1764166410355
39788 999747782 1764166410381.619629 1764166410382 1764166410389
39789 999781126 1764166410414.971924 1764166410415 1764166410422
39790 999814470 1764166410448.323975 1764166410448 1764166410455
39791 999847814 1764166410481.676270 1764166410482 1764166410489
39792 999881158 1764166410515.028564 1764166410515 1764166410522
39793 999914502 1764166410548.380859 1764166410548 1764166410555
39794 999947846 1764166410581.733398 1764166410581 1764166410589
39795 999981190 1764166410615.085938 1764166410615 1764166410622
39796 1000014534 1764166410648.438477 1764166410649 1764166410656
39797 1000047878 1764166410681.791016 1764166410681 1764166410689
39798 1000081222 1764166410715.143555 1764166410715 1764166410723
39799 1000114566 1764166410748.490479 1764166410748 1764166410758
39800 1000147909 1764166410781.836426 1764166410781 1764166410789
39801 1000181253 1764166410815.183350 1764166410815 1764166410822
39802 1000214597 1764166410848.530273 1764166410849 1764166410856
39803 1000247941 1764166410881.877197 1764166410881 1764166410889
39804 1000281285 1764166410915.224365 1764166410915 1764166410922
39805 1000314629 1764166410948.571289 1764166410948 1764166410956
39806 1000347973 1764166410981.918213 1764166410981 1764166410989
39807 1000381317 1764166411015.265137 1764166411015 1764166411022
39808 1000414661 1764166411048.612061 1764166411049 1764166411056
39809 1000448005 1764166411081.958984 1764166411082 1764166411090
39810 1000481349 1764166411115.305908 1764166411115 1764166411122
39811 1000514693 1764166411148.652832 1764166411149 1764166411156
39812 1000548037 1764166411181.999756 1764166411182 1764166411189
39813 1000581381 1764166411215.346680 1764166411215 1764166411222
39814 1000614724 1764166411248.692627 1764166411249 1764166411256
39815 1000648068 1764166411282.039551 1764166411282 1764166411289
39816 1000681412 1764166411315.386475 1764166411316 1764166411323
39817 1000714756 1764166411348.733398 1764166411349 1764166411356
39818 1000748100 1764166411382.080566 1764166411382 1764166411389
39819 1000781444 1764166411415.427490 1764166411416 1764166411423
39820 1000814788 1764166411448.774414 1764166411448 1764166411456
39821 1000848132 1764166411482.121338 1764166411482 1764166411489
39822 1000881476 1764166411515.468262 1764166411516 1764166411523
39823 1000914820 1764166411548.815186 1764166411548 1764166411556
39824 1000948164 1764166411582.162109 1764166411582 1764166411589
39825 1000981508 1764166411615.509033 1764166411616 1764166411623
39826 1001014852 1764166411648.855957 1764166411648 1764166411656
39827 1001048195 1764166411682.201904 1764166411682 1764166411689
39828 1001081539 1764166411715.548828 1764166411716 1764166411723
39829 1001114883 1764166411748.895508 1764166411748 1764166411756
39830 1001148227 1764166411782.242188 1764166411782 1764166411789
39831 1001181571 1764166411815.589111 1764166411816 1764166411823
39832 1001214915 1764166411848.935791 1764166411848 1764166411856
39833 1001248259 1764166411882.282471 1764166411882 1764166411890
39834 1001281603 1764166411915.629150 1764166411916 1764166411923
39835 1001314947 1764166411948.976074 1764166411949 1764166411956
39836 1001348291 1764166411982.322754 1764166411982 1764166411989
39837 1001381635 1764166412015.669434 1764166412016 1764166412023
39838 1001414979 1764166412049.016113 1764166412049 1764166412056
39839 1001448323 1764166412082.362793 1764166412082 1764166412089
39840 1001481666 1764166412115.708496 1764166412116 1764166412123
39841 1001515010 1764166412149.055176 1764166412149 1764166412156
39842 1001548354 1764166412182.402100 1764166412183 1764166412190
39843 1001581698 1764166412215.748779 1764166412216 1764166412223
39844 1001615042 1764166412249.095459 1764166412249 1764166412256
39845 1001648386 1764166412282.442139 1764166412283 1764166412290
39846 1001681730 1764166412315.788818 1764166412316 1764166412323
39847 1001715074 1764166412349.135498 1764166412349 1764166412356
39848 1001748418 1764166412382.482178 1764166412383 1764166412390
39849 1001781762 1764166412415.828857 1764166412415 1764166412423
39850 1001815106 1764166412449.175537 1764166412449 1764166412456
39851 1001848450 1764166412482.522461 1764166412483 1764166412490
39852 1001881794 1764166412515.869141 1764166412515 1764166412523
39853 1001915138 1764166412549.215820 1764166412549 1764166412556
39854 1001948481 1764166412582.561523 1764166412583 1764166412590
39855 1001981825 1764166412615.908203 1764166412615 1764166412623
39856 1002015169 1764166412649.254883 1764166412649 1764166412656
39857 1002048513 1764166412682.601562 1764166412683 1764166412690
39858 1002081857 1764166412715.948242 1764166412715 1764166412723
39859 1002115201 1764166412749.294922 1764166412749 1764166412756
39860 1002148545 1764166412782.641846 1764166412783 1764166412790
39861 1002181889 1764166412815.988525 1764166412816 1764166412823
39862 1002215233 1764166412849.335449 1764166412849 1764166412856
39863 1002248577 1764166412882.682129 1764166412883 1764166412890
39864 1002281921 1764166412916.029053 1764166412916 1764166412923
39865 1002315265 1764166412949.375732 1764166412949 1764166412956
39866 1002348609 1764166412982.722656 1764166412982 1764166412990
39867 1002381952 1764166413016.068359 1764166413016 1764166413023
39868 1002415296 1764166413049.415283 1764166413050 1764166413057
39869 1002448640 1764166413082.761963 1764166413083 1764166413090
39870 1002481984 1764166413116.108643 1764166413116 1764166413123
39871 1002515328 1764166413149.455566 1764166413150 1764166413157
39872 1002548672 1764166413182.802246 1764166413182 1764166413190
39873 1002582016 1764166413216.149170 1764166413216 1764166413223
39874 1002615360 1764166413249.495850 1764166413250 1764166413257
39875 1002648704 1764166413282.842773 1764166413282 1764166413290
39876 1002682048 1764166413316.189453 1764166413316 1764166413323
39877 1002715392 1764166413349.536133 1764166413350 1764166413357
39878 1002748736 1764166413382.883057 1764166413382 1764166413390
39879 1002782080 1764166413416.229736 1764166413416 1764166413423
39880 1002815423 1764166413449.575439 1764166413450 1764166413457
39881 1002848767 1764166413482.922363 1764166413482 1764166413490
39882 1002882111 1764166413516.269043 1764166413516 1764166413523
39883 1002915455 1764166413549.615967 1764166413550 1764166413557
39884 1002948799 1764166413582.962646 1764166413582 1764166413590
39885 1002982143 1764166413616.309326 1764166413616 1764166413623
39886 1003015487 1764166413649.656250 1764166413650 1764166413657
39887 1003048831 1764166413683.002930 1764166413683 1764166413690
39888 1003082175 1764166413716.349609 1764166413716 1764166413723
39889 1003115519 1764166413749.696533 1764166413750 1764166413757
39890 1003148863 1764166413783.043701 1764166413783 1764166413790
39891 1003182207 1764166413816.390625 1764166413816 1764166413823
39892 1003215551 1764166413849.737549 1764166413850 1764166413857
39893 1003248895 1764166413883.084473 1764166413883 1764166413890
39894 1003282238 1764166413916.430420 1764166413917 1764166413924
39895 1003315582 1764166413949.777588 1764166413949 1764166413957
39896 1003348926 1764166413983.124512 1764166413983 1764166413990
39897 1003382270 1764166414016.471436 1764166414017 1764166414024
39898 1003415614 1764166414049.818359 1764166414049 1764166414057
39899 1003448958 1764166414083.165283 1764166414084 1764166414091
39900 1003482302 1764166414116.512207 1764166414117 1764166414124
39901 1003515646 1764166414149.859375 1764166414149 1764166414157
39902 1003548990 1764166414183.206299 1764166414183 1764166414190
39903 1003582334 1764166414216.553223 1764166414217 1764166414224
39904 1003615678 1764166414249.900146 1764166414249 1764166414257
39905 1003649022 1764166414283.247070 1764166414284 1764166414291
39906 1003682366 1764166414316.594238 1764166414317 1764166414324
39907 1003715709 1764166414349.940186 1764166414349 1764166414357
39908 1003749053 1764166414383.287109 1764166414383 1764166414390
39909 1003782397 1764166414416.634033 1764166414417 1764166414424
39910 1003815741 1764166414449.980957 1764166414450 1764166414457
39911 1003849085 1764166414483.327881 1764166414483 1764166414490
39912 1003882429 1764166414516.674805 1764166414517 1764166414524
39913 1003915773 1764166414550.021973 1764166414550 1764166414557
39914 1003949117 1764166414583.368896 1764166414583 1764166414590
39915 1003982461 1764166414616.715820 1764166414617 1764166414624
39916 1004015805 1764166414650.062744 1764166414650 1764166414657
39917 1004049149 1764166414683.409668 1764166414684 1764166414691
39918 1004082493 1764166414716.756592 1764166414716 1764166414724
39919 1004115837 1764166414750.103760 1764166414750 1764166414757
39920 1004149180 1764166414783.449707 1764166414784 1764166414791
39921 1004182524 1764166414816.796875 1764166414817 1764166414825
39922 1004215868 1764166414850.144043 1764166414850 1764166414857
39923 1004249212 1764166414883.490967 1764166414884 1764166414891
39924 1004282556 1764166414916.838135 1764166414916 1764166414924
39925 1004315900 1764166414950.185303 1764166414950 1764166414957
39926 1004349244 1764166414983.532227 1764166414984 1764166414991
39927 1004382588 1764166415016.879395 1764166415016 1764166415024
39928 1004415932 1764166415050.226318 1764166415050 1764166415057
39929 1004449276 1764166415083.573486 1764166415084 1764166415091
39930 1004482620 1764166415116.920654 1764166415116 1764166415124
39931 1004515964 1764166415150.267578 1764166415150 1764166415157
39932 1004549308 1764166415183.614746 1764166415184 1764166415191
39933 1004582652 1764166415216.961914 1764166415217 1764166415224
39934 1004615995 1764166415250.307861 1764166415250 1764166415257
39935 1004649339 1764166415283.655029 1764166415284 1764166415291
39936 1004682683 1764166415317.002197 1764166415317 1764166415324
39937 1004716027 1764166415350.349121 1764166415350 1764166415357
39938 1004749371 1764166415383.696289 1764166415384 1764166415391
39939 1004782715 1764166415417.043457 1764166415417 1764166415424
39940 1004816059 1764166415450.390381 1764166415451 1764166415458
39941 1004849403 1764166415483.737549 1764166415484 1764166415491
39942 1004882747 1764166415517.084717 1764166415517 1764166415524
39943 1004916091 1764166415550.431641 1764166415551 1764166415558
39944 1004949435 1764166415583.778809 1764166415584 1764166415591
39945 1004982779 1764166415617.125977 1764166415617 1764166415624
39946 1005016123 1764166415650.473145 1764166415651 1764166415658
39947 1005049466 1764166415683.819092 1764166415683 1764166415691
39948 1005082810 1764166415717.166260 1764166415717 1764166415724
39949 1005116154 1764166415750.521729 1764166415751 1764166415758
39950 1005149498 1764166415783.877197 1764166415783 1764166415791
39951 1005182842 1764166415817.232910 1764166415817 1764166415824
39952 1005216186 1764166415850.588623 1764166415851 1764166415858
39953 1005249530 1764166415883.944336 1764166415883 1764166415891
39954 1005282874 1764166415917.300049 1764166415917 1764166415924
39955 1005316218 1764166415950.655762 1764166415951 1764166415958
39956 1005349562 1764166415984.011719 1764166415983 1764166415991
39957 1005382906 1764166416017.367676 1764166416017 1764166416024
39958 1005416250 1764166416050.723633 1764166416051 1764166416058
39959 1005449594 1764166416084.079590 1764166416084 1764166416091
39960 1005482937 1764166416117.434570 1764166416117 1764166416124
39961 1005516281 1764166416150.790771 1764166416151 1764166416161
39962 1005549625 1764166416184.146973 1764166416184 1764166416191
39963 1005582969 1764166416217.503174 1764166416217 1764166416227
39964 1005616313 1764166416250.859619 1764166416251 1764166416258
39965 1005649657 1764166416284.215820 1764166416284 1764166416291
39966 1005683001 1764166416317.572266 1764166416318 1764166416325
39967 1005716345 1764166416350.928711 1764166416351 1764166416358
39968 1005749689 1764166416384.285400 1764166416384 1764166416391
39969 1005783033 1764166416417.641846 1764166416418 1764166416425
39970 1005816377 1764166416450.998535 1764166416450 1764166416458
39971 1005849721 1764166416484.355225 1764166416484 1764166416491
39972 1005883065 1764166416517.711914 1764166416518 1764166416525
39973 1005916409 1764166416551.068604 1764166416550 1764166416558
39974 1005949752 1764166416584.424561 1764166416584 1764166416591
39975 1005983096 1764166416617.781494 1764166416618 1764166416625
39976 1006016440 1764166416651.138428 1764166416650 1764166416658
39977 1006049784 1764166416684.495361 1764166416684 1764166416691
39978 1006083128 1764166416717.852295 1764166416718 1764166416725
39979 1006116472 1764166416751.198242 1764166416750 1764166416758
39980 1006149816 1764166416784.543945 1764166416785 1764166416792
39981 1006183160 1764166416817.889893 1764166416818 1764166416825
39982 1006216504 1764166416851.235840 1764166416851 1764166416858
39983 1006249848 1764166416884.581543 1764166416884 1764166416891
39984 1006283192 1764166416917.927246 1764166416918 1764166416925
39985 1006316536 1764166416951.273193 1764166416951 1764166416958
39986 1006349880 1764166416984.618896 1764166416984 1764166416991
39987 1006383223 1764166417017.963623 1764166417018 1764166417025
39988 1006416567 1764166417051.309570 1764166417051 1764166417058
39989 1006449911 1764166417084.655273 1764166417084 1764166417091
39990 1006483255 1764166417118.000977 1764166417118 1764166417125
39991 1006516599 1764166417151.346680 1764166417151 1764166417158
39992 1006549943 1764166417184.692383 1764166417185 1764166417192
39993 1006583287 1764166417218.038086 1764166417218 1764166417225
39994 1006616631 1764166417251.383789 1764166417251 1764166417258
39995 1006649975 1764166417284.729492 1764166417285 1764166417292
39996 1006683319 1764166417318.075195 1764166417317 1764166417325
39997 1006716663 1764166417351.420898 1764166417351 1764166417358
39998 1006750007 1764166417384.766602 1764166417385 1764166417392
39999 1006783351 1764166417418.112305 1764166417417 1764166417425
40000 1006816694 1764166417451.456787 1764166417451 1764166417458
40001 1006850038 1764166417484.802490 1764166417485 1764166417492
40002 1006883382 1764166417518.148193 1764166417517 1764166417525
40003 1006916726 1764166417551.493652 1764166417551 1764166417558
40004 1006950070 1764166417584.839355 1764166417585 1764166417592
40005 1006983414 1764166417618.185059 1764166417617 1764166417625
40006 1007016758 1764166417651.530518 1764166417651 1764166417658
40007 1007050102 1764166417684.876221 1764166417685 1764166417692
40008 1007083446 1764166417718.221680 1764166417718 1764166417725
40009 1007116790 1764166417751.567871 1764166417751 1764166417758
40010 1007150134 1764166417784.914062 1764166417785 1764166417792
40011 1007183478 1764166417818.260254 1764166417818 1764166417825
40012 1007216822 1764166417851.606201 1764166417851 1764166417858
40013 1007250166 1764166417884.952393 1764166417885 1764166417892
40014 1007283509 1764166417918.297607 1764166417918 1764166417925
40015 1007316853 1764166417951.643555 1764166417952 1764166417959
40016 1007350197 1764166417984.989746 1764166417985 1764166417992
40017 1007383541 1764166418018.335938 1764166418018 1764166418025
40018 1007416885 1764166418051.681885 1764166418051 1764166418062
40019 1007450229 1764166418085.028076 1764166418084 1764166418093
40020 1007483573 1764166418118.374023 1764166418118 1764166418125
40021 1007516917 1764166418151.720215 1764166418152 1764166418159
40022 1007550261 1764166418185.066162 1764166418184 1764166418192
40023 1007583605 1764166418218.412354 1764166418218 1764166418225
40024 1007616949 1764166418251.758301 1764166418252 1764166418259
40025 1007650293 1764166418285.104492 1764166418284 1764166418292
40026 1007683637 1764166418318.450439 1764166418318 1764166418325
40027 1007716980 1764166418351.795410 1764166418352 1764166418359
40028 1007750324 1764166418385.141357 1764166418384 1764166418392
40029 1007783668 1764166418418.487549 1764166418418 1764166418425
40030 1007817012 1764166418451.833496 1764166418452 1764166418461
40031 1007850356 1764166418485.179443 1764166418485 1764166418492
40032 1007883700 1764166418518.525391 1764166418518 1764166418525
40033 1007917044 1764166418551.871338 1764166418551 1764166418559
40034 1007950388 1764166418585.217529 1764166418585 1764166418592
40035 1007983732 1764166418618.563477 1764166418619 1764166418627
40036 1008017076 1764166418651.909424 1764166418652 1764166418659
40037 1008050420 1764166418685.255371 1764166418685 1764166418692
40038 1008083764 1764166418718.601318 1764166418719 1764166418726
40039 1008117108 1764166418751.947266 1764166418751 1764166418759
40040 1008150451 1764166418785.292480 1764166418785 1764166418792
40041 1008183795 1764166418818.638428 1764166418819 1764166418826
40042 1008217139 1764166418851.984619 1764166418851 1764166418859
40043 1008250483 1764166418885.330566 1764166418885 1764166418892
40044 1008283827 1764166418918.676514 1764166418919 1764166418926
40045 1008317171 1764166418952.022705 1764166418951 1764166418959
40046 1008350515 1764166418985.368652 1764166418985 1764166418992
40047 1008383859 1764166419018.714600 1764166419019 1764166419026
40048 1008417203 1764166419052.060547 1764166419051 1764166419059
40049 1008450547 1764166419085.406738 1764166419085 1764166419092
40050 1008483891 1764166419118.752686 1764166419119 1764166419126
40051 1008517235 1764166419152.098633 1764166419151 1764166419159
40052 1008550579 1764166419185.444580 1764166419185 1764166419192
40053 1008583923 1764166419218.790527 1764166419219 1764166419226
40054 1008617266 1764166419252.135498 1764166419251 1764166419259
40055 1008650610 1764166419285.481445 1764166419285 1764166419292
40056 1008683954 1764166419318.827393 1764166419319 1764166419326
40057 1008717298 1764166419352.173340 1764166419352 1764166419359
40058 1008750642 1764166419385.519287 1764166419385 1764166419392
40059 1008783986 1764166419418.865234 1764166419419 1764166419426
40060 1008817330 1764166419452.211182 1764166419452 1764166419459
40061 1008850674 1764166419485.556885 1764166419485 1764166419492
40062 1008884018 1764166419518.902832 1764166419519 1764166419526
40063 1008917362 1764166419552.248779 1764166419552 1764166419559
40064 1008950706 1764166419585.594727 1764166419586 1764166419593
40065 1008984050 1764166419618.940430 1764166419618 1764166419626
40066 1009017394 1764166419652.286377 1764166419652 1764166419659
40067 1009050737 1764166419685.631104 1764166419686 1764166419693
40068 1009084081 1764166419718.977051 1764166419718 1764166419726
40069 1009117425 1764166419752.323242 1764166419752 1764166419759
40070 1009150769 1764166419785.669434 1764166419786 1764166419793
40071 1009184113 1764166419819.015381 1764166419818 1764166419826
40072 1009217457 1764166419852.361572 1764166419852 1764166419859
40073 1009250801 1764166419885.707764 1764166419885 1764166419893
40074 1009284145 1764166419919.053711 1764166419918 1764166419926
40075 1009317489 1764166419952.399902 1764166419952 1764166419959
40076 1009350833 1764166419985.745850 1764166419986 1764166419993
40077 1009384177 1764166420019.092041 1764166420018 1764166420026
40078 1009417521 1764166420052.437988 1764166420053 1764166420060
40079 1009450865 1764166420085.784180 1764166420086 1764166420093
40080 1009484208 1764166420119.129150 1764166420118 1764166420126
40081 1009517552 1764166420152.475098 1764166420152 1764166420159
40082 1009550896 1764166420185.821289 1764166420186 1764166420193
40083 1009584240 1764166420219.167236 1764166420219 1764166420226
40084 1009617584 1764166420252.513184 1764166420252 1764166420259
40085 1009650928 1764166420285.859375 1764166420286 1764166420293
40086 1009684272 1764166420319.205322 1764166420319 1764166420326
40087 1009717616 1764166420352.551270 1764166420352 1764166420359
40088 1009750960 1764166420385.897217 1764166420386 1764166420393
40089 1009784304 1764166420419.243164 1764166420419 1764166420426
40090 1009817648 1764166420452.589355 1764166420453 1764166420460
40091 1009850992 1764166420485.935303 1764166420486 1764166420493
40092 1009884336 1764166420519.281250 1764166420519 1764166420526
40093 1009917680 1764166420552.627197 1764166420553 1764166420560
40094 1009951023 1764166420585.972168 1764166420585 1764166420593
40095 1009984367 1764166420619.318115 1764166420619 1764166420626
40096 1010017711 1764166420652.664062 1764166420653 1764166420660
40097 1010051055 1764166420686.010010 1764166420685 1764166420693
40098 1010084399 1764166420719.355713 1764166420719 1764166420726
40099 1010117743 1764166420752.701904 1764166420753 1764166420760
40100 1010151087 1764166420786.048096 1764166420785 1764166420793
40101 1010184431 1764166420819.394287 1764166420819 1764166420826
40102 1010217775 1764166420852.740479 1764166420853 1764166420860
40103 1010251119 1764166420886.086426 1764166420885 1764166420893
40104 1010284463 1764166420919.432617 1764166420919 1764166420926
40105 1010317807 1764166420952.778809 1764166420953 1764166420960
40106 1010351151 1764166420986.125000 1764166420986 1764166420993
40107 1010384494 1764166421019.469971 1764166421020 1764166421027
40108 1010417838 1764166421052.816162 1764166421053 1764166421060
40109 1010451182 1764166421086.162109 1764166421086 1764166421093
40110 1010484526 1764166421119.508301 1764166421120 1764166421127
40111 1010517870 1764166421152.854248 1764166421153 1764166421160
40112 1010551214 1764166421186.200439 1764166421186 1764166421193
40113 1010584558 1764166421219.546387 1764166421219 1764166421226
40114 1010617902 1764166421252.892578 1764166421252 1764166421260
40115 1010651246 1764166421286.238525 1764166421286 1764166421293
40116 1010684590 1764166421319.584717 1764166421320 1764166421327
40117 1010717934 1764166421352.930664 1764166421352 1764166421360
40118 1010751278 1764166421386.276611 1764166421386 1764166421393
40119 1010784622 1764166421419.622803 1764166421420 1764166421427
40120 1010817965 1764166421452.967773 1764166421452 1764166421460
40121 1010851309 1764166421486.313721 1764166421486 1764166421493
40122 1010884653 1764166421519.659668 1764166421520 1764166421527
40123 1010917997 1764166421553.005859 1764166421552 1764166421560
40124 1010951341 1764166421586.351807 1764166421586 1764166421593
40125 1010984685 1764166421619.697754 1764166421620 1764166421627
40126 1011018029 1764166421653.043701 1764166421652 1764166421660
40127 1011051373 1764166421686.389648 1764166421687 1764166421694
40128 1011084717 1764166421719.735596 1764166421720 1764166421727
40129 1011118061 1764166421753.082031 1764166421753 1764166421760
40130 1011151405 1764166421786.428223 1764166421786 1764166421793
40131 1011184749 1764166421819.774658 1764166421820 1764166421827
40132 1011218093 1764166421853.120850 1764166421853 1764166421860
40133 1011251437 1764166421886.467041 1764166421886 1764166421893
40134 1011284780 1764166421919.812500 1764166421920 1764166421927
40135 1011318124 1764166421953.158691 1764166421953 1764166421960
40136 1011351468 1764166421986.504883 1764166421986 1764166421993
40137 1011384812 1764166422019.851074 1764166422020 1764166422027
40138 1011418156 1764166422053.197510 1764166422053 1764166422060
40139 1011451500 1764166422086.543701 1764166422087 1764166422094
40140 1011484844 1764166422119.889893 1764166422119 1764166422127
40141 1011518188 1764166422153.236084 1764166422153 1764166422160
40142 1011551532 1764166422186.582275 1764166422187 1764166422194
40143 1011584876 1764166422219.928467 1764166422219 1764166422227
40144 1011618220 1764166422253.274658 1764166422253 1764166422260
40145 1011651564 1764166422286.620850 1764166422287 1764166422294
40146 1011684908 1764166422319.967285 1764166422319 1764166422327
40147 1011718251 1764166422353.312256 1764166422353 1764166422360
40148 1011751595 1764166422386.658447 1764166422387 1764166422394
40149 1011784939 1764166422420.004639 1764166422419 1764166422427
40150 1011818283 1764166422453.350830 1764166422453 1764166422460
40151 1011851627 1764166422486.697021 1764166422487 1764166422494
40152 1011884971 1764166422520.043213 1764166422519 1764166422527
40153 1011918315 1764166422553.389404 1764166422553 1764166422560
40154 1011951659 1764166422586.735596 1764166422587 1764166422594
40155 1011985003 1764166422620.081787 1764166422620 1764166422627
40156 1012018347 1764166422653.427979 1764166422654 1764166422661
40157 1012051691 1764166422686.774170 1764166422687 1764166422694
40158 1012085035 1764166422720.120117 1764166422720 1764166422727
40159 1012118379 1764166422753.466309 1764166422753 1764166422760
40160 1012151722 1764166422786.811523 1764166422787 1764166422794
40161 1012185066 1764166422820.157471 1764166422820 1764166422827
40162 1012218410 1764166422853.503662 1764166422853 1764166422860
40163 1012251754 1764166422886.849609 1764166422887 1764166422894
40164 1012285098 1764166422920.195801 1764166422920 1764166422927
40165 1012318442 1764166422953.541748 1764166422954 1764166422961
40166 1012351786 1764166422986.887939 1764166422986 1764166422994
40167 1012385130 1764166423020.233887 1764166423020 1764166423027
40168 1012418474 1764166423053.580078 1764166423054 1764166423061
40169 1012451818 1764166423086.926025 1764166423086 1764166423094
40170 1012485162 1764166423120.271973 1764166423120 1764166423127
40171 1012518506 1764166423153.618164 1764166423154 1764166423161
40172 1012551850 1764166423186.964111 1764166423186 1764166423194
40173 1012585194 1764166423220.310059 1764166423220 1764166423227
40174 1012618537 1764166423253.655029 1764166423254 1764166423261
40175 1012651881 1764166423287.000977 1764166423286 1764166423294
40176 1012685225 1764166423320.347168 1764166423320 1764166423327
40177 1012718569 1764166423353.693115 1764166423354 1764166423361
40178 1012751913 1764166423387.039062 1764166423386 1764166423394
40179 1012785257 1764166423420.385010 1764166423420 1764166423427
40180 1012818601 1764166423453.730957 1764166423454 1764166423461
40181 1012851945 1764166423487.076904 1764166423487 1764166423494
40182 1012885289 1764166423520.422852 1764166423520 1764166423527
40183 1012918633 1764166423553.768799 1764166423554 1764166423561
40184 1012951977 1764166423587.114746 1764166423587 1764166423594
40185 1012985321 1764166423620.460693 1764166423621 1764166423628
40186 1013018665 1764166423653.806641 1764166423654 1764166423661
40187 1013052008 1764166423687.151367 1764166423687 1764166423694
40188 1013085352 1764166423720.497314 1764166423721 1764166423728
40189 1013118696 1764166423753.845703 1764166423754 1764166423761
40190 1013152040 1764166423787.194092 1764166423787 1764166423794
40191 1013185384 1764166423820.542725 1764166423821 1764166423828
40192 1013218728 1764166423853.891113 1764166423853 1764166423861
40193 1013252072 1764166423887.239502 1764166423887 1764166423894
40194 1013285416 1764166423920.587891 1764166423921 1764166423928
40195 1013318760 1764166423953.936279 1764166423953 1764166423961
40196 1013352104 1764166423987.284912 1764166423987 1764166423994
40197 1013385448 1764166424020.633301 1764166424021 1764166424028
40198 1013418792 1764166424053.981689 1764166424053 1764166424061
40199 1013452136 1764166424087.330322 1764166424087 1764166424094
40200 1013485479 1764166424120.677734 1764166424120 1764166424128
40201 1013518823 1764166424154.026367 1764166424153 1764166424161
40202 1013552167 1764166424187.374756 1764166424187 1764166424194
40203 1013585511 1764166424220.723389 1764166424221 1764166424228
40204 1013618855 1764166424254.071777 1764166424254 1764166424261
40205 1013652199 1764166424287.420410 1764166424287 1764166424294
40206 1013685543 1764166424320.768799 1764166424321 1764166424328
40207 1013718887 1764166424354.117432 1764166424354 1764166424361
40208 1013752231 1764166424387.466064 1764166424387 1764166424394
40209 1013785575 1764166424420.814453 1764166424421 1764166424428
40210 1013818919 1764166424454.163086 1764166424454 1764166424461
40211 1013852263 1764166424487.511719 1764166424487 1764166424494
40212 1013885607 1764166424520.860352 1764166424521 1764166424528
40213 1013918951 1764166424554.208740 1764166424554 1764166424561
40214 1013952294 1764166424587.556396 1764166424588 1764166424595
40215 1013985638 1764166424620.905029 1764166424620 1764166424628
40216 1014018982 1764166424654.253662 1764166424654 1764166424661
40217 1014052326 1764166424687.602295 1764166424688 1764166424695
40218 1014085670 1764166424720.950928 1764166424720 1764166424728
40219 1014119014 1764166424754.297119 1764166424754 1764166424761
40220 1014152358 1764166424787.643311 1764166424788 1764166424795
40221 1014185702 1764166424820.989502 1764166424820 1764166424828
40222 1014219046 1764166424854.335693 1764166424854 1764166424861
40223 1014252390 1764166424887.681885 1764166424888 1764166424895
40224 1014285734 1764166424921.028320 1764166424920 1764166424928
40225 1014319078 1764166424954.374512 1764166424954 1764166424961
40226 1014352422 1764166424987.720703 1764166424988 1764166424995
40227 1014385765 1764166425021.065674 1764166425020 1764166425028
40228 1014419109 1764166425054.411865 1764166425054 1764166425061
40229 1014452453 1764166425087.758057 1764166425088 1764166425095
40230 1014485797 1764166425121.104248 1764166425121 1764166425128
40231 1014519141 1764166425154.450439 1764166425154 1764166425161
40232 1014552485 1764166425187.796631 1764166425187 1764166425195
40233 1014585829 1764166425221.142822 1764166425221 1764166425228
40234 1014619173 1764166425254.489014 1764166425254 1764166425261
40235 1014652517 1764166425287.834961 1764166425288 1764166425295
40236 1014685861 1764166425321.181152 1764166425321 1764166425328
40237 1014719205 1764166425354.527344 1764166425355 1764166425362
40238 1014752549 1764166425387.873291 1764166425388 1764166425395
40239 1014785893 1764166425421.219482 1764166425421 1764166425428
40240 1014819236 1764166425454.564697 1764166425455 1764166425462
40241 1014852580 1764166425487.910645 1764166425487 1764166425495
40242 1014885924 1764166425521.256836 1764166425521 1764166425528
40243 1014919268 1764166425554.602783 1764166425555 1764166425562
40244 1014952612 1764166425587.948975 1764166425587 1764166425595
40245 1014985956 1764166425621.294922 1764166425622 1764166425629
40246 1015019300 1764166425654.641113 1764166425655 1764166425662
40247 1015052644 1764166425687.987061 1764166425687 1764166425695
40248 1015085988 1764166425721.333008 1764166425721 1764166425728
40249 1015119332 1764166425754.678955 1764166425755 1764166425762
40250 1015152676 1764166425788.024902 1764166425787 1764166425795
40251 1015186020 1764166425821.370605 1764166425821 1764166425828
40252 1015219364 1764166425854.716553 1764166425855 1764166425862
40253 1015252708 1764166425888.062256 1764166425888 1764166425895
40254 1015286051 1764166425921.406982 1764166425921 1764166425928
40255 1015319395 1764166425954.752686 1764166425955 1764166425962
40256 1015352739 1764166425988.098633 1764166425988 1764166425995
40257 1015386083 1764166426021.444336 1764166426022 1764166426029
40258 1015419427 1764166426054.790039 1764166426055 1764166426062
40259 1015452771 1764166426088.135742 1764166426088 1764166426095
40260 1015486115 1764166426121.481445 1764166426122 1764166426129
40261 1015519459 1764166426154.827148 1764166426155 1764166426162
40262 1015552803 1764166426188.172852 1764166426188 1764166426195
40263 1015586147 1764166426221.518555 1764166426222 1764166426229
40264 1015619491 1764166426254.864258 1764166426254 1764166426262
40265 1015652835 1764166426288.209961 1764166426288 1764166426295
40266 1015686179 1764166426321.555664 1764166426322 1764166426329
40267 1015719522 1764166426354.900391 1764166426354 1764166426362
40268 1015752866 1764166426388.246094 1764166426388 1764166426395
40269 1015786210 1764166426421.591553 1764166426421 1764166426430
40270 1015819554 1764166426454.937256 1764166426455 1764166426464
40271 1015852898 1764166426488.282959 1764166426488 1764166426495
40272 1015886242 1764166426521.628418 1764166426522 1764166426529
40273 1015919586 1764166426554.974121 1764166426554 1764166426562
40274 1015952930 1764166426588.319580 1764166426588 1764166426595
40275 1015986274 1764166426621.665283 1764166426622 1764166426629
40276 1016019618 1764166426655.010742 1764166426654 1764166426662
40277 1016052962 1764166426688.356445 1764166426688 1764166426695
40278 1016086306 1764166426721.701904 1764166426722 1764166426729
40279 1016119650 1764166426755.052734 1764166426755 1764166426762
40280 1016152993 1764166426788.402344 1764166426789 1764166426796
40281 1016186337 1764166426821.753174 1764166426822 1764166426829
40282 1016219681 1764166426855.104004 1764166426855 1764166426862
40283 1016253025 1764166426888.454834 1764166426888 1764166426895
40284 1016286369 1764166426921.805664 1764166426922 1764166426929
40285 1016319713 1764166426955.156494 1764166426955 1764166426962
40286 1016353057 1764166426988.507324 1764166426988 1764166426996
40287 1016386401 1764166427021.858398 1764166427022 1764166427029
40288 1016419745 1764166427055.209229 1764166427055 1764166427062
40289 1016453089 1764166427088.560303 1764166427089 1764166427096
40290 1016486433 1764166427121.911133 1764166427121 1764166427129
40291 1016519777 1764166427155.262207 1764166427155 1764166427162
40292 1016553121 1764166427188.613281 1764166427189 1764166427196
40293 1016586465 1764166427221.964355 1764166427221 1764166427229
40294 1016619808 1764166427255.314453 1764166427255 1764166427262
40295 1016653152 1764166427288.665527 1764166427289 1764166427296
40296 1016686496 1764166427322.016602 1764166427321 1764166427329
40297 1016719840 1764166427355.367676 1764166427355 1764166427362
40298 1016753184 1764166427388.718750 1764166427389 1764166427396
40299 1016786528 1764166427422.070068 1764166427421 1764166427429
40300 1016819872 1764166427455.421143 1764166427455 1764166427462
40301 1016853216 1764166427488.772461 1764166427489 1764166427496
40302 1016886560 1764166427522.123779 1764166427522 1764166427529
40303 1016919904 1764166427555.474854 1764166427555 1764166427562
40304 1016953248 1764166427588.826172 1764166427589 1764166427596
40305 1016986592 1764166427622.177490 1764166427622 1764166427629
40306 1017019936 1764166427655.528809 1764166427655 1764166427662
40307 1017053279 1764166427688.879150 1764166427689 1764166427696
40308 1017086623 1764166427722.230713 1764166427722 1764166427729
40309 1017119967 1764166427755.576904 1764166427756 1764166427763
40310 1017153311 1764166427788.923340 1764166427788 1764166427796
40311 1017186655 1764166427822.269775 1764166427822 1764166427829
40312 1017219999 1764166427855.615967 1764166427856 1764166427863
40313 1017253343 1764166427888.962402 1764166427888 1764166427896
40314 1017286687 1764166427922.308594 1764166427922 1764166427929
40315 1017320031 1764166427955.655029 1764166427956 1764166427963
40316 1017353375 1764166427989.001221 1764166427988 1764166427996
40317 1017386719 1764166428022.347656 1764166428022 1764166428029
40318 1017420063 1764166428055.693848 1764166428056 1764166428063
40319 1017453407 1764166428089.040283 1764166428088 1764166428096
40320 1017486750 1764166428122.385498 1764166428123 1764166428130
40321 1017520094 1764166428155.731689 1764166428156 1764166428163
40322 1017553438 1764166428189.078125 1764166428188 1764166428196
40323 1017586782 1764166428222.424316 1764166428222 1764166428229
40324 1017620126 1764166428255.770508 1764166428256 1764166428263
40325 1017653470 1764166428289.116699 1764166428289 1764166428299
40326 1017686814 1764166428322.463135 1764166428322 1764166428329
40327 1017720158 1764166428355.809326 1764166428356 1764166428363
40328 1017753502 1764166428389.155518 1764166428389 1764166428396
40329 1017786846 1764166428422.501709 1764166428422 1764166428429
40330 1017820190 1764166428455.847900 1764166428456 1764166428463
40331 1017853534 1764166428489.194092 1764166428489 1764166428496
40332 1017886878 1764166428522.540283 1764166428522 1764166428529
40333 1017920222 1764166428555.886475 1764166428556 1764166428563
40334 1017953565 1764166428589.231689 1764166428589 1764166428596
40335 1017986909 1764166428622.577881 1764166428623 1764166428630
40336 1018020253 1764166428655.923828 1764166428655 1764166428663
40337 1018053597 1764166428689.270020 1764166428689 1764166428696
40338 1018086941 1764166428722.616211 1764166428723 1764166428730
40339 1018120285 1764166428755.961670 1764166428755 1764166428763
40340 1018153629 1764166428789.306885 1764166428789 1764166428796
40341 1018186973 1764166428822.652100 1764166428823 1764166428830
40342 1018220317 1764166428855.997314 1764166428855 1764166428863
40343 1018253661 1764166428889.342529 1764166428889 1764166428896
40344 1018287005 1764166428922.687744 1764166428923 1764166428930
40345 1018320349 1764166428956.032959 1764166428955 1764166428963
40346 1018353693 1764166428989.378174 1764166428989 1764166428996
40347 1018387036 1764166429022.722412 1764166429023 1764166429030
40348 1018420380 1764166429056.067627 1764166429056 1764166429063
40349 1018453724 1764166429089.412842 1764166429089 1764166429096
40350 1018487068 1764166429122.757812 1764166429123 1764166429130
40351 1018520412 1764166429156.103027 1764166429156 1764166429163
40352 1018553756 1764166429189.448242 1764166429189 1764166429196
40353 1018587100 1764166429222.793213 1764166429223 1764166429230
40354 1018620444 1764166429256.138428 1764166429256 1764166429263
40355 1018653788 1764166429289.483398 1764166429289 1764166429296
40356 1018687132 1764166429322.828369 1764166429322 1764166429330
40357 1018720476 1764166429356.173584 1764166429356 1764166429363
40358 1018753820 1764166429389.518555 1764166429389 1764166429396
40359 1018787164 1764166429422.863525 1764166429422 1764166429431
40360 1018820507 1764166429456.207520 1764166429456 1764166429463
40361 1018853851 1764166429489.552490 1764166429490 1764166429497
40362 1018887195 1764166429522.897461 1764166429522 1764166429530
40363 1018920539 1764166429556.242432 1764166429556 1764166429563
40364 1018953883 1764166429589.587402 1764166429590 1764166429597
40365 1018987227 1764166429622.932373 1764166429622 1764166429630
40366 1019020571 1764166429656.277100 1764166429656 1764166429663
40367 1019053915 1764166429689.622070 1764166429690 1764166429697
40368 1019087259 1764166429722.967041 1764166429722 1764166429730
40369 1019120603 1764166429756.313721 1764166429756 1764166429763
40370 1019153947 1764166429789.659424 1764166429790 1764166429797
40371 1019187291 1764166429823.005127 1764166429822 1764166429830
40372 1019220635 1764166429856.350830 1764166429856 1764166429863
40373 1019253979 1764166429889.696533 1764166429890 1764166429897
40374 1019287322 1764166429923.041260 1764166429922 1764166429930
40375 1019320666 1764166429956.386963 1764166429956 1764166429963
40376 1019354010 1764166429989.732666 1764166429990 1764166429997
40377 1019387354 1764166430023.078369 1764166430023 1764166430030
40378 1019420698 1764166430056.423828 1764166430056 1764166430063
40379 1019454042 1764166430089.769531 1764166430090 1764166430097
40380 1019487386 1764166430123.115234 1764166430123 1764166430130
40381 1019520730 1764166430156.460693 1764166430156 1764166430163
40382 1019554074 1764166430189.806396 1764166430190 1764166430197
40383 1019587418 1764166430223.151855 1764166430223 1764166430230
40384 1019620762 1764166430256.497314 1764166430257 1764166430264
40385 1019654106 1764166430289.843018 1764166430290 1764166430297
40386 1019687450 1764166430323.188477 1764166430323 1764166430330
40387 1019720793 1764166430356.532959 1764166430357 1764166430364
40388 1019754137 1764166430389.878662 1764166430389 1764166430397
40389 1019787481 1764166430423.224121 1764166430423 1764166430430
40390 1019820825 1764166430456.569580 1764166430457 1764166430464
40391 1019854169 1764166430489.915039 1764166430489 1764166430497
40392 1019887513 1764166430523.260498 1764166430523 1764166430530
40393 1019920857 1764166430556.605957 1764166430557 1764166430564
40394 1019954201 1764166430589.951416 1764166430589 1764166430597
40395 1019987545 1764166430623.296875 1764166430623 1764166430630
40396 1020020889 1764166430656.642334 1764166430657 1764166430664
40397 1020054233 1764166430689.987549 1764166430689 1764166430697
40398 1020087577 1764166430723.333008 1764166430723 1764166430730
40399 1020120921 1764166430756.678467 1764166430757 1764166430764
40400 1020154264 1764166430790.022949 1764166430790 1764166430797
40401 1020187608 1764166430823.368408 1764166430823 1764166430830
40402 1020220952 1764166430856.713867 1764166430856 1764166430864
40403 1020254296 1764166430890.059082 1764166430890 1764166430897
40404 1020287640 1764166430923.404541 1764166430924 1764166430931
40405 1020320984 1764166430956.750000 1764166430957 1764166430964
40406 1020354328 1764166430990.095459 1764166430990 1764166430997
40407 1020387672 1764166431023.440674 1764166431024 1764166431031
40408 1020421016 1764166431056.786133 1764166431057 1764166431064
40409 1020454360 1764166431090.131348 1764166431090 1764166431097
40410 1020487704 1764166431123.476807 1764166431124 1764166431131
40411 1020521048 1764166431156.822021 1764166431157 1764166431164
40412 1020554392 1764166431190.167236 1764166431190 1764166431197
40413 1020587736 1764166431223.512695 1764166431224 1764166431231
40414 1020621079 1764166431256.856934 1764166431256 1764166431264
40415 1020654423 1764166431290.202148 1764166431290 1764166431297
40416 1020687767 1764166431323.547363 1764166431324 1764166431331
40417 1020721111 1764166431356.892578 1764166431356 1764166431364
40418 1020754455 1764166431390.237793 1764166431390 1764166431397
40419 1020787799 1764166431423.583008 1764166431424 1764166431431
40420 1020821143 1764166431456.928223 1764166431456 1764166431464
40421 1020854487 1764166431490.273438 1764166431490 1764166431497
40422 1020887831 1764166431523.618652 1764166431524 1764166431531
40423 1020921175 1764166431556.963623 1764166431556 1764166431564
40424 1020954519 1764166431590.308838 1764166431590 1764166431597
40425 1020987863 1764166431623.654053 1764166431624 1764166431631
40426 1021021207 1764166431656.999023 1764166431657 1764166431664
40427 1021054550 1764166431690.343262 1764166431690 1764166431697
40428 1021087894 1764166431723.688232 1764166431724 1764166431731
40429 1021121238 1764166431757.033203 1764166431757 1764166431764
40430 1021154582 1764166431790.383545 1764166431790 1764166431797
40431 1021187926 1764166431823.733643 1764166431824 1764166431831
40432 1021221270 1764166431857.083984 1764166431857 1764166431864
40433 1021254614 1764166431890.434326 1764166431891 1764166431898
40434 1021287958 1764166431923.784668 1764166431924 1764166431931
40435 1021321302 1764166431957.135254 1764166431957 1764166431966
40436 1021354646 1764166431990.485596 1764166431991 1764166431998
40437 1021387990 1764166432023.836182 1764166432023 1764166432031
40438 1021421334 1764166432057.186768 1764166432057 1764166432064
40439 1021454678 1764166432090.537354 1764166432091 1764166432098
40440 1021488021 1764166432123.887207 1764166432123 1764166432131
40441 1021521365 1764166432157.237793 1764166432157 1764166432164
40442 1021554709 1764166432190.588623 1764166432191 1764166432198
40443 1021588053 1764166432223.939453 1764166432223 1764166432231
40444 1021621397 1764166432257.290283 1764166432257 1764166432264
40445 1021654741 1764166432290.641357 1764166432291 1764166432298
40446 1021688085 1764166432323.992188 1764166432323 1764166432331
40447 1021721429 1764166432357.343262 1764166432357 1764166432364
40448 1021754773 1764166432390.694336 1764166432391 1764166432398
40449 1021788117 1764166432424.045410 1764166432423 1764166432431
40450 1021821461 1764166432457.396729 1764166432457 1764166432464
40451 1021854805 1764166432490.747803 1764166432491 1764166432498
40452 1021888149 1764166432524.099121 1764166432524 1764166432531
40453 1021921493 1764166432557.450439 1764166432557 1764166432564
40454 1021954836 1764166432590.800781 1764166432591 1764166432598
40455 1021988180 1764166432624.152344 1764166432624 1764166432631
40456 1022021524 1764166432657.503662 1764166432658 1764166432665
40457 1022054868 1764166432690.855225 1764166432691 1764166432698
40458 1022088212 1764166432724.206787 1764166432724 1764166432731
40459 1022121556 1764166432757.558350 1764166432758 1764166432765
40460 1022154900 1764166432790.904297 1764166432790 1764166432798
40461 1022188244 1764166432824.250244 1764166432824 1764166432831
40462 1022221588 1764166432857.596436 1764166432858 1764166432865
40463 1022254932 1764166432890.942383 1764166432890 1764166432898
40464 1022288276 1764166432924.288330 1764166432924 1764166432931
40465 1022321620 1764166432957.634277 1764166432958 1764166432965
40466 1022354964 1764166432990.980225 1764166432990 1764166432998
40467 1022388307 1764166433024.325195 1764166433025 1764166433032
40468 1022421651 1764166433057.671143 1764166433058 1764166433065
40469 1022454995 1764166433091.017090 1764166433090 1764166433098
40470 1022488339 1764166433124.362793 1764166433124 1764166433131
40471 1022521683 1764166433157.708740 1764166433158 1764166433165
40472 1022555027 1764166433191.054688 1764166433190 1764166433198
40473 1022588371 1764166433224.400635 1764166433224 1764166433231
40474 1022621715 1764166433257.746582 1764166433258 1764166433265
40475 1022655059 1764166433291.092285 1764166433291 1764166433298
40476 1022688403 1764166433324.438232 1764166433325 1764166433332
40477 1022721747 1764166433357.783936 1764166433358 1764166433365
40478 1022755091 1764166433391.129883 1764166433391 1764166433398
40479 1022788435 1764166433424.475830 1764166433424 1764166433431
40480 1022821778 1764166433457.820557 1764166433458 1764166433465
40481 1022855122 1764166433491.166504 1764166433491 1764166433498
40482 1022888466 1764166433524.512207 1764166433525 1764166433532
40483 1022921810 1764166433557.857910 1764166433557 1764166433565
40484 1022955154 1764166433591.203857 1764166433591 1764166433598
40485 1022988498 1764166433624.549561 1764166433625 1764166433632
40486 1023021842 1764166433657.895264 1764166433657 1764166433665
40487 1023055186 1764166433691.241211 1764166433691 1764166433698
40488 1023088530 1764166433724.586914 1764166433725 1764166433732
40489 1023121874 1764166433757.932617 1764166433757 1764166433765
40490 1023155218 1764166433791.279053 1764166433791 1764166433798
40491 1023188562 1764166433824.625488 1764166433825 1764166433832
40492 1023221906 1764166433857.971680 1764166433857 1764166433865
40493 1023255250 1764166433891.318115 1764166433891 1764166433898
40494 1023288593 1764166433924.663330 1764166433925 1764166433932
40495 1023321937 1764166433958.009766 1764166433957 1764166433965
40496 1023355281 1764166433991.356201 1764166433991 1764166433998
40497 1023388625 1764166434024.702393 1764166434025 1764166434032
40498 1023421969 1764166434058.048828 1764166434057 1764166434065
40499 1023455313 1764166434091.395020 1764166434092 1764166434099
40500 1023488657 1764166434124.741455 1764166434125 1764166434132
40501 1023522001 1764166434158.087646 1764166434158 1764166434165
40502 1023555345 1764166434191.434082 1764166434191 1764166434198
40503 1023588689 1764166434224.780273 1764166434225 1764166434232
40504 1023622033 1764166434258.126709 1764166434258 1764166434265
40505 1023655377 1764166434291.472900 1764166434292 1764166434299
40506 1023688721 1764166434324.819092 1764166434325 1764166434332
40507 1023722064 1764166434358.164551 1764166434358 1764166434365
40508 1023755408 1764166434391.510742 1764166434392 1764166434399
40509 1023788752 1764166434424.856934 1764166434424 1764166434432
40510 1023822096 1764166434458.203369 1764166434458 1764166434465
40511 1023855440 1764166434491.549561 1764166434492 1764166434499
40512 1023888784 1764166434524.895752 1764166434524 1764166434532
40513 1023922128 1764166434558.241943 1764166434558 1764166434565
40514 1023955472 1764166434591.588135 1764166434592 1764166434599
40515 1023988816 1764166434624.934570 1764166434624 1764166434632
40516 1024022160 1764166434658.280762 1764166434658 1764166434665
40517 1024055504 1764166434691.626953 1764166434692 1764166434699
40518 1024088848 1764166434724.973145 1764166434724 1764166434732
40519 1024122192 1764166434758.319336 1764166434758 1764166434765
40520 1024155535 1764166434791.664551 1764166434792 1764166434799
40521 1024188879 1764166434825.010498 1764166434824 1764166434832
40522 1024222223 1764166434858.356689 1764166434858 1764166434865
40523 1024255567 1764166434891.702637 1764166434892 1764166434899
40524 1024288911 1764166434925.048828 1764166434925 1764166434932
40525 1024322255 1764166434958.394775 1764166434958 1764166434965
40526 1024355599 1764166434991.740967 1764166434991 1764166435002
40527 1024388943 1764166435025.086914 1764166435025 1764166435032
40528 1024422287 1764166435058.433105 1764166435058 1764166435065
40529 1024455631 1764166435091.779053 1764166435092 1764166435099
40530 1024488975 1764166435125.125000 1764166435125 1764166435132
40531 1024522319 1764166435158.471191 1764166435159 1764166435166
40532 1024555663 1764166435191.817139 1764166435192 1764166435199
40533 1024589007 1764166435225.163086 1764166435225 1764166435232
40534 1024622350 1764166435258.508057 1764166435259 1764166435266
40535 1024655694 1764166435291.854248 1764166435291 1764166435299
40536 1024689038 1764166435325.200195 1764166435325 1764166435332
40537 1024722382 1764166435358.546143 1764166435359 1764166435366
40538 1024755726 1764166435391.892090 1764166435391 1764166435399
40539 1024789070 1764166435425.238037 1764166435425 1764166435432
40540 1024822414 1764166435458.583984 1764166435459 1764166435466
40541 1024855758 1764166435491.929932 1764166435491 1764166435499
40542 1024889102 1764166435525.275879 1764166435525 1764166435532
40543 1024922446 1764166435558.621826 1764166435559 1764166435566
40544 1024955790 1764166435591.967773 1764166435591 1764166435599
40545 1024989134 1764166435625.313721 1764166435625 1764166435632
40546 1025022478 1764166435658.659424 1764166435659 1764166435666
40547 1025055821 1764166435692.004395 1764166435691 1764166435699
40548 1025089165 1764166435725.350342 1764166435725 1764166435732
40549 1025122509 1764166435758.696289 1764166435759 1764166435766
40550 1025155853 1764166435792.042236 1764166435792 1764166435799
40551 1025189197 1764166435825.388184 1764166435825 1764166435832
40552 1025222541 1764166435858.734131 1764166435859 1764166435866
40553 1025255885 1764166435892.080078 1764166435892 1764166435899
40554 1025289229 1764166435925.426025 1764166435925 1764166435932
40555 1025322573 1764166435958.771973 1764166435959 1764166435966
40556 1025355917 1764166435992.117920 1764166435992 1764166435999
40557 1025389261 1764166436025.463867 1764166436026 1764166436033
40558 1025422605 1764166436058.809570 1764166436059 1764166436066
40559 1025455949 1764166436092.155518 1764166436092 1764166436099
40560 1025489292 1764166436125.500488 1764166436126 1764166436133
40561 1025522636 1764166436158.846436 1764166436158 1764166436166
40562 1025555980 1764166436192.192139 1764166436192 1764166436199
40563 1025589324 1764166436225.538086 1764166436226 1764166436233
40564 1025622668 1764166436258.884033 1764166436258 1764166436266
40565 1025656012 1764166436292.229736 1764166436292 1764166436299
40566 1025689356 1764166436325.575684 1764166436326 1764166436333
40567 1025722700 1764166436358.921387 1764166436358 1764166436366
40568 1025756044 1764166436392.267334 1764166436392 1764166436399
40569 1025789388 1764166436425.613037 1764166436426 1764166436433
40570 1025822732 1764166436458.958740 1764166436459 1764166436466
40571 1025856076 1764166436492.304688 1764166436492 1764166436499
40572 1025889420 1764166436525.650391 1764166436526 1764166436533
40573 1025922764 1764166436558.996094 1764166436559 1764166436566
40574 1025956107 1764166436592.341064 1764166436592 1764166436599
40575 1025989451 1764166436625.686768 1764166436626 1764166436633
40576 1026022795 1764166436659.032471 1764166436659 1764166436666
40577 1026056139 1764166436692.378174 1764166436692 1764166436699
40578 1026089483 1764166436725.723877 1764166436726 1764166436733
40579 1026122827 1764166436759.069580 1764166436759 1764166436766
40580 1026156171 1764166436792.415771 1764166436793 1764166436800
40581 1026189515 1764166436825.761719 1764166436826 1764166436833
40582 1026222859 1764166436859.107666 1764166436859 1764166436866
40583 1026256203 1764166436892.453613 1764166436893 1764166436900
40584 1026289547 1764166436925.799561 1764166436926 1764166436933
40585 1026322891 1764166436959.145508 1764166436959 1764166436966
40586 1026356235 1764166436992.491455 1764166436992 1764166437000
40587 1026389578 1764166437025.836426 1764166437025 1764166437033
40588 1026422922 1764166437059.182373 1764166437059 1764166437066
40589 1026456266 1764166437092.528320 1764166437093 1764166437100
40590 1026489610 1764166437125.874268 1764166437125 1764166437133
40591 1026522954 1764166437159.220215 1764166437159 1764166437166
40592 1026556298 1764166437192.565918 1764166437193 1764166437200
40593 1026589642 1764166437225.911865 1764166437225 1764166437233
40594 1026622986 1764166437259.257812 1764166437259 1764166437266
40595 1026656330 1764166437292.603516 1764166437293 1764166437300
40596 1026689674 1764166437325.949463 1764166437326 1764166437333
40597 1026723018 1764166437359.295410 1764166437359 1764166437366
40598 1026756362 1764166437392.641113 1764166437393 1764166437400
40599 1026789706 1764166437425.987061 1764166437426 1764166437433
40600 1026823049 1764166437459.331787 1764166437459 1764166437466
40601 1026856393 1764166437492.677734 1764166437493 1764166437500
40602 1026889737 1764166437526.023438 1764166437526 1764166437533
40603 1026923081 1764166437559.369141 1764166437560 1764166437567
40604 1026956425 1764166437592.715088 1764166437593 1764166437600
40605 1026989769 1764166437626.060791 1764166437626 1764166437633
40606 1027023113 1764166437659.406494 1764166437660 1764166437667
40607 1027056457 1764166437692.752441 1764166437693 1764166437700
40608 1027089801 1764166437726.098145 1764166437726 1764166437733
40609 1027123145 1764166437759.443848 1764166437760 1764166437767
40610 1027156489 1764166437792.789795 1764166437792 1764166437800
40611 1027189833 1764166437826.135742 1764166437827 1764166437834
40612 1027223177 1764166437859.481934 1764166437860 1764166437867
40613 1027256521 1764166437892.827881 1764166437892 1764166437900
40614 1027289864 1764166437926.172852 1764166437926 1764166437933
40615 1027323208 1764166437959.518799 1764166437960 1764166437967
40616 1027356552 1764166437992.864746 1764166437992 1764166438000
40617 1027389896 1764166438026.210693 1764166438026 1764166438033
40618 1027423240 1764166438059.556396 1764166438060 1764166438067
40619 1027456584 1764166438092.902344 1764166438092 1764166438100
40620 1027489928 1764166438126.248291 1764166438126 1764166438133
40621 1027523272 1764166438159.594238 1764166438160 1764166438167
40622 1027556616 1764166438192.940186 1764166438193 1764166438200
40623 1027589960 1764166438226.286133 1764166438226 1764166438233
40624 1027623304 1764166438259.631836 1764166438260 1764166438267
40625 1027656648 1764166438292.977783 1764166438293 1764166438300
40626 1027689992 1764166438326.323730 1764166438326 1764166438333
40627 1027723335 1764166438359.668457 1764166438359 1764166438368
40628 1027756679 1764166438393.014404 1764166438393 1764166438400
40629 1027790023 1764166438426.360107 1764166438426 1764166438433
40630 1027823367 1764166438459.706055 1764166438459 1764166438467
40631 1027856711 1764166438493.051758 1764166438493 1764166438500
40632 1027890055 1764166438526.397705 1764166438527 1764166438534
40633 1027923399 1764166438559.743408 1764166438559 1764166438567
40634 1027956743 1764166438593.089111 1764166438593 1764166438600
40635 1027990087 1764166438626.435059 1764166438627 1764166438634
40636 1028023431 1764166438659.780762 1764166438659 1764166438667
40637 1028056775 1764166438693.126465 1764166438693 1764166438700
40638 1028090119 1764166438726.472168 1764166438727 1764166438734
40639 1028123463 1764166438759.818115 1764166438759 1764166438767
40640 1028156806 1764166438793.164062 1764166438793 1764166438800
40641 1028190150 1764166438826.510986 1764166438827 1764166438834
40642 1028223494 1764166438859.857910 1764166438859 1764166438867
40643 1028256838 1764166438893.204834 1764166438893 1764166438900
40644 1028290182 1764166438926.552002 1764166438927 1764166438934
40645 1028323526 1764166438959.898926 1764166438959 1764166438967
40646 1028356870 1764166438993.245850 1764166438993 1764166439000
40647 1028390214 1764166439026.592773 1764166439027 1764166439034
40648 1028423558 1764166439059.939697 1764166439060 1764166439067
40649 1028456902 1764166439093.286621 1764166439093 1764166439100
40650 1028490246 1764166439126.633545 1764166439127 1764166439134
40651 1028523590 1764166439159.980713 1764166439160 1764166439167
40652 1028556934 1764166439193.327637 1764166439193 1764166439200
40653 1028590278 1764166439226.674561 1764166439227 1764166439234
40654 1028623621 1764166439260.020508 1764166439260 1764166439267
40655 1028656965 1764166439293.367432 1764166439294 1764166439301
40656 1028690309 1764166439326.714355 1764166439327 1764166439334
40657 1028723653 1764166439360.061279 1764166439360 1764166439367
40658 1028756997 1764166439393.408203 1764166439394 1764166439401
40659 1028790341 1764166439426.755127 1764166439426 1764166439434
40660 1028823685 1764166439460.102051 1764166439460 1764166439467
40661 1028857029 1764166439493.448975 1764166439494 1764166439501
40662 1028890373 1764166439526.795898 1764166439526 1764166439534
40663 1028923717 1764166439560.142822 1764166439560 1764166439567
40664 1028957061 1764166439593.489746 1764166439594 1764166439601
40665 1028990405 1764166439626.836670 1764166439626 1764166439634
40666 1029023749 1764166439660.183594 1764166439660 1764166439667
40667 1029057092 1764166439693.529541 1764166439694 1764166439701
40668 1029090436 1764166439726.876465 1764166439726 1764166439734
40669 1029123780 1764166439760.223389 1764166439760 1764166439767
40670 1029157124 1764166439793.570557 1764166439794 1764166439801
40671 1029190468 1764166439826.917725 1764166439827 1764166439834
40672 1029223812 1764166439860.265137 1764166439860 1764166439867
40673 1029257156 1764166439893.612305 1764166439894 1764166439901
40674 1029290500 1764166439926.959473 1764166439927 1764166439934
40675 1029323844 1764166439960.306641 1764166439960 1764166439967
40676 1029357188 1764166439993.654053 1764166439994 1764166440001
40677 1029390532 1764166440027.001221 1764166440027 1764166440034
40678 1029423876 1764166440060.348389 1764166440060 1764166440067
40679 1029457220 1764166440093.695801 1764166440094 1764166440101
40680 1029490563 1764166440127.041992 1764166440127 1764166440134
40681 1029523907 1764166440160.389404 1764166440161 1764166440168
40682 1029557251 1764166440193.736572 1764166440193 1764166440201
40683 1029590595 1764166440227.083984 1764166440227 1764166440234
40684 1029623939 1764166440260.431152 1764166440261 1764166440268
40685 1029657283 1764166440293.778564 1764166440293 1764166440301
40686 1029690627 1764166440327.125977 1764166440327 1764166440334
40687 1029723971 1764166440360.473145 1764166440361 1764166440368
40688 1029757315 1764166440393.820557 1764166440393 1764166440401
40689 1029790659 1764166440427.167969 1764166440427 1764166440434
40690 1029824003 1764166440460.515381 1764166440461 1764166440468
40691 1029857347 1764166440493.862549 1764166440493 1764166440501
40692 1029890691 1764166440527.209961 1764166440527 1764166440534
40693 1029924035 1764166440560.557373 1764166440561 1764166440568
40694 1029957378 1764166440593.903809 1764166440594 1764166440601
40695 1029990722 1764166440627.251221 1764166440627 1764166440634
40696 1030024066 1764166440660.598633 1764166440661 1764166440668
40697 1030057410 1764166440693.946045 1764166440694 1764166440701
40698 1030090754 1764166440727.293457 1764166440727 1764166440734
