31900 736630870 1764166147251.552734 1764166147252 1764166147259
31901 736664214 1764166147284.889404 1764166147285 1764166147292
31902 736697558 1764166147318.226074 1764166147318 1764166147325
31903 736730902 1764166147351.562500 1764166147352 1764166147359
31904 736764246 1764166147384.898926 1764166147385 1764166147394
31905 736797590 1764166147418.235352 1764166147418 1764166147425
31906 736830934 1764166147451.571533 1764166147452 1764166147459
31907 736864278 1764166147484.907715 1764166147485 1764166147492
31908 736897622 1764166147518.243896 1764166147518 1764166147525
31909 736930966 1764166147551.580078 1764166147552 1764166147559
31910 736964309 1764166147584.915039 1764166147585 1764166147592
31911 736997653 1764166147618.250977 1764166147618 1764166147625
31912 737030997 1764166147651.586914 1764166147652 1764166147659
31913 737064341 1764166147684.922607 1764166147685 1764166147692
31914 737097685 1764166147718.258545 1764166147719 1764166147726
31915 737131029 1764166147751.593994 1764166147752 1764166147759
31916 737164373 1764166147784.929688 1764166147785 1764166147792
31917 737197717 1764166147818.265137 1764166147819 1764166147826
31918 737231061 1764166147851.600586 1764166147852 1764166147859
31919 737264405 1764166147884.936035 1764166147885 1764166147892
31920 737297749 1764166147918.271240 1764166147919 1764166147926
31921 737331093 1764166147951.606689 1764166147951 1764166147959
31922 737364437 1764166147984.941650 1764166147985 1764166147992
31923 737397780 1764166148018.275879 1764166148019 1764166148026
31924 737431124 1764166148051.610840 1764166148051 1764166148059
31925 737464468 1764166148084.945801 1764166148085 1764166148092
31926 737497812 1764166148118.280762 1764166148119 1764166148126
31927 737531156 1764166148151.615479 1764166148151 1764166148159
31928 737564500 1764166148184.951660 1764166148185 1764166148192
31929 737597844 1764166148218.287598 1764166148219 1764166148226
31930 737631188 1764166148251.623535 1764166148251 1764166148259
31931 737664532 1764166148284.959229 1764166148285 1764166148292
31932 737697876 1764166148318.294922 1764166148319 1764166148326
31933 737731220 1764166148351.630615 1764166148351 1764166148359
31934 737764564 1764166148384.966309 1764166148385 1764166148392
31935 737797908 1764166148418.301758 1764166148419 1764166148426
31936 737831252 1764166148451.637207 1764166148451 1764166148459
31937 737864595 1764166148484.971680 1764166148485 1764166148492
31938 737897939 1764166148518.306885 1764166148519 1764166148526
31939 737931283 1764166148551.642090 1764166148551 1764166148559
31940 737964627 1764166148584.977295 1764166148585 1764166148592
31941 737997971 1764166148618.312256 1764166148619 1764166148626
31942 738031315 1764166148651.647217 1764166148651 1764166148659
31943 738064659 1764166148684.982178 1764166148685 1764166148692
31944 738098003 1764166148718.317139 1764166148719 1764166148726
31945 738131347 1764166148751.651855 1764166148752 1764166148759
31946 738164691 1764166148784.986572 1764166148785 1764166148792
31947 738198035 1764166148818.321045 1764166148819 1764166148826
31948 738231379 1764166148851.655518 1764166148852 1764166148859
31949 738264723 1764166148884.989990 1764166148885 1764166148892
31950 738298066 1764166148918.323486 1764166148919 1764166148926
31951 738331410 1764166148951.657715 1764166148952 1764166148959
31952 738364754 1764166148984.991943 1764166148985 1764166148992
31953 738398098 1764166149018.326172 1764166149019 1764166149026
31954 738431442 1764166149051.660156 1764166149052 1764166149059
31955 738464786 1764166149084.994385 1764166149085 1764166149092
31956 738498130 1764166149118.328125 1764166149119 1764166149126
31957 738531474 1764166149151.662109 1764166149152 1764166149159
31958 738564818 1764166149184.997559 1764166149186 1764166149193
31959 738598162 1764166149218.332764 1764166149218 1764166149226
31960 738631506 1764166149251.667969 1764166149252 1764166149259
31961 738664850 1764166149285.003174 1764166149286 1764166149293
31962 738698194 1764166149318.338135 1764166149319 1764166149326
31963 738731537 1764166149351.672119 1764166149352 1764166149359
31964 738764881 1764166149385.007080 1764166149386 1764166149393
31965 738798225 1764166149418.341797 1764166149418 1764166149426
31966 738831569 1764166149451.676758 1764166149452 1764166149459
31967 738864913 1764166149485.011230 1764166149486 1764166149493
31968 738898257 1764166149518.345947 1764166149518 1764166149526
31969 738931601 1764166149551.680420 1764166149552 1764166149559
31970 738964945 1764166149585.014893 1764166149586 1764166149593
31971 738998289 1764166149618.349121 1764166149618 1764166149626
31972 739031633 1764166149651.683594 1764166149652 1764166149659
31973 739064977 1764166149685.017578 1764166149686 1764166149693
31974 739098321 1764166149718.351807 1764166149718 1764166149726
31975 739131665 1764166149751.685791 1764166149752 1764166149759
31976 739165009 1764166149785.019775 1764166149786 1764166149793
31977 739198352 1764166149818.352539 1764166149818 1764166149826
31978 739231696 1764166149851.686523 1764166149853 1764166149860
31979 739265040 1764166149885.020264 1764166149886 1764166149893
31980 739298384 1764166149918.353760 1764166149918 1764166149926
31981 739331728 1764166149951.687500 1764166149952 1764166149959
31982 739365072 1764166149985.020752 1764166149986 1764166149993
31983 739398416 1764166150018.354248 1764166150018 1764166150026
31984 739431760 1764166150051.687500 1764166150052 1764166150059
31985 739465104 1764166150085.020752 1764166150086 1764166150093
31986 739498448 1764166150118.354004 1764166150118 1764166150126
31987 739531792 1764166150151.687256 1764166150152 1764166150159
31988 739565136 1764166150185.025635 1764166150186 1764166150193
31989 739598480 1764166150218.395264 1764166150219 1764166150226
31990 739631823 1764166150251.763916 1764166150252 1764166150259
31991 739665167 1764166150285.134277 1764166150286 1764166150293
31992 739698511 1764166150318.504883 1764166150319 1764166150326
31993 739731855 1764166150351.875732 1764166150352 1764166150359
31994 739765199 1764166150385.247070 1764166150385 1764166150393
31995 739798543 1764166150418.618652 1764166150419 1764166150426
31996 739831887 1764166150451.990723 1764166150452 1764166150459
31997 739865231 1764166150485.363037 1764166150486 1764166150493
31998 739898575 1764166150518.735840 1764166150519 1764166150527
31999 739931919 1764166150552.109131 1764166150552 1764166150559
32000 739965263 1764166150585.482666 1764166150586 1764166150593
32001 739998607 1764166150618.856445 1764166150619 1764166150626
32002 740031951 1764166150652.230713 1764166150653 1764166150660
32003 740065294 1764166150685.604248 1764166150686 1764166150693
32004 740098638 1764166150718.979248 1764166150719 1764166150726
32005 740131982 1764166150752.354736 1764166150753 1764166150760
32006 740165326 1764166150785.730469 1764166150786 1764166150794
32007 740198670 1764166150819.106445 1764166150819 1764166150826
32008 740232014 1764166150852.482910 1764166150853 1764166150860
32009 740265358 1764166150885.859863 1764166150885 1764166150893
32010 740298702 1764166150919.237061 1764166150919 1764166150926
32011 740332046 1764166150952.614746 1764166150953 1764166150960
32012 740365390 1764166150985.992676 1764166150985 1764166150993
32013 740398734 1764166151019.370850 1764166151019 1764166151026
32014 740432078 1764166151052.749512 1764166151053 1764166151060
32015 740465422 1764166151086.128662 1764166151085 1764166151093
32016 740498766 1764166151119.508057 1764166151119 1764166151126
32017 740532109 1764166151152.886963 1764166151153 1764166151160
32018 740565453 1764166151186.266602 1764166151185 1764166151193
32019 740598797 1764166151219.615967 1764166151219 1764166151226
32020 740632141 1764166151252.965332 1764166151253 1764166151260
32021 740665485 1764166151286.314697 1764166151285 1764166151293
32022 740698829 1764166151319.664062 1764166151319 1764166151326
32023 740732173 1764166151353.013428 1764166151352 1764166151360
32024 740765517 1764166151386.362793 1764166151385 1764166151393
32025 740798861 1764166151419.712158 1764166151419 1764166151426
32026 740832205 1764166151453.061768 1764166151453 1764166151460
32027 740865549 1764166151486.411133 1764166151485 1764166151493
32028 740898893 1764166151519.760742 1764166151519 1764166151526
32029 740932237 1764166151553.110352 1764166151553 1764166151560
32030 740965580 1764166151586.458740 1764166151585 1764166151593
32031 740998924 1764166151619.808350 1764166151619 1764166151626
32032 741032268 1764166151653.157959 1764166151653 1764166151660
32033 741065612 1764166151686.507812 1764166151686 1764166151693
32034 741098956 1764166151719.857422 1764166151719 1764166151726
32035 741132300 1764166151753.207031 1764166151752 1764166151760
32036 741165644 1764166151786.556885 1764166151786 1764166151795
32037 741198988 1764166151819.906738 1764166151820 1764166151827
32038 741232332 1764166151853.256348 1764166151853 1764166151860
32039 741265676 1764166151886.606201 1764166151886 1764166151893
32040 741299020 1764166151919.956055 1764166151919 1764166151926
32041 741332364 1764166151953.306152 1764166151953 1764166151960
32042 741365708 1764166151986.656006 1764166151986 1764166151993
32043 741399051 1764166152020.004883 1764166152019 1764166152026
32044 741432395 1764166152053.354736 1764166152053 1764166152060
32045 741465739 1764166152086.704834 1764166152086 1764166152093
32046 741499083 1764166152120.054932 1764166152120 1764166152127
32047 741532427 1764166152153.405029 1764166152153 1764166152160
32048 741565771 1764166152186.754883 1764166152186 1764166152193
32049 741599115 1764166152220.093750 1764166152220 1764166152227
32050 741632459 1764166152253.432617 1764166152252 1764166152260
32051 741665803 1764166152286.771484 1764166152286 1764166152293
32052 741699147 1764166152320.110352 1764166152320 1764166152327
32053 741732491 1764166152353.449219 1764166152352 1764166152360
32054 741765835 1764166152386.787842 1764166152386 1764166152393
32055 741799179 1764166152420.126465 1764166152420 1764166152427
32056 741832523 1764166152453.465088 1764166152452 1764166152460
32057 741865866 1764166152486.802734 1764166152486 1764166152493
32058 741899210 1764166152520.141357 1764166152520 1764166152527
32059 741932554 1764166152553.479980 1764166152552 1764166152560
32060 741965898 1764166152586.818359 1764166152586 1764166152593
32061 741999242 1764166152620.156738 1764166152620 1764166152627
32062 742032586 1764166152653.495117 1764166152652 1764166152662
32063 742065930 1764166152686.833496 1764166152686 1764166152693
32064 742099274 1764166152720.171875 1764166152720 1764166152727
32065 742132618 1764166152753.510254 1764166152752 1764166152760
32066 742165962 1764166152786.848389 1764166152786 1764166152793
32067 742199306 1764166152820.186768 1764166152820 1764166152827
32068 742232650 1764166152853.524902 1764166152852 1764166152860
32069 742265994 1764166152886.863037 1764166152886 1764166152893
32070 742299337 1764166152920.199951 1764166152919 1764166152928
32071 742332681 1764166152953.538086 1764166152952 1764166152960
32072 742366025 1764166152986.876221 1764166152987 1764166152994
32073 742399369 1764166153020.214111 1764166153020 1764166153027
32074 742432713 1764166153053.552002 1764166153053 1764166153060
32075 742466057 1764166153086.889893 1764166153086 1764166153093
32076 742499401 1764166153120.227783 1764166153120 1764166153127
32077 742532745 1764166153153.565674 1764166153153 1764166153160
32078 742566089 1764166153186.903564 1764166153186 1764166153193
32079 742599433 1764166153220.242432 1764166153220 1764166153227
32080 742632777 1764166153253.581299 1764166153253 1764166153260
32081 742666121 1764166153286.920166 1764166153286 1764166153293
32082 742699465 1764166153320.259033 1764166153320 1764166153327
32083 742732808 1764166153353.596924 1764166153353 1764166153360
32084 742766152 1764166153386.935791 1764166153386 1764166153393
32085 742799496 1764166153420.274414 1764166153420 1764166153427
32086 742832840 1764166153453.613037 1764166153453 1764166153460
32087 742866184 1764166153486.951904 1764166153487 1764166153494
32088 742899528 1764166153520.290527 1764166153520 1764166153527
32089 742932872 1764166153553.628906 1764166153553 1764166153560
32090 742966216 1764166153586.967529 1764166153587 1764166153594
32091 742999560 1764166153620.306152 1764166153619 1764166153629
32092 743032904 1764166153653.644531 1764166153653 1764166153660
32093 743066248 1764166153686.983154 1764166153687 1764166153694
32094 743099592 1764166153720.321533 1764166153719 1764166153727
32095 743132936 1764166153753.659912 1764166153753 1764166153760
32096 743166280 1764166153786.998291 1764166153787 1764166153794
32097 743199623 1764166153820.335449 1764166153819 1764166153827
32098 743232967 1764166153853.673828 1764166153853 1764166153860
32099 743266311 1764166153887.011963 1764166153887 1764166153894
32100 743299655 1764166153920.350098 1764166153919 1764166153927
32101 743332999 1764166153953.688477 1764166153953 1764166153960
32102 743366343 1764166153987.026367 1764166153987 1764166153994
32103 743399687 1764166154020.364502 1764166154019 1764166154027
32104 743433031 1764166154053.702637 1764166154053 1764166154060
32105 743466375 1764166154087.040527 1764166154087 1764166154094
32106 743499719 1764166154120.378662 1764166154119 1764166154127
32107 743533063 1764166154153.716553 1764166154154 1764166154161
32108 743566407 1764166154187.054443 1764166154187 1764166154194
32109 743599751 1764166154220.393066 1764166154219 1764166154227
32110 743633094 1764166154253.730713 1764166154253 1764166154260
32111 743666438 1764166154287.069336 1764166154287 1764166154294
32112 743699782 1764166154320.407715 1764166154319 1764166154327
32113 743733126 1764166154353.746094 1764166154353 1764166154360
32114 743766470 1764166154387.084717 1764166154387 1764166154394
32115 743799814 1764166154420.423096 1764166154419 1764166154427
32116 743833158 1764166154453.761475 1764166154453 1764166154460
32117 743866502 1764166154487.099609 1764166154487 1764166154494
32118 743899846 1764166154520.437988 1764166154520 1764166154527
32119 743933190 1764166154553.776123 1764166154553 1764166154560
32120 743966534 1764166154587.114502 1764166154587 1764166154594
32121 743999878 1764166154620.452637 1764166154620 1764166154627
32122 744033222 1764166154653.790771 1764166154653 1764166154660
32123 744066565 1764166154687.127686 1764166154687 1764166154694
32124 744099909 1764166154720.465820 1764166154720 1764166154727
32125 744133253 1764166154753.803955 1764166154753 1764166154760
32126 744166597 1764166154787.141846 1764166154787 1764166154794
32127 744199941 1764166154820.479736 1764166154820 1764166154827
32128 744233285 1764166154853.817627 1764166154853 1764166154860
32129 744266629 1764166154887.155518 1764166154887 1764166154894
32130 744299973 1764166154920.493408 1764166154920 1764166154927
32131 744333317 1764166154953.831299 1764166154954 1764166154961
32132 744366661 1764166154987.168945 1764166154987 1764166154994
32133 744400005 1764166155020.506836 1764166155020 1764166155027
32134 744433349 1764166155053.844482 1764166155054 1764166155061
32135 744466693 1764166155087.182129 1764166155086 1764166155094
32136 744500037 1764166155120.519775 1764166155120 1764166155127
32137 744533380 1764166155153.856201 1764166155154 1764166155161
32138 744566724 1764166155187.193848 1764166155187 1764166155197
32139 744600068 1764166155220.532471 1764166155220 1764166155227
32140 744633412 1764166155253.871094 1764166155254 1764166155261
32141 744666756 1764166155287.209717 1764166155286 1764166155294
32142 744700100 1764166155320.548340 1764166155320 1764166155327
32143 744733444 1764166155353.886719 1764166155354 1764166155361
32144 744766788 1764166155387.225342 1764166155386 1764166155394
32145 744800132 1764166155420.563721 1764166155420 1764166155427
32146 744833476 1764166155453.902100 1764166155454 1764166155461
32147 744866820 1764166155487.240479 1764166155486 1764166155494
32148 744900164 1764166155520.578857 1764166155520 1764166155527
32149 744933508 1764166155553.917236 1764166155554 1764166155561
32150 744966851 1764166155587.254395 1764166155586 1764166155594
32151 745000195 1764166155620.592773 1764166155620 1764166155627
32152 745033539 1764166155653.930908 1764166155653 1764166155662
32153 745066883 1764166155687.269043 1764166155686 1764166155694
32154 745100227 1764166155720.607422 1764166155720 1764166155727
32155 745133571 1764166155753.945312 1764166155754 1764166155761
32156 745166915 1764166155787.283447 1764166155786 1764166155794
32157 745200259 1764166155820.621582 1764166155821 1764166155828
32158 745233603 1764166155853.959473 1764166155854 1764166155861
32159 745266947 1764166155887.297607 1764166155886 1764166155894
32160 745300291 1764166155920.635498 1764166155920 1764166155927
32161 745333635 1764166155953.973389 1764166155954 1764166155961
32162 745366979 1764166155987.311279 1764166155987 1764166155994
32163 745400322 1764166156020.648193 1764166156020 1764166156027
32164 745433666 1764166156053.985840 1764166156054 1764166156061
32165 745467010 1764166156087.323730 1764166156087 1764166156094
32166 745500354 1764166156120.661377 1764166156121 1764166156130
32167 745533698 1764166156153.999268 1764166156154 1764166156161
32168 745567042 1764166156187.336914 1764166156187 1764166156194
32169 745600386 1764166156220.675781 1764166156220 1764166156227
32170 745633730 1764166156254.014648 1764166156254 1764166156261
32171 745667074 1764166156287.353271 1764166156287 1764166156294
32172 745700418 1764166156320.692139 1764166156321 1764166156328
32173 745733762 1764166156354.030762 1764166156354 1764166156361
32174 745767106 1764166156387.369385 1764166156387 1764166156394
32175 745800450 1764166156420.708008 1764166156421 1764166156428
32176 745833794 1764166156454.046631 1764166156454 1764166156461
32177 745867137 1764166156487.384277 1764166156487 1764166156494
32178 745900481 1764166156520.722900 1764166156521 1764166156528
32179 745933825 1764166156554.061279 1764166156554 1764166156561
32180 745967169 1764166156587.399902 1764166156587 1764166156594
32181 746000513 1764166156620.738281 1764166156621 1764166156628
32182 746033857 1764166156654.076904 1764166156653 1764166156661
32183 746067201 1764166156687.415283 1764166156687 1764166156694
32184 746100545 1764166156720.753662 1764166156720 1764166156729
32185 746133889 1764166156754.092041 1764166156753 1764166156761
32186 746167233 1764166156787.430176 1764166156787 1764166156794
32187 746200577 1764166156820.768555 1764166156821 1764166156828
32188 746233921 1764166156854.106689 1764166156853 1764166156861
32189 746267265 1764166156887.445068 1764166156887 1764166156894
32190 746300608 1764166156920.782227 1764166156921 1764166156928
32191 746333952 1764166156954.120361 1764166156953 1764166156961
32192 746367296 1764166156987.458496 1764166156987 1764166156994
32193 746400640 1764166157020.796631 1764166157021 1764166157028
32194 746433984 1764166157054.134766 1764166157053 1764166157061
32195 746467328 1764166157087.472900 1764166157087 1764166157094
32196 746500672 1764166157120.810791 1764166157121 1764166157128
32197 746534016 1764166157154.148926 1764166157153 1764166157161
32198 746567360 1764166157187.486816 1764166157187 1764166157194
32199 746600704 1764166157220.826172 1764166157221 1764166157228
32200 746634048 1764166157254.165527 1764166157253 1764166157261
32201 746667392 1764166157287.504639 1764166157287 1764166157294
32202 746700736 1764166157320.843994 1764166157321 1764166157328
32203 746734079 1764166157354.182129 1764166157353 1764166157361
32204 746767423 1764166157387.521484 1764166157387 1764166157394
32205 746800767 1764166157420.860596 1764166157420 1764166157429
32206 746834111 1764166157454.199707 1764166157453 1764166157462
32207 746867455 1764166157487.538818 1764166157487 1764166157494
32208 746900799 1764166157520.878174 1764166157521 1764166157528
32209 746934143 1764166157554.217041 1764166157554 1764166157561
32210 746967487 1764166157587.556152 1764166157587 1764166157594
32211 747000831 1764166157620.895264 1764166157621 1764166157628
32212 747034175 1764166157654.234375 1764166157654 1764166157661
32213 747067519 1764166157687.573242 1764166157688 1764166157695
32214 747100863 1764166157720.912354 1764166157721 1764166157728
32215 747134207 1764166157754.251221 1764166157754 1764166157761
32216 747167551 1764166157787.590332 1764166157787 1764166157794
32217 747200894 1764166157820.928223 1764166157821 1764166157828
32218 747234238 1764166157854.267090 1764166157854 1764166157861
32219 747267582 1764166157887.605957 1764166157887 1764166157894
32220 747300926 1764166157920.944824 1764166157920 1764166157928
32221 747334270 1764166157954.283691 1764166157954 1764166157961
32222 747367614 1764166157987.622314 1764166157988 1764166157995
32223 747400958 1764166158020.961182 1764166158021 1764166158028
32224 747434302 1764166158054.299805 1764166158054 1764166158061
32225 747467646 1764166158087.638672 1764166158088 1764166158095
32226 747500990 1764166158120.977295 1764166158121 1764166158128
32227 747534334 1764166158154.316162 1764166158154 1764166158161
32228 747567678 1764166158187.654785 1764166158187 1764166158198
32229 747601022 1764166158220.993896 1764166158220 1764166158228
32230 747634365 1764166158254.332275 1764166158254 1764166158261
32231 747667709 1764166158287.671387 1764166158288 1764166158295
32232 747701053 1764166158321.010498 1764166158320 1764166158328
32233 747734397 1764166158354.349854 1764166158354 1764166158361
32234 747767741 1764166158387.688965 1764166158388 1764166158395
32235 747801085 1764166158421.028076 1764166158420 1764166158428
32236 747834429 1764166158454.367188 1764166158454 1764166158461
32237 747867773 1764166158487.706299 1764166158488 1764166158495
32238 747901117 1764166158521.045166 1764166158520 1764166158528
32239 747934461 1764166158554.384277 1764166158554 1764166158561
32240 747967805 1764166158587.723389 1764166158588 1764166158595
32241 748001149 1764166158621.062256 1764166158620 1764166158628
32242 748034493 1764166158654.401367 1764166158654 1764166158661
32243 748067836 1764166158687.739258 1764166158688 1764166158695
32244 748101180 1764166158721.078125 1764166158720 1764166158728
32245 748134524 1764166158754.417236 1764166158754 1764166158761
32246 748167868 1764166158787.756104 1764166158788 1764166158795
32247 748201212 1764166158821.094971 1764166158820 1764166158828
32248 748234556 1764166158854.433838 1764166158854 1764166158861
32249 748267900 1764166158887.772705 1764166158888 1764166158895
32250 748301244 1764166158921.111328 1764166158921 1764166158928
32251 748334588 1764166158954.450195 1764166158954 1764166158961
32252 748367932 1764166158987.789062 1764166158988 1764166158995
32253 748401276 1764166159021.127686 1764166159021 1764166159028
32254 748434620 1764166159054.466553 1764166159054 1764166159061
32255 748467964 1764166159087.805176 1764166159088 1764166159095
32256 748501308 1764166159121.144043 1764166159121 1764166159128
32257 748534651 1764166159154.481689 1764166159154 1764166159161
32258 748567995 1764166159187.820312 1764166159188 1764166159195
32259 748601339 1764166159221.159912 1764166159221 1764166159228
32260 748634683 1764166159254.499268 1764166159254 1764166159261
32261 748668027 1764166159287.838867 1764166159288 1764166159295
32262 748701371 1764166159321.178223 1764166159321 1764166159328
32263 748734715 1764166159354.517822 1764166159354 1764166159361
32264 748768059 1764166159387.857178 1764166159388 1764166159395
32265 748801403 1764166159421.196777 1764166159421 1764166159428
32266 748834747 1764166159454.536133 1764166159455 1764166159462
32267 748868091 1764166159487.875488 1764166159488 1764166159495
32268 748901435 1764166159521.214844 1764166159521 1764166159528
32269 748934779 1764166159554.554199 1764166159555 1764166159562
32270 748968122 1764166159587.892578 1764166159587 1764166159596
32271 749001466 1764166159621.231934 1764166159621 1764166159628
32272 749034810 1764166159654.571289 1764166159655 1764166159662
32273 749068154 1764166159687.910645 1764166159687 1764166159695
32274 749101498 1764166159721.250000 1764166159721 1764166159728
32275 749134842 1764166159754.589355 1764166159755 1764166159762
32276 749168186 1764166159787.928467 1764166159787 1764166159795
32277 749201530 1764166159821.267822 1764166159821 1764166159828
32278 749234874 1764166159854.606934 1764166159855 1764166159862
32279 749268218 1764166159887.946289 1764166159887 1764166159895
32280 749301562 1764166159921.285400 1764166159921 1764166159928
32281 749334906 1764166159954.624756 1764166159955 1764166159962
32282 749368250 1764166159987.963867 1764166159987 1764166159995
32283 749401593 1764166160021.302002 1764166160021 1764166160028
32284 749434937 1764166160054.641113 1764166160055 1764166160062
32285 749468281 1764166160087.980225 1764166160087 1764166160095
32286 749501625 1764166160121.319336 1764166160121 1764166160128
32287 749534969 1764166160154.658447 1764166160155 1764166160162
32288 749568313 1764166160187.997559 1764166160187 1764166160195
32289 749601657 1764166160221.337646 1764166160221 1764166160228
32290 749635001 1764166160254.677734 1764166160255 1764166160262
32291 749668345 1764166160288.018066 1764166160287 1764166160295
32292 749701689 1764166160321.358154 1764166160321 1764166160328
32293 749735033 1764166160354.698242 1764166160355 1764166160362
32294 749768377 1764166160388.038330 1764166160388 1764166160395
32295 749801721 1764166160421.378418 1764166160421 1764166160428
32296 749835065 1764166160454.718506 1764166160455 1764166160462
32297 749868408 1764166160488.057617 1764166160488 1764166160495
32298 749901752 1764166160521.397461 1764166160521 1764166160528
32299 749935096 1764166160554.737549 1764166160555 1764166160562
32300 749968440 1764166160588.077637 1764166160588 1764166160595
32301 750001784 1764166160621.417725 1764166160621 1764166160628
32302 750035128 1764166160654.757812 1764166160655 1764166160662
32303 750068472 1764166160688.097656 1764166160688 1764166160695
32304 750101816 1764166160721.437744 1764166160721 1764166160728
32305 750135160 1764166160754.777832 1764166160755 1764166160762
32306 750168504 1764166160788.117676 1764166160788 1764166160795
32307 750201848 1764166160821.457764 1764166160822 1764166160829
32308 750235192 1764166160854.797852 1764166160855 1764166160862
32309 750268536 1764166160888.137695 1764166160888 1764166160895
32310 750301879 1764166160921.476562 1764166160922 1764166160929
32311 750335223 1764166160954.816650 1764166160954 1764166160963
32312 750368567 1764166160988.156494 1764166160988 1764166160995
32313 750401911 1764166161021.496582 1764166161022 1764166161029
32314 750435255 1764166161054.836426 1764166161054 1764166161062
32315 750468599 1764166161088.176270 1764166161088 1764166161095
32316 750501943 1764166161121.516357 1764166161122 1764166161129
32317 750535287 1764166161154.856201 1764166161154 1764166161162
32318 750568631 1764166161188.196045 1764166161188 1764166161195
32319 750601975 1764166161221.537354 1764166161222 1764166161229
32320 750635319 1764166161254.878662 1764166161254 1764166161262
32321 750668663 1764166161288.219971 1764166161288 1764166161295
32322 750702007 1764166161321.561279 1764166161322 1764166161329
32323 750735350 1764166161354.901611 1764166161354 1764166161362
32324 750768694 1764166161388.242920 1764166161388 1764166161395
32325 750802038 1764166161421.583984 1764166161422 1764166161429
32326 750835382 1764166161454.925293 1764166161454 1764166161462
32327 750868726 1764166161488.266602 1764166161488 1764166161495
32328 750902070 1764166161521.607910 1764166161522 1764166161529
32329 750935414 1764166161554.949219 1764166161554 1764166161562
32330 750968758 1764166161588.290527 1764166161588 1764166161595
32331 751002102 1764166161621.631836 1764166161622 1764166161629
32332 751035446 1764166161654.973145 1764166161654 1764166161662
32333 751068790 1764166161688.314453 1764166161688 1764166161695
32334 751102134 1764166161721.655762 1764166161722 1764166161729
32335 751135478 1764166161754.997070 1764166161754 1764166161762
32336 751168822 1764166161788.338135 1764166161788 1764166161795
32337 751202165 1764166161821.678467 1764166161822 1764166161829
32338 751235509 1764166161855.019775 1764166161855 1764166161862
32339 751268853 1764166161888.361084 1764166161888 1764166161895
32340 751302197 1764166161921.702393 1764166161922 1764166161929
32341 751335541 1764166161955.043701 1764166161955 1764166161962
32342 751368885 1764166161988.385010 1764166161988 1764166161995
32343 751402229 1764166162021.726318 1764166162022 1764166162029
32344 751435573 1764166162055.067627 1764166162055 1764166162062
32345 751468917 1764166162088.408691 1764166162088 1764166162095
32346 751502261 1764166162121.750000 1764166162122 1764166162130
32347 751535605 1764166162155.091309 1764166162155 1764166162162
32348 751568949 1764166162188.432617 1764166162189 1764166162196
32349 751602293 1764166162221.772461 1764166162222 1764166162229
32350 751635636 1764166162255.111084 1764166162255 1764166162262
32351 751668980 1764166162288.450928 1764166162289 1764166162296
32352 751702324 1764166162321.790527 1764166162321 1764166162329
32353 751735668 1764166162355.130371 1764166162355 1764166162362
32354 751769012 1764166162388.469971 1764166162389 1764166162396
32355 751802356 1764166162421.809814 1764166162422 1764166162429
32356 751835700 1764166162455.149414 1764166162455 1764166162462
32357 751869044 1764166162488.489014 1764166162489 1764166162496
32358 751902388 1764166162521.828857 1764166162521 1764166162529
32359 751935732 1764166162555.168457 1764166162555 1764166162562
32360 751969076 1764166162588.508057 1764166162589 1764166162596
32361 752002420 1764166162621.847656 1764166162621 1764166162629
32362 752035764 1764166162655.187256 1764166162655 1764166162662
32363 752069107 1764166162688.525879 1764166162689 1764166162696
32364 752102451 1764166162721.865479 1764166162721 1764166162729
32365 752135795 1764166162755.205078 1764166162755 1764166162762
32366 752169139 1764166162788.544678 1764166162789 1764166162796
32367 752202483 1764166162821.884277 1764166162821 1764166162829
32368 752235827 1764166162855.223877 1764166162855 1764166162862
32369 752269171 1764166162888.563477 1764166162889 1764166162896
32370 752302515 1764166162921.902832 1764166162921 1764166162929
32371 752335859 1764166162955.242432 1764166162955 1764166162962
32372 752369203 1764166162988.582031 1764166162988 1764166163002
32373 752402547 1764166163021.921387 1764166163021 1764166163029
32374 752435891 1764166163055.260986 1764166163056 1764166163064
32375 752469235 1764166163088.600342 1764166163089 1764166163096
32376 752502579 1764166163121.939941 1764166163121 1764166163129
32377 752535922 1764166163155.278320 1764166163155 1764166163162
32378 752569266 1764166163188.617676 1764166163189 1764166163196
32379 752602610 1764166163221.957520 1764166163221 1764166163229
32380 752635954 1764166163255.297363 1764166163255 1764166163262
32381 752669298 1764166163288.637207 1764166163289 1764166163296
32382 752702642 1764166163321.977051 1764166163322 1764166163329
32383 752735986 1764166163355.316650 1764166163355 1764166163362
32384 752769330 1764166163388.656494 1764166163389 1764166163396
32385 752802674 1764166163421.996338 1764166163422 1764166163429
32386 752836018 1764166163455.335938 1764166163455 1764166163462
32387 752869362 1764166163488.675781 1764166163489 1764166163496
32388 752902706 1764166163522.015381 1764166163522 1764166163529
32389 752936050 1764166163555.355225 1764166163555 1764166163562
32390 752969393 1764166163588.693848 1764166163589 1764166163596
32391 753002737 1764166163622.033447 1764166163622 1764166163629
32392 753036081 1764166163655.373291 1764166163655 1764166163662
32393 753069425 1764166163688.712891 1764166163689 1764166163696
32394 753102769 1764166163722.052490 1764166163722 1764166163729
32395 753136113 1764166163755.392090 1764166163755 1764166163763
32396 753169457 1764166163788.731689 1764166163789 1764166163796
32397 753202801 1764166163822.071533 1764166163822 1764166163829
32398 753236145 1764166163855.411133 1764166163856 1764166163863
32399 753269489 1764166163888.750732 1764166163888 1764166163896
32400 753302833 1764166163922.090332 1764166163922 1764166163929
32401 753336177 1764166163955.429688 1764166163956 1764166163963
32402 753369521 1764166163988.769287 1764166163989 1764166163996
32403 753402864 1764166164022.107910 1764166164022 1764166164029
32404 753436208 1764166164055.447510 1764166164056 1764166164063
32405 753469552 1764166164088.787109 1764166164088 1764166164096
32406 753502896 1764166164122.126465 1764166164123 1764166164130
32407 753536240 1764166164155.466064 1764166164156 1764166164163
32408 753569584 1764166164188.805664 1764166164188 1764166164196
32409 753602928 1764166164222.145508 1764166164222 1764166164229
32410 753636272 1764166164255.485107 1764166164256 1764166164263
32411 753669616 1764166164288.824951 1764166164288 1764166164296
32412 753702960 1764166164322.164795 1764166164322 1764166164329
32413 753736304 1764166164355.504639 1764166164356 1764166164363
32414 753769648 1764166164388.844238 1764166164388 1764166164396
32415 753802992 1764166164422.184082 1764166164422 1764166164429
32416 753836336 1764166164455.523682 1764166164456 1764166164463
32417 753869679 1764166164488.862549 1764166164488 1764166164496
32418 753903023 1764166164522.202148 1764166164522 1764166164529
32419 753936367 1764166164555.541992 1764166164556 1764166164563
32420 753969711 1764166164588.881592 1764166164588 1764166164596
32421 754003055 1764166164622.221191 1764166164622 1764166164629
32422 754036399 1764166164655.561035 1764166164656 1764166164663
32423 754069743 1764166164688.900635 1764166164688 1764166164696
32424 754103087 1764166164722.240234 1764166164723 1764166164730
32425 754136431 1764166164755.579834 1764166164756 1764166164763
32426 754169775 1764166164788.919434 1764166164789 1764166164796
32427 754203119 1764166164822.259277 1764166164822 1764166164829
32428 754236463 1764166164855.598877 1764166164855 1764166164863
32429 754269807 1764166164888.938477 1764166164889 1764166164896
32430 754303150 1764166164922.276855 1764166164922 1764166164929
32431 754336494 1764166164955.616455 1764166164956 1764166164963
32432 754369838 1764166164988.956055 1764166164989 1764166164996
32433 754403182 1764166165022.295654 1764166165022 1764166165029
32434 754436526 1764166165055.635254 1764166165056 1764166165063
32435 754469870 1764166165088.974609 1764166165089 1764166165096
32436 754503214 1764166165122.314209 1764166165122 1764166165130
32437 754536558 1764166165155.653809 1764166165156 1764166165163
32438 754569902 1764166165188.993164 1764166165189 1764166165196
32439 754603246 1764166165222.333008 1764166165223 1764166165230
32440 754636590 1764166165255.672852 1764166165256 1764166165263
32441 754669934 1764166165289.012451 1764166165289 1764166165296
32442 754703278 1764166165322.352295 1764166165323 1764166165330
32443 754736621 1764166165355.690918 1764166165356 1764166165363
32444 754769965 1764166165389.030762 1764166165389 1764166165396
32445 754803309 1764166165422.370361 1764166165423 1764166165430
32446 754836653 1764166165455.710205 1764166165455 1764166165463
32447 754869997 1764166165489.049805 1764166165489 1764166165496
32448 754903341 1764166165522.389648 1764166165523 1764166165530
32449 754936685 1764166165555.729248 1764166165555 1764166165563
32450 754970029 1764166165589.068848 1764166165589 1764166165596
32451 755003373 1764166165622.408447 1764166165623 1764166165630
32452 755036717 1764166165655.748047 1764166165655 1764166165663
32453 755070061 1764166165689.087891 1764166165689 1764166165696
32454 755103405 1764166165722.427490 1764166165723 1764166165730
32455 755136749 1764166165755.767090 1764166165755 1764166165763
32456 755170093 1764166165789.106689 1764166165789 1764166165796
32457 755203436 1764166165822.445068 1764166165823 1764166165830
32458 755236780 1764166165855.784668 1764166165855 1764166165863
32459 755270124 1764166165889.124268 1764166165889 1764166165896
32460 755303468 1764166165922.463867 1764166165923 1764166165930
32461 755336812 1764166165955.803467 1764166165955 1764166165963
32462 755370156 1764166165989.142822 1764166165989 1764166165996
32463 755403500 1764166166022.482422 1764166166023 1764166166030
32464 755436844 1764166166055.822021 1764166166055 1764166166063
32465 755470188 1764166166089.161377 1764166166089 1764166166096
32466 755503532 1764166166122.500977 1764166166123 1764166166130
32467 755536876 1764166166155.840332 1764166166155 1764166166163
32468 755570220 1764166166189.179932 1764166166189 1764166166196
32469 755603564 1764166166222.520020 1764166166223 1764166166230
32470 755636907 1764166166255.885010 1764166166256 1764166166263
32471 755670251 1764166166289.250977 1764166166289 1764166166296
32472 755703595 1764166166322.617188 1764166166323 1764166166330
32473 755736939 1764166166355.983643 1764166166356 1764166166363
32474 755770283 1764166166389.350098 1764166166389 1764166166396
32475 755803627 1764166166422.716797 1764166166423 1764166166430
32476 755836971 1764166166456.083740 1764166166456 1764166166463
32477 755870315 1764166166489.450684 1764166166489 1764166166496
32478 755903659 1764166166522.817871 1764166166523 1764166166530
32479 755937003 1764166166556.185059 1764166166556 1764166166563
32480 755970347 1764166166589.552734 1764166166589 1764166166596
32481 756003691 1764166166622.920410 1764166166623 1764166166630
32482 756037035 1764166166656.288086 1764166166656 1764166166663
32483 756070378 1764166166689.655029 1764166166690 1764166166697
32484 756103722 1764166166723.023193 1764166166722 1764166166730
32485 756137066 1764166166756.391602 1764166166756 1764166166763
32486 756170410 1764166166789.760010 1764166166790 1764166166797
32487 756203754 1764166166823.128662 1764166166822 1764166166830
32488 756237098 1764166166856.497559 1764166166856 1764166166863
32489 756270442 1764166166889.866455 1764166166890 1764166166897
32490 756303786 1764166166923.235596 1764166166922 1764166166930
32491 756337130 1764166166956.604736 1764166166956 1764166166963
32492 756370474 1764166166989.974365 1764166166990 1764166166997
32493 756403818 1764166167023.343994 1764166167022 1764166167030
32494 756437162 1764166167056.713623 1764166167056 1764166167063
32495 756470506 1764166167090.083496 1764166167090 1764166167097
32496 756503850 1764166167123.453613 1764166167122 1764166167130
32497 756537193 1764166167156.822998 1764166167156 1764166167163
32498 756570537 1764166167190.193359 1764166167190 1764166167197
32499 756603881 1764166167223.563721 1764166167222 1764166167230
32500 756637225 1764166167256.907471 1764166167256 1764166167263
32501 756670569 1764166167290.251221 1764166167290 1764166167297
32502 756703913 1764166167323.594971 1764166167322 1764166167330
32503 756737257 1764166167356.938965 1764166167356 1764166167363
32504 756770601 1764166167390.282715 1764166167390 1764166167397
32505 756803945 1764166167423.626709 1764166167422 1764166167430
32506 756837289 1764166167456.970703 1764166167456 1764166167463
32507 756870633 1764166167490.314941 1764166167490 1764166167497
32508 756903977 1764166167523.658936 1764166167522 1764166167530
32509 756937321 1764166167557.003174 1764166167556 1764166167563
32510 756970664 1764166167590.346191 1764166167590 1764166167597
32511 757004008 1764166167623.690430 1764166167622 1764166167630
32512 757037352 1764166167657.034668 1764166167656 1764166167663
32513 757070696 1764166167690.379150 1764166167690 1764166167697
32514 757104040 1764166167723.723389 1764166167723 1764166167730
32515 757137384 1764166167757.067871 1764166167756 1764166167763
32516 757170728 1764166167790.412354 1764166167790 1764166167797
32517 757204072 1764166167823.756836 1764166167823 1764166167830
32518 757237416 1764166167857.101318 1764166167856 1764166167863
32519 757270760 1764166167890.445801 1764166167890 1764166167897
32520 757304104 1764166167923.790527 1764166167923 1764166167930
32521 757337448 1764166167957.135010 1764166167956 1764166167963
32522 757370792 1764166167990.479736 1764166167990 1764166167997
32523 757404135 1764166168023.823486 1764166168023 1764166168030
32524 757437479 1764166168057.168213 1764166168057 1764166168064
32525 757470823 1764166168090.513184 1764166168090 1764166168097
32526 757504167 1764166168123.858154 1764166168123 1764166168130
32527 757537511 1764166168157.202881 1764166168156 1764166168163
32528 757570855 1764166168190.547852 1764166168190 1764166168197
32529 757604199 1764166168223.892822 1764166168223 1764166168230
32530 757637543 1764166168257.231201 1764166168257 1764166168264
32531 757670887 1764166168290.569336 1764166168290 1764166168297
32532 757704231 1764166168323.907715 1764166168323 1764166168330
32533 757737575 1764166168357.245850 1764166168357 1764166168364
32534 757770919 1764166168390.583984 1764166168389 1764166168397
32535 757804263 1764166168423.922119 1764166168423 1764166168430
32536 757837607 1764166168457.260254 1764166168457 1764166168464
32537 757870950 1764166168490.597412 1764166168489 1764166168497
32538 757904294 1764166168523.935547 1764166168524 1764166168531
32539 757937638 1764166168557.273682 1764166168557 1764166168564
32540 757970982 1764166168590.611572 1764166168589 1764166168597
32541 758004326 1764166168623.949707 1764166168623 1764166168630
32542 758037670 1764166168657.287598 1764166168657 1764166168664
32543 758071014 1764166168690.625488 1764166168689 1764166168697
32544 758104358 1764166168723.963623 1764166168723 1764166168730
32545 758137702 1764166168757.301514 1764166168757 1764166168764
32546 758171046 1764166168790.639404 1764166168789 1764166168797
32547 758204390 1764166168823.977295 1764166168823 1764166168830
32548 758237734 1764166168857.314941 1764166168857 1764166168864
32549 758271078 1764166168890.652832 1764166168889 1764166168897
32550 758304421 1764166168923.989502 1764166168923 1764166168930
32551 758337765 1764166168957.327393 1764166168957 1764166168964
32552 758371109 1764166168990.665039 1764166168989 1764166168997
32553 758404453 1764166169024.002930 1764166169024 1764166169031
32554 758437797 1764166169057.340576 1764166169057 1764166169064
32555 758471141 1764166169090.678223 1764166169090 1764166169097
32556 758504485 1764166169124.015869 1764166169123 1764166169130
32557 758537829 1764166169157.353516 1764166169157 1764166169164
32558 758571173 1764166169190.691162 1764166169190 1764166169197
32559 758604517 1764166169224.028564 1764166169223 1764166169230
32560 758637861 1764166169257.367188 1764166169257 1764166169264
32561 758671205 1764166169290.705566 1764166169290 1764166169297
32562 758704549 1764166169324.043945 1764166169323 1764166169330
32563 758737892 1764166169357.381348 1764166169357 1764166169364
32564 758771236 1764166169390.719482 1764166169390 1764166169397
32565 758804580 1764166169424.057861 1764166169423 1764166169430
32566 758837924 1764166169457.396240 1764166169456 1764166169464
32567 758871268 1764166169490.734375 1764166169490 1764166169497
32568 758904612 1764166169524.072754 1764166169523 1764166169530
32569 758937956 1764166169557.410889 1764166169557 1764166169564
32570 758971300 1764166169590.749023 1764166169590 1764166169597
32571 759004644 1764166169624.087402 1764166169624 1764166169631
32572 759037988 1764166169657.425537 1764166169657 1764166169664
32573 759071332 1764166169690.763672 1764166169690 1764166169697
32574 759104676 1764166169724.101807 1764166169724 1764166169731
32575 759138020 1764166169757.439697 1764166169757 1764166169764
32576 759171364 1764166169790.777832 1764166169790 1764166169797
32577 759204707 1764166169824.114990 1764166169824 1764166169831
32578 759238051 1764166169857.452881 1764166169856 1764166169864
32579 759271395 1764166169890.791016 1764166169890 1764166169897
32580 759304739 1764166169924.128906 1764166169924 1764166169931
32581 759338083 1764166169957.466797 1764166169956 1764166169964
32582 759371427 1764166169990.804688 1764166169990 1764166169997
32583 759404771 1764166170024.142578 1764166170024 1764166170031
32584 759438115 1764166170057.480469 1764166170056 1764166170064
32585 759471459 1764166170090.818359 1764166170090 1764166170097
32586 759504803 1764166170124.156250 1764166170124 1764166170131
32587 759538147 1764166170157.494141 1764166170156 1764166170164
32588 759571491 1764166170190.831787 1764166170190 1764166170197
32589 759604835 1764166170224.169678 1764166170224 1764166170231
32590 759638178 1764166170257.506836 1764166170256 1764166170264
32591 759671522 1764166170290.845215 1764166170290 1764166170297
32592 759704866 1764166170324.183350 1764166170324 1764166170331
32593 759738210 1764166170357.521729 1764166170356 1764166170364
32594 759771554 1764166170390.859863 1764166170390 1764166170397
32595 759804898 1764166170424.197998 1764166170424 1764166170431
32596 759838242 1764166170457.536133 1764166170456 1764166170464
32597 759871586 1764166170490.874268 1764166170490 1764166170497
32598 759904930 1764166170524.212402 1764166170524 1764166170531
32599 759938274 1764166170557.550293 1764166170556 1764166170564
32600 759971618 1764166170590.888428 1764166170590 1764166170598
32601 760004962 1764166170624.226562 1764166170624 1764166170631
32602 760038306 1764166170657.564453 1764166170657 1764166170664
32603 760071649 1764166170690.901367 1764166170690 1764166170697
32604 760104993 1764166170724.239258 1764166170724 1764166170731
32605 760138337 1764166170757.577148 1764166170757 1764166170764
32606 760171681 1764166170790.915039 1764166170790 1764166170797
32607 760205025 1764166170824.252930 1764166170824 1764166170831
32608 760238369 1764166170857.590820 1764166170857 1764166170864
32609 760271713 1764166170890.928711 1764166170890 1764166170898
32610 760305057 1764166170924.266357 1764166170924 1764166170931
32611 760338401 1764166170957.604248 1764166170957 1764166170964
32612 760371745 1764166170990.941895 1764166170990 1764166170997
32613 760405089 1764166171024.279785 1764166171023 1764166171031
32614 760438433 1764166171057.617432 1764166171057 1764166171064
32615 760471777 1764166171090.955078 1764166171090 1764166171097
32616 760505121 1764166171124.292725 1764166171124 1764166171131
32617 760538464 1764166171157.629395 1764166171157 1764166171164
32618 760571808 1764166171190.967041 1764166171191 1764166171198
32619 760605152 1764166171224.304443 1764166171224 1764166171231
32620 760638496 1764166171257.643066 1764166171257 1764166171264
32621 760671840 1764166171290.981445 1764166171291 1764166171298
32622 760705184 1764166171324.319824 1764166171323 1764166171331
32623 760738528 1764166171357.658203 1764166171357 1764166171364
32624 760771872 1764166171390.996338 1764166171390 1764166171398
32625 760805216 1764166171424.334717 1764166171423 1764166171431
32626 760838560 1764166171457.673096 1764166171457 1764166171464
32627 760871904 1764166171491.011230 1764166171491 1764166171498
32628 760905248 1764166171524.349609 1764166171523 1764166171531
32629 760938592 1764166171557.687744 1764166171557 1764166171564
32630 760971935 1764166171591.024902 1764166171591 1764166171598
32631 761005279 1764166171624.363037 1764166171623 1764166171634
32632 761038623 1764166171657.701172 1764166171657 1764166171664
32633 761071967 1764166171691.039307 1764166171691 1764166171698
32634 761105311 1764166171724.377441 1764166171723 1764166171731
32635 761138655 1764166171757.715576 1764166171757 1764166171764
32636 761171999 1764166171791.053467 1764166171790 1764166171798
32637 761205343 1764166171824.391602 1764166171823 1764166171831
32638 761238687 1764166171857.729492 1764166171857 1764166171864
32639 761272031 1764166171891.067627 1764166171891 1764166171898
32640 761305375 1764166171924.405518 1764166171923 1764166171931
32641 761338719 1764166171957.743408 1764166171957 1764166171964
32642 761372063 1764166171991.081299 1764166171991 1764166171998
32643 761405406 1764166172024.418213 1764166172024 1764166172031
32644 761438750 1764166172057.756104 1764166172057 1764166172064
32645 761472094 1764166172091.093994 1764166172091 1764166172098
32646 761505438 1764166172124.431641 1764166172124 1764166172131
32647 761538782 1764166172157.769531 1764166172157 1764166172164
32648 761605470 1764166172224.445068 1764166172224 1764166172231
32649 761638814 1764166172257.783447 1764166172257 1764166172264
32650 761672158 1764166172291.122070 1764166172291 1764166172298
32651 761705502 1764166172324.460449 1764166172324 1764166172331
32652 761738846 1764166172357.798828 1764166172357 1764166172364
32653 761772190 1764166172391.137207 1764166172391 1764166172398
32654 761805534 1764166172424.475586 1764166172424 1764166172431
32655 761838878 1764166172457.813965 1764166172457 1764166172464
32656 761872221 1764166172491.151123 1764166172491 1764166172498
32657 761905565 1764166172524.489502 1764166172524 1764166172531
32658 761938909 1764166172557.827881 1764166172558 1764166172565
32659 761972253 1764166172591.166016 1764166172591 1764166172598
32660 762005597 1764166172624.504150 1764166172624 1764166172631
32661 762038941 1764166172657.842529 1764166172658 1764166172665
32662 762072285 1764166172691.180664 1764166172690 1764166172698
32663 762105629 1764166172724.518799 1764166172724 1764166172731
32664 762138973 1764166172757.856934 1764166172758 1764166172765
32665 762172317 1764166172791.195068 1764166172790 1764166172798
32666 762205661 1764166172824.533203 1764166172824 1764166172831
32667 762239005 1764166172857.871338 1764166172858 1764166172865
32668 762272349 1764166172891.209229 1764166172890 1764166172898
32669 762305692 1764166172924.546387 1764166172924 1764166172931
32670 762339036 1764166172957.884277 1764166172958 1764166172965
32671 762372380 1764166172991.222412 1764166172990 1764166172998
32672 762405724 1764166173024.560303 1764166173024 1764166173031
32673 762439068 1764166173057.898193 1764166173058 1764166173065
32674 762472412 1764166173091.236084 1764166173090 1764166173098
32675 762505756 1764166173124.573975 1764166173124 1764166173131
32676 762539100 1764166173157.911865 1764166173158 1764166173165
32677 762572444 1764166173191.249756 1764166173190 1764166173198
32678 762605788 1764166173224.587646 1764166173224 1764166173231
32679 762639132 1764166173257.926514 1764166173258 1764166173265
32680 762672476 1764166173291.265137 1764166173290 1764166173298
32681 762705820 1764166173324.604004 1764166173324 1764166173332
32682 762739163 1764166173357.941650 1764166173358 1764166173365
32683 762772507 1764166173391.280518 1764166173390 1764166173398
32684 762805851 1764166173424.619141 1764166173424 1764166173434
32685 762839195 1764166173457.958008 1764166173458 1764166173465
32686 762872539 1764166173491.296631 1764166173490 1764166173498
32687 762905883 1764166173524.635254 1764166173524 1764166173531
32688 762939227 1764166173557.973877 1764166173558 1764166173565
32689 762972571 1764166173591.312500 1764166173591 1764166173598
32690 763005915 1764166173624.651123 1764166173624 1764166173631
32691 763039259 1764166173657.989746 1764166173658 1764166173665
32692 763072603 1764166173691.328369 1764166173691 1764166173698
32693 763105947 1764166173724.666992 1764166173725 1764166173732
32694 763139291 1764166173758.005371 1764166173758 1764166173765
32695 763172635 1764166173791.343994 1764166173791 1764166173798
32696 763205978 1764166173824.681396 1764166173825 1764166173832
32697 763239322 1764166173858.020020 1764166173858 1764166173865
32698 763272666 1764166173891.358398 1764166173891 1764166173898
32699 763306010 1764166173924.696777 1764166173925 1764166173932
32700 763339354 1764166173958.035156 1764166173958 1764166173965
32701 763372698 1764166173991.373779 1764166173991 1764166173998
32702 763406042 1764166174024.712158 1764166174025 1764166174032
32703 763439386 1764166174058.050293 1764166174058 1764166174065
32704 763472730 1764166174091.388672 1764166174091 1764166174098
32705 763506074 1764166174124.727051 1764166174125 1764166174132
32706 763539418 1764166174158.065430 1764166174157 1764166174165
32707 763572762 1764166174191.403564 1764166174191 1764166174198
32708 763606106 1764166174224.741943 1764166174225 1764166174232
32709 763639449 1764166174258.079346 1764166174257 1764166174265
32710 763672793 1764166174291.417725 1764166174291 1764166174298
32711 763706137 1764166174324.756104 1764166174325 1764166174332
32712 763739481 1764166174358.094482 1764166174357 1764166174365
32713 763772825 1764166174391.432617 1764166174391 1764166174398
32714 763806169 1764166174424.770996 1764166174425 1764166174432
32715 763839513 1764166174458.109131 1764166174457 1764166174465
32716 763872857 1764166174491.447510 1764166174491 1764166174498
32717 763906201 1764166174524.785645 1764166174525 1764166174532
32718 763939545 1764166174558.123779 1764166174557 1764166174565
32719 763972889 1764166174591.461914 1764166174591 1764166174598
32720 764006233 1764166174624.800049 1764166174625 1764166174632
32721 764039577 1764166174658.138184 1764166174657 1764166174665
32722 764072920 1764166174691.475342 1764166174691 1764166174698
32723 764106264 1764166174724.813477 1764166174725 1764166174732
32724 764139608 1764166174758.151367 1764166174757 1764166174765
32725 764172952 1764166174791.489502 1764166174791 1764166174798
32726 764206296 1764166174824.827393 1764166174825 1764166174832
32727 764239640 1764166174858.165283 1764166174857 1764166174865
32728 764272984 1764166174891.503418 1764166174892 1764166174899
32729 764306328 1764166174924.841309 1764166174925 1764166174932
32730 764339672 1764166174958.179199 1764166174957 1764166174965
32731 764373016 1764166174991.517090 1764166174991 1764166174998
32732 764406360 1764166175024.854980 1764166175025 1764166175032
32733 764439704 1764166175058.192627 1764166175058 1764166175065
32734 764473048 1764166175091.530518 1764166175091 1764166175098
32735 764506392 1764166175124.868164 1764166175125 1764166175132
32736 764539735 1764166175158.205078 1764166175158 1764166175165
32737 764573079 1764166175191.542725 1764166175191 1764166175198
32738 764606423 1764166175224.880615 1764166175225 1764166175232
32739 764639767 1764166175258.218750 1764166175258 1764166175265
32740 764673111 1764166175291.557129 1764166175291 1764166175298
32741 764706455 1764166175324.895264 1764166175325 1764166175332
32742 764739799 1764166175358.233398 1764166175358 1764166175365
32743 764773143 1764166175391.571533 1764166175392 1764166175399
32744 764806487 1764166175424.909668 1764166175425 1764166175432
32745 764839831 1764166175458.247803 1764166175458 1764166175465
32746 764873175 1764166175491.585938 1764166175492 1764166175499
32747 764906519 1764166175524.924072 1764166175525 1764166175532
32748 764939863 1764166175558.262207 1764166175558 1764166175565
32749 764973206 1764166175591.599121 1764166175592 1764166175599
32750 765006550 1764166175624.937256 1764166175624 1764166175632
32751 765039894 1764166175658.275146 1764166175658 1764166175665
32752 765073238 1764166175691.613037 1764166175692 1764166175699
32753 765106582 1764166175724.951172 1764166175724 1764166175732
32754 765139926 1764166175758.289062 1764166175758 1764166175765
32755 765173270 1764166175791.626953 1764166175792 1764166175799
32756 765206614 1764166175824.964600 1764166175824 1764166175832
32757 765239958 1764166175858.302490 1764166175858 1764166175865
32758 765273302 1764166175891.640381 1764166175892 1764166175899
32759 765306646 1764166175924.978027 1764166175924 1764166175932
32760 765339990 1764166175958.315918 1764166175958 1764166175965
32761 765373334 1764166175991.653564 1764166175992 1764166175999
32762 765406677 1764166176024.990234 1764166176024 1764166176033
32763 765440021 1764166176058.328125 1764166176058 1764166176065
32764 765473365 1764166176091.665771 1764166176092 1764166176099
32765 765506709 1764166176125.003418 1764166176124 1764166176132
32766 765540053 1764166176158.340820 1764166176158 1764166176165
32767 765573397 1764166176191.678467 1764166176192 1764166176199
32768 765606741 1764166176225.016113 1764166176224 1764166176232
32769 765640085 1764166176258.354492 1764166176259 1764166176266
32770 765673429 1764166176291.692627 1764166176292 1764166176299
32771 765706773 1764166176325.030762 1764166176324 1764166176332
32772 765740117 1764166176358.369141 1764166176358 1764166176365
32773 765773461 1764166176391.707275 1764166176392 1764166176399
32774 765806805 1764166176425.045410 1764166176425 1764166176432
32775 765840149 1764166176458.383545 1764166176458 1764166176465
32776 765873492 1764166176491.720459 1764166176492 1764166176499
32777 765906836 1764166176525.058594 1764166176525 1764166176532
32778 765940180 1764166176558.396729 1764166176558 1764166176565
32779 765973524 1764166176591.734619 1764166176592 1764166176599
32780 766006868 1764166176625.072754 1764166176625 1764166176632
32781 766040212 1764166176658.410645 1764166176658 1764166176665
32782 766073556 1764166176691.748535 1764166176692 1764166176699
32783 766106900 1764166176725.086670 1764166176725 1764166176732
32784 766140244 1764166176758.424561 1764166176758 1764166176765
32785 766173588 1764166176791.762451 1764166176792 1764166176799
32786 766206932 1764166176825.100098 1764166176825 1764166176832
32787 766240276 1764166176858.437988 1764166176859 1764166176866
32788 766273620 1764166176891.775879 1764166176891 1764166176899
32789 766306963 1764166176925.112549 1764166176925 1764166176932
32790 766340307 1764166176958.450439 1764166176959 1764166176966
32791 766373651 1764166176991.788086 1764166176992 1764166176999
32792 766406995 1764166177025.125977 1764166177025 1764166177032
32793 766440339 1764166177058.463623 1764166177059 1764166177066
32794 766473683 1764166177091.801270 1764166177091 1764166177099
32795 766507027 1764166177125.138916 1764166177125 1764166177134
32796 766540371 1764166177158.476562 1764166177159 1764166177166
32797 766573715 1764166177191.813965 1764166177191 1764166177199
32798 766607059 1764166177225.151611 1764166177225 1764166177232
32799 766640403 1764166177258.490967 1764166177259 1764166177266
32800 766673747 1764166177291.830566 1764166177291 1764166177299
32801 766707091 1764166177325.169922 1764166177325 1764166177334
32802 766740434 1764166177358.508301 1764166177359 1764166177366
32803 766773778 1764166177391.847656 1764166177391 1764166177399
32804 766807122 1764166177425.186768 1764166177425 1764166177432
32805 766840466 1764166177458.526123 1764166177459 1764166177466
32806 766873810 1764166177491.865479 1764166177491 1764166177499
32807 766907154 1764166177525.204834 1764166177525 1764166177532
32808 766940498 1764166177558.544189 1764166177559 1764166177566
32809 766973842 1764166177591.883301 1764166177591 1764166177599
32810 767007186 1764166177625.222656 1764166177625 1764166177633
32811 767040530 1764166177658.562012 1764166177659 1764166177666
32812 767073874 1764166177691.901123 1764166177691 1764166177699
32813 767107218 1764166177725.240479 1764166177725 1764166177732
32814 767140562 1764166177758.579590 1764166177759 1764166177766
32815 767173906 1764166177791.918701 1764166177791 1764166177799
32816 767207249 1764166177825.257080 1764166177825 1764166177832
32817 767240593 1764166177858.596191 1764166177859 1764166177866
32818 767273937 1764166177891.935303 1764166177892 1764166177899
32819 767307281 1764166177925.274414 1764166177925 1764166177932
32820 767340625 1764166177958.613525 1764166177959 1764166177966
32821 767373969 1764166177991.952637 1764166177992 1764166177999
32822 767407313 1764166178025.291748 1764166178025 1764166178032
32823 767440657 1764166178058.630859 1764166178059 1764166178066
32824 767474001 1764166178091.969971 1764166178092 1764166178099
32825 767507345 1764166178125.309082 1764166178125 1764166178132
32826 767540689 1764166178158.648193 1764166178159 1764166178166
32827 767574033 1764166178191.987305 1764166178192 1764166178199
32828 767607377 1764166178225.326416 1764166178225 1764166178232
32829 767640720 1764166178258.664307 1764166178259 1764166178266
32830 767674064 1764166178292.003418 1764166178292 1764166178299
32831 767707408 1764166178325.342529 1764166178325 1764166178332
32832 767740752 1764166178358.681641 1764166178359 1764166178366
32833 767774096 1764166178392.020752 1764166178392 1764166178399
32834 767807440 1764166178425.359619 1764166178426 1764166178433
32835 767840784 1764166178458.698730 1764166178459 1764166178466
32836 767874128 1764166178492.037598 1764166178492 1764166178499
32837 767907472 1764166178525.376465 1764166178526 1764166178533
32838 767940816 1764166178558.715576 1764166178558 1764166178566
32839 767974160 1764166178592.054443 1764166178593 1764166178600
32840 768007504 1764166178625.393311 1764166178626 1764166178633
32841 768040848 1764166178658.732178 1764166178658 1764166178666
32842 768074191 1764166178692.070068 1764166178692 1764166178700
32843 768107535 1764166178725.408936 1764166178726 1764166178733
32844 768140879 1764166178758.747803 1764166178758 1764166178766
32845 768174223 1764166178792.086426 1764166178792 1764166178799
32846 768207567 1764166178825.425293 1764166178826 1764166178833
32847 768240911 1764166178858.764160 1764166178858 1764166178866
32848 768274255 1764166178892.102783 1764166178892 1764166178899
32849 768307599 1764166178925.441406 1764166178926 1764166178933
32850 768340943 1764166178958.780273 1764166178958 1764166178966
32851 768374287 1764166178992.118896 1764166178992 1764166178999
32852 768407631 1764166179025.457520 1764166179026 1764166179033
32853 768440975 1764166179058.796143 1764166179058 1764166179066
32854 768474319 1764166179092.134766 1764166179092 1764166179099
32855 768507663 1764166179125.473389 1764166179126 1764166179133
32856 768541006 1764166179158.811035 1764166179159 1764166179166
32857 768574350 1764166179192.149658 1764166179192 1764166179199
32858 768607694 1764166179225.488281 1764166179226 1764166179233
32859 768641038 1764166179258.826660 1764166179258 1764166179266
32860 768674382 1764166179292.165039 1764166179292 1764166179302
32861 768707726 1764166179325.503418 1764166179326 1764166179333
32862 768741070 1764166179358.841797 1764166179359 1764166179366
32863 768774414 1764166179392.180176 1764166179392 1764166179399
32864 768807758 1764166179425.518311 1764166179426 1764166179433
32865 768841102 1764166179458.856689 1764166179459 1764166179466
32866 768874446 1764166179492.195068 1764166179492 1764166179499
32867 768907790 1764166179525.533203 1764166179526 1764166179533
32868 768941134 1764166179558.871338 1764166179559 1764166179566
32869 768974477 1764166179592.208740 1764166179592 1764166179599
32870 769007821 1764166179625.546875 1764166179626 1764166179633
32871 769041165 1764166179658.885010 1764166179659 1764166179666
32872 769074509 1764166179692.223145 1764166179692 1764166179699
32873 769107853 1764166179725.561279 1764166179726 1764166179734
32874 769141197 1764166179758.899170 1764166179759 1764166179766
32875 769174541 1764166179792.237305 1764166179793 1764166179800
32876 769207885 1764166179825.575439 1764166179826 1764166179833
32877 769241229 1764166179858.913330 1764166179859 1764166179866
32878 769274573 1764166179892.251221 1764166179893 1764166179900
32879 769307917 1764166179925.589355 1764166179926 1764166179933
32880 769341261 1764166179958.927246 1764166179959 1764166179966
32881 769374605 1764166179992.265137 1764166179993 1764166180000
32882 769407948 1764166180025.602051 1764166180025 1764166180033
32883 769441292 1764166180058.939941 1764166180059 1764166180066
32884 769474636 1764166180092.277832 1764166180093 1764166180100
32885 769507980 1764166180125.615479 1764166180125 1764166180133
32886 769541324 1764166180158.953369 1764166180159 1764166180166
32887 769574668 1764166180192.291016 1764166180193 1764166180200
32888 769608012 1764166180225.628906 1764166180225 1764166180233
32889 769641356 1764166180258.967041 1764166180259 1764166180266
32890 769674700 1764166180292.304932 1764166180293 1764166180300
32891 769708044 1764166180325.643066 1764166180325 1764166180333
32892 769741388 1764166180358.980957 1764166180359 1764166180366
32893 769774732 1764166180392.319092 1764166180393 1764166180400
