110970 3737971943 1764164816111.650635 1764164816112 1764164816119
110971 3738005287 1764164816144.996582 1764164816145 1764164816152
110972 3738038631 1764164816178.342529 1764164816178 1764164816185
110973 3738071975 1764164816211.688721 1764164816212 1764164816219
110974 3738105319 1764164816245.034668 1764164816245 1764164816252
110975 3738138663 1764164816278.380615 1764164816279 1764164816286
110976 3738172007 1764164816311.726807 1764164816312 1764164816319
110977 3738205350 1764164816345.071777 1764164816345 1764164816352
110978 3738238694 1764164816378.417725 1764164816379 1764164816386
110979 3738272038 1764164816411.763916 1764164816412 1764164816419
110980 3738305382 1764164816445.109863 1764164816445 1764164816452
110981 3738338726 1764164816478.455811 1764164816479 1764164816486
110982 3738372070 1764164816511.802002 1764164816512 1764164816519
110983 3738405414 1764164816545.147949 1764164816545 1764164816552
110984 3738438758 1764164816578.493896 1764164816579 1764164816586
110985 3738472102 1764164816611.839844 1764164816611 1764164816619
110986 3738505446 1764164816645.186035 1764164816645 1764164816652
110987 3738538790 1764164816678.531982 1764164816679 1764164816686
110988 3738572134 1764164816711.877930 1764164816711 1764164816719
110989 3738605478 1764164816745.223877 1764164816745 1764164816752
110990 3738638821 1764164816778.569092 1764164816779 1764164816786
110991 3738672165 1764164816811.915039 1764164816811 1764164816819
110992 3738705509 1764164816845.260986 1764164816845 1764164816852
110993 3738738853 1764164816878.606934 1764164816879 1764164816886
110994 3738772197 1764164816911.952881 1764164816911 1764164816919
110995 3738805541 1764164816945.298828 1764164816945 1764164816952
110996 3738838885 1764164816978.645020 1764164816979 1764164816986
110997 3738872229 1764164817011.990723 1764164817012 1764164817019
110998 3738905573 1764164817045.336426 1764164817046 1764164817053
110999 3738938917 1764164817078.682129 1764164817079 1764164817086
111000 3738972261 1764164817112.028076 1764164817112 1764164817119
111001 3739005605 1764164817145.373779 1764164817145 1764164817152
111002 3739038949 1764164817178.719482 1764164817179 1764164817186
111003 3739072292 1764164817212.064209 1764164817212 1764164817219
111004 3739105636 1764164817245.409912 1764164817246 1764164817253
111005 3739138980 1764164817278.755615 1764164817279 1764164817286
111006 3739172324 1764164817312.101562 1764164817312 1764164817319
111007 3739205668 1764164817345.447266 1764164817346 1764164817353
111008 3739239012 1764164817378.792969 1764164817378 1764164817386
111009 3739272356 1764164817412.138672 1764164817412 1764164817419
111010 3739305700 1764164817445.484375 1764164817446 1764164817453
111011 3739339044 1764164817478.830078 1764164817478 1764164817486
111012 3739372388 1764164817512.175781 1764164817512 1764164817519
111013 3739405732 1764164817545.521484 1764164817546 1764164817553
111014 3739439076 1764164817578.867188 1764164817578 1764164817586
111015 3739472420 1764164817612.212891 1764164817612 1764164817619
111016 3739505764 1764164817645.558594 1764164817646 1764164817653
111017 3739539107 1764164817678.903320 1764164817678 1764164817686
111018 3739572451 1764164817712.249023 1764164817712 1764164817719
111019 3739605795 1764164817745.594482 1764164817746 1764164817753
111020 3739639139 1764164817778.940186 1764164817779 1764164817786
111021 3739672483 1764164817812.285889 1764164817812 1764164817819
111022 3739705827 1764164817845.631592 1764164817846 1764164817853
111023 3739739171 1764164817878.977295 1764164817879 1764164817886
111024 3739772515 1764164817912.322998 1764164817912 1764164817919
111025 3739805859 1764164817945.668457 1764164817946 1764164817953
111026 3739839203 1764164817979.014160 1764164817979 1764164817986
111027 3739872547 1764164818012.360352 1764164818013 1764164818020
111028 3739905891 1764164818045.706055 1764164818046 1764164818053
111029 3739939235 1764164818079.052002 1764164818079 1764164818086
111030 3739972578 1764164818112.396729 1764164818113 1764164818120
111031 3740005922 1764164818145.742676 1764164818146 1764164818153
111032 3740039266 1764164818179.088623 1764164818179 1764164818186
111033 3740072610 1764164818212.434326 1764164818213 1764164818220
111034 3740105954 1764164818245.780273 1764164818245 1764164818253
111035 3740139298 1764164818279.126221 1764164818279 1764164818286
111036 3740172642 1764164818312.471924 1764164818313 1764164818320
111037 3740205986 1764164818345.817871 1764164818345 1764164818353
111038 3740239330 1764164818379.163574 1764164818379 1764164818386
111039 3740272674 1764164818412.509521 1764164818413 1764164818420
111040 3740306018 1764164818445.855225 1764164818445 1764164818453
111041 3740339362 1764164818479.201172 1764164818479 1764164818487
111042 3740372706 1764164818512.546875 1764164818513 1764164818520
111043 3740406050 1764164818545.892822 1764164818545 1764164818553
111044 3740439393 1764164818579.237549 1764164818579 1764164818586
111045 3740472737 1764164818612.583496 1764164818612 1764164818620
111046 3740506081 1764164818645.929199 1764164818645 1764164818653
111047 3740539425 1764164818679.275146 1764164818679 1764164818686
111048 3740572769 1764164818712.620850 1764164818713 1764164818720
111049 3740606113 1764164818745.966553 1764164818746 1764164818753
111050 3740639457 1764164818779.312500 1764164818779 1764164818786
111051 3740672801 1764164818812.658203 1764164818813 1764164818820
111052 3740706145 1764164818846.003906 1764164818846 1764164818853
111053 3740739489 1764164818879.349854 1764164818879 1764164818886
111054 3740772833 1764164818912.695557 1764164818913 1764164818920
111055 3740806177 1764164818946.041260 1764164818946 1764164818953
111056 3740839521 1764164818979.387207 1764164818980 1764164818987
111057 3740872864 1764164819012.731934 1764164819013 1764164819020
111058 3740906208 1764164819046.079590 1764164819046 1764164819053
111059 3740939552 1764164819079.427246 1764164819080 1764164819087
111060 3740972896 1764164819112.775146 1764164819112 1764164819120
111061 3741006240 1764164819146.122803 1764164819146 1764164819153
111062 3741039584 1764164819179.470459 1764164819179 1764164819187
111063 3741072928 1764164819212.818359 1764164819212 1764164819220
111064 3741106272 1764164819246.166260 1764164819246 1764164819253
111065 3741139616 1764164819279.513916 1764164819280 1764164819287
111066 3741172960 1764164819312.861816 1764164819312 1764164819320
111067 3741206304 1764164819346.209717 1764164819346 1764164819353
111068 3741239648 1764164819379.557617 1764164819380 1764164819387
111069 3741272992 1764164819412.905518 1764164819412 1764164819420
111070 3741306335 1764164819446.252441 1764164819446 1764164819453
111071 3741339679 1764164819479.600342 1764164819480 1764164819487
111072 3741373023 1764164819512.948242 1764164819513 1764164819520
111073 3741406367 1764164819546.296387 1764164819546 1764164819553
111074 3741439711 1764164819579.644287 1764164819580 1764164819587
111075 3741473055 1764164819612.992432 1764164819613 1764164819620
111076 3741506399 1764164819646.340332 1764164819646 1764164819653
111077 3741539743 1764164819679.688477 1764164819680 1764164819687
111078 3741573087 1764164819713.036621 1764164819713 1764164819720
111079 3741606431 1764164819746.384766 1764164819746 1764164819753
111080 3741639775 1764164819779.732910 1764164819780 1764164819787
111081 3741673119 1764164819813.081055 1764164819813 1764164819820
111082 3741706463 1764164819846.429199 1764164819847 1764164819854
111083 3741739807 1764164819879.777344 1764164819880 1764164819887
111084 3741773150 1764164819913.124512 1764164819913 1764164819920
111085 3741806494 1764164819946.472900 1764164819947 1764164819954
111086 3741839838 1764164819979.821045 1764164819979 1764164819987
111087 3741873182 1764164820013.169434 1764164820013 1764164820020
111088 3741906526 1764164820046.515137 1764164820047 1764164820054
111089 3741939870 1764164820079.861084 1764164820079 1764164820087
111090 3741973214 1764164820113.206787 1764164820113 1764164820120
111091 3742006558 1764164820146.552734 1764164820147 1764164820154
111092 3742039902 1764164820179.898438 1764164820180 1764164820188
111093 3742073246 1764164820213.244385 1764164820213 1764164820220
111094 3742106590 1764164820246.590088 1764164820247 1764164820254
111095 3742139934 1764164820279.936035 1764164820279 1764164820287
111096 3742173278 1764164820313.281738 1764164820313 1764164820320
111097 3742206621 1764164820346.626709 1764164820347 1764164820354
111098 3742239965 1764164820379.972412 1764164820380 1764164820387
111099 3742273309 1764164820413.318359 1764164820413 1764164820420
111100 3742306653 1764164820446.664062 1764164820447 1764164820454
111101 3742339997 1764164820480.009766 1764164820480 1764164820487
111102 3742373341 1764164820513.355713 1764164820513 1764164820520
111103 3742406685 1764164820546.701416 1764164820547 1764164820554
111104 3742440029 1764164820580.047119 1764164820580 1764164820587
111105 3742473373 1764164820613.393066 1764164820613 1764164820620
111106 3742506717 1764164820646.738770 1764164820647 1764164820654
111107 3742540061 1764164820680.084473 1764164820680 1764164820687
111108 3742573405 1764164820713.430420 1764164820714 1764164820721
111109 3742606749 1764164820746.776123 1764164820747 1764164820754
111110 3742640092 1764164820780.120850 1764164820780 1764164820787
111111 3742673436 1764164820813.466553 1764164820814 1764164820821
111112 3742706780 1764164820846.812500 1764164820846 1764164820854
111113 3742740124 1764164820880.158203 1764164820880 1764164820887
111114 3742773468 1764164820913.503906 1764164820914 1764164820921
111115 3742806812 1764164820946.849609 1764164820946 1764164820954
111116 3742840156 1764164820980.195312 1764164820980 1764164820987
111117 3742873500 1764164821013.541260 1764164821014 1764164821021
111118 3742906844 1764164821046.887207 1764164821047 1764164821054
111119 3742940188 1764164821080.233154 1764164821080 1764164821087
111120 3742973532 1764164821113.579346 1764164821114 1764164821121
111121 3743006876 1764164821146.925293 1764164821146 1764164821154
111122 3743040220 1764164821180.271240 1764164821180 1764164821187
111123 3743073564 1764164821213.617432 1764164821214 1764164821221
111124 3743106907 1764164821246.962402 1764164821247 1764164821254
111125 3743140251 1764164821280.308350 1764164821280 1764164821287
111126 3743173595 1764164821313.654541 1764164821314 1764164821321
111127 3743206939 1764164821347.000488 1764164821347 1764164821354
111128 3743240283 1764164821380.346436 1764164821380 1764164821387
111129 3743273627 1764164821413.692627 1764164821414 1764164821421
111130 3743306971 1764164821447.038574 1764164821447 1764164821454
111131 3743340315 1764164821480.384521 1764164821480 1764164821487
111132 3743373659 1764164821513.730713 1764164821514 1764164821521
111133 3743407003 1764164821547.076660 1764164821547 1764164821554
111134 3743440347 1764164821580.422607 1764164821581 1764164821588
111135 3743473691 1764164821613.768799 1764164821613 1764164821621
111136 3743507035 1764164821647.114746 1764164821647 1764164821654
111137 3743540378 1764164821680.459717 1764164821681 1764164821688
111138 3743573722 1764164821713.805664 1764164821713 1764164821721
111139 3743607066 1764164821747.151855 1764164821747 1764164821754
111140 3743640410 1764164821780.497803 1764164821781 1764164821788
111141 3743673754 1764164821813.843750 1764164821813 1764164821821
111142 3743707098 1764164821847.189697 1764164821847 1764164821854
111143 3743740442 1764164821880.535645 1764164821881 1764164821888
111144 3743773786 1764164821913.881836 1764164821913 1764164821921
111145 3743807130 1764164821947.227783 1764164821947 1764164821954
111146 3743840474 1764164821980.573730 1764164821981 1764164821988
111147 3743873818 1764164822013.919678 1764164822013 1764164822021
111148 3743907162 1764164822047.265869 1764164822047 1764164822054
111149 3743940506 1764164822080.612061 1764164822081 1764164822088
111150 3743973849 1764164822113.957031 1764164822113 1764164822121
111151 3744007193 1764164822147.303223 1764164822147 1764164822154
111152 3744040537 1764164822180.649414 1764164822181 1764164822188
111153 3744073881 1764164822213.995605 1764164822214 1764164822221
111154 3744107225 1764164822247.341553 1764164822248 1764164822255
111155 3744140569 1764164822280.687744 1764164822281 1764164822288
111156 3744173913 1764164822314.033936 1764164822314 1764164822321
111157 3744207257 1764164822347.379883 1764164822347 1764164822354
111158 3744240601 1764164822380.726074 1764164822381 1764164822388
111159 3744273945 1764164822414.072266 1764164822414 1764164822421
111160 3744307289 1764164822447.418213 1764164822448 1764164822455
111161 3744340633 1764164822480.764404 1764164822480 1764164822488
111162 3744373977 1764164822514.110596 1764164822514 1764164822521
111163 3744407321 1764164822547.456787 1764164822548 1764164822555
111164 3744440664 1764164822580.801758 1764164822580 1764164822588
111165 3744474008 1764164822614.147949 1764164822614 1764164822621
111166 3744507352 1764164822647.494141 1764164822648 1764164822655
111167 3744540696 1764164822680.840088 1764164822680 1764164822688
111168 3744574040 1764164822714.186279 1764164822714 1764164822721
111169 3744607384 1764164822747.532471 1764164822748 1764164822755
111170 3744640728 1764164822780.878418 1764164822780 1764164822788
111171 3744674072 1764164822814.224609 1764164822814 1764164822821
111172 3744707416 1764164822847.570801 1764164822848 1764164822855
111173 3744740760 1764164822880.916748 1764164822880 1764164822888
111174 3744774104 1764164822914.262939 1764164822915 1764164822922
111175 3744807448 1764164822947.609131 1764164822948 1764164822955
111176 3744840792 1764164822980.955078 1764164822981 1764164822988
111177 3744874135 1764164823014.300293 1764164823014 1764164823021
111178 3744907479 1764164823047.646729 1764164823048 1764164823055
111179 3744940823 1764164823080.993408 1764164823081 1764164823088
111180 3744974167 1764164823114.339844 1764164823114 1764164823121
111181 3745007511 1764164823147.686279 1764164823148 1764164823155
111182 3745040855 1764164823181.032715 1764164823181 1764164823188
111183 3745074199 1764164823214.379395 1764164823214 1764164823221
111184 3745107543 1764164823247.725830 1764164823248 1764164823255
111185 3745140887 1764164823281.072266 1764164823281 1764164823288
111186 3745174231 1764164823314.418701 1764164823315 1764164823322
111187 3745207575 1764164823347.765381 1764164823348 1764164823355
111188 3745240919 1764164823381.111816 1764164823381 1764164823388
111189 3745274263 1764164823414.458252 1764164823415 1764164823422
111190 3745307606 1764164823447.803955 1764164823447 1764164823455
111191 3745340950 1764164823481.150391 1764164823481 1764164823488
111192 3745374294 1764164823514.496826 1764164823515 1764164823522
111193 3745407638 1764164823547.843506 1764164823547 1764164823555
111194 3745440982 1764164823581.189941 1764164823581 1764164823588
111195 3745474326 1764164823614.536377 1764164823615 1764164823622
111196 3745507670 1764164823647.883057 1764164823647 1764164823655
111197 3745541014 1764164823681.229492 1764164823681 1764164823688
111198 3745574358 1764164823714.575928 1764164823715 1764164823722
111199 3745607702 1764164823747.922607 1764164823747 1764164823755
111200 3745641046 1764164823781.269043 1764164823781 1764164823788
111201 3745674390 1764164823814.615723 1764164823815 1764164823822
111202 3745707734 1764164823847.962158 1764164823847 1764164823855
111203 3745741078 1764164823881.308594 1764164823881 1764164823888
111204 3745774421 1764164823914.654297 1764164823915 1764164823922
111205 3745807765 1764164823948.000732 1764164823948 1764164823955
111206 3745841109 1764164823981.347412 1764164823981 1764164823988
111207 3745874453 1764164824014.693848 1764164824015 1764164824022
111208 3745907797 1764164824048.039795 1764164824048 1764164824055
111209 3745941141 1764164824081.385742 1764164824081 1764164824088
111210 3745974485 1764164824114.731689 1764164824115 1764164824122
111211 3746007829 1764164824148.077637 1764164824148 1764164824155
111212 3746041173 1764164824181.423584 1764164824182 1764164824189
111213 3746074517 1764164824214.769531 1764164824215 1764164824222
111214 3746107861 1764164824248.115479 1764164824248 1764164824255
111215 3746141205 1764164824281.461426 1764164824282 1764164824289
111216 3746174549 1764164824314.807373 1764164824314 1764164824322
111217 3746207892 1764164824348.152344 1764164824348 1764164824355
111218 3746241236 1764164824381.498291 1764164824382 1764164824389
111219 3746274580 1764164824414.844238 1764164824414 1764164824422
111220 3746307924 1764164824448.190186 1764164824448 1764164824455
111221 3746341268 1764164824481.536133 1764164824482 1764164824489
111222 3746374612 1764164824514.882080 1764164824514 1764164824522
111223 3746407956 1764164824548.227783 1764164824548 1764164824555
111224 3746441300 1764164824581.573730 1764164824582 1764164824589
111225 3746474644 1764164824614.919678 1764164824614 1764164824622
111226 3746507988 1764164824648.265625 1764164824648 1764164824655
111227 3746541332 1764164824681.611572 1764164824682 1764164824689
111228 3746574676 1764164824714.957520 1764164824714 1764164824722
111229 3746608020 1764164824748.303467 1764164824748 1764164824755
111230 3746641363 1764164824781.648193 1764164824782 1764164824789
111231 3746674707 1764164824814.994141 1764164824815 1764164824822
111232 3746708051 1764164824848.340088 1764164824848 1764164824855
111233 3746741395 1764164824881.686035 1764164824882 1764164824889
111234 3746774739 1764164824915.031738 1764164824915 1764164824922
111235 3746808083 1764164824948.377686 1764164824948 1764164824955
111236 3746841427 1764164824981.723633 1764164824982 1764164824989
111237 3746874771 1764164825015.069580 1764164825015 1764164825022
111238 3746908115 1764164825048.415771 1764164825049 1764164825056
111239 3746941459 1764164825081.761963 1764164825082 1764164825089
111240 3746974803 1764164825115.108154 1764164825115 1764164825122
111241 3747008147 1764164825148.454346 1764164825149 1764164825156
111242 3747041491 1764164825181.800537 1764164825181 1764164825189
111243 3747074835 1764164825215.146729 1764164825215 1764164825222
111244 3747108178 1764164825248.491943 1764164825249 1764164825256
111245 3747141522 1764164825281.837891 1764164825281 1764164825289
111246 3747174866 1764164825315.184082 1764164825315 1764164825322
111247 3747208210 1764164825348.530273 1764164825349 1764164825356
111248 3747241554 1764164825381.876465 1764164825381 1764164825389
111249 3747274898 1764164825415.222656 1764164825415 1764164825422
111250 3747308242 1764164825448.568848 1764164825449 1764164825456
111251 3747341586 1764164825481.915039 1764164825481 1764164825489
111252 3747374930 1764164825515.261230 1764164825515 1764164825522
111253 3747408274 1764164825548.607422 1764164825549 1764164825556
111254 3747441618 1764164825581.953613 1764164825581 1764164825589
111255 3747474962 1764164825615.299805 1764164825615 1764164825622
111256 3747508306 1764164825648.645996 1764164825649 1764164825656
111257 3747541649 1764164825681.991211 1764164825682 1764164825689
111258 3747574993 1764164825715.337402 1764164825715 1764164825722
111259 3747608337 1764164825748.683594 1764164825749 1764164825756
111260 3747641681 1764164825782.029785 1764164825782 1764164825789
111261 3747675025 1764164825815.375977 1764164825815 1764164825822
111262 3747708369 1764164825848.722168 1764164825849 1764164825856
111263 3747741713 1764164825882.068359 1764164825882 1764164825889
111264 3747775057 1764164825915.414551 1764164825916 1764164825923
111265 3747808401 1764164825948.760742 1764164825948 1764164825956
111266 3747841745 1764164825982.106934 1764164825982 1764164825989
111267 3747875089 1764164826015.452881 1764164826016 1764164826023
111268 3747908433 1764164826048.799316 1764164826048 1764164826056
111269 3747941777 1764164826082.145752 1764164826082 1764164826089
111270 3747975120 1764164826115.491211 1764164826116 1764164826123
111271 3748008464 1764164826148.837402 1764164826148 1764164826156
111272 3748041808 1764164826182.183838 1764164826182 1764164826189
111273 3748075152 1764164826215.530273 1764164826216 1764164826223
111274 3748108496 1764164826248.876709 1764164826248 1764164826256
111275 3748141840 1764164826282.222900 1764164826282 1764164826289
111276 3748175184 1764164826315.569336 1764164826316 1764164826323
111277 3748208528 1764164826348.915771 1764164826348 1764164826356
111278 3748241872 1764164826382.262207 1764164826383 1764164826391
111279 3748275216 1764164826415.608643 1764164826416 1764164826423
111280 3748308560 1764164826448.955078 1764164826448 1764164826456
111281 3748341904 1764164826482.301270 1764164826482 1764164826489
111282 3748375248 1764164826515.647705 1764164826516 1764164826523
111283 3748408592 1764164826548.994141 1764164826549 1764164826556
111284 3748441935 1764164826582.339600 1764164826582 1764164826589
111285 3748475279 1764164826615.686035 1764164826616 1764164826623
111286 3748508623 1764164826649.032471 1764164826649 1764164826656
111287 3748541967 1764164826682.378662 1764164826682 1764164826689
111288 3748575311 1764164826715.725098 1764164826716 1764164826723
111289 3748608655 1764164826749.071533 1764164826749 1764164826756
111290 3748641999 1764164826782.417969 1764164826783 1764164826790
111291 3748675343 1764164826815.764404 1764164826816 1764164826823
111292 3748708687 1764164826849.110840 1764164826849 1764164826856
111293 3748742031 1764164826882.457275 1764164826883 1764164826890
111294 3748775375 1764164826915.803711 1764164826915 1764164826923
111295 3748808719 1764164826949.150146 1764164826949 1764164826956
111296 3748842063 1764164826982.496582 1764164826983 1764164826990
111297 3748875406 1764164827015.841797 1764164827015 1764164827023
111298 3748908750 1764164827049.187988 1764164827049 1764164827056
111299 3748942094 1764164827082.534180 1764164827083 1764164827090
111300 3748975438 1764164827115.880371 1764164827115 1764164827123
111301 3749008782 1764164827149.226562 1764164827149 1764164827156
111302 3749042126 1764164827182.572510 1764164827183 1764164827190
111303 3749075470 1764164827215.918701 1764164827215 1764164827223
111304 3749108814 1764164827249.264893 1764164827249 1764164827256
111305 3749142158 1764164827282.611084 1764164827283 1764164827290
111306 3749175502 1764164827315.957031 1764164827316 1764164827323
111307 3749208846 1764164827349.303223 1764164827349 1764164827356
111308 3749242190 1764164827382.649414 1764164827382 1764164827390
111309 3749275534 1764164827415.995361 1764164827416 1764164827423
111310 3749308877 1764164827449.340576 1764164827450 1764164827457
111311 3749342221 1764164827482.686768 1764164827483 1764164827490
111312 3749375565 1764164827516.032715 1764164827516 1764164827523
111313 3749408909 1764164827549.378906 1764164827550 1764164827557
111314 3749442253 1764164827582.725098 1764164827583 1764164827590
111315 3749475597 1764164827616.071045 1764164827616 1764164827623
111316 3749508941 1764164827649.417236 1764164827650 1764164827657
111317 3749542285 1764164827682.763428 1764164827683 1764164827690
111318 3749575629 1764164827716.109375 1764164827716 1764164827723
111319 3749608973 1764164827749.455566 1764164827750 1764164827757
111320 3749642317 1764164827782.801758 1764164827783 1764164827791
111321 3749675661 1764164827816.147705 1764164827816 1764164827823
111322 3749709005 1764164827849.493896 1764164827850 1764164827857
111323 3749742349 1764164827882.840088 1764164827882 1764164827890
111324 3749775692 1764164827916.185059 1764164827916 1764164827923
111325 3749809036 1764164827949.531250 1764164827950 1764164827957
111326 3749842380 1764164827982.877197 1764164827982 1764164827990
111327 3749875724 1764164828016.223389 1764164828016 1764164828023
111328 3749909068 1764164828049.569336 1764164828050 1764164828057
111329 3749942412 1764164828082.915039 1764164828082 1764164828090
111330 3749975756 1764164828116.260986 1764164828116 1764164828123
111331 3750009100 1764164828149.606934 1764164828150 1764164828157
111332 3750042444 1764164828182.952637 1764164828182 1764164828190
111333 3750075788 1764164828216.298584 1764164828216 1764164828223
111334 3750109132 1764164828249.644531 1764164828250 1764164828257
111335 3750142476 1764164828282.990234 1764164828283 1764164828290
111336 3750175820 1764164828316.336182 1764164828316 1764164828323
111337 3750209163 1764164828349.680908 1764164828350 1764164828357
111338 3750242507 1764164828383.026855 1764164828383 1764164828390
111339 3750275851 1764164828416.372559 1764164828416 1764164828423
111340 3750309195 1764164828449.718506 1764164828450 1764164828457
111341 3750342539 1764164828483.064209 1764164828483 1764164828490
111342 3750375883 1764164828516.410156 1764164828517 1764164828524
111343 3750409227 1764164828549.755859 1764164828550 1764164828557
111344 3750442571 1764164828583.101807 1764164828583 1764164828590
111345 3750475915 1764164828616.447510 1764164828617 1764164828624
111346 3750509259 1764164828649.793457 1764164828649 1764164828657
111347 3750542603 1764164828683.139160 1764164828683 1764164828690
111348 3750575947 1764164828716.485107 1764164828717 1764164828724
111349 3750609291 1764164828749.830811 1764164828749 1764164828757
111350 3750642634 1764164828783.175537 1764164828783 1764164828790
111351 3750675978 1764164828816.521484 1764164828817 1764164828824
111352 3750709322 1764164828849.867188 1764164828849 1764164828857
111353 3750742666 1764164828883.212891 1764164828883 1764164828890
111354 3750776010 1764164828916.558838 1764164828917 1764164828924
111355 3750809354 1764164828949.904541 1764164828949 1764164828957
111356 3750842698 1764164828983.250244 1764164828983 1764164828990
111357 3750876042 1764164829016.596191 1764164829017 1764164829024
111358 3750909386 1764164829049.942383 1764164829049 1764164829057
111359 3750942730 1764164829083.288574 1764164829083 1764164829090
111360 3750976074 1764164829116.634521 1764164829117 1764164829124
111361 3751009418 1764164829149.980713 1764164829150 1764164829157
111362 3751042762 1764164829183.326904 1764164829183 1764164829190
111363 3751076106 1764164829216.673096 1764164829217 1764164829224
111364 3751109449 1764164829250.018311 1764164829250 1764164829257
111365 3751142793 1764164829283.364502 1764164829283 1764164829290
111366 3751176137 1764164829316.710693 1764164829317 1764164829324
111367 3751209481 1764164829350.056885 1764164829350 1764164829357
111368 3751242825 1764164829383.402832 1764164829384 1764164829391
111369 3751276169 1764164829416.749023 1764164829417 1764164829424
111370 3751309513 1764164829450.095215 1764164829450 1764164829457
111371 3751342857 1764164829483.441406 1764164829484 1764164829491
111372 3751376201 1764164829516.787598 1764164829516 1764164829524
111373 3751409545 1764164829550.133789 1764164829550 1764164829557
111374 3751442889 1764164829583.479736 1764164829584 1764164829591
111375 3751476233 1764164829616.825928 1764164829616 1764164829626
111376 3751509577 1764164829650.172119 1764164829650 1764164829657
111377 3751542920 1764164829683.517334 1764164829684 1764164829691
111378 3751576264 1764164829716.863525 1764164829716 1764164829724
111379 3751609608 1764164829750.209717 1764164829750 1764164829757
111380 3751642952 1764164829783.555664 1764164829784 1764164829791
111381 3751676296 1764164829816.901855 1764164829816 1764164829824
111382 3751709640 1764164829850.248047 1764164829850 1764164829857
111383 3751742984 1764164829883.594238 1764164829884 1764164829891
111384 3751776328 1764164829916.940430 1764164829916 1764164829924
111385 3751809672 1764164829950.286377 1764164829950 1764164829957
111386 3751843016 1764164829983.632568 1764164829984 1764164829991
111387 3751876360 1764164830016.978760 1764164830017 1764164830024
111388 3751909704 1764164830050.325439 1764164830050 1764164830057
111389 3751943048 1764164830083.672363 1764164830084 1764164830091
111390 3751976391 1764164830117.018066 1764164830117 1764164830124
111391 3752009735 1764164830150.364746 1764164830150 1764164830157
111392 3752043079 1764164830183.711670 1764164830184 1764164830191
111393 3752076423 1764164830217.058350 1764164830217 1764164830224
111394 3752109767 1764164830250.405273 1764164830250 1764164830257
111395 3752143111 1764164830283.751953 1764164830284 1764164830291
111396 3752176455 1764164830317.098877 1764164830317 1764164830324
111397 3752209799 1764164830350.445557 1764164830351 1764164830358
111398 3752243143 1764164830383.792480 1764164830383 1764164830391
111399 3752276487 1764164830417.139404 1764164830417 1764164830424
111400 3752309831 1764164830450.486084 1764164830451 1764164830458
111401 3752343175 1764164830483.833008 1764164830484 1764164830491
111402 3752376519 1764164830517.179932 1764164830517 1764164830524
111403 3752409863 1764164830550.526855 1764164830551 1764164830558
111404 3752443206 1764164830583.872559 1764164830583 1764164830591
111405 3752476550 1764164830617.219482 1764164830617 1764164830624
111406 3752509894 1764164830650.566406 1764164830651 1764164830658
111407 3752543238 1764164830683.913330 1764164830683 1764164830691
111408 3752576582 1764164830717.260254 1764164830717 1764164830724
111409 3752609926 1764164830750.607178 1764164830751 1764164830758
111410 3752643270 1764164830783.954102 1764164830783 1764164830791
111411 3752676614 1764164830817.301025 1764164830817 1764164830824
111412 3752709958 1764164830850.647949 1764164830851 1764164830858
111413 3752743302 1764164830883.994873 1764164830883 1764164830891
111414 3752776646 1764164830917.341797 1764164830917 1764164830924
111415 3752809990 1764164830950.688721 1764164830951 1764164830958
111416 3752843334 1764164830984.035645 1764164830983 1764164830991
111417 3752876677 1764164831017.381592 1764164831017 1764164831024
111418 3752910021 1764164831050.726807 1764164831051 1764164831058
111419 3752943365 1764164831084.071777 1764164831083 1764164831091
111420 3752976709 1764164831117.416992 1764164831117 1764164831124
111421 3753010053 1764164831150.762207 1764164831150 1764164831158
111422 3753043397 1764164831184.107178 1764164831183 1764164831191
111423 3753076741 1764164831217.452393 1764164831217 1764164831224
111424 3753110085 1764164831250.797363 1764164831251 1764164831258
111425 3753143429 1764164831284.142578 1764164831284 1764164831291
111426 3753176773 1764164831317.487549 1764164831317 1764164831324
111427 3753210117 1764164831350.832764 1764164831351 1764164831358
111428 3753243461 1764164831384.177734 1764164831384 1764164831391
111429 3753276805 1764164831417.522949 1764164831418 1764164831425
111430 3753310148 1764164831450.866943 1764164831451 1764164831458
111431 3753343492 1764164831484.211914 1764164831484 1764164831491
111432 3753376836 1764164831517.557129 1764164831517 1764164831524
111433 3753410180 1764164831550.902100 1764164831551 1764164831558
111434 3753443524 1764164831584.247070 1764164831584 1764164831591
111435 3753476868 1764164831617.592285 1764164831617 1764164831624
111436 3753510212 1764164831650.937256 1764164831651 1764164831658
111437 3753543556 1764164831684.282227 1764164831684 1764164831691
111438 3753576900 1764164831717.627197 1764164831718 1764164831725
111439 3753610244 1764164831750.972168 1764164831750 1764164831758
111440 3753643588 1764164831784.317139 1764164831784 1764164831791
111441 3753676932 1764164831817.662109 1764164831818 1764164831825
111442 3753710276 1764164831851.007080 1764164831851 1764164831858
111443 3753743620 1764164831884.352295 1764164831884 1764164831891
111444 3753776963 1764164831917.696045 1764164831918 1764164831925
111445 3753810307 1764164831951.041016 1764164831950 1764164831958
111446 3753843651 1764164831984.385986 1764164831984 1764164831991
111447 3753876995 1764164832017.730957 1764164832018 1764164832025
111448 3753910339 1764164832051.075439 1764164832050 1764164832058
111449 3753943683 1764164832084.419678 1764164832084 1764164832091
111450 3753977027 1764164832117.764160 1764164832118 1764164832125
111451 3754010371 1764164832151.108643 1764164832150 1764164832158
111452 3754043715 1764164832184.452881 1764164832184 1764164832191
111453 3754077059 1764164832217.797119 1764164832218 1764164832225
111454 3754110403 1764164832251.141602 1764164832250 1764164832258
111455 3754143747 1764164832284.485840 1764164832284 1764164832291
111456 3754177091 1764164832317.830078 1764164832318 1764164832325
111457 3754210434 1764164832351.173340 1764164832350 1764164832358
111458 3754243778 1764164832384.517822 1764164832384 1764164832391
111459 3754277122 1764164832417.862061 1764164832418 1764164832425
111460 3754310466 1764164832451.206299 1764164832450 1764164832458
111461 3754343810 1764164832484.550537 1764164832484 1764164832491
111462 3754377154 1764164832517.894775 1764164832518 1764164832525
111463 3754410498 1764164832551.239014 1764164832550 1764164832558
111464 3754443842 1764164832584.583252 1764164832584 1764164832591
111465 3754477186 1764164832617.927246 1764164832618 1764164832625
111466 3754510530 1764164832651.271484 1764164832651 1764164832658
111467 3754543874 1764164832684.615723 1764164832684 1764164832691
111468 3754577218 1764164832717.959961 1764164832718 1764164832725
111469 3754610562 1764164832751.303955 1764164832751 1764164832758
111470 3754643905 1764164832784.647217 1764164832784 1764164832791
111471 3754677249 1764164832817.991455 1764164832818 1764164832825
111472 3754710593 1764164832851.335449 1764164832851 1764164832858
111473 3754743937 1764164832884.679688 1764164832884 1764164832891
111474 3754777281 1764164832918.023682 1764164832918 1764164832925
111475 3754810625 1764164832951.367676 1764164832951 1764164832958
111476 3754843969 1764164832984.711914 1764164832985 1764164832992
111477 3754877313 1764164833018.055908 1764164833018 1764164833025
111478 3754910657 1764164833051.399170 1764164833051 1764164833058
111479 3754944001 1764164833084.742432 1764164833085 1764164833092
111480 3754977345 1764164833118.085693 1764164833117 1764164833125
111481 3755010689 1764164833151.428955 1764164833151 1764164833158
111482 3755044033 1764164833184.772217 1764164833185 1764164833192
111483 3755077377 1764164833218.115479 1764164833218 1764164833225
111484 3755110720 1764164833251.457520 1764164833251 1764164833258
111485 3755144064 1764164833284.800781 1764164833285 1764164833292
111486 3755177408 1764164833318.143799 1764164833317 1764164833325
111487 3755210752 1764164833351.487061 1764164833351 1764164833358
111488 3755244096 1764164833384.830078 1764164833385 1764164833392
111489 3755277440 1764164833418.173096 1764164833417 1764164833425
111490 3755310784 1764164833451.516357 1764164833451 1764164833458
111491 3755344128 1764164833484.859375 1764164833485 1764164833492
111492 3755377472 1764164833518.202393 1764164833517 1764164833525
111493 3755410816 1764164833551.545410 1764164833551 1764164833558
111494 3755444160 1764164833584.888428 1764164833585 1764164833592
111495 3755477504 1764164833618.231201 1764164833617 1764164833625
111496 3755510848 1764164833651.574219 1764164833651 1764164833658
111497 3755544191 1764164833684.916260 1764164833685 1764164833692
111498 3755577535 1764164833718.259033 1764164833717 1764164833725
111499 3755610879 1764164833751.602051 1764164833751 1764164833758
111500 3755644223 1764164833784.944824 1764164833785 1764164833792
111501 3755677567 1764164833818.287842 1764164833817 1764164833825
111502 3755710911 1764164833851.630615 1764164833851 1764164833858
111503 3755744255 1764164833884.973389 1764164833885 1764164833892
111504 3755777599 1764164833918.316162 1764164833917 1764164833925
111505 3755810943 1764164833951.658936 1764164833951 1764164833958
111506 3755844287 1764164833985.001709 1764164833985 1764164833992
111507 3755877631 1764164834018.344482 1764164834018 1764164834025
111508 3755910975 1764164834051.687256 1764164834051 1764164834058
111509 3755944319 1764164834085.029785 1764164834085 1764164834092
111510 3755977662 1764164834118.371582 1764164834118 1764164834125
111511 3756011006 1764164834151.714111 1764164834151 1764164834158
111512 3756044350 1764164834185.056641 1764164834185 1764164834192
111513 3756077694 1764164834218.399170 1764164834218 1764164834225
111514 3756111038 1764164834251.741699 1764164834251 1764164834258
111515 3756144382 1764164834285.084229 1764164834285 1764164834292
111516 3756177726 1764164834318.426514 1764164834318 1764164834325
111517 3756211070 1764164834351.769043 1764164834351 1764164834358
111518 3756244414 1764164834385.111572 1764164834385 1764164834392
111519 3756277758 1764164834418.453857 1764164834418 1764164834425
111520 3756311102 1764164834451.796387 1764164834452 1764164834459
111521 3756344446 1764164834485.138672 1764164834484 1764164834492
111522 3756377790 1764164834518.480957 1764164834518 1764164834525
111523 3756411134 1764164834551.823242 1764164834552 1764164834559
111524 3756444477 1764164834585.164551 1764164834585 1764164834592
111525 3756477821 1764164834618.506836 1764164834618 1764164834625
111526 3756511165 1764164834651.849121 1764164834652 1764164834659
111527 3756544509 1764164834685.191406 1764164834685 1764164834692
111528 3756577853 1764164834718.533691 1764164834718 1764164834725
111529 3756611197 1764164834751.875732 1764164834752 1764164834759
111530 3756644541 1764164834785.218018 1764164834784 1764164834792
111531 3756677885 1764164834818.560059 1764164834818 1764164834825
111532 3756711229 1764164834851.902344 1764164834852 1764164834859
111533 3756744573 1764164834885.244385 1764164834884 1764164834892
111534 3756777917 1764164834918.586426 1764164834918 1764164834925
111535 3756811261 1764164834951.928467 1764164834952 1764164834959
111536 3756844605 1764164834985.270508 1764164834984 1764164834992
111537 3756877948 1764164835018.611572 1764164835018 1764164835025
111538 3756911292 1764164835051.955078 1764164835052 1764164835059
111539 3756944636 1764164835085.298340 1764164835084 1764164835092
111540 3756977980 1764164835118.641602 1764164835118 1764164835125
111541 3757011324 1764164835151.984863 1764164835152 1764164835159
111542 3757044668 1764164835185.328125 1764164835184 1764164835192
111543 3757078012 1764164835218.671387 1764164835218 1764164835225
111544 3757111356 1764164835252.014648 1764164835252 1764164835259
111545 3757144700 1764164835285.357910 1764164835284 1764164835292
111546 3757178044 1764164835318.701172 1764164835318 1764164835325
111547 3757211388 1764164835352.044434 1764164835352 1764164835359
111548 3757244732 1764164835385.387695 1764164835385 1764164835392
111549 3757278076 1764164835418.730713 1764164835418 1764164835425
111550 3757311419 1764164835452.072998 1764164835452 1764164835459
111551 3757344763 1764164835485.416016 1764164835485 1764164835492
111552 3757378107 1764164835518.759033 1764164835518 1764164835525
111553 3757411451 1764164835552.102295 1764164835552 1764164835559
111554 3757444795 1764164835585.445312 1764164835585 1764164835592
111555 3757478139 1764164835618.788330 1764164835618 1764164835625
111556 3757511483 1764164835652.131348 1764164835651 1764164835659
111557 3757544827 1764164835685.474609 1764164835685 1764164835692
111558 3757578171 1764164835718.817627 1764164835718 1764164835725
111559 3757611515 1764164835752.160645 1764164835752 1764164835759
111560 3757644859 1764164835785.503418 1764164835785 1764164835792
111561 3757678203 1764164835818.846436 1764164835818 1764164835825
111562 3757711547 1764164835852.189453 1764164835852 1764164835859
111563 3757744891 1764164835885.532471 1764164835885 1764164835892
111564 3757778234 1764164835918.874268 1764164835919 1764164835926
111565 3757811578 1764164835952.217285 1764164835952 1764164835959
111566 3757844922 1764164835985.560059 1764164835985 1764164835992
111567 3757878266 1764164836018.903076 1764164836019 1764164836026
111568 3757911610 1764164836052.243896 1764164836052 1764164836059
111569 3757944954 1764164836085.584717 1764164836085 1764164836092
111570 3757978298 1764164836118.925537 1764164836119 1764164836126
111571 3758011642 1764164836152.266357 1764164836151 1764164836159
111572 3758044986 1764164836185.607178 1764164836185 1764164836192
111573 3758078330 1764164836218.947754 1764164836219 1764164836226
111574 3758111674 1764164836252.288574 1764164836251 1764164836259
111575 3758145018 1764164836285.629150 1764164836285 1764164836292
111576 3758178362 1764164836318.969727 1764164836319 1764164836326
111577 3758211705 1764164836352.309326 1764164836351 1764164836359
111578 3758245049 1764164836385.649902 1764164836385 1764164836392
111579 3758278393 1764164836418.990479 1764164836419 1764164836426
111580 3758311737 1764164836452.330811 1764164836451 1764164836459
111581 3758345081 1764164836485.671387 1764164836485 1764164836492
111582 3758378425 1764164836519.011719 1764164836519 1764164836526
111583 3758411769 1764164836552.352295 1764164836552 1764164836561
111584 3758445113 1764164836585.692627 1764164836585 1764164836592
111585 3758478457 1764164836619.032959 1764164836619 1764164836626
111586 3758511801 1764164836652.373291 1764164836652 1764164836659
111587 3758545145 1764164836685.713379 1764164836685 1764164836692
111588 3758578489 1764164836719.053711 1764164836719 1764164836726
111589 3758611833 1764164836752.393799 1764164836752 1764164836759
111590 3758645176 1764164836785.733154 1764164836785 1764164836792
111591 3758678520 1764164836819.073242 1764164836819 1764164836826
111592 3758711864 1764164836852.413330 1764164836852 1764164836859
111593 3758745208 1764164836885.753418 1764164836885 1764164836892
111594 3758778552 1764164836919.093506 1764164836919 1764164836926
111595 3758811896 1764164836952.433350 1764164836952 1764164836959
111596 3758845240 1764164836985.773438 1764164836985 1764164836992
111597 3758878584 1764164837019.113525 1764164837019 1764164837026
111598 3758911928 1764164837052.454102 1764164837052 1764164837059
111599 3758945272 1764164837085.794678 1764164837085 1764164837092
111600 3758978616 1764164837119.135254 1764164837119 1764164837126
111601 3759011960 1764164837152.475830 1764164837152 1764164837159
111602 3759045304 1764164837185.816406 1764164837186 1764164837193
111603 3759078648 1764164837219.156738 1764164837219 1764164837226
111604 3759111991 1764164837252.496338 1764164837252 1764164837259
111605 3759145335 1764164837285.836670 1764164837286 1764164837293
111606 3759178679 1764164837319.177002 1764164837318 1764164837326
111607 3759212023 1764164837352.517334 1764164837352 1764164837359
111608 3759245367 1764164837385.857666 1764164837386 1764164837393
111609 3759278711 1764164837419.197998 1764164837418 1764164837426
111610 3759312055 1764164837452.538330 1764164837452 1764164837459
111611 3759345399 1764164837485.878418 1764164837486 1764164837493
111612 3759378743 1764164837519.218750 1764164837518 1764164837526
111613 3759412087 1764164837552.558838 1764164837552 1764164837559
111614 3759445431 1764164837585.898926 1764164837586 1764164837593
111615 3759478775 1764164837619.239258 1764164837618 1764164837626
111616 3759512119 1764164837652.579346 1764164837652 1764164837659
111617 3759545462 1764164837685.918213 1764164837686 1764164837693
111618 3759578806 1764164837719.258301 1764164837718 1764164837726
111619 3759612150 1764164837752.598145 1764164837752 1764164837759
111620 3759645494 1764164837785.938232 1764164837786 1764164837793
111621 3759678838 1764164837819.278076 1764164837818 1764164837826
111622 3759712182 1764164837852.617920 1764164837852 1764164837859
111623 3759745526 1764164837885.957764 1764164837886 1764164837893
111624 3759778870 1764164837919.297607 1764164837918 1764164837926
111625 3759812214 1764164837952.637451 1764164837952 1764164837959
111626 3759845558 1764164837985.977295 1764164837986 1764164837993
111627 3759878902 1764164838019.317139 1764164838018 1764164838026
111628 3759912246 1764164838052.658447 1764164838052 1764164838059
111629 3759945590 1764164838086.000000 1764164838086 1764164838093
111630 3759978933 1764164838119.340332 1764164838119 1764164838126
111631 3760012277 1764164838152.681641 1764164838152 1764164838159
111632 3760045621 1764164838186.022949 1764164838186 1764164838193
111633 3760078965 1764164838219.364258 1764164838219 1764164838226
111634 3760112309 1764164838252.705566 1764164838252 1764164838259
111635 3760145653 1764164838286.046875 1764164838286 1764164838293
111636 3760178997 1764164838319.388184 1764164838319 1764164838326
111637 3760212341 1764164838352.729492 1764164838352 1764164838359
111638 3760245685 1764164838386.070557 1764164838385 1764164838393
111639 3760279029 1764164838419.411865 1764164838419 1764164838426
111640 3760312373 1764164838452.752930 1764164838452 1764164838459
111641 3760345717 1764164838486.093994 1764164838486 1764164838493
111642 3760379061 1764164838519.435303 1764164838519 1764164838526
111643 3760412405 1764164838552.776367 1764164838552 1764164838559
111644 3760445748 1764164838586.116455 1764164838586 1764164838593
111645 3760479092 1764164838619.457520 1764164838619 1764164838626
111646 3760512436 1764164838652.798340 1764164838653 1764164838660
111647 3760545780 1764164838686.139404 1764164838686 1764164838693
111648 3760579124 1764164838719.480469 1764164838719 1764164838726
111649 3760612468 1764164838752.821289 1764164838753 1764164838760
111650 3760645812 1764164838786.162109 1764164838786 1764164838793
111651 3760679156 1764164838819.503174 1764164838819 1764164838826
111652 3760712500 1764164838852.843994 1764164838853 1764164838860
111653 3760745844 1764164838886.184814 1764164838885 1764164838893
111654 3760779188 1764164838919.525635 1764164838919 1764164838926
111655 3760812532 1764164838952.866455 1764164838953 1764164838960
111656 3760845876 1764164838986.207275 1764164838985 1764164838993
111657 3760879219 1764164839019.546875 1764164839019 1764164839026
111658 3760912563 1764164839052.890869 1764164839053 1764164839060
111659 3760945907 1764164839086.230957 1764164839085 1764164839093
111660 3760979251 1764164839119.571045 1764164839119 1764164839126
111661 3761012595 1764164839152.910889 1764164839153 1764164839160
111662 3761045939 1764164839186.250977 1764164839185 1764164839193
111663 3761079283 1764164839219.591064 1764164839219 1764164839226
111664 3761112627 1764164839252.930908 1764164839253 1764164839260
111665 3761145971 1764164839286.270752 1764164839285 1764164839293
111666 3761179315 1764164839319.610840 1764164839319 1764164839326
111667 3761212659 1764164839352.950684 1764164839353 1764164839360
111668 3761246003 1764164839386.290527 1764164839385 1764164839393
111669 3761279347 1764164839419.630127 1764164839419 1764164839426
111670 3761312690 1764164839452.968994 1764164839453 1764164839460
111671 3761346034 1764164839486.308838 1764164839485 1764164839493
111672 3761379378 1764164839519.648438 1764164839519 1764164839526
111673 3761412722 1764164839552.988037 1764164839553 1764164839560
111674 3761446066 1764164839586.327881 1764164839586 1764164839593
111675 3761479410 1764164839619.667480 1764164839619 1764164839626
111676 3761512754 1764164839653.007080 1764164839653 1764164839660
111677 3761546098 1764164839686.346680 1764164839686 1764164839693
111678 3761579442 1764164839719.686035 1764164839719 1764164839726
111679 3761612786 1764164839753.025635 1764164839753 1764164839760
111680 3761646130 1764164839786.364990 1764164839786 1764164839793
111681 3761679474 1764164839819.704590 1764164839819 1764164839826
111682 3761712818 1764164839853.043945 1764164839853 1764164839860
111683 3761746162 1764164839886.383301 1764164839886 1764164839893
111684 3761779505 1764164839919.721680 1764164839919 1764164839926
111685 3761812849 1764164839953.061035 1764164839953 1764164839960
111686 3761846193 1764164839986.400391 1764164839986 1764164839993
111687 3761879537 1764164840019.739502 1764164840020 1764164840027
111688 3761912881 1764164840053.078857 1764164840053 1764164840060
111689 3761946225 1764164840086.446777 1764164840086 1764164840093
111690 3761979569 1764164840119.814941 1764164840120 1764164840127
111691 3762012913 1764164840153.183350 1764164840152 1764164840160
111692 3762046257 1764164840186.551758 1764164840186 1764164840193
111693 3762079601 1764164840219.920166 1764164840220 1764164840227
111694 3762112945 1764164840253.289062 1764164840252 1764164840260
111695 3762146289 1764164840286.657715 1764164840286 1764164840293
111696 3762179633 1764164840320.026855 1764164840320 1764164840327
111697 3762212976 1764164840353.395020 1764164840352 1764164840360
111698 3762246320 1764164840386.764404 1764164840386 1764164840393
111699 3762279664 1764164840420.133789 1764164840420 1764164840427
111700 3762313008 1764164840453.503418 1764164840452 1764164840460
111701 3762346352 1764164840486.873291 1764164840486 1764164840493
111702 3762379696 1764164840520.243164 1764164840520 1764164840527
111703 3762413040 1764164840553.613281 1764164840552 1764164840560
111704 3762446384 1764164840586.983398 1764164840586 1764164840593
111705 3762479728 1764164840620.353760 1764164840620 1764164840627
111706 3762513072 1764164840653.724365 1764164840652 1764164840660
111707 3762546416 1764164840687.094971 1764164840686 1764164840693
111708 3762579760 1764164840720.465820 1764164840720 1764164840727
111709 3762613104 1764164840753.836670 1764164840753 1764164840760
111710 3762646447 1764164840787.206787 1764164840786 1764164840793
111711 3762679791 1764164840820.578125 1764164840820 1764164840827
111712 3762713135 1764164840853.949707 1764164840853 1764164840860
111713 3762746479 1764164840887.321289 1764164840886 1764164840893
111714 3762779823 1764164840920.692871 1764164840920 1764164840927
111715 3762813167 1764164840954.064697 1764164840953 1764164840960
111716 3762846511 1764164840987.436768 1764164840986 1764164840993
111717 3762879855 1764164841020.808838 1764164841020 1764164841027
111718 3762913199 1764164841054.180908 1764164841053 1764164841060
111719 3762946543 1764164841087.518311 1764164841086 1764164841093
111720 3762979887 1764164841120.855469 1764164841120 1764164841127
111721 3763013231 1764164841154.192627 1764164841153 1764164841160
111722 3763046575 1764164841187.529785 1764164841186 1764164841193
111723 3763079919 1764164841220.866699 1764164841220 1764164841227
111724 3763113262 1764164841254.202881 1764164841253 1764164841260
111725 3763146606 1764164841287.539795 1764164841286 1764164841293
111726 3763179950 1764164841320.876709 1764164841320 1764164841327
111727 3763213294 1764164841354.213379 1764164841353 1764164841360
111728 3763246638 1764164841387.550293 1764164841387 1764164841394
111729 3763279982 1764164841420.886963 1764164841420 1764164841427
111730 3763313326 1764164841454.223633 1764164841453 1764164841460
111731 3763346670 1764164841487.560303 1764164841487 1764164841494
111732 3763380014 1764164841520.896973 1764164841519 1764164841527
111733 3763413358 1764164841554.233398 1764164841553 1764164841560
111734 3763446702 1764164841587.569824 1764164841587 1764164841594
111735 3763480046 1764164841620.906250 1764164841619 1764164841627
111736 3763513390 1764164841654.242676 1764164841653 1764164841660
111737 3763546733 1764164841687.578125 1764164841687 1764164841694
111738 3763580077 1764164841720.914307 1764164841719 1764164841727
111739 3763613421 1764164841754.250488 1764164841753 1764164841760
111740 3763646765 1764164841787.586670 1764164841787 1764164841794
111741 3763680109 1764164841820.922852 1764164841819 1764164841827
111742 3763713453 1764164841854.259033 1764164841853 1764164841860
111743 3763746797 1764164841887.594971 1764164841886 1764164841894
111744 3763780141 1764164841920.930908 1764164841919 1764164841927
111745 3763813485 1764164841954.266846 1764164841953 1764164841960
111746 3763846829 1764164841987.602783 1764164841987 1764164841994
111747 3763880173 1764164842020.938721 1764164842019 1764164842027
111748 3763913517 1764164842054.274414 1764164842053 1764164842060
111749 3763946861 1764164842087.611572 1764164842087 1764164842094
111750 3763980204 1764164842120.947510 1764164842119 1764164842127
111751 3764013548 1764164842154.284424 1764164842153 1764164842160
111752 3764046892 1764164842187.621338 1764164842187 1764164842194
111753 3764080236 1764164842220.958252 1764164842220 1764164842227
111754 3764113580 1764164842254.294922 1764164842253 1764164842260
111755 3764146924 1764164842287.631836 1764164842287 1764164842294
111756 3764180268 1764164842320.968506 1764164842320 1764164842327
111757 3764213612 1764164842354.305176 1764164842353 1764164842360
111758 3764246956 1764164842387.641846 1764164842387 1764164842394
111759 3764280300 1764164842420.978271 1764164842420 1764164842427
111760 3764313644 1764164842454.314941 1764164842453 1764164842460
111761 3764346988 1764164842487.651367 1764164842487 1764164842494
111762 3764380332 1764164842520.987793 1764164842520 1764164842527
111763 3764413676 1764164842554.323975 1764164842553 1764164842560
111764 3764447019 1764164842587.659424 1764164842586 1764164842594
111765 3764480363 1764164842620.995605 1764164842620 1764164842627
111766 3764513707 1764164842654.331787 1764164842653 1764164842660
111767 3764547051 1764164842687.667969 1764164842687 1764164842694
111768 3764580395 1764164842721.004150 1764164842720 1764164842727
111769 3764613739 1764164842754.340088 1764164842754 1764164842761
111770 3764647083 1764164842787.676270 1764164842787 1764164842794
111771 3764680427 1764164842821.012207 1764164842820 1764164842827
111772 3764713771 1764164842854.348145 1764164842854 1764164842861
111773 3764747115 1764164842887.684082 1764164842886 1764164842894
111774 3764780459 1764164842921.019775 1764164842920 1764164842927
111775 3764813803 1764164842954.355469 1764164842954 1764164842961
111776 3764847147 1764164842987.691406 1764164842986 1764164842994
111777 3764880490 1764164843021.025879 1764164843020 1764164843027
111778 3764913834 1764164843054.361572 1764164843054 1764164843061
111779 3764947178 1764164843087.710449 1764164843086 1764164843094
111780 3764980522 1764164843121.059326 1764164843120 1764164843127
111781 3765013866 1764164843154.408203 1764164843154 1764164843161
111782 3765047210 1764164843187.757080 1764164843186 1764164843194
111783 3765080554 1764164843221.105957 1764164843220 1764164843227
111784 3765113898 1764164843254.454834 1764164843254 1764164843261
111785 3765147242 1764164843287.803711 1764164843286 1764164843294
111786 3765180586 1764164843321.152832 1764164843320 1764164843327
111787 3765213930 1764164843354.501709 1764164843354 1764164843361
111788 3765247274 1764164843387.850830 1764164843386 1764164843394
111789 3765280618 1764164843421.199951 1764164843420 1764164843427
111790 3765313961 1764164843454.548096 1764164843454 1764164843461
111791 3765347305 1764164843487.897217 1764164843486 1764164843494
111792 3765380649 1764164843521.246338 1764164843520 1764164843527
111793 3765413993 1764164843554.595459 1764164843554 1764164843561
111794 3765447337 1764164843587.944824 1764164843586 1764164843594
111795 3765480681 1764164843621.293945 1764164843620 1764164843627
111796 3765514025 1764164843654.643311 1764164843654 1764164843661
111797 3765547369 1764164843687.992676 1764164843687 1764164843694
111798 3765580713 1764164843721.342041 1764164843720 1764164843727
111799 3765614057 1764164843754.691406 1764164843754 1764164843761
111800 3765647401 1764164843788.040771 1764164843787 1764164843794
111801 3765680745 1764164843821.390137 1764164843820 1764164843827
111802 3765714089 1764164843854.739502 1764164843854 1764164843861
111803 3765747433 1764164843888.089111 1764164843887 1764164843894
111804 3765780776 1764164843921.437500 1764164843920 1764164843927
111805 3765814120 1764164843954.787109 1764164843953 1764164843961
111806 3765847464 1764164843988.136719 1764164843987 1764164843994
111807 3765880808 1764164844021.486328 1764164844021 1764164844028
111808 3765914152 1764164844054.835938 1764164844054 1764164844061
111809 3765947496 1764164844088.172363 1764164844087 1764164844094
111810 3765980840 1764164844121.508545 1764164844121 1764164844128
111811 3766014184 1764164844154.844971 1764164844154 1764164844161
111812 3766047528 1764164844188.181152 1764164844187 1764164844194
111813 3766080872 1764164844221.517334 1764164844221 1764164844228
111814 3766114216 1764164844254.853271 1764164844253 1764164844261
111815 3766147560 1764164844288.189453 1764164844287 1764164844294
111816 3766180904 1764164844321.525391 1764164844321 1764164844328
111817 3766214247 1764164844354.860352 1764164844353 1764164844361
111818 3766247591 1764164844388.196289 1764164844387 1764164844394
111819 3766280935 1764164844421.532227 1764164844421 1764164844428
111820 3766314279 1764164844454.867920 1764164844453 1764164844461
111821 3766347623 1764164844488.203857 1764164844487 1764164844494
111822 3766380967 1764164844521.539551 1764164844521 1764164844528
111823 3766414311 1764164844554.875244 1764164844553 1764164844561
111824 3766447655 1764164844588.210693 1764164844587 1764164844594
111825 3766480999 1764164844621.546387 1764164844621 1764164844628
111826 3766514343 1764164844654.881836 1764164844653 1764164844661
111827 3766547687 1764164844688.217285 1764164844687 1764164844694
111828 3766581031 1764164844721.552734 1764164844721 1764164844728
111829 3766614375 1764164844754.887939 1764164844753 1764164844761
111830 3766647718 1764164844788.222412 1764164844787 1764164844794
111831 3766681062 1764164844821.557617 1764164844821 1764164844828
111832 3766714406 1764164844854.892822 1764164844853 1764164844861
111833 3766747750 1764164844888.228027 1764164844887 1764164844894
111834 3766781094 1764164844921.562988 1764164844921 1764164844928
111835 3766814438 1764164844954.898193 1764164844953 1764164844961
111836 3766847782 1764164844988.233154 1764164844987 1764164844994
111837 3766881126 1764164845021.568115 1764164845021 1764164845028
111838 3766914470 1764164845054.903076 1764164845054 1764164845061
111839 3766947814 1764164845088.239746 1764164845087 1764164845094
111840 3766981158 1764164845121.576416 1764164845121 1764164845128
111841 3767014502 1764164845154.913086 1764164845154 1764164845161
111842 3767047846 1764164845188.249512 1764164845187 1764164845194
111843 3767081190 1764164845221.586182 1764164845221 1764164845228
111844 3767114533 1764164845254.921631 1764164845254 1764164845261
111845 3767147877 1764164845288.258057 1764164845287 1764164845294
111846 3767181221 1764164845321.594482 1764164845321 1764164845328
111847 3767214565 1764164845354.930908 1764164845354 1764164845361
111848 3767247909 1764164845388.267090 1764164845387 1764164845394
111849 3767281253 1764164845421.603271 1764164845421 1764164845428
111850 3767314597 1764164845454.939697 1764164845454 1764164845461
111851 3767347941 1764164845488.275879 1764164845488 1764164845495
111852 3767381285 1764164845521.611816 1764164845521 1764164845528
111853 3767414629 1764164845554.947998 1764164845554 1764164845561
111854 3767447973 1764164845588.284180 1764164845588 1764164845595
111855 3767481317 1764164845621.620117 1764164845620 1764164845628
111856 3767514661 1764164845654.956055 1764164845654 1764164845661
111857 3767548004 1764164845688.291016 1764164845688 1764164845695
111858 3767581348 1764164845721.626709 1764164845720 1764164845728
111859 3767614692 1764164845754.962646 1764164845754 1764164845761
111860 3767648036 1764164845788.298340 1764164845788 1764164845795
111861 3767681380 1764164845821.634033 1764164845820 1764164845828
111862 3767714724 1764164845854.969727 1764164845854 1764164845861
111863 3767748068 1764164845888.305420 1764164845888 1764164845895
111864 3767781412 1764164845921.641113 1764164845920 1764164845928
111865 3767814756 1764164845954.976562 1764164845954 1764164845961
111866 3767848100 1764164845988.312256 1764164845988 1764164845995
111867 3767881444 1764164846021.647705 1764164846020 1764164846028
111868 3767914788 1764164846054.983154 1764164846054 1764164846061
111869 3767948132 1764164846088.320557 1764164846088 1764164846095
111870 3767981475 1764164846121.656738 1764164846120 1764164846128
111871 3768014819 1764164846154.994141 1764164846154 1764164846161
111872 3768048163 1764164846188.331299 1764164846188 1764164846195
111873 3768081507 1764164846221.668457 1764164846220 1764164846228
111874 3768114851 1764164846255.005615 1764164846254 1764164846261
111875 3768148195 1764164846288.342773 1764164846288 1764164846295
111876 3768181539 1764164846321.679932 1764164846321 1764164846328
111877 3768214883 1764164846355.017090 1764164846354 1764164846361
111878 3768248227 1764164846388.354004 1764164846388 1764164846395
111879 3768281571 1764164846421.690918 1764164846421 1764164846428
111880 3768314915 1764164846455.028076 1764164846454 1764164846461
111881 3768348259 1764164846488.364990 1764164846488 1764164846495
111882 3768381603 1764164846521.701660 1764164846521 1764164846528
111883 3768414947 1764164846555.038574 1764164846554 1764164846561
111884 3768448290 1764164846588.374512 1764164846588 1764164846595
