63772 1799701887 1764167210270.270752 1764167210270 1764167210280
63773 1799735231 1764167210303.617432 1764167210304 1764167210311
63774 1799768575 1764167210336.964355 1764167210336 1764167210344
63775 1799801919 1764167210370.311035 1764167210370 1764167210377
63776 1799835263 1764167210403.657959 1764167210404 1764167210411
63777 1799868607 1764167210437.004639 1764167210437 1764167210444
63778 1799901951 1764167210470.351562 1764167210470 1764167210477
63779 1799935295 1764167210503.698486 1764167210504 1764167210511
63780 1799968638 1764167210537.044189 1764167210537 1764167210544
63781 1800001982 1764167210570.391113 1764167210570 1764167210577
63782 1800035326 1764167210603.737793 1764167210604 1764167210611
63783 1800068670 1764167210637.084717 1764167210637 1764167210644
63784 1800102014 1764167210670.431396 1764167210671 1764167210678
63785 1800135358 1764167210703.778320 1764167210704 1764167210711
63786 1800168702 1764167210737.125000 1764167210737 1764167210744
63787 1800202046 1764167210770.471680 1764167210771 1764167210778
63788 1800235390 1764167210803.818604 1764167210803 1764167210811
63789 1800268734 1764167210837.165283 1764167210837 1764167210844
63790 1800302078 1764167210870.512207 1764167210871 1764167210878
63791 1800335422 1764167210903.858887 1764167210903 1764167210911
63792 1800368766 1764167210937.205811 1764167210937 1764167210944
63793 1800402109 1764167210970.551514 1764167210971 1764167210978
63794 1800435453 1764167211003.898438 1764167211003 1764167211011
63795 1800468797 1764167211037.245117 1764167211037 1764167211044
63796 1800502141 1764167211070.591797 1764167211071 1764167211078
63797 1800535485 1764167211103.938721 1764167211103 1764167211111
63798 1800568829 1764167211137.285400 1764167211137 1764167211144
63799 1800602173 1764167211170.632324 1764167211171 1764167211178
63800 1800635517 1764167211203.979004 1764167211203 1764167211211
63801 1800668861 1764167211237.325684 1764167211237 1764167211244
63802 1800702205 1764167211270.672607 1764167211271 1764167211278
63803 1800735549 1764167211304.019287 1764167211304 1764167211311
63804 1800768893 1764167211337.366211 1764167211337 1764167211344
63805 1800802237 1764167211370.712891 1764167211371 1764167211378
63806 1800835581 1764167211404.059570 1764167211404 1764167211411
63807 1800868924 1764167211437.405518 1764167211438 1764167211445
63808 1800902268 1764167211470.752197 1764167211471 1764167211478
63809 1800935612 1764167211504.098877 1764167211504 1764167211511
63810 1800968956 1764167211537.445801 1764167211538 1764167211545
63811 1801002300 1764167211570.792480 1764167211571 1764167211578
63812 1801035644 1764167211604.139404 1764167211604 1764167211611
63813 1801068988 1764167211637.486084 1764167211638 1764167211645
63814 1801102332 1764167211670.832764 1764167211670 1764167211678
63815 1801135676 1764167211704.179688 1764167211704 1764167211711
63816 1801169020 1764167211737.526367 1764167211738 1764167211745
63817 1801202364 1764167211770.873047 1764167211770 1764167211778
63818 1801235708 1764167211804.219971 1764167211804 1764167211811
63819 1801269052 1764167211837.566650 1764167211838 1764167211845
63820 1801302395 1764167211870.912354 1764167211870 1764167211878
63821 1801335739 1764167211904.259033 1764167211904 1764167211911
63822 1801369083 1764167211937.605957 1764167211938 1764167211945
63823 1801402427 1764167211970.952637 1764167211970 1764167211978
63824 1801435771 1764167212004.299316 1764167212004 1764167212011
63825 1801469115 1764167212037.645996 1764167212038 1764167212045
63826 1801502459 1764167212070.992920 1764167212071 1764167212078
63827 1801535803 1764167212104.339600 1764167212104 1764167212111
63828 1801569147 1764167212137.686279 1764167212138 1764167212145
63829 1801602491 1764167212171.032959 1764167212171 1764167212178
63830 1801635835 1764167212204.379883 1764167212204 1764167212211
63831 1801669179 1764167212237.726562 1764167212238 1764167212245
63832 1801702523 1764167212271.073242 1764167212271 1764167212278
63833 1801735866 1764167212304.419434 1764167212305 1764167212312
63834 1801769210 1764167212337.766846 1764167212338 1764167212345
63835 1801802554 1764167212371.114014 1764167212371 1764167212378
63836 1801835898 1764167212404.461426 1764167212405 1764167212412
63837 1801869242 1764167212437.808594 1764167212438 1764167212445
63838 1801902586 1764167212471.155762 1764167212471 1764167212478
63839 1801935930 1764167212504.503174 1764167212505 1764167212512
63840 1801969274 1764167212537.850342 1764167212537 1764167212545
63841 1802002618 1764167212571.197754 1764167212571 1764167212578
63842 1802035962 1764167212604.544922 1764167212605 1764167212612
63843 1802069306 1764167212637.892090 1764167212637 1764167212645
63844 1802102650 1764167212671.239502 1764167212671 1764167212678
63845 1802135994 1764167212704.586670 1764167212705 1764167212712
63846 1802169338 1764167212737.934082 1764167212737 1764167212745
63847 1802202681 1764167212771.280273 1764167212771 1764167212778
63848 1802236025 1764167212804.627441 1764167212805 1764167212812
63849 1802269369 1764167212837.974854 1764167212838 1764167212845
63850 1802302713 1764167212871.322021 1764167212871 1764167212878
63851 1802336057 1764167212904.669434 1764167212905 1764167212912
63852 1802369401 1764167212938.016602 1764167212938 1764167212945
63853 1802402745 1764167212971.364014 1764167212971 1764167212978
63854 1802436089 1764167213004.711182 1764167213005 1764167213012
63855 1802469433 1764167213038.058594 1764167213038 1764167213045
63856 1802502777 1764167213071.405762 1764167213071 1764167213078
63857 1802536121 1764167213104.753174 1764167213105 1764167213112
63858 1802569465 1764167213138.100342 1764167213138 1764167213145
63859 1802602809 1764167213171.447510 1764167213172 1764167213179
63860 1802636152 1764167213204.793945 1764167213205 1764167213212
63861 1802669496 1764167213238.141113 1764167213238 1764167213245
63862 1802702840 1764167213271.488525 1764167213272 1764167213279
63863 1802736184 1764167213304.835205 1764167213304 1764167213312
63864 1802769528 1764167213338.182129 1764167213338 1764167213345
63865 1802802872 1764167213371.528809 1764167213372 1764167213379
63866 1802836216 1764167213404.875732 1764167213404 1764167213412
63867 1802869560 1764167213438.222656 1764167213438 1764167213446
63868 1802902904 1764167213471.569336 1764167213472 1764167213479
63869 1802936248 1764167213504.916260 1764167213504 1764167213512
63870 1802969592 1764167213538.262939 1764167213538 1764167213545
63871 1803002936 1764167213571.609863 1764167213572 1764167213579
63872 1803036280 1764167213604.956543 1764167213604 1764167213612
63873 1803069623 1764167213638.302490 1764167213638 1764167213645
63874 1803102967 1764167213671.649170 1764167213672 1764167213679
63875 1803136311 1764167213704.996094 1764167213705 1764167213712
63876 1803169655 1764167213738.342773 1764167213738 1764167213745
63877 1803202999 1764167213771.689697 1764167213772 1764167213779
63878 1803236343 1764167213805.036377 1764167213805 1764167213812
63879 1803269687 1764167213838.383301 1764167213838 1764167213845
63880 1803303031 1764167213871.729980 1764167213872 1764167213879
63881 1803336375 1764167213905.076904 1764167213905 1764167213914
63882 1803369719 1764167213938.423584 1764167213938 1764167213945
63883 1803403063 1764167213971.770264 1764167213971 1764167213979
63884 1803436407 1764167214005.117188 1764167214005 1764167214012
63885 1803469751 1764167214038.463867 1764167214039 1764167214046
63886 1803503095 1764167214071.810791 1764167214071 1764167214079
63887 1803536438 1764167214105.156494 1764167214105 1764167214112
63888 1803569782 1764167214138.503418 1764167214139 1764167214146
63889 1803603126 1764167214171.850098 1764167214171 1764167214179
63890 1803636470 1764167214205.196777 1764167214205 1764167214212
63891 1803669814 1764167214238.543701 1764167214239 1764167214246
63892 1803703158 1764167214271.890381 1764167214271 1764167214279
63893 1803736502 1764167214305.237061 1764167214305 1764167214312
63894 1803769846 1764167214338.583984 1764167214339 1764167214346
63895 1803803190 1764167214371.930664 1764167214371 1764167214379
63896 1803836534 1764167214405.277344 1764167214405 1764167214412
63897 1803869878 1764167214438.624023 1764167214439 1764167214446
63898 1803903222 1764167214471.970703 1764167214471 1764167214479
63899 1803936566 1764167214505.317383 1764167214505 1764167214512
63900 1803969909 1764167214538.663086 1764167214539 1764167214546
63901 1804003253 1764167214572.010010 1764167214572 1764167214579
63902 1804036597 1764167214605.356689 1764167214605 1764167214612
63903 1804069941 1764167214638.703369 1764167214639 1764167214646
63904 1804103285 1764167214672.050049 1764167214672 1764167214679
63905 1804136629 1764167214705.396729 1764167214706 1764167214713
63906 1804169973 1764167214738.743408 1764167214739 1764167214746
63907 1804203317 1764167214772.090088 1764167214772 1764167214779
63908 1804236661 1764167214805.436768 1764167214806 1764167214813
63909 1804270005 1764167214838.783447 1764167214839 1764167214846
63910 1804303349 1764167214872.130127 1764167214872 1764167214879
63911 1804336693 1764167214905.476807 1764167214906 1764167214913
63912 1804370037 1764167214938.823486 1764167214938 1764167214946
63913 1804403380 1764167214972.169189 1764167214972 1764167214979
63914 1804436724 1764167215005.515869 1764167215006 1764167215013
63915 1804470068 1764167215038.862549 1764167215038 1764167215046
63916 1804503412 1764167215072.209229 1764167215072 1764167215079
63917 1804536756 1764167215105.555908 1764167215106 1764167215113
63918 1804570100 1764167215138.902588 1764167215138 1764167215149
63919 1804603444 1764167215172.249268 1764167215172 1764167215179
63920 1804636788 1764167215205.595947 1764167215206 1764167215213
63921 1804670132 1764167215238.942627 1764167215238 1764167215246
63922 1804703476 1764167215272.289307 1764167215272 1764167215279
63923 1804736820 1764167215305.636230 1764167215306 1764167215313
63924 1804770164 1764167215338.982910 1764167215339 1764167215346
63925 1804803508 1764167215372.329834 1764167215372 1764167215379
63926 1804836852 1764167215405.676514 1764167215406 1764167215413
63927 1804870195 1764167215439.022461 1764167215439 1764167215446
63928 1804903539 1764167215472.369141 1764167215472 1764167215479
63929 1804936883 1764167215505.715820 1764167215506 1764167215513
63930 1804970227 1764167215539.062744 1764167215539 1764167215546
63931 1805003571 1764167215572.409424 1764167215573 1764167215580
63932 1805036915 1764167215605.756348 1764167215606 1764167215613
63933 1805070259 1764167215639.103027 1764167215639 1764167215646
63934 1805103603 1764167215672.449707 1764167215673 1764167215680
63935 1805136947 1764167215705.796631 1764167215705 1764167215713
63936 1805170291 1764167215739.143311 1764167215739 1764167215746
63937 1805203635 1764167215772.489990 1764167215773 1764167215780
63938 1805236979 1764167215805.836914 1764167215805 1764167215813
63939 1805270323 1764167215839.183594 1764167215839 1764167215846
63940 1805303666 1764167215872.529297 1764167215873 1764167215880
63941 1805337010 1764167215905.876221 1764167215905 1764167215913
63942 1805370354 1764167215939.222900 1764167215939 1764167215946
63943 1805403698 1764167215972.569580 1764167215973 1764167215980
63944 1805437042 1764167216005.916504 1764167216005 1764167216013
63945 1805470386 1764167216039.263184 1764167216039 1764167216046
63946 1805503730 1764167216072.609863 1764167216073 1764167216080
63947 1805537074 1764167216105.956787 1764167216106 1764167216113
63948 1805570418 1764167216139.303467 1764167216139 1764167216146
63949 1805603762 1764167216172.650146 1764167216173 1764167216180
63950 1805637106 1764167216205.997070 1764167216206 1764167216213
63951 1805670450 1764167216239.343750 1764167216239 1764167216246
63952 1805703794 1764167216272.690430 1764167216273 1764167216280
63953 1805737137 1764167216306.036133 1764167216306 1764167216313
63954 1805770481 1764167216339.382812 1764167216339 1764167216346
63955 1805803825 1764167216372.729492 1764167216373 1764167216380
63956 1805837169 1764167216406.076172 1764167216406 1764167216413
63957 1805870513 1764167216439.422852 1764167216440 1764167216447
63958 1805903857 1764167216472.769775 1764167216472 1764167216480
63959 1805937201 1764167216506.116455 1764167216506 1764167216513
63960 1805970545 1764167216539.463135 1764167216540 1764167216547
63961 1806003889 1764167216572.809814 1764167216572 1764167216581
63962 1806037233 1764167216606.156494 1764167216606 1764167216613
63963 1806070577 1764167216639.503174 1764167216640 1764167216647
63964 1806103921 1764167216672.849854 1764167216672 1764167216680
63965 1806137265 1764167216706.196533 1764167216706 1764167216713
63966 1806170609 1764167216739.543213 1764167216740 1764167216747
63967 1806203952 1764167216772.888916 1764167216772 1764167216780
63968 1806237296 1764167216806.235352 1764167216807 1764167216814
63969 1806270640 1764167216839.582031 1764167216840 1764167216847
63970 1806303984 1764167216872.928711 1764167216872 1764167216880
63971 1806337328 1764167216906.275391 1764167216906 1764167216913
63972 1806370672 1764167216939.622070 1764167216940 1764167216948
63973 1806404016 1764167216972.968750 1764167216973 1764167216980
63974 1806437360 1764167217006.315430 1764167217006 1764167217013
63975 1806470704 1764167217039.662109 1764167217040 1764167217047
63976 1806504048 1764167217073.008789 1764167217073 1764167217080
63977 1806537392 1764167217106.355469 1764167217106 1764167217113
63978 1806570736 1764167217139.701904 1764167217140 1764167217147
63979 1806604080 1764167217173.048584 1764167217173 1764167217180
63980 1806637423 1764167217206.394287 1764167217206 1764167217213
63981 1806670767 1764167217239.740967 1764167217240 1764167217247
63982 1806704111 1764167217273.087646 1764167217273 1764167217280
63983 1806737455 1764167217306.434326 1764167217307 1764167217314
63984 1806770799 1764167217339.781006 1764167217339 1764167217347
63985 1806804143 1764167217373.127686 1764167217373 1764167217380
63986 1806837487 1764167217406.474609 1764167217407 1764167217414
63987 1806870831 1764167217439.821289 1764167217439 1764167217447
63988 1806904175 1764167217473.167969 1764167217473 1764167217480
63989 1806937519 1764167217506.514648 1764167217507 1764167217514
63990 1806970863 1764167217539.861572 1764167217539 1764167217547
63991 1807004207 1764167217573.208252 1764167217573 1764167217580
63992 1807037551 1764167217606.554932 1764167217607 1764167217614
63993 1807070894 1764167217639.900635 1764167217639 1764167217647
63994 1807104238 1764167217673.247314 1764167217673 1764167217680
63995 1807137582 1764167217706.594238 1764167217707 1764167217714
63996 1807170926 1764167217739.940918 1764167217740 1764167217747
63997 1807204270 1764167217773.287598 1764167217773 1764167217780
63998 1807237614 1764167217806.634277 1764167217807 1764167217814
63999 1807270958 1764167217839.980957 1764167217840 1764167217847
64000 1807304302 1764167217873.327637 1764167217873 1764167217880
64001 1807337646 1764167217906.674561 1764167217907 1764167217914
64002 1807370990 1764167217940.021240 1764167217940 1764167217947
64003 1807404334 1764167217973.367920 1764167217973 1764167217980
64004 1807437678 1764167218006.714600 1764167218007 1764167218014
64005 1807471022 1764167218040.061279 1764167218040 1764167218047
64006 1807504366 1764167218073.407959 1764167218074 1764167218081
64007 1807537709 1764167218106.753662 1764167218107 1764167218114
64008 1807571053 1764167218140.100586 1764167218140 1764167218147
64009 1807604397 1764167218173.447266 1764167218174 1764167218181
64010 1807637741 1764167218206.793945 1764167218206 1764167218214
64011 1807671085 1764167218240.140625 1764167218240 1764167218247
64012 1807704429 1764167218273.487305 1764167218274 1764167218281
64013 1807737773 1764167218306.833984 1764167218306 1764167218314
64014 1807771117 1764167218340.180908 1764167218340 1764167218347
64015 1807804461 1764167218373.527588 1764167218374 1764167218381
64016 1807837805 1764167218406.874268 1764167218406 1764167218414
64017 1807871149 1764167218440.220947 1764167218440 1764167218447
64018 1807904493 1764167218473.567871 1764167218474 1764167218481
64019 1807937837 1764167218506.914551 1764167218506 1764167218514
64020 1807971180 1764167218540.260254 1764167218540 1764167218547
64021 1808004524 1764167218573.606934 1764167218574 1764167218581
64022 1808037868 1764167218606.953613 1764167218607 1764167218614
64023 1808071212 1764167218640.300537 1764167218640 1764167218647
64024 1808104556 1764167218673.647217 1764167218674 1764167218681
64025 1808137900 1764167218706.993896 1764167218707 1764167218714
64026 1808171244 1764167218740.340576 1764167218740 1764167218747
64027 1808204588 1764167218773.687256 1764167218774 1764167218781
64028 1808237932 1764167218807.034180 1764167218807 1764167218814
64029 1808271276 1764167218840.380859 1764167218841 1764167218848
64030 1808304620 1764167218873.727539 1764167218874 1764167218881
64031 1808337964 1764167218907.074219 1764167218907 1764167218914
64032 1808371308 1764167218940.420898 1764167218941 1764167218948
64033 1808404651 1764167218973.766602 1764167218974 1764167218981
64034 1808437995 1764167219007.113281 1764167219007 1764167219014
64035 1808471339 1764167219040.459961 1764167219041 1764167219048
64036 1808504683 1764167219073.806885 1764167219073 1764167219081
64037 1808538027 1764167219107.153564 1764167219107 1764167219114
64038 1808571371 1764167219140.500244 1764167219141 1764167219148
64039 1808604715 1764167219173.846924 1764167219173 1764167219181
64040 1808638059 1764167219207.193604 1764167219207 1764167219214
64041 1808671403 1764167219240.540283 1764167219241 1764167219248
64042 1808704747 1764167219273.886963 1764167219273 1764167219281
64043 1808738091 1764167219307.234131 1764167219307 1764167219314
64044 1808771435 1764167219340.581299 1764167219341 1764167219348
64045 1808804779 1764167219373.928711 1764167219373 1764167219381
64046 1808838123 1764167219407.275879 1764167219407 1764167219414
64047 1808871466 1764167219440.622070 1764167219441 1764167219448
64048 1808904810 1764167219473.969238 1764167219474 1764167219481
64049 1808938154 1764167219507.316406 1764167219508 1764167219515
64050 1808971498 1764167219540.663574 1764167219541 1764167219548
64051 1809004842 1764167219574.010986 1764167219574 1764167219581
64052 1809038186 1764167219607.358154 1764167219607 1764167219617
64053 1809071530 1764167219640.705322 1764167219641 1764167219648
64054 1809104874 1764167219674.052490 1764167219674 1764167219681
64055 1809138218 1764167219707.399902 1764167219708 1764167219715
64056 1809171562 1764167219740.747070 1764167219740 1764167219748
64057 1809204906 1764167219774.094238 1764167219774 1764167219781
64058 1809238250 1764167219807.441650 1764167219808 1764167219815
64059 1809271594 1764167219840.788818 1764167219840 1764167219848
64060 1809304937 1764167219874.135010 1764167219874 1764167219881
64061 1809338281 1764167219907.482422 1764167219908 1764167219915
64062 1809371625 1764167219940.829590 1764167219940 1764167219948
64063 1809404969 1764167219974.177002 1764167219974 1764167219981
64064 1809438313 1764167220007.524170 1764167220008 1764167220015
64065 1809471657 1764167220040.871582 1764167220040 1764167220048
64066 1809505001 1764167220074.218750 1764167220074 1764167220081
64067 1809538345 1764167220107.566162 1764167220108 1764167220115
64068 1809571689 1764167220140.913330 1764167220140 1764167220148
64069 1809605033 1764167220174.260742 1764167220174 1764167220181
64070 1809638377 1764167220207.607910 1764167220208 1764167220215
64071 1809671721 1764167220240.955322 1764167220241 1764167220248
64072 1809705065 1764167220274.302734 1764167220274 1764167220281
64073 1809738408 1764167220307.648193 1764167220308 1764167220315
64074 1809771752 1764167220340.994873 1764167220341 1764167220348
64075 1809805096 1764167220374.341309 1764167220374 1764167220381
64076 1809838440 1764167220407.687988 1764167220408 1764167220415
64077 1809871784 1764167220441.034424 1764167220441 1764167220448
64078 1809905128 1764167220474.380859 1764167220474 1764167220481
64079 1809938472 1764167220507.727539 1764167220508 1764167220515
64080 1809971816 1764167220541.073975 1764167220541 1764167220548
64081 1810005160 1764167220574.420654 1764167220575 1764167220582
64082 1810038504 1764167220607.767090 1764167220607 1764167220615
64083 1810071848 1764167220641.113525 1764167220641 1764167220648
64084 1810105192 1764167220674.460205 1764167220675 1764167220682
64085 1810138536 1764167220707.806641 1764167220708 1764167220716
64086 1810171880 1764167220741.153320 1764167220741 1764167220750
64087 1810205223 1764167220774.498779 1764167220775 1764167220782
64088 1810238567 1764167220807.845215 1764167220807 1764167220815
64089 1810271911 1764167220841.191650 1764167220841 1764167220848
64090 1810305255 1764167220874.538330 1764167220875 1764167220882
64091 1810338599 1764167220907.884766 1764167220907 1764167220915
64092 1810371943 1764167220941.231201 1764167220941 1764167220948
64093 1810405287 1764167220974.577637 1764167220975 1764167220982
64094 1810438631 1764167221007.924316 1764167221007 1764167221015
64095 1810471975 1764167221041.270752 1764167221041 1764167221048
64096 1810505319 1764167221074.617188 1764167221075 1764167221082
64097 1810538663 1764167221107.963623 1764167221108 1764167221115
64098 1810572007 1764167221141.310059 1764167221141 1764167221150
64099 1810605351 1764167221174.656494 1764167221174 1764167221182
64100 1810638694 1764167221208.002197 1764167221208 1764167221215
64101 1810672038 1764167221241.348633 1764167221241 1764167221248
64102 1810705382 1764167221274.695068 1764167221275 1764167221282
64103 1810738726 1764167221308.041992 1764167221308 1764167221315
64104 1810772070 1764167221341.388916 1764167221342 1764167221349
64105 1810805414 1764167221374.735840 1764167221375 1764167221382
64106 1810838758 1764167221408.082764 1764167221408 1764167221415
64107 1810872102 1764167221441.429688 1764167221442 1764167221449
64108 1810905446 1764167221474.776611 1764167221474 1764167221482
64109 1810938790 1764167221508.123535 1764167221508 1764167221515
64110 1810972134 1764167221541.470459 1764167221542 1764167221549
64111 1811005478 1764167221574.817383 1764167221574 1764167221582
64112 1811038822 1764167221608.164307 1764167221608 1764167221615
64113 1811072165 1764167221641.510010 1764167221642 1764167221649
64114 1811105509 1764167221674.856934 1764167221675 1764167221683
64115 1811138853 1764167221708.203857 1764167221709 1764167221717
64116 1811172197 1764167221741.550781 1764167221742 1764167221749
64117 1811205541 1764167221774.897705 1764167221774 1764167221782
64118 1811238885 1764167221808.244629 1764167221808 1764167221815
64119 1811272229 1764167221841.591553 1764167221842 1764167221849
64120 1811305573 1764167221874.938477 1764167221875 1764167221882
64121 1811338917 1764167221908.285400 1764167221908 1764167221915
64122 1811372261 1764167221941.632324 1764167221941 1764167221949
64123 1811405605 1764167221974.979248 1764167221975 1764167221982
64124 1811438949 1764167222008.326172 1764167222009 1764167222016
64125 1811472293 1764167222041.673096 1764167222042 1764167222049
64126 1811505637 1764167222075.020020 1764167222075 1764167222082
64127 1811538980 1764167222108.365967 1764167222108 1764167222115
64128 1811572324 1764167222141.712891 1764167222142 1764167222149
64129 1811605668 1764167222175.059814 1764167222175 1764167222182
64130 1811639012 1764167222208.406738 1764167222209 1764167222216
64131 1811672356 1764167222241.753662 1764167222241 1764167222249
64132 1811705700 1764167222275.100586 1764167222275 1764167222282
64133 1811739044 1764167222308.447510 1764167222309 1764167222316
64134 1811772388 1764167222341.794434 1764167222341 1764167222349
64135 1811805732 1764167222375.141602 1764167222375 1764167222382
64136 1811839076 1764167222408.488525 1764167222409 1764167222416
64137 1811872420 1764167222441.835449 1764167222441 1764167222449
64138 1811905764 1764167222475.182373 1764167222475 1764167222482
64139 1811939108 1764167222508.529541 1764167222509 1764167222516
64140 1811972451 1764167222541.875488 1764167222541 1764167222549
64141 1812005795 1764167222575.222412 1764167222575 1764167222582
64142 1812039139 1764167222608.569336 1764167222609 1764167222616
64143 1812072483 1764167222641.916504 1764167222641 1764167222649
64144 1812105827 1764167222675.263428 1764167222675 1764167222682
64145 1812139171 1764167222708.610352 1764167222709 1764167222716
64146 1812172515 1764167222741.957520 1764167222742 1764167222749
64147 1812205859 1764167222775.304443 1764167222775 1764167222782
64148 1812239203 1764167222808.651367 1764167222809 1764167222816
64149 1812272547 1764167222841.998291 1764167222842 1764167222849
64150 1812305891 1764167222875.345459 1764167222875 1764167222882
64151 1812339235 1764167222908.692383 1764167222909 1764167222916
64152 1812372579 1764167222942.039307 1764167222942 1764167222949
64153 1812405922 1764167222975.385498 1764167222976 1764167222983
64154 1812439266 1764167223008.732422 1764167223009 1764167223016
64155 1812472610 1764167223042.079346 1764167223042 1764167223049
64156 1812505954 1764167223075.426270 1764167223076 1764167223083
64157 1812539298 1764167223108.773438 1764167223108 1764167223116
64158 1812572642 1764167223142.120361 1764167223142 1764167223149
64159 1812605986 1764167223175.467285 1764167223176 1764167223183
64160 1812639330 1764167223208.814453 1764167223208 1764167223216
64161 1812672674 1764167223242.161377 1764167223242 1764167223249
64162 1812706018 1764167223275.508301 1764167223276 1764167223283
64163 1812739362 1764167223308.855225 1764167223308 1764167223316
64164 1812772706 1764167223342.202148 1764167223342 1764167223349
64165 1812806050 1764167223375.549072 1764167223376 1764167223383
64166 1812839394 1764167223408.895996 1764167223408 1764167223416
64167 1812872737 1764167223442.241943 1764167223442 1764167223449
64168 1812906081 1764167223475.588867 1764167223476 1764167223483
64169 1812939425 1764167223508.935791 1764167223509 1764167223516
64170 1812972769 1764167223542.282715 1764167223542 1764167223549
64171 1813006113 1764167223575.629395 1764167223576 1764167223583
64172 1813039457 1764167223608.976318 1764167223609 1764167223616
64173 1813072801 1764167223642.323242 1764167223642 1764167223649
64174 1813106145 1764167223675.670166 1764167223676 1764167223683
64175 1813139489 1764167223709.017090 1764167223709 1764167223716
64176 1813172833 1764167223742.364014 1764167223742 1764167223749
64177 1813206177 1764167223775.710938 1764167223776 1764167223783
64178 1813239521 1764167223809.057861 1764167223809 1764167223816
64179 1813272865 1764167223842.404785 1764167223843 1764167223850
64180 1813306208 1764167223875.750488 1764167223875 1764167223883
64181 1813339552 1764167223909.097412 1764167223909 1764167223916
64182 1813372896 1764167223942.444336 1764167223943 1764167223950
64183 1813406240 1764167223975.791260 1764167223975 1764167223983
64184 1813439584 1764167224009.138184 1764167224009 1764167224016
64185 1813472928 1764167224042.485107 1764167224043 1764167224050
64186 1813506272 1764167224075.832031 1764167224075 1764167224083
64187 1813539616 1764167224109.178711 1764167224109 1764167224116
64188 1813572960 1764167224142.525635 1764167224143 1764167224150
64189 1813606304 1764167224175.872559 1764167224175 1764167224183
64190 1813639648 1764167224209.219482 1764167224209 1764167224216
64191 1813672992 1764167224242.566406 1764167224243 1764167224250
64192 1813706336 1764167224275.913330 1764167224275 1764167224283
64193 1813739679 1764167224309.259766 1764167224309 1764167224316
64194 1813773023 1764167224342.607178 1764167224343 1764167224350
64195 1813806367 1764167224375.954590 1764167224376 1764167224383
64196 1813839711 1764167224409.302246 1764167224409 1764167224416
64197 1813873055 1764167224442.649658 1764167224443 1764167224450
64198 1813906399 1764167224475.997070 1764167224476 1764167224483
64199 1813939743 1764167224509.344727 1764167224510 1764167224517
64200 1813973087 1764167224542.692139 1764167224543 1764167224550
64201 1814006431 1764167224576.039795 1764167224576 1764167224583
64202 1814039775 1764167224609.387207 1764167224610 1764167224617
64203 1814073119 1764167224642.734863 1764167224643 1764167224650
64204 1814106463 1764167224676.082275 1764167224676 1764167224683
64205 1814139807 1764167224709.429932 1764167224710 1764167224717
64206 1814173151 1764167224742.777344 1764167224742 1764167224750
64207 1814206494 1764167224776.123779 1764167224777 1764167224785
64208 1814239838 1764167224809.471436 1764167224810 1764167224817
64209 1814273182 1764167224842.819092 1764167224842 1764167224850
64210 1814306526 1764167224876.166504 1764167224876 1764167224883
64211 1814339870 1764167224909.514160 1764167224910 1764167224917
64212 1814373214 1764167224942.861816 1764167224942 1764167224950
64213 1814406558 1764167224976.209229 1764167224976 1764167224983
64214 1814439902 1764167225009.556885 1764167225010 1764167225017
64215 1814473246 1764167225042.904541 1764167225042 1764167225050
64216 1814506590 1764167225076.251953 1764167225076 1764167225083
64217 1814539934 1764167225109.599609 1764167225110 1764167225117
64218 1814573278 1764167225142.947266 1764167225142 1764167225150
64219 1814606622 1764167225176.294922 1764167225176 1764167225183
64220 1814639965 1764167225209.641357 1764167225210 1764167225217
64221 1814673309 1764167225242.989014 1764167225243 1764167225250
64222 1814706653 1764167225276.336670 1764167225276 1764167225283
64223 1814739997 1764167225309.683594 1764167225310 1764167225317
64224 1814773341 1764167225343.030762 1764167225343 1764167225350
64225 1814806685 1764167225376.377686 1764167225376 1764167225383
64226 1814840029 1764167225409.724854 1764167225410 1764167225417
64227 1814873373 1764167225443.071777 1764167225443 1764167225450
64228 1814906717 1764167225476.418701 1764167225477 1764167225484
64229 1814940061 1764167225509.765869 1764167225509 1764167225517
64230 1814973405 1764167225543.112793 1764167225543 1764167225550
64231 1815006749 1764167225576.459717 1764167225577 1764167225584
64232 1815040093 1764167225609.806885 1764167225609 1764167225617
64233 1815073436 1764167225643.152832 1764167225643 1764167225650
64234 1815106780 1764167225676.499756 1764167225677 1764167225684
64235 1815140124 1764167225709.846680 1764167225709 1764167225717
64236 1815173468 1764167225743.193848 1764167225743 1764167225750
64237 1815206812 1764167225776.540771 1764167225777 1764167225784
64238 1815240156 1764167225809.887695 1764167225809 1764167225817
64239 1815273500 1764167225843.234863 1764167225843 1764167225850
64240 1815306844 1764167225876.581787 1764167225877 1764167225884
64241 1815340188 1764167225909.928711 1764167225909 1764167225917
64242 1815373532 1764167225943.275879 1764167225943 1764167225950
64243 1815406876 1764167225976.622803 1764167225977 1764167225984
64244 1815440220 1764167226009.969727 1764167226010 1764167226017
64245 1815473564 1764167226043.316895 1764167226043 1764167226050
64246 1815506908 1764167226076.663818 1764167226077 1764167226086
64247 1815540251 1764167226110.009766 1764167226110 1764167226117
64248 1815573595 1764167226143.356934 1764167226143 1764167226150
64249 1815606939 1764167226176.703857 1764167226177 1764167226184
64250 1815640283 1764167226210.050781 1764167226210 1764167226217
64251 1815673627 1764167226243.397949 1764167226243 1764167226250
64252 1815706971 1764167226276.744873 1764167226277 1764167226284
64253 1815740315 1764167226310.091797 1764167226310 1764167226317
64254 1815773659 1764167226343.438477 1764167226343 1764167226350
64255 1815807003 1764167226376.784912 1764167226377 1764167226384
64256 1815840347 1764167226410.131592 1764167226410 1764167226417
64257 1815873691 1764167226443.478027 1764167226444 1764167226451
64258 1815907035 1764167226476.824707 1764167226477 1764167226484
64259 1815940379 1764167226510.171143 1764167226510 1764167226517
64260 1815973722 1764167226543.516846 1764167226544 1764167226551
64261 1816007066 1764167226576.863281 1764167226576 1764167226584
64262 1816040410 1764167226610.209961 1764167226610 1764167226617
64263 1816073754 1764167226643.556396 1764167226644 1764167226651
64264 1816107098 1764167226676.903076 1764167226676 1764167226684
64265 1816140442 1764167226710.249512 1764167226710 1764167226717
64266 1816173786 1764167226743.595947 1764167226744 1764167226751
64267 1816207130 1764167226776.942627 1764167226776 1764167226784
64268 1816240474 1764167226810.289062 1764167226810 1764167226817
64269 1816273818 1764167226843.635742 1764167226844 1764167226851
64270 1816307162 1764167226876.982178 1764167226876 1764167226884
64271 1816340506 1764167226910.328613 1764167226910 1764167226917
64272 1816373850 1764167226943.675293 1764167226944 1764167226951
64273 1816407193 1764167226977.020752 1764167226976 1764167226984
64274 1816440537 1764167227010.367188 1764167227010 1764167227017
64275 1816473881 1764167227043.713867 1764167227044 1764167227051
64276 1816507225 1764167227077.060303 1764167227076 1764167227084
64277 1816540569 1764167227110.406738 1764167227110 1764167227117
64278 1816573913 1764167227143.753418 1764167227144 1764167227151
64279 1816607257 1764167227177.099854 1764167227176 1764167227184
64280 1816640601 1764167227210.446289 1764167227210 1764167227217
64281 1816673945 1764167227243.792969 1764167227244 1764167227251
64282 1816707289 1764167227277.139404 1764167227277 1764167227284
64283 1816740633 1764167227310.485840 1764167227310 1764167227317
64284 1816773977 1764167227343.831543 1764167227344 1764167227351
64285 1816807321 1764167227377.177246 1764167227377 1764167227384
64286 1816840665 1764167227410.522949 1764167227410 1764167227417
64287 1816874008 1764167227443.867676 1764167227444 1764167227451
64288 1816907352 1764167227477.213379 1764167227477 1764167227484
64289 1816940696 1764167227510.558838 1764167227510 1764167227517
64290 1816974040 1764167227543.904541 1764167227544 1764167227551
64291 1817007384 1764167227577.250244 1764167227577 1764167227584
64292 1817040728 1764167227610.595947 1764167227611 1764167227618
64293 1817074072 1764167227643.941406 1764167227644 1764167227651
64294 1817107416 1764167227677.287109 1764167227677 1764167227684
64295 1817140760 1764167227710.632812 1764167227711 1764167227718
64296 1817174104 1764167227743.978271 1764167227744 1764167227751
64297 1817207448 1764167227777.323975 1764167227777 1764167227784
64298 1817240792 1764167227810.669434 1764167227811 1764167227818
64299 1817274136 1764167227844.015137 1764167227843 1764167227851
64300 1817307479 1764167227877.359619 1764167227877 1764167227884
64301 1817340823 1764167227910.705322 1764167227911 1764167227918
64302 1817374167 1764167227944.050781 1764167227943 1764167227951
64303 1817407511 1764167227977.396484 1764167227977 1764167227984
64304 1817440855 1764167228010.741943 1764167228011 1764167228018
64305 1817474199 1764167228044.087402 1764167228043 1764167228051
64306 1817507543 1764167228077.432861 1764167228077 1764167228084
64307 1817540887 1764167228110.778564 1764167228111 1764167228118
64308 1817574231 1764167228144.124023 1764167228143 1764167228151
64309 1817607575 1764167228177.469482 1764167228177 1764167228184
64310 1817640919 1764167228210.814941 1764167228211 1764167228218
64311 1817674263 1764167228244.160400 1764167228243 1764167228251
64312 1817707607 1764167228277.505859 1764167228277 1764167228284
64313 1817740950 1764167228310.850342 1764167228311 1764167228318
64314 1817774294 1764167228344.195312 1764167228343 1764167228351
64315 1817807638 1764167228377.540283 1764167228377 1764167228384
64316 1817840982 1764167228410.885254 1764167228411 1764167228418
64317 1817874326 1764167228444.229980 1764167228443 1764167228451
64318 1817907670 1764167228477.574951 1764167228477 1764167228484
64319 1817941014 1764167228510.919678 1764167228511 1764167228518
64320 1817974358 1764167228544.264648 1764167228544 1764167228551
64321 1818007702 1764167228577.609375 1764167228577 1764167228584
64322 1818041046 1764167228610.954346 1764167228611 1764167228618
64323 1818074390 1764167228644.299072 1764167228644 1764167228651
64324 1818107734 1764167228677.643799 1764167228677 1764167228684
64325 1818141078 1764167228710.988770 1764167228711 1764167228718
64326 1818174422 1764167228744.333496 1764167228744 1764167228751
64327 1818207765 1764167228777.677246 1764167228777 1764167228784
64328 1818241109 1764167228811.021973 1764167228811 1764167228818
64329 1818274453 1764167228844.366699 1764167228844 1764167228851
64330 1818307797 1764167228877.711426 1764167228878 1764167228885
64331 1818341141 1764167228911.056152 1764167228910 1764167228918
64332 1818374485 1764167228944.400879 1764167228944 1764167228951
64333 1818407829 1764167228977.745605 1764167228978 1764167228985
64334 1818441173 1764167229011.090332 1764167229011 1764167229018
64335 1818474517 1764167229044.435059 1764167229045 1764167229053
64336 1818507861 1764167229077.779785 1764167229078 1764167229085
64337 1818541205 1764167229111.124512 1764167229110 1764167229118
64338 1818574549 1764167229144.468994 1764167229144 1764167229151
64339 1818607893 1764167229177.813721 1764167229178 1764167229185
64340 1818641236 1764167229211.157471 1764167229210 1764167229218
64341 1818674580 1764167229244.501953 1764167229244 1764167229251
64342 1818707924 1764167229277.846680 1764167229278 1764167229285
64343 1818741268 1764167229311.191162 1764167229310 1764167229318
64344 1818774612 1764167229344.536621 1764167229344 1764167229351
64345 1818807956 1764167229377.881836 1764167229378 1764167229385
64346 1818841300 1764167229411.227295 1764167229410 1764167229418
64347 1818874644 1764167229444.572510 1764167229444 1764167229451
64348 1818907988 1764167229477.917725 1764167229478 1764167229485
64349 1818941332 1764167229511.263184 1764167229510 1764167229518
64350 1818974676 1764167229544.608398 1764167229544 1764167229551
64351 1819008020 1764167229577.953613 1764167229578 1764167229585
64352 1819041364 1764167229611.298828 1764167229610 1764167229618
64353 1819074707 1764167229644.643066 1764167229644 1764167229651
64354 1819108051 1764167229677.988281 1764167229678 1764167229685
64355 1819141395 1764167229711.333496 1764167229711 1764167229718
64356 1819174739 1764167229744.678711 1764167229744 1764167229751
64357 1819208083 1764167229778.023926 1764167229778 1764167229785
64358 1819241427 1764167229811.369141 1764167229811 1764167229818
64359 1819274771 1764167229844.714355 1764167229844 1764167229851
64360 1819308115 1764167229878.059570 1764167229878 1764167229885
64361 1819341459 1764167229911.404785 1764167229911 1764167229918
64362 1819374803 1764167229944.750000 1764167229944 1764167229951
64363 1819408147 1764167229978.094971 1764167229978 1764167229985
64364 1819441491 1764167230011.440186 1764167230011 1764167230018
64365 1819474835 1764167230044.785400 1764167230045 1764167230052
64366 1819508179 1764167230078.130371 1764167230078 1764167230085
64367 1819541522 1764167230111.474609 1764167230111 1764167230118
64368 1819574866 1764167230144.819580 1764167230144 1764167230151
64369 1819608210 1764167230178.164795 1764167230178 1764167230185
64370 1819641554 1764167230211.509766 1764167230211 1764167230218
64371 1819674898 1764167230244.854980 1764167230245 1764167230252
64372 1819708242 1764167230278.199951 1764167230277 1764167230285
64373 1819741586 1764167230311.544922 1764167230311 1764167230318
64374 1819774930 1764167230344.887939 1764167230345 1764167230352
64375 1819808274 1764167230378.230957 1764167230377 1764167230385
64376 1819841618 1764167230411.573975 1764167230411 1764167230418
64377 1819874962 1764167230444.916748 1764167230445 1764167230452
64378 1819908306 1764167230478.259766 1764167230477 1764167230485
64379 1819941650 1764167230511.602539 1764167230511 1764167230518
64380 1819974993 1764167230544.944336 1764167230545 1764167230552
64381 1820008337 1764167230578.287109 1764167230577 1764167230585
64382 1820041681 1764167230611.629883 1764167230611 1764167230618
64383 1820075025 1764167230644.972656 1764167230645 1764167230652
64384 1820108369 1764167230678.315430 1764167230677 1764167230685
64385 1820141713 1764167230711.658203 1764167230711 1764167230718
64386 1820175057 1764167230745.000732 1764167230745 1764167230752
64387 1820208401 1764167230778.343506 1764167230777 1764167230785
64388 1820241745 1764167230811.686035 1764167230811 1764167230818
64389 1820275089 1764167230845.028809 1764167230845 1764167230852
64390 1820308433 1764167230878.371338 1764167230877 1764167230885
64391 1820341777 1764167230911.713867 1764167230911 1764167230918
64392 1820375121 1764167230945.056396 1764167230945 1764167230952
64393 1820408464 1764167230978.397949 1764167230977 1764167230985
64394 1820441808 1764167231011.740479 1764167231011 1764167231018
64395 1820475152 1764167231045.082764 1764167231045 1764167231052
64396 1820508496 1764167231078.425293 1764167231078 1764167231085
64397 1820541840 1764167231111.767578 1764167231111 1764167231118
64398 1820575184 1764167231145.110107 1764167231145 1764167231152
64399 1820608528 1764167231178.452393 1764167231178 1764167231185
64400 1820641872 1764167231211.794678 1764167231211 1764167231218
64401 1820675216 1764167231245.137207 1764167231245 1764167231252
64402 1820708560 1764167231278.479492 1764167231278 1764167231285
64403 1820741904 1764167231311.821777 1764167231311 1764167231318
64404 1820775248 1764167231345.164062 1764167231345 1764167231352
64405 1820808592 1764167231378.506348 1764167231378 1764167231385
64406 1820841936 1764167231411.848633 1764167231412 1764167231419
64407 1820875279 1764167231445.189941 1764167231444 1764167231452
64408 1820908623 1764167231478.531982 1764167231478 1764167231485
64409 1820941967 1764167231511.874268 1764167231512 1764167231519
64410 1820975311 1764167231545.216553 1764167231544 1764167231552
64411 1821008655 1764167231578.558594 1764167231578 1764167231585
64412 1821041999 1764167231611.900635 1764167231612 1764167231619
64413 1821075343 1764167231645.242920 1764167231644 1764167231652
64414 1821108687 1764167231678.584961 1764167231678 1764167231685
64415 1821142031 1764167231711.927002 1764167231712 1764167231719
64416 1821175375 1764167231745.269043 1764167231744 1764167231752
64417 1821208719 1764167231778.610840 1764167231778 1764167231785
64418 1821242063 1764167231811.952881 1764167231812 1764167231819
64419 1821275407 1764167231845.294922 1764167231844 1764167231852
64420 1821308750 1764167231878.635742 1764167231878 1764167231885
64421 1821342094 1764167231911.977539 1764167231912 1764167231919
64422 1821375438 1764167231945.319336 1764167231944 1764167231952
64423 1821408782 1764167231978.661377 1764167231978 1764167231985
64424 1821442126 1764167232012.003174 1764167232012 1764167232019
64425 1821475470 1764167232045.344727 1764167232044 1764167232052
64426 1821508814 1764167232078.686523 1764167232078 1764167232085
64427 1821542158 1764167232112.028320 1764167232112 1764167232119
64428 1821575502 1764167232145.369873 1764167232144 1764167232152
64429 1821608846 1764167232178.711670 1764167232178 1764167232185
64430 1821642190 1764167232212.053223 1764167232212 1764167232219
64431 1821675534 1764167232245.394775 1764167232245 1764167232252
64432 1821708878 1764167232278.736328 1764167232278 1764167232285
64433 1821742221 1764167232312.076904 1764167232312 1764167232319
64434 1821775565 1764167232345.418701 1764167232345 1764167232352
64435 1821808909 1764167232378.760498 1764167232378 1764167232385
64436 1821842253 1764167232412.102051 1764167232412 1764167232419
64437 1821875597 1764167232445.443604 1764167232445 1764167232452
64438 1821908941 1764167232478.785156 1764167232478 1764167232485
64439 1821942285 1764167232512.126709 1764167232512 1764167232519
64440 1821975629 1764167232545.468262 1764167232545 1764167232552
64441 1822008973 1764167232578.809814 1764167232578 1764167232585
64442 1822042317 1764167232612.151123 1764167232612 1764167232619
64443 1822075661 1764167232645.492676 1764167232645 1764167232652
64444 1822109005 1764167232678.833984 1764167232678 1764167232686
64445 1822142349 1764167232712.175293 1764167232711 1764167232719
64446 1822175693 1764167232745.516846 1764167232745 1764167232752
64447 1822209036 1764167232778.856934 1764167232779 1764167232786
64448 1822242380 1764167232812.198242 1764167232812 1764167232819
64449 1822275724 1764167232845.539551 1764167232845 1764167232852
64450 1822309068 1764167232878.880859 1764167232879 1764167232886
64451 1822342412 1764167232912.221924 1764167232911 1764167232919
64452 1822375756 1764167232945.563232 1764167232945 1764167232952
64453 1822409100 1764167232978.904297 1764167232979 1764167232986
64454 1822442444 1764167233012.245361 1764167233011 1764167233019
64455 1822475788 1764167233045.586426 1764167233045 1764167233052
64456 1822509132 1764167233078.927490 1764167233079 1764167233086
64457 1822542476 1764167233112.268555 1764167233111 1764167233119
64458 1822575820 1764167233145.609375 1764167233145 1764167233152
64459 1822609164 1764167233178.950439 1764167233179 1764167233186
64460 1822642507 1764167233212.290283 1764167233211 1764167233219
64461 1822675851 1764167233245.631104 1764167233245 1764167233252
64462 1822709195 1764167233278.971924 1764167233279 1764167233286
64463 1822742539 1764167233312.312988 1764167233311 1764167233319
64464 1822775883 1764167233345.654053 1764167233346 1764167233353
64465 1822809227 1764167233378.995117 1764167233379 1764167233386
64466 1822842571 1764167233412.336426 1764167233412 1764167233419
64467 1822875915 1764167233445.677490 1764167233445 1764167233452
64468 1822909259 1764167233479.018555 1764167233479 1764167233486
64469 1822942603 1764167233512.359375 1764167233511 1764167233519
64470 1822975947 1764167233545.700439 1764167233546 1764167233553
64471 1823009291 1764167233579.041260 1764167233579 1764167233586
64472 1823042635 1764167233612.382324 1764167233612 1764167233619
64473 1823075978 1764167233645.722168 1764167233645 1764167233652
64474 1823109322 1764167233679.062988 1764167233679 1764167233686
64475 1823142666 1764167233712.403809 1764167233712 1764167233719
64476 1823176010 1764167233745.744629 1764167233745 1764167233752
64477 1823209354 1764167233779.085449 1764167233779 1764167233786
64478 1823242698 1764167233812.426025 1764167233812 1764167233819
64479 1823276042 1764167233845.766846 1764167233845 1764167233852
64480 1823309386 1764167233879.107422 1764167233879 1764167233886
64481 1823342730 1764167233912.447998 1764167233912 1764167233919
64482 1823376074 1764167233945.788574 1764167233946 1764167233953
64483 1823409418 1764167233979.129150 1764167233979 1764167233986
64484 1823442762 1764167234012.469727 1764167234012 1764167234019
64485 1823476106 1764167234045.810303 1764167234046 1764167234053
64486 1823509450 1764167234079.150635 1764167234079 1764167234086
64487 1823542793 1764167234112.490234 1764167234112 1764167234119
64488 1823576137 1764167234145.830566 1764167234145 1764167234153
64489 1823609481 1764167234179.170898 1764167234178 1764167234186
64490 1823642825 1764167234212.511230 1764167234212 1764167234219
64491 1823676169 1764167234245.851562 1764167234246 1764167234253
64492 1823709513 1764167234279.191895 1764167234278 1764167234286
64493 1823742857 1764167234312.532227 1764167234312 1764167234319
64494 1823776201 1764167234345.873047 1764167234346 1764167234353
64495 1823809545 1764167234379.214111 1764167234378 1764167234386
64496 1823842889 1764167234412.554932 1764167234412 1764167234419
64497 1823876233 1764167234445.895752 1764167234446 1764167234453
64498 1823909577 1764167234479.236572 1764167234478 1764167234486
64499 1823942921 1764167234512.577393 1764167234512 1764167234519
64500 1823976264 1764167234545.917236 1764167234546 1764167234553
64501 1824009608 1764167234579.258057 1764167234578 1764167234586
64502 1824042952 1764167234612.598633 1764167234612 1764167234619
64503 1824076296 1764167234645.939453 1764167234646 1764167234653
64504 1824109640 1764167234679.280029 1764167234678 1764167234686
64505 1824142984 1764167234712.620605 1764167234712 1764167234719
64506 1824176328 1764167234745.961182 1764167234746 1764167234753
64507 1824209672 1764167234779.301758 1764167234779 1764167234786
64508 1824243016 1764167234812.642334 1764167234812 1764167234819
64509 1824276360 1764167234845.982666 1764167234846 1764167234853
64510 1824309704 1764167234879.323242 1764167234879 1764167234886
64511 1824343048 1764167234912.663574 1764167234912 1764167234919
64512 1824376392 1764167234946.004150 1764167234946 1764167234953
64513 1824409735 1764167234979.343506 1764167234979 1764167234986
64514 1824443079 1764167235012.683838 1764167235012 1764167235019
64515 1824476423 1764167235046.024170 1764167235046 1764167235053
64516 1824509767 1764167235079.364258 1764167235079 1764167235086
64517 1824543111 1764167235112.704590 1764167235112 1764167235119
64518 1824576455 1764167235146.044678 1764167235146 1764167235153
64519 1824609799 1764167235179.385010 1764167235179 1764167235186
64520 1824643143 1764167235212.725098 1764167235213 1764167235220
64521 1824676487 1764167235246.065186 1764167235246 1764167235253
64522 1824709831 1764167235279.405273 1764167235279 1764167235286
64523 1824743175 1764167235312.745361 1764167235313 1764167235320
64524 1824776519 1764167235346.086182 1764167235345 1764167235353
64525 1824809863 1764167235379.426758 1764167235379 1764167235386
64526 1824843207 1764167235412.767578 1764167235413 1764167235420
64527 1824876550 1764167235446.107178 1764167235445 1764167235453
64528 1824909894 1764167235479.447754 1764167235479 1764167235486
64529 1824943238 1764167235512.788330 1764167235513 1764167235520
64530 1824976582 1764167235546.128662 1764167235545 1764167235553
64531 1825009926 1764167235579.469238 1764167235579 1764167235586
64532 1825043270 1764167235612.809814 1764167235613 1764167235620
64533 1825076614 1764167235646.150146 1764167235645 1764167235653
64534 1825109958 1764167235679.490479 1764167235679 1764167235686
64535 1825143302 1764167235712.831055 1764167235713 1764167235720
64536 1825176646 1764167235746.171387 1764167235745 1764167235753
64537 1825209990 1764167235779.511719 1764167235779 1764167235786
64538 1825243334 1764167235812.851807 1764167235812 1764167235822
64539 1825276678 1764167235846.192139 1764167235845 1764167235853
64540 1825310021 1764167235879.531494 1764167235879 1764167235886
64541 1825343365 1764167235912.871582 1764167235913 1764167235920
64542 1825376709 1764167235946.211670 1764167235945 1764167235953
64543 1825410053 1764167235979.551758 1764167235979 1764167235986
64544 1825443397 1764167236012.891846 1764167236013 1764167236020
64545 1825476741 1764167236046.231934 1764167236046 1764167236053
64546 1825510085 1764167236079.572021 1764167236079 1764167236086
64547 1825543429 1764167236112.912109 1764167236113 1764167236120
64548 1825576773 1764167236146.251953 1764167236146 1764167236153
64549 1825610117 1764167236179.592041 1764167236180 1764167236187
64550 1825643461 1764167236212.931885 1764167236213 1764167236220
64551 1825676805 1764167236246.271729 1764167236246 1764167236253
64552 1825710149 1764167236279.611572 1764167236279 1764167236286
64553 1825743492 1764167236312.950439 1764167236313 1764167236320
64554 1825776836 1764167236346.291016 1764167236346 1764167236353
64555 1825810180 1764167236379.631348 1764167236379 1764167236386
64556 1825843524 1764167236412.971924 1764167236413 1764167236420
64557 1825876868 1764167236446.312256 1764167236446 1764167236453
64558 1825910212 1764167236479.652588 1764167236480 1764167236487
64559 1825943556 1764167236512.992920 1764167236512 1764167236520
64560 1825976900 1764167236546.333252 1764167236546 1764167236553
64561 1826010244 1764167236579.673584 1764167236580 1764167236587
64562 1826043588 1764167236613.013916 1764167236612 1764167236620
64563 1826076932 1764167236646.354248 1764167236646 1764167236653
64564 1826110276 1764167236679.694336 1764167236680 1764167236687
64565 1826143620 1764167236713.034424 1764167236712 1764167236720
64566 1826176964 1764167236746.374756 1764167236746 1764167236753
64567 1826210307 1764167236779.713867 1764167236780 1764167236787
64568 1826243651 1764167236813.053955 1764167236812 1764167236820
64569 1826276995 1764167236846.393799 1764167236846 1764167236853
64570 1826310339 1764167236879.733887 1764167236880 1764167236887
64571 1826343683 1764167236913.073975 1764167236912 1764167236920
64572 1826377027 1764167236946.413818 1764167236946 1764167236953
64573 1826410371 1764167236979.753906 1764167236980 1764167236987
64574 1826443715 1764167237013.093750 1764167237012 1764167237020
64575 1826477059 1764167237046.433594 1764167237046 1764167237053
64576 1826510403 1764167237079.773438 1764167237080 1764167237087
64577 1826543747 1764167237113.113281 1764167237112 1764167237120
64578 1826577091 1764167237146.452881 1764167237146 1764167237153
64579 1826610435 1764167237179.792725 1764167237180 1764167237187
64580 1826643778 1764167237213.131348 1764167237212 1764167237220
64581 1826677122 1764167237246.471191 1764167237246 1764167237253
64582 1826710466 1764167237279.810791 1764167237280 1764167237287
64583 1826743810 1764167237313.150391 1764167237313 1764167237320
64584 1826777154 1764167237346.491211 1764167237346 1764167237353
64585 1826810498 1764167237379.831787 1764167237380 1764167237387
64586 1826843842 1764167237413.172607 1764167237413 1764167237420
64587 1826877186 1764167237446.513184 1764167237446 1764167237453
64588 1826910530 1764167237479.853760 1764167237479 1764167237487
64589 1826943874 1764167237513.194336 1764167237513 1764167237520
64590 1826977218 1764167237546.534912 1764167237546 1764167237553
64591 1827010562 1764167237579.875488 1764167237580 1764167237587
64592 1827043906 1764167237613.216064 1764167237613 1764167237620
64593 1827077249 1764167237646.555420 1764167237647 1764167237654
64594 1827110593 1764167237679.895996 1764167237680 1764167237687
64595 1827143937 1764167237713.236328 1764167237713 1764167237720
64596 1827177281 1764167237746.576904 1764167237747 1764167237754
64597 1827210625 1764167237779.917236 1764167237780 1764167237787
64598 1827243969 1764167237813.257568 1764167237813 1764167237820
64599 1827277313 1764167237846.597900 1764167237847 1764167237854
64600 1827310657 1764167237879.938232 1764167237880 1764167237887
64601 1827344001 1764167237913.278564 1764167237913 1764167237920
64602 1827377345 1764167237946.618652 1764167237947 1764167237954
64603 1827410689 1764167237979.958984 1764167237980 1764167237988
64604 1827444033 1764167238013.299072 1764167238013 1764167238020
64605 1827477377 1764167238046.639404 1764167238047 1764167238054
64606 1827510721 1764167238079.979492 1764167238079 1764167238087
64607 1827544064 1764167238113.318604 1764167238113 1764167238120
64608 1827577408 1764167238146.658691 1764167238147 1764167238154
64609 1827610752 1764167238179.998779 1764167238179 1764167238187
64610 1827644096 1764167238213.338867 1764167238213 1764167238220
64611 1827677440 1764167238246.678955 1764167238247 1764167238254
64612 1827710784 1764167238280.018799 1764167238279 1764167238287
64613 1827744128 1764167238313.358887 1764167238313 1764167238320
64614 1827777472 1764167238346.699707 1764167238347 1764167238354
64615 1827810816 1764167238380.040527 1764167238379 1764167238387
64616 1827844160 1764167238413.381104 1764167238413 1764167238420
64617 1827877504 1764167238446.721924 1764167238447 1764167238454
64618 1827910848 1764167238480.062500 1764167238479 1764167238487
64619 1827944192 1764167238513.403076 1764167238513 1764167238520
64620 1827977535 1764167238546.742676 1764167238547 1764167238554
64621 1828010879 1764167238580.083252 1764167238580 1764167238587
64622 1828044223 1764167238613.423828 1764167238613 1764167238620
64623 1828077567 1764167238646.764404 1764167238647 1764167238654
64624 1828110911 1764167238680.104980 1764167238680 1764167238687
64625 1828144255 1764167238713.445557 1764167238713 1764167238720
64626 1828177599 1764167238746.786133 1764167238747 1764167238754
64627 1828210943 1764167238780.126465 1764167238780 1764167238787
64628 1828244287 1764167238813.467041 1764167238814 1764167238821
64629 1828277631 1764167238846.807373 1764167238847 1764167238854
64630 1828310975 1764167238880.147705 1764167238880 1764167238887
64631 1828344319 1764167238913.488037 1764167238913 1764167238920
64632 1828377663 1764167238946.828369 1764167238947 1764167238954
64633 1828411006 1764167238980.167725 1764167238980 1764167238987
64634 1828444350 1764167239013.508057 1764167239014 1764167239021
64635 1828477694 1764167239046.848389 1764167239047 1764167239054
64636 1828511038 1764167239080.188721 1764167239080 1764167239087
64637 1828544382 1764167239113.528809 1764167239114 1764167239121
64638 1828577726 1764167239146.869141 1764167239147 1764167239154
64639 1828611070 1764167239180.209229 1764167239180 1764167239187
64640 1828644414 1764167239213.549561 1764167239214 1764167239221
64641 1828677758 1764167239246.889648 1764167239246 1764167239254
64642 1828711102 1764167239280.229736 1764167239280 1764167239287
64643 1828744446 1764167239313.569824 1764167239314 1764167239321
64644 1828777790 1764167239346.910645 1764167239346 1764167239354
64645 1828811134 1764167239380.251465 1764167239380 1764167239387
64646 1828844478 1764167239413.592285 1764167239413 1764167239426
64647 1828877821 1764167239446.931885 1764167239446 1764167239454
64648 1828911165 1764167239480.272705 1764167239480 1764167239487
64649 1828944509 1764167239513.613281 1764167239514 1764167239521
64650 1828977853 1764167239546.953857 1764167239546 1764167239554
64651 1829011197 1764167239580.294678 1764167239580 1764167239587
64652 1829044541 1764167239613.635254 1764167239614 1764167239621
64653 1829077885 1764167239646.975830 1764167239646 1764167239654
64654 1829111229 1764167239680.316406 1764167239680 1764167239687
64655 1829144573 1764167239713.656982 1764167239714 1764167239721
64656 1829177917 1764167239746.997559 1764167239746 1764167239754
64657 1829211261 1764167239780.338135 1764167239780 1764167239787
64658 1829244605 1764167239813.678467 1764167239814 1764167239821
64659 1829277949 1764167239847.019043 1764167239847 1764167239854
64660 1829311292 1764167239880.358398 1764167239880 1764167239887
64661 1829344636 1764167239913.698975 1764167239914 1764167239921
64662 1829377980 1764167239947.039307 1764167239947 1764167239954
