103142 3471479386 1764164555331.043945 1764164555331 1764164555338
103143 3471512730 1764164555364.375000 1764164555365 1764164555372
103144 3471546074 1764164555397.706299 1764164555398 1764164555405
103145 3471579418 1764164555431.037354 1764164555431 1764164555438
103146 3471612762 1764164555464.368164 1764164555465 1764164555472
103147 3471646106 1764164555497.699219 1764164555497 1764164555505
103148 3471679450 1764164555531.030029 1764164555531 1764164555538
103149 3471712794 1764164555564.361084 1764164555565 1764164555572
103150 3471746138 1764164555597.696045 1764164555597 1764164555605
103151 3471779481 1764164555631.029785 1764164555631 1764164555638
103152 3471812825 1764164555664.364746 1764164555665 1764164555672
103153 3471846169 1764164555697.699707 1764164555697 1764164555705
103154 3471879513 1764164555731.034668 1764164555731 1764164555738
103155 3471912857 1764164555764.369629 1764164555765 1764164555772
103156 3471946201 1764164555797.704346 1764164555797 1764164555805
103157 3471979545 1764164555831.039307 1764164555831 1764164555838
103158 3472012889 1764164555864.374268 1764164555865 1764164555872
103159 3472046233 1764164555897.708984 1764164555897 1764164555905
103160 3472079577 1764164555931.043945 1764164555931 1764164555938
103161 3472112921 1764164555964.378906 1764164555965 1764164555972
103162 3472146265 1764164555997.713623 1764164555997 1764164556005
103163 3472179609 1764164556031.048584 1764164556031 1764164556038
103164 3472212952 1764164556064.382324 1764164556065 1764164556072
103165 3472246296 1764164556097.717285 1764164556097 1764164556105
103166 3472279640 1764164556131.052002 1764164556131 1764164556138
103167 3472312984 1764164556164.386719 1764164556165 1764164556172
103168 3472346328 1764164556197.721680 1764164556197 1764164556205
103169 3472379672 1764164556231.056396 1764164556231 1764164556238
103170 3472413016 1764164556264.391113 1764164556265 1764164556272
103171 3472446360 1764164556297.726074 1764164556297 1764164556305
103172 3472479704 1764164556331.060791 1764164556331 1764164556338
103173 3472513048 1764164556364.395508 1764164556365 1764164556372
103174 3472546392 1764164556397.730225 1764164556397 1764164556405
103175 3472579736 1764164556431.065186 1764164556431 1764164556438
103176 3472613080 1764164556464.399902 1764164556465 1764164556472
103177 3472646423 1764164556497.733643 1764164556497 1764164556505
103178 3472679767 1764164556531.068359 1764164556531 1764164556538
103179 3472713111 1764164556564.403076 1764164556565 1764164556572
103180 3472746455 1764164556597.745605 1764164556597 1764164556605
103181 3472779799 1764164556631.088379 1764164556631 1764164556638
103182 3472813143 1764164556664.431396 1764164556665 1764164556672
103183 3472846487 1764164556697.774170 1764164556697 1764164556705
103184 3472879831 1764164556731.117188 1764164556731 1764164556738
103185 3472913175 1764164556764.460449 1764164556765 1764164556772
103186 3472946519 1764164556797.803711 1764164556797 1764164556805
103187 3472979863 1764164556831.146973 1764164556831 1764164556838
103188 3473013207 1764164556864.490234 1764164556865 1764164556872
103189 3473046551 1764164556897.833740 1764164556897 1764164556905
103190 3473079895 1764164556931.177490 1764164556931 1764164556938
103191 3473113238 1764164556964.520020 1764164556965 1764164556972
103192 3473146582 1764164556997.863770 1764164556997 1764164557005
103193 3473179926 1764164557031.207764 1764164557031 1764164557038
103194 3473213270 1764164557064.551758 1764164557065 1764164557072
103195 3473246614 1764164557097.895752 1764164557097 1764164557105
103196 3473279958 1764164557131.239990 1764164557131 1764164557138
103197 3473313302 1764164557164.584229 1764164557165 1764164557172
103198 3473346646 1764164557197.928467 1764164557197 1764164557205
103199 3473379990 1764164557231.272949 1764164557231 1764164557238
103200 3473413334 1764164557264.617432 1764164557265 1764164557272
103201 3473446678 1764164557297.961914 1764164557297 1764164557305
103202 3473480022 1764164557331.306641 1764164557331 1764164557338
103203 3473513366 1764164557364.651611 1764164557365 1764164557372
103204 3473546709 1764164557397.995361 1764164557397 1764164557405
103205 3473580053 1764164557431.340332 1764164557431 1764164557438
103206 3473613397 1764164557464.685303 1764164557464 1764164557472
103207 3473646741 1764164557498.030518 1764164557497 1764164557505
103208 3473680085 1764164557531.375732 1764164557531 1764164557538
103209 3473713429 1764164557564.721191 1764164557565 1764164557572
103210 3473746773 1764164557598.056152 1764164557598 1764164557605
103211 3473780117 1764164557631.391113 1764164557631 1764164557638
103212 3473813461 1764164557664.726074 1764164557665 1764164557672
103213 3473846805 1764164557698.061035 1764164557698 1764164557705
103214 3473880149 1764164557731.395996 1764164557731 1764164557738
103215 3473913493 1764164557764.730713 1764164557765 1764164557772
103216 3473946837 1764164557798.065674 1764164557798 1764164557805
103217 3473980180 1764164557831.399658 1764164557831 1764164557838
103218 3474013524 1764164557864.734619 1764164557865 1764164557872
103219 3474046868 1764164557898.069336 1764164557898 1764164557905
103220 3474080212 1764164557931.404297 1764164557931 1764164557938
103221 3474113556 1764164557964.739014 1764164557965 1764164557972
103222 3474146900 1764164557998.073975 1764164557998 1764164558005
103223 3474180244 1764164558031.408691 1764164558031 1764164558038
103224 3474213588 1764164558064.743408 1764164558065 1764164558072
103225 3474246932 1764164558098.078369 1764164558098 1764164558105
103226 3474280276 1764164558131.413086 1764164558131 1764164558138
103227 3474313620 1764164558164.747803 1764164558165 1764164558172
103228 3474346964 1764164558198.082520 1764164558198 1764164558205
103229 3474380308 1764164558231.417236 1764164558231 1764164558238
103230 3474413652 1764164558264.751953 1764164558265 1764164558272
103231 3474446995 1764164558298.085693 1764164558298 1764164558305
103232 3474480339 1764164558331.420410 1764164558331 1764164558338
103233 3474513683 1764164558364.755127 1764164558365 1764164558372
103234 3474547027 1764164558398.089600 1764164558398 1764164558405
103235 3474580371 1764164558431.424316 1764164558431 1764164558438
103236 3474613715 1764164558464.759033 1764164558465 1764164558472
103237 3474647059 1764164558498.093506 1764164558498 1764164558505
103238 3474680403 1764164558531.428223 1764164558531 1764164558538
103239 3474713747 1764164558564.762695 1764164558565 1764164558572
103240 3474747091 1764164558598.098145 1764164558598 1764164558605
103241 3474780435 1764164558631.433594 1764164558631 1764164558638
103242 3474813779 1764164558664.769043 1764164558665 1764164558672
103243 3474847123 1764164558698.104492 1764164558698 1764164558705
103244 3474880466 1764164558731.438965 1764164558732 1764164558739
103245 3474913810 1764164558764.774414 1764164558765 1764164558772
103246 3474947154 1764164558798.109863 1764164558798 1764164558805
103247 3474980498 1764164558831.445068 1764164558831 1764164558838
103248 3475013842 1764164558864.780518 1764164558865 1764164558872
103249 3475047186 1764164558898.115967 1764164558898 1764164558905
103250 3475080530 1764164558931.451172 1764164558931 1764164558938
103251 3475113874 1764164558964.786621 1764164558965 1764164558972
103252 3475147218 1764164558998.122070 1764164558998 1764164559005
103253 3475180562 1764164559031.457275 1764164559031 1764164559039
103254 3475213906 1764164559064.792725 1764164559065 1764164559072
103255 3475247250 1764164559098.127930 1764164559098 1764164559105
103256 3475280594 1764164559131.463379 1764164559132 1764164559139
103257 3475313937 1764164559164.797607 1764164559165 1764164559172
103258 3475347281 1764164559198.133057 1764164559198 1764164559205
103259 3475380625 1764164559231.468262 1764164559232 1764164559239
103260 3475413969 1764164559264.803711 1764164559265 1764164559272
103261 3475447313 1764164559298.138916 1764164559298 1764164559305
103262 3475480657 1764164559331.474121 1764164559332 1764164559339
103263 3475514001 1764164559364.809326 1764164559364 1764164559372
103264 3475547345 1764164559398.144775 1764164559398 1764164559405
103265 3475580689 1764164559431.479980 1764164559431 1764164559439
103266 3475614033 1764164559464.815186 1764164559465 1764164559472
103267 3475647377 1764164559498.150391 1764164559498 1764164559505
103268 3475680721 1764164559531.485596 1764164559532 1764164559539
103269 3475714065 1764164559564.821045 1764164559564 1764164559572
103270 3475747409 1764164559598.156738 1764164559598 1764164559605
103271 3475780752 1764164559631.491699 1764164559632 1764164559639
103272 3475814096 1764164559664.827637 1764164559664 1764164559672
103273 3475847440 1764164559698.163330 1764164559698 1764164559705
103274 3475880784 1764164559731.499268 1764164559732 1764164559739
103275 3475914128 1764164559764.834961 1764164559764 1764164559772
103276 3475947472 1764164559798.170898 1764164559798 1764164559805
103277 3475980816 1764164559831.506836 1764164559832 1764164559839
103278 3476014160 1764164559864.842529 1764164559864 1764164559872
103279 3476047504 1764164559898.178467 1764164559898 1764164559905
103280 3476080848 1764164559931.514160 1764164559932 1764164559939
103281 3476114192 1764164559964.850098 1764164559964 1764164559972
103282 3476147536 1764164559998.186035 1764164559998 1764164560005
103283 3476180880 1764164560031.521729 1764164560032 1764164560039
103284 3476214223 1764164560064.856689 1764164560064 1764164560072
103285 3476247567 1764164560098.192383 1764164560098 1764164560105
103286 3476280911 1764164560131.528320 1764164560132 1764164560139
103287 3476314255 1764164560164.864014 1764164560164 1764164560172
103288 3476347599 1764164560198.199951 1764164560198 1764164560205
103289 3476380943 1764164560231.535645 1764164560232 1764164560239
103290 3476414287 1764164560264.871582 1764164560264 1764164560272
103291 3476447631 1764164560298.207275 1764164560298 1764164560305
103292 3476480975 1764164560331.543213 1764164560332 1764164560339
103293 3476514319 1764164560364.878906 1764164560364 1764164560372
103294 3476547663 1764164560398.214844 1764164560398 1764164560405
103295 3476581007 1764164560431.550537 1764164560432 1764164560439
103296 3476614351 1764164560464.886475 1764164560464 1764164560472
103297 3476647694 1764164560498.221191 1764164560498 1764164560505
103298 3476681038 1764164560531.556885 1764164560532 1764164560539
103299 3476714382 1764164560564.892822 1764164560564 1764164560572
103300 3476747726 1764164560598.228516 1764164560598 1764164560605
103301 3476781070 1764164560631.564209 1764164560632 1764164560639
103302 3476814414 1764164560664.900146 1764164560664 1764164560672
103303 3476847758 1764164560698.235840 1764164560698 1764164560705
103304 3476881102 1764164560731.571533 1764164560732 1764164560739
103305 3476914446 1764164560764.907471 1764164560764 1764164560772
103306 3476947790 1764164560798.243164 1764164560798 1764164560805
103307 3476981134 1764164560831.578857 1764164560832 1764164560839
103308 3477014478 1764164560864.914551 1764164560865 1764164560872
103309 3477047822 1764164560898.250244 1764164560898 1764164560905
103310 3477081166 1764164560931.586182 1764164560932 1764164560939
103311 3477114509 1764164560964.920898 1764164560965 1764164560972
103312 3477147853 1764164560998.256592 1764164560998 1764164561005
103313 3477181197 1764164561031.592285 1764164561032 1764164561040
103314 3477214541 1764164561064.927979 1764164561064 1764164561072
103315 3477247885 1764164561098.263672 1764164561098 1764164561105
103316 3477281229 1764164561131.599609 1764164561132 1764164561139
103317 3477314573 1764164561164.935303 1764164561164 1764164561172
103318 3477347917 1764164561198.270996 1764164561198 1764164561205
103319 3477381261 1764164561231.606689 1764164561232 1764164561239
103320 3477414605 1764164561264.942383 1764164561264 1764164561272
103321 3477447949 1764164561298.278076 1764164561298 1764164561305
103322 3477481293 1764164561331.613770 1764164561332 1764164561339
103323 3477514637 1764164561364.949463 1764164561365 1764164561374
103324 3477547980 1764164561398.284180 1764164561398 1764164561405
103325 3477581324 1764164561431.619873 1764164561432 1764164561439
103326 3477614668 1764164561464.955566 1764164561464 1764164561472
103327 3477648012 1764164561498.291260 1764164561498 1764164561505
103328 3477681356 1764164561531.626953 1764164561532 1764164561539
103329 3477714700 1764164561564.962646 1764164561564 1764164561572
103330 3477748044 1764164561598.298584 1764164561598 1764164561605
103331 3477781388 1764164561631.634766 1764164561632 1764164561639
103332 3477814732 1764164561664.970703 1764164561665 1764164561672
103333 3477848076 1764164561698.306885 1764164561698 1764164561705
103334 3477881420 1764164561731.642822 1764164561732 1764164561739
103335 3477914764 1764164561764.979004 1764164561765 1764164561772
103336 3477948108 1764164561798.314941 1764164561798 1764164561805
103337 3477981451 1764164561831.650146 1764164561831 1764164561839
103338 3478014795 1764164561864.986084 1764164561865 1764164561872
103339 3478048139 1764164561898.322266 1764164561898 1764164561905
103340 3478081483 1764164561931.658203 1764164561932 1764164561939
103341 3478114827 1764164561964.994385 1764164561965 1764164561972
103342 3478148171 1764164561998.330322 1764164561998 1764164562005
103343 3478181515 1764164562031.666504 1764164562032 1764164562039
103344 3478214859 1764164562065.002441 1764164562065 1764164562072
103345 3478248203 1764164562098.338623 1764164562098 1764164562105
103346 3478281547 1764164562131.674561 1764164562132 1764164562139
103347 3478314891 1764164562165.010742 1764164562165 1764164562172
103348 3478348235 1764164562198.346680 1764164562198 1764164562205
103349 3478381579 1764164562231.682861 1764164562232 1764164562239
103350 3478414923 1764164562265.019043 1764164562265 1764164562272
103351 3478448266 1764164562298.354004 1764164562298 1764164562305
103352 3478481610 1764164562331.689941 1764164562332 1764164562339
103353 3478514954 1764164562365.026123 1764164562365 1764164562372
103354 3478548298 1764164562398.362305 1764164562398 1764164562405
103355 3478581642 1764164562431.698242 1764164562432 1764164562439
103356 3478614986 1764164562465.034424 1764164562465 1764164562472
103357 3478648330 1764164562498.370361 1764164562498 1764164562505
103358 3478681674 1764164562531.706543 1764164562532 1764164562539
103359 3478715018 1764164562565.042480 1764164562565 1764164562572
103360 3478748362 1764164562598.378662 1764164562598 1764164562605
103361 3478781706 1764164562631.714600 1764164562632 1764164562639
103362 3478815050 1764164562665.050537 1764164562665 1764164562672
103363 3478848394 1764164562698.386475 1764164562698 1764164562705
103364 3478881737 1764164562731.721436 1764164562732 1764164562739
103365 3478915081 1764164562765.057617 1764164562765 1764164562772
103366 3478948425 1764164562798.393555 1764164562798 1764164562805
103367 3478981769 1764164562831.729492 1764164562832 1764164562839
103368 3479015113 1764164562865.065430 1764164562865 1764164562872
103369 3479048457 1764164562898.401611 1764164562898 1764164562905
103370 3479081801 1764164562931.737549 1764164562932 1764164562939
103371 3479115145 1764164562965.073486 1764164562965 1764164562972
103372 3479148489 1764164562998.409424 1764164562999 1764164563006
103373 3479181833 1764164563031.745361 1764164563032 1764164563039
103374 3479215177 1764164563065.081543 1764164563065 1764164563072
103375 3479248521 1764164563098.417480 1764164563099 1764164563106
103376 3479281865 1764164563131.753418 1764164563132 1764164563139
103377 3479315208 1764164563165.088379 1764164563165 1764164563172
103378 3479348552 1764164563198.424316 1764164563199 1764164563206
103379 3479381896 1764164563231.760254 1764164563232 1764164563239
103380 3479415240 1764164563265.096436 1764164563265 1764164563272
103381 3479448584 1764164563298.432373 1764164563299 1764164563306
103382 3479481928 1764164563331.768311 1764164563332 1764164563339
103383 3479515272 1764164563365.104248 1764164563365 1764164563372
103384 3479548616 1764164563398.440186 1764164563399 1764164563406
103385 3479581960 1764164563431.776123 1764164563432 1764164563439
103386 3479615304 1764164563465.112061 1764164563465 1764164563472
103387 3479648648 1764164563498.448242 1764164563499 1764164563506
103388 3479681992 1764164563531.784180 1764164563531 1764164563539
103389 3479715336 1764164563565.120117 1764164563565 1764164563572
103390 3479748680 1764164563598.455811 1764164563599 1764164563606
103391 3479782023 1764164563631.790527 1764164563632 1764164563639
103392 3479815367 1764164563665.126221 1764164563665 1764164563672
103393 3479848711 1764164563698.461914 1764164563699 1764164563706
103394 3479882055 1764164563731.797607 1764164563732 1764164563739
103395 3479915399 1764164563765.133301 1764164563765 1764164563772
103396 3479948743 1764164563798.468994 1764164563799 1764164563806
103397 3479982087 1764164563831.804688 1764164563831 1764164563839
103398 3480015431 1764164563865.140381 1764164563865 1764164563872
103399 3480048775 1764164563898.476074 1764164563899 1764164563906
103400 3480082119 1764164563931.811768 1764164563931 1764164563939
103401 3480115463 1764164563965.147461 1764164563965 1764164563972
103402 3480148807 1764164563998.482910 1764164563999 1764164564006
103403 3480182151 1764164564031.818604 1764164564031 1764164564039
103404 3480215494 1764164564065.153320 1764164564065 1764164564072
103405 3480248838 1764164564098.489014 1764164564099 1764164564106
103406 3480282182 1764164564131.824707 1764164564131 1764164564139
103407 3480315526 1764164564165.160400 1764164564165 1764164564172
103408 3480348870 1764164564198.496094 1764164564199 1764164564206
103409 3480382214 1764164564231.831543 1764164564231 1764164564239
103410 3480415558 1764164564265.167236 1764164564265 1764164564272
103411 3480448902 1764164564298.502930 1764164564299 1764164564306
103412 3480482246 1764164564331.838623 1764164564331 1764164564339
103413 3480515590 1764164564365.174316 1764164564365 1764164564372
103414 3480548934 1764164564398.509766 1764164564399 1764164564406
103415 3480582278 1764164564431.845459 1764164564431 1764164564439
103416 3480615622 1764164564465.181152 1764164564465 1764164564472
103417 3480648965 1764164564498.515625 1764164564499 1764164564506
103418 3480682309 1764164564531.851318 1764164564531 1764164564539
103419 3480715653 1764164564565.187012 1764164564565 1764164564572
103420 3480748997 1764164564598.522705 1764164564599 1764164564606
103421 3480782341 1764164564631.858398 1764164564631 1764164564639
103422 3480815685 1764164564665.194336 1764164564665 1764164564672
103423 3480849029 1764164564698.530029 1764164564699 1764164564706
103424 3480882373 1764164564731.865723 1764164564731 1764164564739
103425 3480915717 1764164564765.201416 1764164564765 1764164564772
103426 3480949061 1764164564798.537109 1764164564799 1764164564806
103427 3480982405 1764164564831.872803 1764164564831 1764164564839
103428 3481015749 1764164564865.208740 1764164564865 1764164564872
103429 3481049093 1764164564898.544434 1764164564899 1764164564906
103430 3481082437 1764164564931.880127 1764164564931 1764164564939
103431 3481115780 1764164564965.214844 1764164564965 1764164564972
103432 3481149124 1764164564998.550537 1764164564999 1764164565006
103433 3481182468 1764164565031.886230 1764164565031 1764164565039
103434 3481215812 1764164565065.221924 1764164565065 1764164565072
103435 3481249156 1764164565098.557617 1764164565099 1764164565106
103436 3481282500 1764164565131.893311 1764164565131 1764164565139
103437 3481315844 1764164565165.229004 1764164565165 1764164565172
103438 3481349188 1764164565198.564697 1764164565199 1764164565206
103439 3481382532 1764164565231.900391 1764164565231 1764164565239
103440 3481415876 1764164565265.236084 1764164565265 1764164565272
103441 3481449220 1764164565298.571777 1764164565299 1764164565306
103442 3481482564 1764164565331.907471 1764164565331 1764164565339
103443 3481515908 1764164565365.243164 1764164565365 1764164565372
103444 3481549251 1764164565398.577881 1764164565399 1764164565406
103445 3481582595 1764164565431.913574 1764164565431 1764164565439
103446 3481615939 1764164565465.249268 1764164565465 1764164565472
103447 3481649283 1764164565498.584961 1764164565499 1764164565506
103448 3481682627 1764164565531.920654 1764164565531 1764164565539
103449 3481715971 1764164565565.256348 1764164565565 1764164565572
103450 3481749315 1764164565598.592285 1764164565599 1764164565606
103451 3481782659 1764164565631.928223 1764164565631 1764164565639
103452 3481816003 1764164565665.264160 1764164565665 1764164565672
103453 3481849347 1764164565698.600098 1764164565699 1764164565706
103454 3481882691 1764164565731.936035 1764164565731 1764164565739
103455 3481916035 1764164565765.271729 1764164565765 1764164565772
103456 3481949379 1764164565798.607666 1764164565799 1764164565806
103457 3481982722 1764164565831.942627 1764164565832 1764164565839
103458 3482016066 1764164565865.278564 1764164565866 1764164565873
103459 3482049410 1764164565898.614502 1764164565899 1764164565906
103460 3482082754 1764164565931.950439 1764164565932 1764164565939
103461 3482116098 1764164565965.286377 1764164565965 1764164565972
103462 3482149442 1764164565998.622314 1764164565999 1764164566006
103463 3482182786 1764164566031.958008 1764164566032 1764164566039
103464 3482216130 1764164566065.293945 1764164566065 1764164566072
103465 3482249474 1764164566098.629883 1764164566099 1764164566106
103466 3482282818 1764164566131.965820 1764164566132 1764164566139
103467 3482316162 1764164566165.301758 1764164566165 1764164566172
103468 3482349506 1764164566198.637695 1764164566199 1764164566206
103469 3482382850 1764164566231.973389 1764164566232 1764164566239
103470 3482416194 1764164566265.309326 1764164566265 1764164566272
103471 3482449537 1764164566298.644287 1764164566299 1764164566306
103472 3482482881 1764164566331.980225 1764164566332 1764164566339
103473 3482516225 1764164566365.315918 1764164566365 1764164566372
103474 3482549569 1764164566398.651855 1764164566399 1764164566406
103475 3482582913 1764164566431.987793 1764164566432 1764164566439
103476 3482616257 1764164566465.323730 1764164566465 1764164566472
103477 3482649601 1764164566498.659424 1764164566499 1764164566506
103478 3482682945 1764164566531.995361 1764164566532 1764164566539
103479 3482716289 1764164566565.331299 1764164566565 1764164566572
103480 3482749633 1764164566598.666992 1764164566599 1764164566606
103481 3482782977 1764164566632.002930 1764164566632 1764164566639
103482 3482816321 1764164566665.338623 1764164566665 1764164566672
103483 3482849665 1764164566698.674316 1764164566699 1764164566706
103484 3482883008 1764164566732.009277 1764164566732 1764164566739
103485 3482916352 1764164566765.344971 1764164566765 1764164566772
103486 3482949696 1764164566798.680664 1764164566799 1764164566806
103487 3482983040 1764164566832.016602 1764164566832 1764164566839
103488 3483016384 1764164566865.352295 1764164566865 1764164566872
103489 3483049728 1764164566898.687988 1764164566899 1764164566906
103490 3483083072 1764164566932.023682 1764164566932 1764164566939
103491 3483116416 1764164566965.359619 1764164566965 1764164566972
103492 3483149760 1764164566998.695312 1764164566999 1764164567006
103493 3483183104 1764164567032.031006 1764164567032 1764164567039
103494 3483216448 1764164567065.366699 1764164567066 1764164567073
103495 3483249792 1764164567098.702393 1764164567099 1764164567106
103496 3483283136 1764164567132.038330 1764164567132 1764164567139
103497 3483316479 1764164567165.373047 1764164567166 1764164567173
103498 3483349823 1764164567198.708740 1764164567199 1764164567206
103499 3483383167 1764164567232.044434 1764164567232 1764164567239
103500 3483416511 1764164567265.380127 1764164567266 1764164567273
103501 3483449855 1764164567298.715820 1764164567299 1764164567306
103502 3483483199 1764164567332.051514 1764164567332 1764164567339
103503 3483516543 1764164567365.387451 1764164567366 1764164567373
103504 3483549887 1764164567398.723145 1764164567399 1764164567406
103505 3483583231 1764164567432.058838 1764164567432 1764164567439
103506 3483616575 1764164567465.394531 1764164567466 1764164567473
103507 3483649919 1764164567498.730225 1764164567499 1764164567506
103508 3483683263 1764164567532.065918 1764164567532 1764164567539
103509 3483716607 1764164567565.401611 1764164567566 1764164567573
103510 3483749951 1764164567598.737305 1764164567599 1764164567606
103511 3483783294 1764164567632.072021 1764164567632 1764164567639
103512 3483816638 1764164567665.407715 1764164567666 1764164567673
103513 3483849982 1764164567698.743408 1764164567699 1764164567706
103514 3483883326 1764164567732.079102 1764164567732 1764164567739
103515 3483916670 1764164567765.414795 1764164567766 1764164567773
103516 3483950014 1764164567798.750488 1764164567798 1764164567806
103517 3483983358 1764164567832.086182 1764164567832 1764164567839
103518 3484016702 1764164567865.421875 1764164567866 1764164567873
103519 3484050046 1764164567898.757568 1764164567898 1764164567906
103520 3484083390 1764164567932.093262 1764164567932 1764164567939
103521 3484116734 1764164567965.428955 1764164567966 1764164567973
103522 3484150078 1764164567998.764648 1764164567998 1764164568006
103523 3484183422 1764164568032.100342 1764164568032 1764164568039
103524 3484216765 1764164568065.435059 1764164568066 1764164568073
103525 3484250109 1764164568098.770752 1764164568098 1764164568106
103526 3484283453 1764164568132.106201 1764164568132 1764164568139
103527 3484316797 1764164568165.441895 1764164568166 1764164568173
103528 3484350141 1764164568198.777588 1764164568198 1764164568206
103529 3484383485 1764164568232.113281 1764164568232 1764164568239
103530 3484416829 1764164568265.448975 1764164568266 1764164568273
103531 3484450173 1764164568298.784668 1764164568298 1764164568306
103532 3484483517 1764164568332.120117 1764164568332 1764164568339
103533 3484516861 1764164568365.455811 1764164568366 1764164568373
103534 3484550205 1764164568398.791504 1764164568398 1764164568406
103535 3484583549 1764164568432.127197 1764164568432 1764164568439
103536 3484616893 1764164568465.462646 1764164568466 1764164568473
103537 3484650236 1764164568498.797363 1764164568498 1764164568506
103538 3484683580 1764164568532.133057 1764164568532 1764164568539
103539 3484716924 1764164568565.468750 1764164568566 1764164568573
103540 3484750268 1764164568598.804932 1764164568598 1764164568606
103541 3484783612 1764164568632.140869 1764164568632 1764164568639
103542 3484816956 1764164568665.477051 1764164568666 1764164568673
103543 3484850300 1764164568698.813232 1764164568698 1764164568706
103544 3484883644 1764164568732.149414 1764164568732 1764164568739
103545 3484916988 1764164568765.485596 1764164568766 1764164568773
103546 3484950332 1764164568798.821777 1764164568798 1764164568806
103547 3484983676 1764164568832.157959 1764164568832 1764164568839
103548 3485017020 1764164568865.494141 1764164568866 1764164568873
103549 3485050364 1764164568898.830322 1764164568898 1764164568906
103550 3485083708 1764164568932.166504 1764164568932 1764164568939
103551 3485117051 1764164568965.501709 1764164568966 1764164568973
103552 3485150395 1764164568998.837891 1764164568998 1764164569006
103553 3485183739 1764164569032.174072 1764164569032 1764164569039
103554 3485217083 1764164569065.510254 1764164569066 1764164569073
103555 3485250427 1764164569098.846436 1764164569098 1764164569106
103556 3485283771 1764164569132.182617 1764164569132 1764164569139
103557 3485317115 1764164569165.518799 1764164569166 1764164569173
103558 3485350459 1764164569198.854980 1764164569198 1764164569206
103559 3485383803 1764164569232.191162 1764164569232 1764164569239
103560 3485417147 1764164569265.527344 1764164569266 1764164569273
103561 3485450491 1764164569298.863525 1764164569298 1764164569306
103562 3485483835 1764164569332.199707 1764164569332 1764164569339
103563 3485517179 1764164569365.535889 1764164569366 1764164569373
103564 3485550522 1764164569398.871094 1764164569398 1764164569406
103565 3485583866 1764164569432.207275 1764164569432 1764164569439
103566 3485617210 1764164569465.543457 1764164569466 1764164569473
103567 3485650554 1764164569498.879639 1764164569498 1764164569506
103568 3485683898 1764164569532.215820 1764164569532 1764164569539
103569 3485717242 1764164569565.552002 1764164569566 1764164569573
103570 3485750586 1764164569598.889648 1764164569598 1764164569606
103571 3485783930 1764164569632.227295 1764164569632 1764164569639
103572 3485817274 1764164569665.564941 1764164569666 1764164569673
103573 3485850618 1764164569698.902588 1764164569698 1764164569706
103574 3485883962 1764164569732.240234 1764164569732 1764164569739
103575 3485917306 1764164569765.577881 1764164569766 1764164569773
103576 3485950650 1764164569798.915527 1764164569798 1764164569806
103577 3485983993 1764164569832.252197 1764164569832 1764164569839
103578 3486017337 1764164569865.589844 1764164569866 1764164569873
103579 3486050681 1764164569898.927734 1764164569899 1764164569906
103580 3486084025 1764164569932.265381 1764164569932 1764164569939
103581 3486117369 1764164569965.603271 1764164569966 1764164569973
103582 3486150713 1764164569998.941162 1764164569999 1764164570006
103583 3486184057 1764164570032.278809 1764164570032 1764164570039
103584 3486217401 1764164570065.616699 1764164570066 1764164570073
103585 3486250745 1764164570098.954590 1764164570099 1764164570106
103586 3486284089 1764164570132.292480 1764164570132 1764164570139
103587 3486317433 1764164570165.630371 1764164570166 1764164570173
103588 3486350777 1764164570198.968262 1764164570199 1764164570206
103589 3486384121 1764164570232.306396 1764164570232 1764164570239
103590 3486417465 1764164570265.644287 1764164570266 1764164570273
103591 3486450808 1764164570298.981201 1764164570299 1764164570306
103592 3486484152 1764164570332.319336 1764164570332 1764164570339
103593 3486517496 1764164570365.657227 1764164570366 1764164570373
103594 3486550840 1764164570398.995361 1764164570399 1764164570406
103595 3486584184 1764164570432.333496 1764164570432 1764164570439
103596 3486617528 1764164570465.671631 1764164570466 1764164570473
103597 3486650872 1764164570499.009521 1764164570499 1764164570506
103598 3486684216 1764164570532.347656 1764164570532 1764164570539
103599 3486717560 1764164570565.685791 1764164570566 1764164570573
103600 3486750904 1764164570599.022217 1764164570599 1764164570606
103601 3486784248 1764164570632.358398 1764164570632 1764164570639
103602 3486817592 1764164570665.694580 1764164570666 1764164570673
103603 3486850936 1764164570699.030762 1764164570699 1764164570706
103604 3486884279 1764164570732.365967 1764164570732 1764164570739
103605 3486917623 1764164570765.702148 1764164570765 1764164570773
103606 3486950967 1764164570799.038574 1764164570799 1764164570806
103607 3486984311 1764164570832.374756 1764164570832 1764164570839
103608 3487017655 1764164570865.710938 1764164570866 1764164570873
103609 3487050999 1764164570899.047119 1764164570899 1764164570906
103610 3487084343 1764164570932.383301 1764164570932 1764164570939
103611 3487117687 1764164570965.719482 1764164570966 1764164570973
103612 3487151031 1764164570999.055908 1764164570999 1764164571006
103613 3487184375 1764164571032.392090 1764164571032 1764164571039
103614 3487217719 1764164571065.728271 1764164571066 1764164571073
103615 3487251063 1764164571099.064453 1764164571099 1764164571106
103616 3487284407 1764164571132.400635 1764164571132 1764164571139
103617 3487317750 1764164571165.736084 1764164571165 1764164571173
103618 3487351094 1764164571199.072266 1764164571199 1764164571206
103619 3487384438 1764164571232.408447 1764164571233 1764164571240
103620 3487417782 1764164571265.744629 1764164571265 1764164571273
103621 3487451126 1764164571299.080811 1764164571299 1764164571306
103622 3487484470 1764164571332.416992 1764164571333 1764164571340
103623 3487517814 1764164571365.753418 1764164571366 1764164571373
103624 3487551158 1764164571399.089600 1764164571399 1764164571406
103625 3487584502 1764164571432.425781 1764164571433 1764164571440
103626 3487617846 1764164571465.761963 1764164571466 1764164571473
103627 3487651190 1764164571499.098389 1764164571499 1764164571506
103628 3487684534 1764164571532.434570 1764164571533 1764164571540
103629 3487717878 1764164571565.770752 1764164571566 1764164571573
103630 3487751222 1764164571599.106689 1764164571599 1764164571606
103631 3487784565 1764164571632.441406 1764164571633 1764164571640
103632 3487817909 1764164571665.777344 1764164571666 1764164571673
103633 3487851253 1764164571699.113037 1764164571699 1764164571706
103634 3487884597 1764164571732.448975 1764164571733 1764164571740
103635 3487917941 1764164571765.784668 1764164571766 1764164571773
103636 3487951285 1764164571799.120605 1764164571799 1764164571806
103637 3487984629 1764164571832.456299 1764164571833 1764164571840
103638 3488017973 1764164571865.792236 1764164571866 1764164571873
103639 3488051317 1764164571899.127930 1764164571899 1764164571906
103640 3488084661 1764164571932.463867 1764164571933 1764164571940
103641 3488118005 1764164571965.799561 1764164571965 1764164571973
103642 3488151349 1764164571999.135498 1764164571999 1764164572006
103643 3488184693 1764164572032.471191 1764164572033 1764164572040
103644 3488218036 1764164572065.806152 1764164572065 1764164572073
103645 3488251380 1764164572099.141846 1764164572099 1764164572106
103646 3488284724 1764164572132.477783 1764164572133 1764164572140
103647 3488318068 1764164572165.813477 1764164572165 1764164572173
103648 3488351412 1764164572199.149170 1764164572199 1764164572206
103649 3488384756 1764164572232.485107 1764164572233 1764164572240
103650 3488418100 1764164572265.820801 1764164572265 1764164572273
103651 3488451444 1764164572299.156738 1764164572299 1764164572306
103652 3488484788 1764164572332.492432 1764164572333 1764164572340
103653 3488518132 1764164572365.828125 1764164572365 1764164572373
103654 3488551476 1764164572399.164062 1764164572399 1764164572406
103655 3488584820 1764164572432.499756 1764164572433 1764164572440
103656 3488618164 1764164572465.835449 1764164572465 1764164572473
103657 3488651507 1764164572499.170410 1764164572499 1764164572506
103658 3488684851 1764164572532.506104 1764164572533 1764164572540
103659 3488718195 1764164572565.841797 1764164572565 1764164572573
103660 3488751539 1764164572599.177734 1764164572599 1764164572606
103661 3488784883 1764164572632.513672 1764164572633 1764164572640
103662 3488818227 1764164572665.849854 1764164572665 1764164572673
103663 3488851571 1764164572699.185791 1764164572699 1764164572706
103664 3488884915 1764164572732.521729 1764164572733 1764164572740
103665 3488918259 1764164572765.857666 1764164572765 1764164572773
103666 3488951603 1764164572799.193604 1764164572799 1764164572806
103667 3488984947 1764164572832.529541 1764164572833 1764164572840
103668 3489018291 1764164572865.865479 1764164572865 1764164572873
103669 3489051635 1764164572899.201416 1764164572899 1764164572906
103670 3489084979 1764164572932.537354 1764164572933 1764164572940
103671 3489118322 1764164572965.872314 1764164572965 1764164572973
103672 3489151666 1764164572999.208252 1764164572999 1764164573006
103673 3489185010 1764164573032.544189 1764164573033 1764164573040
103674 3489218354 1764164573065.880127 1764164573065 1764164573073
103675 3489251698 1764164573099.216064 1764164573099 1764164573106
103676 3489285042 1764164573132.552002 1764164573133 1764164573140
103677 3489318386 1764164573165.887939 1764164573165 1764164573173
103678 3489351730 1764164573199.223877 1764164573199 1764164573206
103679 3489385074 1764164573232.559814 1764164573233 1764164573240
103680 3489418418 1764164573265.895752 1764164573265 1764164573273
103681 3489451762 1764164573299.231689 1764164573299 1764164573306
103682 3489485106 1764164573332.567627 1764164573333 1764164573340
103683 3489518450 1764164573365.903564 1764164573365 1764164573373
103684 3489551793 1764164573399.238525 1764164573399 1764164573406
103685 3489585137 1764164573432.574463 1764164573433 1764164573440
103686 3489618481 1764164573465.910400 1764164573465 1764164573473
103687 3489651825 1764164573499.246338 1764164573499 1764164573506
103688 3489685169 1764164573532.582275 1764164573533 1764164573540
103689 3489718513 1764164573565.918213 1764164573565 1764164573573
103690 3489751857 1764164573599.254395 1764164573599 1764164573606
103691 3489785201 1764164573632.590576 1764164573633 1764164573640
103692 3489818545 1764164573665.926514 1764164573665 1764164573673
103693 3489851889 1764164573699.262695 1764164573699 1764164573706
103694 3489885233 1764164573732.598877 1764164573733 1764164573740
103695 3489918577 1764164573765.935059 1764164573765 1764164573773
103696 3489951921 1764164573799.271240 1764164573799 1764164573806
103697 3489985264 1764164573832.606201 1764164573833 1764164573840
103698 3490018608 1764164573865.942383 1764164573866 1764164573873
103699 3490051952 1764164573899.278564 1764164573899 1764164573906
103700 3490085296 1764164573932.614746 1764164573933 1764164573940
103701 3490118640 1764164573965.950684 1764164573965 1764164573973
103702 3490151984 1764164573999.286865 1764164573999 1764164574006
103703 3490185328 1764164574032.623047 1764164574033 1764164574040
103704 3490218672 1764164574065.959229 1764164574065 1764164574073
103705 3490252016 1764164574099.295166 1764164574099 1764164574106
103706 3490285360 1764164574132.631348 1764164574133 1764164574140
103707 3490318704 1764164574165.967529 1764164574166 1764164574173
103708 3490352048 1764164574199.303711 1764164574199 1764164574206
103709 3490385392 1764164574232.639648 1764164574233 1764164574240
103710 3490418736 1764164574265.975830 1764164574266 1764164574273
103711 3490452079 1764164574299.311035 1764164574299 1764164574306
103712 3490485423 1764164574332.646973 1764164574333 1764164574340
103713 3490518767 1764164574365.983154 1764164574366 1764164574373
103714 3490552111 1764164574399.319336 1764164574399 1764164574406
103715 3490585455 1764164574432.655518 1764164574433 1764164574440
103716 3490618799 1764164574465.991455 1764164574466 1764164574473
103717 3490652143 1764164574499.327637 1764164574499 1764164574506
103718 3490685487 1764164574532.663818 1764164574533 1764164574540
103719 3490718831 1764164574566.000000 1764164574566 1764164574573
103720 3490752175 1764164574599.335938 1764164574599 1764164574606
103721 3490785519 1764164574632.677734 1764164574633 1764164574640
103722 3490818863 1764164574666.019287 1764164574666 1764164574673
103723 3490852207 1764164574699.360840 1764164574699 1764164574706
103724 3490885550 1764164574732.701660 1764164574733 1764164574740
103725 3490918894 1764164574766.043213 1764164574766 1764164574773
103726 3490952238 1764164574799.385010 1764164574799 1764164574806
103727 3490985582 1764164574832.726807 1764164574833 1764164574840
103728 3491018926 1764164574866.068604 1764164574866 1764164574873
103729 3491052270 1764164574899.410400 1764164574899 1764164574906
103730 3491085614 1764164574932.752441 1764164574933 1764164574940
103731 3491118958 1764164574966.094238 1764164574966 1764164574973
103732 3491152302 1764164574999.436279 1764164574999 1764164575006
103733 3491185646 1764164575032.778320 1764164575033 1764164575040
103734 3491218990 1764164575066.120361 1764164575066 1764164575074
103735 3491252334 1764164575099.462402 1764164575099 1764164575109
103736 3491285678 1764164575132.804443 1764164575133 1764164575140
103737 3491319021 1764164575166.145508 1764164575166 1764164575173
103738 3491352365 1764164575199.487793 1764164575199 1764164575206
103739 3491385709 1764164575232.830078 1764164575233 1764164575240
103740 3491419053 1764164575266.172119 1764164575266 1764164575273
103741 3491452397 1764164575299.514404 1764164575299 1764164575306
103742 3491485741 1764164575332.856934 1764164575333 1764164575340
103743 3491519085 1764164575366.199219 1764164575366 1764164575373
103744 3491552429 1764164575399.541504 1764164575399 1764164575406
103745 3491585773 1764164575432.884033 1764164575433 1764164575440
103746 3491619117 1764164575466.226318 1764164575466 1764164575473
103747 3491652461 1764164575499.568848 1764164575500 1764164575507
103748 3491685805 1764164575532.911377 1764164575533 1764164575540
103749 3491719149 1764164575566.253906 1764164575566 1764164575573
103750 3491752493 1764164575599.596436 1764164575600 1764164575607
103751 3491785836 1764164575632.934326 1764164575633 1764164575640
103752 3491819180 1764164575666.272949 1764164575666 1764164575673
103753 3491852524 1764164575699.611816 1764164575700 1764164575707
103754 3491885868 1764164575732.950684 1764164575733 1764164575740
103755 3491919212 1764164575766.289551 1764164575766 1764164575773
103756 3491952556 1764164575799.628174 1764164575800 1764164575807
103757 3491985900 1764164575832.967041 1764164575833 1764164575840
103758 3492019244 1764164575866.305908 1764164575866 1764164575873
103759 3492052588 1764164575899.645020 1764164575900 1764164575907
103760 3492085932 1764164575932.983887 1764164575933 1764164575940
103761 3492119276 1764164575966.322754 1764164575966 1764164575973
103762 3492152620 1764164575999.661621 1764164576000 1764164576007
103763 3492185964 1764164576033.000488 1764164576032 1764164576040
103764 3492219307 1764164576066.338623 1764164576066 1764164576073
103765 3492252651 1764164576099.677490 1764164576100 1764164576107
103766 3492285995 1764164576133.016602 1764164576132 1764164576140
103767 3492319339 1764164576166.355469 1764164576166 1764164576173
103768 3492352683 1764164576199.694580 1764164576200 1764164576207
103769 3492386027 1764164576233.033691 1764164576232 1764164576240
103770 3492419371 1764164576266.372803 1764164576266 1764164576273
103771 3492452715 1764164576299.711670 1764164576300 1764164576307
103772 3492486059 1764164576333.050781 1764164576332 1764164576340
103773 3492519403 1764164576366.389893 1764164576366 1764164576373
103774 3492552747 1764164576399.729004 1764164576400 1764164576407
103775 3492586091 1764164576433.068115 1764164576432 1764164576440
103776 3492619435 1764164576466.407471 1764164576466 1764164576473
103777 3492652778 1764164576499.745605 1764164576500 1764164576507
103778 3492686122 1764164576533.084717 1764164576532 1764164576540
103779 3492719466 1764164576566.423828 1764164576566 1764164576573
103780 3492752810 1764164576599.763184 1764164576600 1764164576607
103781 3492786154 1764164576633.098389 1764164576632 1764164576640
103782 3492819498 1764164576666.433594 1764164576666 1764164576673
103783 3492852842 1764164576699.769043 1764164576700 1764164576707
103784 3492886186 1764164576733.104248 1764164576732 1764164576742
103785 3492919530 1764164576766.439453 1764164576766 1764164576773
103786 3492952874 1764164576799.774658 1764164576800 1764164576807
103787 3492986218 1764164576833.109863 1764164576832 1764164576840
103788 3493019562 1764164576866.445068 1764164576866 1764164576873
103789 3493052906 1764164576899.780273 1764164576900 1764164576907
103790 3493086250 1764164576933.115479 1764164576932 1764164576940
103791 3493119593 1764164576966.449707 1764164576966 1764164576973
103792 3493152937 1764164576999.784912 1764164577000 1764164577007
103793 3493186281 1764164577033.120117 1764164577032 1764164577040
103794 3493219625 1764164577066.455322 1764164577066 1764164577073
103795 3493252969 1764164577099.790527 1764164577100 1764164577107
103796 3493286313 1764164577133.125732 1764164577132 1764164577140
103797 3493319657 1764164577166.460938 1764164577166 1764164577173
103798 3493353001 1764164577199.795898 1764164577200 1764164577207
103799 3493386345 1764164577233.131104 1764164577232 1764164577240
103800 3493419689 1764164577266.466309 1764164577266 1764164577273
103801 3493453033 1764164577299.801514 1764164577300 1764164577307
103802 3493486377 1764164577333.136475 1764164577332 1764164577340
103803 3493519721 1764164577366.471680 1764164577366 1764164577373
103804 3493553064 1764164577399.805664 1764164577400 1764164577407
103805 3493586408 1764164577433.140869 1764164577432 1764164577440
103806 3493619752 1764164577466.475830 1764164577466 1764164577473
103807 3493653096 1764164577499.811035 1764164577500 1764164577507
103808 3493686440 1764164577533.145996 1764164577532 1764164577540
103809 3493719784 1764164577566.481201 1764164577566 1764164577573
103810 3493753128 1764164577599.816162 1764164577600 1764164577607
103811 3493786472 1764164577633.151855 1764164577632 1764164577640
103812 3493819816 1764164577666.487549 1764164577666 1764164577673
103813 3493853160 1764164577699.823242 1764164577700 1764164577707
103814 3493886504 1764164577733.158936 1764164577732 1764164577740
103815 3493919848 1764164577766.494629 1764164577766 1764164577773
103816 3493953192 1764164577799.830322 1764164577800 1764164577807
103817 3493986535 1764164577833.164795 1764164577832 1764164577840
103818 3494019879 1764164577866.500488 1764164577866 1764164577873
103819 3494053223 1764164577899.836182 1764164577900 1764164577907
103820 3494086567 1764164577933.171631 1764164577932 1764164577940
103821 3494119911 1764164577966.507324 1764164577966 1764164577973
103822 3494153255 1764164577999.843018 1764164578000 1764164578007
103823 3494186599 1764164578033.178711 1764164578032 1764164578040
103824 3494219943 1764164578066.514160 1764164578066 1764164578073
103825 3494253287 1764164578099.849854 1764164578100 1764164578107
103826 3494286631 1764164578133.185303 1764164578133 1764164578140
103827 3494319975 1764164578166.520996 1764164578166 1764164578173
103828 3494353319 1764164578199.856689 1764164578200 1764164578207
103829 3494386663 1764164578233.192139 1764164578233 1764164578240
103830 3494420007 1764164578266.527832 1764164578266 1764164578273
103831 3494453350 1764164578299.862305 1764164578300 1764164578307
103832 3494486694 1764164578333.197998 1764164578333 1764164578340
103833 3494520038 1764164578366.533447 1764164578366 1764164578373
103834 3494553382 1764164578399.869141 1764164578400 1764164578407
103835 3494586726 1764164578433.204590 1764164578433 1764164578440
103836 3494620070 1764164578466.540039 1764164578466 1764164578473
103837 3494653414 1764164578499.875732 1764164578500 1764164578507
103838 3494686758 1764164578533.211182 1764164578533 1764164578540
103839 3494720102 1764164578566.546875 1764164578566 1764164578573
103840 3494753446 1764164578599.882324 1764164578600 1764164578607
103841 3494786790 1764164578633.217773 1764164578633 1764164578640
103842 3494820134 1764164578666.553467 1764164578666 1764164578673
103843 3494853478 1764164578699.888916 1764164578700 1764164578707
103844 3494886821 1764164578733.223389 1764164578733 1764164578740
103845 3494920165 1764164578766.558838 1764164578767 1764164578774
103846 3494953509 1764164578799.894531 1764164578800 1764164578807
103847 3494986853 1764164578833.229980 1764164578833 1764164578840
103848 3495020197 1764164578866.565430 1764164578866 1764164578873
103849 3495053541 1764164578899.900879 1764164578900 1764164578907
103850 3495086885 1764164578933.236328 1764164578933 1764164578940
103851 3495120229 1764164578966.571777 1764164578966 1764164578973
103852 3495153573 1764164578999.907471 1764164579000 1764164579007
103853 3495186917 1764164579033.242920 1764164579033 1764164579040
103854 3495220261 1764164579066.578369 1764164579066 1764164579073
103855 3495253605 1764164579099.913818 1764164579100 1764164579107
103856 3495286949 1764164579133.249268 1764164579133 1764164579140
103857 3495320292 1764164579166.583740 1764164579166 1764164579173
103858 3495353636 1764164579199.919189 1764164579200 1764164579207
103859 3495386980 1764164579233.254639 1764164579233 1764164579240
103860 3495420324 1764164579266.590088 1764164579267 1764164579274
103861 3495453668 1764164579299.925537 1764164579300 1764164579307
103862 3495487012 1764164579333.260742 1764164579333 1764164579340
103863 3495520356 1764164579366.596191 1764164579366 1764164579373
103864 3495553700 1764164579399.931641 1764164579400 1764164579407
103865 3495587044 1764164579433.267090 1764164579433 1764164579440
103866 3495620388 1764164579466.602539 1764164579466 1764164579473
103867 3495653732 1764164579499.937988 1764164579500 1764164579508
103868 3495687076 1764164579533.273193 1764164579533 1764164579540
103869 3495720420 1764164579566.608643 1764164579566 1764164579573
103870 3495753764 1764164579599.944092 1764164579600 1764164579607
103871 3495787107 1764164579633.277832 1764164579633 1764164579640
103872 3495820451 1764164579666.612793 1764164579667 1764164579674
103873 3495853795 1764164579699.947754 1764164579699 1764164579707
103874 3495887139 1764164579733.282471 1764164579733 1764164579740
103875 3495920483 1764164579766.617432 1764164579766 1764164579774
103876 3495953827 1764164579799.952148 1764164579800 1764164579807
103877 3495987171 1764164579833.286865 1764164579833 1764164579842
103878 3496020515 1764164579866.621826 1764164579867 1764164579874
103879 3496053859 1764164579899.956543 1764164579900 1764164579907
103880 3496087203 1764164579933.291260 1764164579933 1764164579940
103881 3496120547 1764164579966.625977 1764164579967 1764164579974
103882 3496153891 1764164579999.960938 1764164580000 1764164580007
103883 3496187235 1764164580033.295654 1764164580033 1764164580040
103884 3496220578 1764164580066.629395 1764164580067 1764164580074
103885 3496253922 1764164580099.964111 1764164580100 1764164580107
103886 3496287266 1764164580133.298828 1764164580133 1764164580140
103887 3496320610 1764164580166.633301 1764164580167 1764164580174
103888 3496353954 1764164580199.968018 1764164580200 1764164580207
103889 3496387298 1764164580233.302734 1764164580233 1764164580240
103890 3496420642 1764164580266.637451 1764164580267 1764164580274
103891 3496453986 1764164580299.972168 1764164580299 1764164580307
103892 3496487330 1764164580333.306641 1764164580333 1764164580340
103893 3496520674 1764164580366.641357 1764164580367 1764164580374
103894 3496554018 1764164580399.976074 1764164580399 1764164580407
103895 3496587362 1764164580433.310547 1764164580433 1764164580440
103896 3496620706 1764164580466.645264 1764164580467 1764164580474
103897 3496654049 1764164580499.978760 1764164580499 1764164580507
103898 3496687393 1764164580533.313477 1764164580533 1764164580540
103899 3496720737 1764164580566.647949 1764164580567 1764164580575
103900 3496754081 1764164580599.982422 1764164580599 1764164580607
103901 3496787425 1764164580633.317871 1764164580633 1764164580640
103902 3496820769 1764164580666.653076 1764164580667 1764164580674
103903 3496854113 1764164580699.988281 1764164580699 1764164580707
103904 3496887457 1764164580733.323486 1764164580733 1764164580740
103905 3496920801 1764164580766.658691 1764164580767 1764164580774
103906 3496954145 1764164580799.993896 1764164580800 1764164580809
103907 3496987489 1764164580833.329102 1764164580833 1764164580840
103908 3497020833 1764164580866.664307 1764164580867 1764164580874
103909 3497054177 1764164580899.999268 1764164580899 1764164580907
103910 3497087521 1764164580933.334473 1764164580933 1764164580940
103911 3497120864 1764164580966.668701 1764164580967 1764164580974
103912 3497154208 1764164581000.003906 1764164580999 1764164581007
103913 3497187552 1764164581033.339111 1764164581033 1764164581040
103914 3497220896 1764164581066.674072 1764164581067 1764164581074
103915 3497254240 1764164581100.009277 1764164581099 1764164581107
103916 3497287584 1764164581133.344482 1764164581133 1764164581140
103917 3497320928 1764164581166.679443 1764164581167 1764164581174
103918 3497354272 1764164581200.014648 1764164581200 1764164581208
103919 3497387616 1764164581233.349609 1764164581233 1764164581240
103920 3497420960 1764164581266.684814 1764164581267 1764164581274
103921 3497454304 1764164581300.019775 1764164581299 1764164581307
103922 3497487648 1764164581333.354980 1764164581333 1764164581340
103923 3497520992 1764164581366.689941 1764164581367 1764164581374
103924 3497554335 1764164581400.023926 1764164581399 1764164581407
103925 3497587679 1764164581433.359131 1764164581433 1764164581440
103926 3497621023 1764164581466.694092 1764164581467 1764164581474
103927 3497654367 1764164581500.029053 1764164581499 1764164581507
103928 3497687711 1764164581533.364014 1764164581533 1764164581540
103929 3497721055 1764164581566.699219 1764164581567 1764164581574
103930 3497754399 1764164581600.034180 1764164581599 1764164581607
103931 3497787743 1764164581633.369141 1764164581634 1764164581641
103932 3497821087 1764164581666.704346 1764164581667 1764164581674
103933 3497854431 1764164581700.039307 1764164581699 1764164581707
103934 3497887775 1764164581733.374268 1764164581733 1764164581740
103935 3497921119 1764164581766.709229 1764164581767 1764164581774
103936 3497954463 1764164581800.044434 1764164581799 1764164581807
103937 3497987806 1764164581833.378418 1764164581833 1764164581840
103938 3498021150 1764164581866.713379 1764164581867 1764164581874
103939 3498054494 1764164581900.048340 1764164581899 1764164581907
103940 3498087838 1764164581933.383301 1764164581933 1764164581940
103941 3498121182 1764164581966.718262 1764164581967 1764164581974
103942 3498154526 1764164582000.053223 1764164581999 1764164582007
103943 3498187870 1764164582033.388184 1764164582033 1764164582040
103944 3498221214 1764164582066.723145 1764164582067 1764164582074
103945 3498254558 1764164582100.058105 1764164582099 1764164582107
103946 3498287902 1764164582133.393066 1764164582133 1764164582140
103947 3498321246 1764164582166.727783 1764164582167 1764164582174
103948 3498354590 1764164582200.062744 1764164582199 1764164582207
103949 3498387934 1764164582233.397705 1764164582233 1764164582240
103950 3498421278 1764164582266.732666 1764164582267 1764164582274
103951 3498454621 1764164582300.066406 1764164582299 1764164582307
103952 3498487965 1764164582333.401367 1764164582333 1764164582340
103953 3498521309 1764164582366.736084 1764164582367 1764164582374
103954 3498554653 1764164582400.071045 1764164582400 1764164582407
103955 3498587997 1764164582433.405762 1764164582433 1764164582440
103956 3498621341 1764164582466.740723 1764164582467 1764164582474
103957 3498654685 1764164582500.075439 1764164582500 1764164582507
103958 3498688029 1764164582533.410400 1764164582533 1764164582540
103959 3498721373 1764164582566.745117 1764164582567 1764164582574
103960 3498754717 1764164582600.080078 1764164582600 1764164582607
103961 3498788061 1764164582633.415771 1764164582633 1764164582640
103962 3498821405 1764164582666.751221 1764164582667 1764164582674
103963 3498854749 1764164582700.086914 1764164582700 1764164582707
103964 3498888092 1764164582733.421631 1764164582733 1764164582740
103965 3498921436 1764164582766.757324 1764164582767 1764164582774
103966 3498954780 1764164582800.093018 1764164582800 1764164582807
103967 3498988124 1764164582833.428711 1764164582833 1764164582840
103968 3499021468 1764164582866.764404 1764164582866 1764164582874
103969 3499054812 1764164582900.099854 1764164582900 1764164582907
103970 3499088156 1764164582933.435547 1764164582933 1764164582940
103971 3499121500 1764164582966.771240 1764164582967 1764164582974
103972 3499154844 1764164583000.106934 1764164583000 1764164583007
103973 3499188188 1764164583033.442383 1764164583033 1764164583040
103974 3499221532 1764164583066.778076 1764164583067 1764164583074
103975 3499254876 1764164583100.113770 1764164583100 1764164583107
103976 3499288220 1764164583133.449219 1764164583133 1764164583140
103977 3499321563 1764164583166.783936 1764164583167 1764164583174
103978 3499354907 1764164583200.119385 1764164583200 1764164583207
103979 3499388251 1764164583233.455078 1764164583233 1764164583240
103980 3499421595 1764164583266.790771 1764164583267 1764164583274
103981 3499454939 1764164583300.126221 1764164583300 1764164583307
103982 3499488283 1764164583333.461914 1764164583333 1764164583340
103983 3499521627 1764164583366.797363 1764164583367 1764164583374
103984 3499554971 1764164583400.133057 1764164583400 1764164583407
103985 3499588315 1764164583433.468506 1764164583433 1764164583440
103986 3499621659 1764164583466.804199 1764164583467 1764164583474
103987 3499655003 1764164583500.139648 1764164583500 1764164583507
103988 3499688347 1764164583533.475098 1764164583533 1764164583540
103989 3499721691 1764164583566.810791 1764164583567 1764164583574
103990 3499755035 1764164583600.146240 1764164583600 1764164583607
103991 3499788378 1764164583633.480469 1764164583633 1764164583640
103992 3499821722 1764164583666.815918 1764164583667 1764164583674
103993 3499855066 1764164583700.151123 1764164583700 1764164583707
103994 3499888410 1764164583733.486328 1764164583733 1764164583740
103995 3499921754 1764164583766.821533 1764164583767 1764164583774
103996 3499955098 1764164583800.156982 1764164583800 1764164583807
103997 3499988442 1764164583833.492188 1764164583834 1764164583841
103998 3500021786 1764164583866.827393 1764164583867 1764164583874
103999 3500055130 1764164583900.162598 1764164583900 1764164583907
104000 3500088474 1764164583933.497803 1764164583933 1764164583941
104001 3500121818 1764164583966.833008 1764164583966 1764164583974
104002 3500155162 1764164584000.168213 1764164584000 1764164584007
104003 3500188506 1764164584033.503418 1764164584034 1764164584041
104004 3500221849 1764164584066.837402 1764164584067 1764164584074
104005 3500255193 1764164584100.172607 1764164584100 1764164584107
104006 3500288537 1764164584133.507812 1764164584134 1764164584141
104007 3500321881 1764164584166.843018 1764164584166 1764164584174
104008 3500355225 1764164584200.178223 1764164584200 1764164584207
104009 3500388569 1764164584233.513184 1764164584234 1764164584241
104010 3500421913 1764164584266.848389 1764164584266 1764164584274
104011 3500455257 1764164584300.183594 1764164584300 1764164584307
104012 3500488601 1764164584333.518555 1764164584334 1764164584341
104013 3500521945 1764164584366.853760 1764164584367 1764164584374
104014 3500555289 1764164584400.188965 1764164584400 1764164584407
104015 3500588633 1764164584433.523926 1764164584434 1764164584441
104016 3500621977 1764164584466.859131 1764164584466 1764164584474
104017 3500655320 1764164584500.193115 1764164584500 1764164584507
104018 3500688664 1764164584533.528076 1764164584534 1764164584541
104019 3500722008 1764164584566.863281 1764164584566 1764164584574
104020 3500755352 1764164584600.198242 1764164584600 1764164584607
104021 3500788696 1764164584633.533691 1764164584634 1764164584641
104022 3500822040 1764164584666.869141 1764164584666 1764164584674
104023 3500855384 1764164584700.204590 1764164584700 1764164584707
104024 3500888728 1764164584733.540039 1764164584734 1764164584741
104025 3500922072 1764164584766.875244 1764164584766 1764164584774
104026 3500955416 1764164584800.210693 1764164584800 1764164584807
104027 3500988760 1764164584833.546143 1764164584834 1764164584841
104028 3501022104 1764164584866.881348 1764164584866 1764164584874
104029 3501055448 1764164584900.216797 1764164584900 1764164584907
104030 3501088792 1764164584933.552246 1764164584934 1764164584941
104031 3501122135 1764164584966.886475 1764164584966 1764164584974
104032 3501155479 1764164585000.221924 1764164585000 1764164585007
104033 3501188823 1764164585033.557129 1764164585034 1764164585041
104034 3501222167 1764164585066.892578 1764164585066 1764164585074
104035 3501255511 1764164585100.228027 1764164585100 1764164585107
104036 3501288855 1764164585133.563232 1764164585134 1764164585141
104037 3501322199 1764164585166.898682 1764164585166 1764164585174
104038 3501355543 1764164585200.233887 1764164585200 1764164585207
104039 3501388887 1764164585233.569092 1764164585234 1764164585241
104040 3501422231 1764164585266.904541 1764164585266 1764164585274
104041 3501455575 1764164585300.239746 1764164585300 1764164585307
104042 3501488919 1764164585333.575195 1764164585334 1764164585341
104043 3501522263 1764164585366.910400 1764164585366 1764164585374
104044 3501555606 1764164585400.244629 1764164585400 1764164585407
104045 3501588950 1764164585433.579834 1764164585434 1764164585441
104046 3501622294 1764164585466.915283 1764164585466 1764164585474
104047 3501655638 1764164585500.250488 1764164585500 1764164585507
104048 3501688982 1764164585533.585693 1764164585534 1764164585541
104049 3501722326 1764164585566.920898 1764164585566 1764164585574
104050 3501755670 1764164585600.256348 1764164585600 1764164585607
104051 3501789014 1764164585633.591553 1764164585634 1764164585641
104052 3501822358 1764164585666.927002 1764164585666 1764164585674
104053 3501855702 1764164585700.262207 1764164585700 1764164585707
104054 3501889046 1764164585733.597656 1764164585734 1764164585741
104055 3501922390 1764164585766.932861 1764164585766 1764164585774
104056 3501955734 1764164585800.268311 1764164585800 1764164585807
104057 3501989077 1764164585833.602539 1764164585833 1764164585841
104058 3502022421 1764164585866.937744 1764164585866 1764164585874
104059 3502055765 1764164585900.273193 1764164585900 1764164585907
104060 3502089109 1764164585933.608398 1764164585934 1764164585941
104061 3502122453 1764164585966.943604 1764164585966 1764164585974
104062 3502155797 1764164586000.279053 1764164586000 1764164586007
104063 3502189141 1764164586033.614258 1764164586034 1764164586041
104064 3502222485 1764164586066.949463 1764164586066 1764164586074
104065 3502255829 1764164586100.284668 1764164586100 1764164586107
104066 3502289173 1764164586133.619873 1764164586134 1764164586141
104067 3502322517 1764164586166.955322 1764164586166 1764164586174
104068 3502355861 1764164586200.290527 1764164586200 1764164586207
104069 3502389205 1764164586233.625732 1764164586234 1764164586241
104070 3502422549 1764164586266.960938 1764164586266 1764164586274
104071 3502455892 1764164586300.295166 1764164586300 1764164586307
104072 3502489236 1764164586333.630371 1764164586334 1764164586341
104073 3502522580 1764164586366.965576 1764164586367 1764164586374
104074 3502555924 1764164586400.300781 1764164586400 1764164586407
104075 3502589268 1764164586433.635742 1764164586434 1764164586441
104076 3502622612 1764164586466.970947 1764164586467 1764164586474
104077 3502655956 1764164586500.306152 1764164586500 1764164586507
104078 3502689300 1764164586533.641357 1764164586534 1764164586542
104079 3502722644 1764164586566.976562 1764164586567 1764164586574
104080 3502755988 1764164586600.311768 1764164586600 1764164586607
104081 3502789332 1764164586633.646729 1764164586634 1764164586641
104082 3502822676 1764164586666.981934 1764164586667 1764164586674
104083 3502856020 1764164586700.317139 1764164586700 1764164586707
104084 3502889363 1764164586733.651123 1764164586734 1764164586741
104085 3502922707 1764164586766.986328 1764164586767 1764164586774
104086 3502956051 1764164586800.321289 1764164586800 1764164586807
104087 3502989395 1764164586833.656494 1764164586834 1764164586841
104088 3503022739 1764164586866.991455 1764164586867 1764164586874
104089 3503056083 1764164586900.326660 1764164586900 1764164586907
104090 3503089427 1764164586933.661621 1764164586934 1764164586941
104091 3503122771 1764164586966.996826 1764164586968 1764164586975
104092 3503156115 1764164587000.331787 1764164587000 1764164587007
104093 3503189459 1764164587033.666748 1764164587034 1764164587041
104094 3503222803 1764164587067.001953 1764164587067 1764164587074
104095 3503256147 1764164587100.336914 1764164587101 1764164587108
104096 3503289491 1764164587133.671875 1764164587134 1764164587141
104097 3503322834 1764164587167.005859 1764164587167 1764164587174
104098 3503356178 1764164587200.340820 1764164587200 1764164587207
104099 3503389522 1764164587233.676025 1764164587233 1764164587241
104100 3503422866 1764164587267.010986 1764164587267 1764164587274
104101 3503456210 1764164587300.345947 1764164587301 1764164587308
104102 3503489554 1764164587333.680908 1764164587334 1764164587341
104103 3503522898 1764164587367.015869 1764164587367 1764164587374
104104 3503556242 1764164587400.350830 1764164587401 1764164587408
104105 3503589586 1764164587433.685791 1764164587434 1764164587441
104106 3503622930 1764164587467.020752 1764164587467 1764164587474
104107 3503656274 1764164587500.355713 1764164587501 1764164587508
104108 3503689618 1764164587533.690430 1764164587533 1764164587541
104109 3503722962 1764164587567.025391 1764164587567 1764164587574
104110 3503756306 1764164587600.360352 1764164587601 1764164587608
104111 3503789649 1764164587633.695068 1764164587633 1764164587641
104112 3503822993 1764164587667.030518 1764164587667 1764164587674
104113 3503856337 1764164587700.366211 1764164587701 1764164587708
104114 3503889681 1764164587733.701660 1764164587733 1764164587741
104115 3503923025 1764164587767.037354 1764164587767 1764164587774
104116 3503956369 1764164587800.373047 1764164587801 1764164587808
104117 3503989713 1764164587833.708496 1764164587833 1764164587841
104118 3504023057 1764164587867.043945 1764164587867 1764164587874
104119 3504056401 1764164587900.379639 1764164587901 1764164587908
104120 3504089745 1764164587933.715088 1764164587933 1764164587941
104121 3504123089 1764164587967.050781 1764164587967 1764164587974
104122 3504156433 1764164588000.386230 1764164588001 1764164588008
104123 3504189777 1764164588033.721680 1764164588033 1764164588041
104124 3504223120 1764164588067.056396 1764164588067 1764164588074
104125 3504256464 1764164588100.391846 1764164588101 1764164588108
104126 3504289808 1764164588133.727295 1764164588133 1764164588141
104127 3504323152 1764164588167.062744 1764164588167 1764164588174
104128 3504356496 1764164588200.398438 1764164588201 1764164588208
104129 3504389840 1764164588233.733887 1764164588233 1764164588241
104130 3504423184 1764164588267.069336 1764164588267 1764164588274
104131 3504456528 1764164588300.404785 1764164588301 1764164588308
104132 3504489872 1764164588333.740234 1764164588334 1764164588341
104133 3504523216 1764164588367.075684 1764164588368 1764164588375
104134 3504556560 1764164588400.411133 1764164588401 1764164588408
104135 3504589904 1764164588433.746826 1764164588434 1764164588441
104136 3504623248 1764164588467.082275 1764164588467 1764164588474
104137 3504656591 1764164588500.416504 1764164588501 1764164588508
104138 3504689935 1764164588533.751953 1764164588534 1764164588541
104139 3504723279 1764164588567.087402 1764164588567 1764164588574
104140 3504756623 1764164588600.422852 1764164588601 1764164588608
104141 3504789967 1764164588633.760498 1764164588634 1764164588641
104142 3504823311 1764164588667.097900 1764164588667 1764164588674
104143 3504856655 1764164588700.435547 1764164588701 1764164588708
104144 3504889999 1764164588733.772949 1764164588734 1764164588741
104145 3504923343 1764164588767.110596 1764164588767 1764164588775
104146 3504956687 1764164588800.447998 1764164588801 1764164588808
104147 3504990031 1764164588833.785645 1764164588834 1764164588841
104148 3505023375 1764164588867.123047 1764164588868 1764164588875
104149 3505056719 1764164588900.460693 1764164588901 1764164588908
104150 3505090063 1764164588933.798096 1764164588934 1764164588941
104151 3505123406 1764164588967.134766 1764164588968 1764164588975
104152 3505156750 1764164589000.472412 1764164589001 1764164589008
104153 3505190094 1764164589033.809814 1764164589034 1764164589041
104154 3505223438 1764164589067.147461 1764164589068 1764164589075
104155 3505256782 1764164589100.485107 1764164589100 1764164589108
104156 3505290126 1764164589133.822754 1764164589134 1764164589141
104157 3505323470 1764164589167.160156 1764164589168 1764164589175
104158 3505356814 1764164589200.497803 1764164589200 1764164589208
104159 3505390158 1764164589233.835449 1764164589234 1764164589241
104160 3505423502 1764164589267.173096 1764164589268 1764164589275
104161 3505456846 1764164589300.510742 1764164589300 1764164589308
104162 3505490190 1764164589333.848389 1764164589334 1764164589341
104163 3505523534 1764164589367.186035 1764164589368 1764164589375
104164 3505556877 1764164589400.522461 1764164589400 1764164589408
104165 3505590221 1764164589433.860107 1764164589434 1764164589441
104166 3505623565 1764164589467.197754 1764164589468 1764164589475
104167 3505656909 1764164589500.535400 1764164589500 1764164589508
104168 3505690253 1764164589533.873291 1764164589534 1764164589541
104169 3505723597 1764164589567.210938 1764164589568 1764164589575
104170 3505756941 1764164589600.548584 1764164589600 1764164589608
104171 3505790285 1764164589633.885986 1764164589634 1764164589641
104172 3505823629 1764164589667.223633 1764164589668 1764164589675
104173 3505856973 1764164589700.561279 1764164589700 1764164589708
104174 3505890317 1764164589733.898682 1764164589734 1764164589741
