112526 3784378778 1764164868210.946533 1764164868210 1764164868218
112527 3784412122 1764164868244.286377 1764164868244 1764164868251
112528 3784445466 1764164868277.626465 1764164868277 1764164868284
112529 3784478810 1764164868310.966309 1764164868311 1764164868318
112530 3784512154 1764164868344.306152 1764164868344 1764164868351
112531 3784545498 1764164868377.645996 1764164868377 1764164868384
112532 3784578842 1764164868410.985596 1764164868411 1764164868418
112533 3784612186 1764164868444.325439 1764164868444 1764164868451
112534 3784645530 1764164868477.665039 1764164868478 1764164868485
112535 3784678874 1764164868511.004883 1764164868510 1764164868518
112536 3784712218 1764164868544.344482 1764164868544 1764164868551
112537 3784745561 1764164868577.683105 1764164868578 1764164868585
112538 3784778905 1764164868611.022705 1764164868611 1764164868618
112539 3784812249 1764164868644.362305 1764164868644 1764164868651
112540 3784845593 1764164868677.701904 1764164868678 1764164868685
112541 3784878937 1764164868711.041260 1764164868710 1764164868718
112542 3784912281 1764164868744.380859 1764164868744 1764164868751
112543 3784945625 1764164868777.720215 1764164868778 1764164868785
112544 3784978969 1764164868811.059814 1764164868810 1764164868818
112545 3785012313 1764164868844.399170 1764164868844 1764164868851
112546 3785045657 1764164868877.738525 1764164868878 1764164868885
112547 3785079001 1764164868911.077881 1764164868910 1764164868918
112548 3785112345 1764164868944.417236 1764164868944 1764164868951
112549 3785145689 1764164868977.756348 1764164868978 1764164868985
112550 3785179033 1764164869011.095703 1764164869010 1764164869018
112551 3785212376 1764164869044.433838 1764164869044 1764164869051
112552 3785245720 1764164869077.772949 1764164869078 1764164869085
112553 3785279064 1764164869111.112305 1764164869110 1764164869118
112554 3785312408 1764164869144.451416 1764164869144 1764164869151
112555 3785345752 1764164869177.790527 1764164869178 1764164869185
112556 3785379096 1764164869211.130127 1764164869210 1764164869218
112557 3785412440 1764164869244.469727 1764164869244 1764164869251
112558 3785445784 1764164869277.809326 1764164869278 1764164869285
112559 3785479128 1764164869311.148926 1764164869310 1764164869318
112560 3785512472 1764164869344.488525 1764164869344 1764164869351
112561 3785545816 1764164869377.827881 1764164869378 1764164869385
112562 3785579160 1764164869411.167480 1764164869411 1764164869418
112563 3785612504 1764164869444.506836 1764164869444 1764164869451
112564 3785645847 1764164869477.845215 1764164869478 1764164869485
112565 3785679191 1764164869511.184570 1764164869511 1764164869518
112566 3785712535 1764164869544.523926 1764164869544 1764164869551
112567 3785745879 1764164869577.863281 1764164869578 1764164869585
112568 3785779223 1764164869611.202637 1764164869611 1764164869618
112569 3785812567 1764164869644.541748 1764164869644 1764164869651
112570 3785845911 1764164869677.881104 1764164869678 1764164869685
112571 3785879255 1764164869711.220215 1764164869711 1764164869718
112572 3785912599 1764164869744.559326 1764164869744 1764164869751
112573 3785945943 1764164869777.898682 1764164869778 1764164869785
112574 3785979287 1764164869811.237793 1764164869811 1764164869818
112575 3786012631 1764164869844.576660 1764164869845 1764164869852
112576 3786045975 1764164869877.915771 1764164869878 1764164869885
112577 3786079318 1764164869911.253906 1764164869911 1764164869918
112578 3786112662 1764164869944.592773 1764164869945 1764164869952
112579 3786146006 1764164869977.931885 1764164869978 1764164869985
112580 3786179350 1764164870011.270752 1764164870011 1764164870018
112581 3786212694 1764164870044.609619 1764164870045 1764164870052
112582 3786246038 1764164870077.948486 1764164870078 1764164870085
112583 3786279382 1764164870111.287354 1764164870111 1764164870118
112584 3786312726 1764164870144.626221 1764164870145 1764164870152
112585 3786346070 1764164870177.965088 1764164870177 1764164870185
112586 3786379414 1764164870211.304932 1764164870211 1764164870218
112587 3786412758 1764164870244.644775 1764164870245 1764164870252
112588 3786446102 1764164870277.984619 1764164870277 1764164870285
112589 3786479446 1764164870311.324463 1764164870311 1764164870318
112590 3786512790 1764164870344.664307 1764164870345 1764164870352
112591 3786546133 1764164870378.002930 1764164870377 1764164870385
112592 3786579477 1764164870411.342773 1764164870411 1764164870418
112593 3786612821 1764164870444.682373 1764164870445 1764164870452
112594 3786646165 1764164870478.022217 1764164870477 1764164870485
112595 3786679509 1764164870511.361816 1764164870511 1764164870518
112596 3786712853 1764164870544.701416 1764164870545 1764164870552
112597 3786746197 1764164870578.041016 1764164870577 1764164870585
112598 3786779541 1764164870611.380615 1764164870611 1764164870618
112599 3786812885 1764164870644.720215 1764164870645 1764164870652
112600 3786846229 1764164870678.059814 1764164870677 1764164870685
112601 3786879573 1764164870711.399414 1764164870711 1764164870718
112602 3786912917 1764164870744.738770 1764164870745 1764164870752
112603 3786946261 1764164870778.078369 1764164870777 1764164870785
112604 3786979604 1764164870811.416748 1764164870812 1764164870819
112605 3787012948 1764164870844.756104 1764164870845 1764164870852
112606 3787046292 1764164870878.095459 1764164870878 1764164870885
112607 3787079636 1764164870911.434814 1764164870911 1764164870918
112608 3787112980 1764164870944.774170 1764164870945 1764164870952
112609 3787146324 1764164870978.113525 1764164870978 1764164870985
112610 3787179668 1764164871011.452881 1764164871011 1764164871018
112611 3787213012 1764164871044.792236 1764164871045 1764164871052
112612 3787246356 1764164871078.131348 1764164871078 1764164871085
112613 3787279700 1764164871111.470703 1764164871112 1764164871119
112614 3787313044 1764164871144.809814 1764164871145 1764164871152
112615 3787346388 1764164871178.148926 1764164871178 1764164871185
112616 3787379732 1764164871211.489014 1764164871211 1764164871218
112617 3787413075 1764164871244.827881 1764164871245 1764164871252
112618 3787446419 1764164871278.167725 1764164871278 1764164871285
112619 3787479763 1764164871311.507568 1764164871312 1764164871319
112620 3787513107 1764164871344.847168 1764164871345 1764164871352
112621 3787546451 1764164871378.187012 1764164871378 1764164871385
112622 3787579795 1764164871411.526855 1764164871412 1764164871419
112623 3787613139 1764164871444.866455 1764164871444 1764164871452
112624 3787646483 1764164871478.206299 1764164871478 1764164871485
112625 3787679827 1764164871511.545898 1764164871512 1764164871519
112626 3787713171 1764164871544.885742 1764164871544 1764164871552
112627 3787746515 1764164871578.225342 1764164871578 1764164871585
112628 3787779859 1764164871611.564941 1764164871611 1764164871619
112629 3787813203 1764164871644.904541 1764164871644 1764164871652
112630 3787846547 1764164871678.244141 1764164871678 1764164871685
112631 3787879890 1764164871711.582764 1764164871712 1764164871719
112632 3787913234 1764164871744.922119 1764164871744 1764164871752
112633 3787946578 1764164871778.261719 1764164871778 1764164871785
112634 3787979922 1764164871811.601318 1764164871812 1764164871819
112635 3788013266 1764164871844.940674 1764164871844 1764164871852
112636 3788046610 1764164871878.280029 1764164871878 1764164871885
112637 3788079954 1764164871911.619629 1764164871912 1764164871919
112638 3788113298 1764164871944.958984 1764164871944 1764164871952
112639 3788146642 1764164871978.298340 1764164871978 1764164871985
112640 3788179986 1764164872011.637695 1764164872012 1764164872019
112641 3788213330 1764164872044.977051 1764164872044 1764164872052
112642 3788246674 1764164872078.316406 1764164872078 1764164872085
112643 3788280018 1764164872111.655518 1764164872112 1764164872119
112644 3788313361 1764164872144.993896 1764164872144 1764164872152
112645 3788346705 1764164872178.333252 1764164872178 1764164872185
112646 3788380049 1764164872211.674805 1764164872212 1764164872219
112647 3788413393 1764164872245.016357 1764164872245 1764164872252
112648 3788446737 1764164872278.358154 1764164872278 1764164872285
112649 3788480081 1764164872311.699707 1764164872312 1764164872319
112650 3788513425 1764164872345.041260 1764164872345 1764164872352
112651 3788546769 1764164872378.382812 1764164872378 1764164872385
112652 3788580113 1764164872411.724365 1764164872412 1764164872419
112653 3788613457 1764164872445.066162 1764164872445 1764164872452
112654 3788646801 1764164872478.407715 1764164872478 1764164872485
112655 3788680145 1764164872511.749268 1764164872512 1764164872519
112656 3788713489 1764164872545.090820 1764164872545 1764164872552
112657 3788746832 1764164872578.431396 1764164872578 1764164872585
112658 3788780176 1764164872611.772949 1764164872612 1764164872619
112659 3788813520 1764164872645.114502 1764164872645 1764164872652
112660 3788846864 1764164872678.456055 1764164872679 1764164872686
112661 3788880208 1764164872711.797363 1764164872712 1764164872719
112662 3788913552 1764164872745.138916 1764164872745 1764164872752
112663 3788946896 1764164872778.480469 1764164872779 1764164872786
112664 3788980240 1764164872811.822021 1764164872812 1764164872819
112665 3789013584 1764164872845.163574 1764164872845 1764164872852
112666 3789046928 1764164872878.504883 1764164872879 1764164872886
112667 3789080272 1764164872911.846436 1764164872911 1764164872919
112668 3789113616 1764164872945.187988 1764164872945 1764164872952
112669 3789146960 1764164872978.529297 1764164872979 1764164872986
112670 3789180304 1764164873011.870850 1764164873011 1764164873019
112671 3789213647 1764164873045.211426 1764164873045 1764164873052
112672 3789246991 1764164873078.552734 1764164873079 1764164873086
112673 3789280335 1764164873111.894287 1764164873111 1764164873119
112674 3789313679 1764164873145.235596 1764164873145 1764164873152
112675 3789347023 1764164873178.577148 1764164873179 1764164873186
112676 3789380367 1764164873211.920898 1764164873211 1764164873219
112677 3789413711 1764164873245.264893 1764164873245 1764164873252
112678 3789447055 1764164873278.608643 1764164873279 1764164873286
112679 3789480399 1764164873311.952637 1764164873311 1764164873319
112680 3789513743 1764164873345.296387 1764164873345 1764164873352
112681 3789547087 1764164873378.640381 1764164873379 1764164873386
112682 3789580431 1764164873411.984375 1764164873411 1764164873419
112683 3789613775 1764164873445.328125 1764164873445 1764164873452
112684 3789647118 1764164873478.671143 1764164873479 1764164873486
112685 3789680462 1764164873512.015137 1764164873511 1764164873519
112686 3789713806 1764164873545.359131 1764164873545 1764164873552
112687 3789747150 1764164873578.703125 1764164873579 1764164873586
112688 3789780494 1764164873612.047119 1764164873612 1764164873619
112689 3789813838 1764164873645.391113 1764164873645 1764164873652
112690 3789847182 1764164873678.735107 1764164873679 1764164873686
112691 3789880526 1764164873712.079102 1764164873712 1764164873719
112692 3789913870 1764164873745.423096 1764164873746 1764164873753
112693 3789947214 1764164873778.767090 1764164873779 1764164873786
112694 3789980558 1764164873812.111084 1764164873812 1764164873819
112695 3790013902 1764164873845.455322 1764164873845 1764164873852
112696 3790047246 1764164873878.799316 1764164873879 1764164873886
112697 3790080589 1764164873912.142334 1764164873912 1764164873919
112698 3790113933 1764164873945.486572 1764164873945 1764164873952
112699 3790147277 1764164873978.830566 1764164873978 1764164873986
112700 3790180621 1764164874012.174805 1764164874012 1764164874019
112701 3790213965 1764164874045.518799 1764164874046 1764164874053
112702 3790247309 1764164874078.863037 1764164874079 1764164874086
112703 3790280653 1764164874112.207031 1764164874112 1764164874119
112704 3790313997 1764164874145.551270 1764164874146 1764164874153
112705 3790347341 1764164874178.895264 1764164874178 1764164874186
112706 3790380685 1764164874212.236328 1764164874212 1764164874219
112707 3790414029 1764164874245.577148 1764164874246 1764164874253
112708 3790447373 1764164874278.918213 1764164874278 1764164874286
112709 3790480717 1764164874312.259033 1764164874312 1764164874319
112710 3790514061 1764164874345.599854 1764164874346 1764164874353
112711 3790547404 1764164874378.939697 1764164874378 1764164874386
112712 3790580748 1764164874412.280518 1764164874412 1764164874419
112713 3790614092 1764164874445.621582 1764164874446 1764164874453
112714 3790647436 1764164874478.962402 1764164874478 1764164874486
112715 3790680780 1764164874512.303223 1764164874512 1764164874519
112716 3790714124 1764164874545.644043 1764164874546 1764164874553
112717 3790747468 1764164874578.984863 1764164874578 1764164874586
112718 3790780812 1764164874612.325684 1764164874612 1764164874619
112719 3790814156 1764164874645.666748 1764164874646 1764164874653
112720 3790847500 1764164874679.007568 1764164874678 1764164874686
112721 3790880844 1764164874712.348389 1764164874712 1764164874719
112722 3790914188 1764164874745.689209 1764164874746 1764164874753
112723 3790947532 1764164874779.030029 1764164874778 1764164874786
112724 3790980875 1764164874812.369873 1764164874812 1764164874819
112725 3791014219 1764164874845.710449 1764164874846 1764164874853
112726 3791047563 1764164874879.051270 1764164874878 1764164874886
112727 3791080907 1764164874912.392090 1764164874912 1764164874919
112728 3791114251 1764164874945.732910 1764164874946 1764164874953
112729 3791147595 1764164874979.073730 1764164874979 1764164874986
112730 3791180939 1764164875012.414551 1764164875012 1764164875019
112731 3791214283 1764164875045.755371 1764164875046 1764164875053
112732 3791247627 1764164875079.096191 1764164875079 1764164875086
112733 3791280971 1764164875112.436768 1764164875112 1764164875119
112734 3791314315 1764164875145.777588 1764164875146 1764164875153
112735 3791347659 1764164875179.118408 1764164875179 1764164875186
112736 3791381003 1764164875212.459229 1764164875212 1764164875219
112737 3791414346 1764164875245.799072 1764164875246 1764164875253
112738 3791447690 1764164875279.140137 1764164875279 1764164875286
112739 3791481034 1764164875312.480957 1764164875312 1764164875319
112740 3791514378 1764164875345.821777 1764164875346 1764164875353
112741 3791547722 1764164875379.162598 1764164875379 1764164875386
112742 3791581066 1764164875412.503662 1764164875413 1764164875420
112743 3791614410 1764164875445.844482 1764164875446 1764164875453
112744 3791647754 1764164875479.185303 1764164875480 1764164875487
112745 3791681098 1764164875512.526123 1764164875513 1764164875520
112746 3791714442 1764164875545.866943 1764164875546 1764164875553
112747 3791747786 1764164875579.207764 1764164875579 1764164875586
112748 3791781130 1764164875612.548584 1764164875613 1764164875620
112749 3791814474 1764164875645.889404 1764164875645 1764164875653
112750 3791847818 1764164875679.230225 1764164875679 1764164875686
112751 3791881161 1764164875712.570068 1764164875713 1764164875720
112752 3791914505 1764164875745.910889 1764164875745 1764164875753
112753 3791947849 1764164875779.251709 1764164875779 1764164875786
112754 3791981193 1764164875812.592529 1764164875813 1764164875820
112755 3792014537 1764164875845.933350 1764164875845 1764164875853
112756 3792047881 1764164875879.274170 1764164875879 1764164875886
112757 3792081225 1764164875912.614990 1764164875913 1764164875920
112758 3792114569 1764164875945.955566 1764164875945 1764164875953
112759 3792147913 1764164875979.296387 1764164875979 1764164875986
112760 3792181257 1764164876012.637207 1764164876013 1764164876020
112761 3792214601 1764164876045.978027 1764164876045 1764164876053
112762 3792247945 1764164876079.318604 1764164876079 1764164876086
112763 3792281289 1764164876112.659424 1764164876113 1764164876120
112764 3792314632 1764164876145.999268 1764164876145 1764164876153
112765 3792347976 1764164876179.339844 1764164876179 1764164876186
112766 3792381320 1764164876212.680908 1764164876213 1764164876220
112767 3792414664 1764164876246.022217 1764164876245 1764164876253
112768 3792448008 1764164876279.363281 1764164876279 1764164876286
112769 3792481352 1764164876312.704346 1764164876313 1764164876320
112770 3792514696 1764164876346.045410 1764164876346 1764164876353
112771 3792548040 1764164876379.386475 1764164876379 1764164876386
112772 3792581384 1764164876412.727539 1764164876413 1764164876420
112773 3792614728 1764164876446.068604 1764164876446 1764164876453
112774 3792648072 1764164876479.409668 1764164876479 1764164876486
112775 3792681416 1764164876512.750732 1764164876513 1764164876520
112776 3792714760 1764164876546.091797 1764164876546 1764164876553
112777 3792748103 1764164876579.431885 1764164876580 1764164876587
112778 3792781447 1764164876612.772949 1764164876613 1764164876620
112779 3792814791 1764164876646.113770 1764164876646 1764164876653
112780 3792848135 1764164876679.454834 1764164876679 1764164876686
112781 3792881479 1764164876712.795898 1764164876713 1764164876720
112782 3792914823 1764164876746.136963 1764164876746 1764164876753
112783 3792948167 1764164876779.478027 1764164876780 1764164876787
112784 3792981511 1764164876812.819092 1764164876813 1764164876820
112785 3793014855 1764164876846.159912 1764164876846 1764164876853
112786 3793048199 1764164876879.500977 1764164876880 1764164876887
112787 3793081543 1764164876912.842041 1764164876913 1764164876920
112788 3793114887 1764164876946.183105 1764164876946 1764164876953
112789 3793148231 1764164876979.523926 1764164876980 1764164876987
112790 3793181575 1764164877012.864990 1764164877012 1764164877020
112791 3793214918 1764164877046.204834 1764164877046 1764164877053
112792 3793248262 1764164877079.545898 1764164877080 1764164877087
112793 3793281606 1764164877112.886963 1764164877112 1764164877120
112794 3793314950 1764164877146.227783 1764164877146 1764164877153
112795 3793348294 1764164877179.568848 1764164877180 1764164877187
112796 3793381638 1764164877212.912354 1764164877212 1764164877220
112797 3793414982 1764164877246.255859 1764164877246 1764164877253
112798 3793448326 1764164877279.599609 1764164877280 1764164877287
112799 3793481670 1764164877312.943115 1764164877312 1764164877320
112800 3793515014 1764164877346.286865 1764164877346 1764164877353
112801 3793548358 1764164877379.630615 1764164877380 1764164877387
112802 3793581702 1764164877412.974365 1764164877412 1764164877420
112803 3793615046 1764164877446.317871 1764164877446 1764164877453
112804 3793648389 1764164877479.660645 1764164877480 1764164877487
112805 3793681733 1764164877513.004639 1764164877512 1764164877520
112806 3793715077 1764164877546.348389 1764164877546 1764164877553
112807 3793748421 1764164877579.692139 1764164877580 1764164877587
112808 3793781765 1764164877613.036133 1764164877612 1764164877620
112809 3793815109 1764164877646.379883 1764164877646 1764164877653
112810 3793848453 1764164877679.723877 1764164877680 1764164877687
112811 3793881797 1764164877713.067871 1764164877713 1764164877720
112812 3793915141 1764164877746.411865 1764164877746 1764164877753
112813 3793948485 1764164877779.755859 1764164877780 1764164877787
112814 3793981829 1764164877813.099854 1764164877813 1764164877820
112815 3794015173 1764164877846.443848 1764164877846 1764164877855
112816 3794048517 1764164877879.787842 1764164877880 1764164877887
112817 3794081860 1764164877913.131104 1764164877913 1764164877920
112818 3794115204 1764164877946.475098 1764164877946 1764164877953
112819 3794148548 1764164877979.819336 1764164877980 1764164877987
112820 3794181892 1764164878013.163574 1764164878013 1764164878020
112821 3794215236 1764164878046.507568 1764164878046 1764164878053
112822 3794248580 1764164878079.851807 1764164878080 1764164878087
112823 3794281924 1764164878113.196045 1764164878113 1764164878120
112824 3794315268 1764164878146.540527 1764164878147 1764164878154
112825 3794348612 1764164878179.884766 1764164878179 1764164878187
112826 3794381956 1764164878213.225586 1764164878213 1764164878220
112827 3794415300 1764164878246.566406 1764164878247 1764164878254
112828 3794448644 1764164878279.907227 1764164878280 1764164878287
112829 3794481988 1764164878313.248047 1764164878313 1764164878320
112830 3794515332 1764164878346.588867 1764164878347 1764164878354
112831 3794548675 1764164878379.928711 1764164878379 1764164878387
112832 3794582019 1764164878413.269531 1764164878413 1764164878420
112833 3794615363 1764164878446.610352 1764164878447 1764164878454
112834 3794648707 1764164878479.951172 1764164878479 1764164878487
112835 3794682051 1764164878513.291748 1764164878513 1764164878520
112836 3794715395 1764164878546.632568 1764164878547 1764164878554
112837 3794748739 1764164878579.973389 1764164878579 1764164878587
112838 3794782083 1764164878613.314209 1764164878613 1764164878620
112839 3794815427 1764164878646.655029 1764164878647 1764164878654
112840 3794848771 1764164878679.995605 1764164878679 1764164878687
112841 3794882115 1764164878713.336426 1764164878713 1764164878720
112842 3794915459 1764164878746.677246 1764164878747 1764164878754
112843 3794948803 1764164878780.017822 1764164878779 1764164878787
112844 3794982146 1764164878813.357666 1764164878813 1764164878820
112845 3795015490 1764164878846.698242 1764164878847 1764164878854
112846 3795048834 1764164878880.039062 1764164878879 1764164878887
112847 3795082178 1764164878913.379883 1764164878913 1764164878920
112848 3795115522 1764164878946.720459 1764164878947 1764164878954
112849 3795148866 1764164878980.061279 1764164878979 1764164878987
112850 3795182210 1764164879013.401855 1764164879014 1764164879021
112851 3795215554 1764164879046.742432 1764164879047 1764164879054
112852 3795248898 1764164879080.083252 1764164879080 1764164879087
112853 3795282242 1764164879113.423828 1764164879113 1764164879120
112854 3795315586 1764164879146.764648 1764164879147 1764164879154
112855 3795348930 1764164879180.105225 1764164879180 1764164879187
112856 3795382274 1764164879213.447021 1764164879214 1764164879221
112857 3795415617 1764164879246.786865 1764164879247 1764164879254
112858 3795448961 1764164879280.127930 1764164879280 1764164879287
112859 3795482305 1764164879313.468994 1764164879313 1764164879320
112860 3795515649 1764164879346.809814 1764164879347 1764164879354
112861 3795548993 1764164879380.150879 1764164879380 1764164879387
112862 3795582337 1764164879413.491943 1764164879413 1764164879420
112863 3795615681 1764164879446.832764 1764164879447 1764164879454
112864 3795649025 1764164879480.173828 1764164879480 1764164879487
112865 3795682369 1764164879513.514648 1764164879514 1764164879521
112866 3795715713 1764164879546.855713 1764164879547 1764164879554
112867 3795749057 1764164879580.196533 1764164879580 1764164879587
112868 3795782401 1764164879613.537598 1764164879614 1764164879621
112869 3795815745 1764164879646.878418 1764164879647 1764164879654
112870 3795849089 1764164879680.219482 1764164879680 1764164879687
112871 3795882432 1764164879713.559326 1764164879714 1764164879721
112872 3795915776 1764164879746.900146 1764164879746 1764164879754
112873 3795949120 1764164879780.241211 1764164879780 1764164879787
112874 3795982464 1764164879813.582031 1764164879814 1764164879821
112875 3796015808 1764164879846.922852 1764164879846 1764164879854
112876 3796049152 1764164879880.263916 1764164879880 1764164879887
112877 3796082496 1764164879913.604736 1764164879914 1764164879921
112878 3796115840 1764164879946.945557 1764164879946 1764164879954
112879 3796149184 1764164879980.286621 1764164879980 1764164879987
112880 3796182528 1764164880013.627441 1764164880013 1764164880021
112881 3796215872 1764164880046.968262 1764164880046 1764164880054
112882 3796249216 1764164880080.309082 1764164880080 1764164880087
112883 3796282560 1764164880113.649902 1764164880114 1764164880121
112884 3796315903 1764164880146.989746 1764164880146 1764164880154
112885 3796349247 1764164880180.330811 1764164880180 1764164880187
112886 3796382591 1764164880213.671631 1764164880214 1764164880221
112887 3796415935 1764164880247.012451 1764164880246 1764164880254
112888 3796449279 1764164880280.353516 1764164880280 1764164880287
112889 3796482623 1764164880313.694580 1764164880314 1764164880321
112890 3796515967 1764164880347.035400 1764164880347 1764164880354
112891 3796549311 1764164880380.376465 1764164880380 1764164880387
112892 3796582655 1764164880413.717285 1764164880414 1764164880421
112893 3796615999 1764164880447.058350 1764164880447 1764164880454
112894 3796649343 1764164880480.399414 1764164880480 1764164880487
112895 3796682687 1764164880513.740234 1764164880514 1764164880521
112896 3796716031 1764164880547.081299 1764164880547 1764164880554
112897 3796749374 1764164880580.421143 1764164880580 1764164880587
112898 3796782718 1764164880613.761963 1764164880614 1764164880621
112899 3796816062 1764164880647.103027 1764164880647 1764164880654
112900 3796849406 1764164880680.443848 1764164880680 1764164880687
112901 3796882750 1764164880713.784912 1764164880714 1764164880721
112902 3796916094 1764164880747.125732 1764164880747 1764164880754
112903 3796949438 1764164880780.466553 1764164880780 1764164880787
112904 3796982782 1764164880813.807617 1764164880814 1764164880821
112905 3797016126 1764164880847.148438 1764164880847 1764164880854
112906 3797049470 1764164880880.489258 1764164880881 1764164880888
112907 3797082814 1764164880913.830322 1764164880914 1764164880921
112908 3797116158 1764164880947.171143 1764164880947 1764164880954
112909 3797149502 1764164880980.511963 1764164880981 1764164880988
112910 3797182846 1764164881013.852783 1764164881013 1764164881021
112911 3797216189 1764164881047.192627 1764164881047 1764164881054
112912 3797249533 1764164881080.533691 1764164881081 1764164881088
112913 3797282877 1764164881113.874512 1764164881113 1764164881121
112914 3797316221 1764164881147.215332 1764164881147 1764164881154
112915 3797349565 1764164881180.556152 1764164881181 1764164881188
112916 3797382909 1764164881213.896973 1764164881213 1764164881221
112917 3797416253 1764164881247.238525 1764164881247 1764164881254
112918 3797449597 1764164881280.580322 1764164881281 1764164881288
112919 3797482941 1764164881313.921875 1764164881313 1764164881321
112920 3797516285 1764164881347.263428 1764164881347 1764164881354
112921 3797549629 1764164881380.604980 1764164881381 1764164881388
112922 3797582973 1764164881413.946777 1764164881413 1764164881421
112923 3797616317 1764164881447.288330 1764164881447 1764164881454
112924 3797649660 1764164881480.628906 1764164881481 1764164881488
112925 3797683004 1764164881513.970459 1764164881513 1764164881521
112926 3797716348 1764164881547.312012 1764164881547 1764164881554
112927 3797749692 1764164881580.653809 1764164881581 1764164881588
112928 3797783036 1764164881613.995361 1764164881613 1764164881621
112929 3797816380 1764164881647.336914 1764164881647 1764164881654
112930 3797849724 1764164881680.678467 1764164881681 1764164881688
112931 3797883068 1764164881714.020020 1764164881713 1764164881721
112932 3797916412 1764164881747.361572 1764164881747 1764164881754
112933 3797949756 1764164881780.703369 1764164881781 1764164881788
112934 3797983100 1764164881814.044922 1764164881814 1764164881821
112935 3798016444 1764164881847.386475 1764164881847 1764164881854
112936 3798049788 1764164881880.728027 1764164881881 1764164881888
112937 3798083131 1764164881914.068604 1764164881914 1764164881921
112938 3798116475 1764164881947.410156 1764164881948 1764164881955
112939 3798149819 1764164881980.751709 1764164881981 1764164881988
112940 3798183163 1764164882014.093262 1764164882014 1764164882021
112941 3798216507 1764164882047.435059 1764164882047 1764164882054
112942 3798249851 1764164882080.776611 1764164882081 1764164882088
112943 3798283195 1764164882114.118164 1764164882114 1764164882121
112944 3798316539 1764164882147.459717 1764164882148 1764164882155
112945 3798349883 1764164882180.801270 1764164882181 1764164882188
112946 3798383227 1764164882214.142822 1764164882214 1764164882221
112947 3798416571 1764164882247.484863 1764164882248 1764164882255
112948 3798449915 1764164882280.827148 1764164882281 1764164882288
112949 3798483259 1764164882314.169189 1764164882314 1764164882321
112950 3798516603 1764164882347.511475 1764164882348 1764164882355
112951 3798549946 1764164882380.852539 1764164882381 1764164882388
112952 3798583290 1764164882414.194824 1764164882414 1764164882421
112953 3798616634 1764164882447.536865 1764164882448 1764164882455
112954 3798649978 1764164882480.878906 1764164882480 1764164882488
112955 3798683322 1764164882514.221191 1764164882514 1764164882521
112956 3798716666 1764164882547.563232 1764164882548 1764164882555
112957 3798750010 1764164882580.905518 1764164882580 1764164882588
112958 3798783354 1764164882614.247803 1764164882614 1764164882621
112959 3798816698 1764164882647.589844 1764164882648 1764164882655
112960 3798850042 1764164882680.932129 1764164882680 1764164882688
112961 3798883386 1764164882714.274170 1764164882714 1764164882721
112962 3798916730 1764164882747.616455 1764164882748 1764164882755
112963 3798950074 1764164882780.958496 1764164882780 1764164882788
112964 3798983417 1764164882814.299805 1764164882814 1764164882821
112965 3799016761 1764164882847.641846 1764164882848 1764164882855
112966 3799050105 1764164882880.984131 1764164882880 1764164882888
112967 3799083449 1764164882914.326416 1764164882914 1764164882921
112968 3799116793 1764164882947.668457 1764164882948 1764164882955
112969 3799150137 1764164882981.010742 1764164882980 1764164882988
112970 3799183481 1764164883014.353027 1764164883014 1764164883021
112971 3799216825 1764164883047.695068 1764164883048 1764164883055
112972 3799250169 1764164883081.037354 1764164883080 1764164883088
112973 3799283513 1764164883114.379395 1764164883115 1764164883122
112974 3799316857 1764164883147.721680 1764164883148 1764164883155
112975 3799350201 1764164883181.063965 1764164883181 1764164883188
112976 3799383545 1764164883214.406250 1764164883214 1764164883221
112977 3799416888 1764164883247.745850 1764164883248 1764164883255
112978 3799450232 1764164883281.086426 1764164883281 1764164883288
112979 3799483576 1764164883314.427002 1764164883314 1764164883321
112980 3799516920 1764164883347.767822 1764164883348 1764164883355
112981 3799550264 1764164883381.108398 1764164883381 1764164883388
112982 3799583608 1764164883414.448975 1764164883414 1764164883421
112983 3799616952 1764164883447.789551 1764164883448 1764164883455
112984 3799650296 1764164883481.130127 1764164883481 1764164883488
112985 3799683640 1764164883514.470947 1764164883514 1764164883521
112986 3799716984 1764164883547.811523 1764164883547 1764164883555
112987 3799750328 1764164883581.152100 1764164883581 1764164883588
112988 3799783672 1764164883614.492676 1764164883614 1764164883621
112989 3799817016 1764164883647.833252 1764164883648 1764164883655
112990 3799850360 1764164883681.173828 1764164883681 1764164883688
112991 3799883703 1764164883714.513428 1764164883715 1764164883722
112992 3799917047 1764164883747.853760 1764164883748 1764164883755
112993 3799950391 1764164883781.194336 1764164883781 1764164883788
112994 3799983735 1764164883814.534912 1764164883815 1764164883822
112995 3800017079 1764164883847.875488 1764164883847 1764164883855
112996 3800050423 1764164883881.216064 1764164883881 1764164883888
112997 3800083767 1764164883914.556641 1764164883915 1764164883922
112998 3800117111 1764164883947.896973 1764164883947 1764164883955
112999 3800150455 1764164883981.237549 1764164883981 1764164883988
113000 3800183799 1764164884014.578125 1764164884015 1764164884022
113001 3800217143 1764164884047.918457 1764164884048 1764164884056
113002 3800250487 1764164884081.259033 1764164884081 1764164884088
113003 3800283831 1764164884114.599365 1764164884115 1764164884122
113004 3800317174 1764164884147.938965 1764164884147 1764164884155
113005 3800350518 1764164884181.279297 1764164884181 1764164884188
113006 3800383862 1764164884214.619873 1764164884215 1764164884222
113007 3800417206 1764164884247.960693 1764164884247 1764164884255
113008 3800450550 1764164884281.301514 1764164884281 1764164884288
113009 3800483894 1764164884314.642090 1764164884315 1764164884322
113010 3800517238 1764164884347.982910 1764164884347 1764164884355
113011 3800550582 1764164884381.323730 1764164884381 1764164884388
113012 3800583926 1764164884414.664551 1764164884415 1764164884422
113013 3800617270 1764164884448.005127 1764164884447 1764164884455
113014 3800650614 1764164884481.345947 1764164884481 1764164884488
113015 3800683958 1764164884514.686768 1764164884515 1764164884522
113016 3800717302 1764164884548.027344 1764164884548 1764164884555
113017 3800750645 1764164884581.367188 1764164884581 1764164884588
113018 3800783989 1764164884614.707764 1764164884615 1764164884622
113019 3800817333 1764164884648.048584 1764164884648 1764164884655
113020 3800850677 1764164884681.389160 1764164884681 1764164884688
113021 3800884021 1764164884714.729980 1764164884715 1764164884722
113022 3800917365 1764164884748.070557 1764164884748 1764164884755
113023 3800950709 1764164884781.411377 1764164884781 1764164884788
113024 3800984053 1764164884814.751953 1764164884815 1764164884822
113025 3801017397 1764164884848.092773 1764164884848 1764164884855
113026 3801050741 1764164884881.433350 1764164884881 1764164884888
113027 3801084085 1764164884914.773926 1764164884915 1764164884922
113028 3801117429 1764164884948.114746 1764164884948 1764164884955
113029 3801150773 1764164884981.455322 1764164884982 1764164884989
113030 3801184117 1764164885014.795898 1764164885015 1764164885022
113031 3801217460 1764164885048.135498 1764164885048 1764164885055
113032 3801250804 1764164885081.476318 1764164885082 1764164885089
113033 3801284148 1764164885114.816895 1764164885115 1764164885122
113034 3801317492 1764164885148.157471 1764164885148 1764164885155
113035 3801350836 1764164885181.498047 1764164885182 1764164885189
113036 3801384180 1764164885214.838623 1764164885214 1764164885222
113037 3801417524 1764164885248.179688 1764164885248 1764164885255
113038 3801450868 1764164885281.520752 1764164885282 1764164885289
113039 3801484212 1764164885314.861816 1764164885314 1764164885322
113040 3801517556 1764164885348.202881 1764164885348 1764164885355
113041 3801550900 1764164885381.543945 1764164885382 1764164885389
113042 3801584244 1764164885414.885010 1764164885414 1764164885422
113043 3801617588 1764164885448.226074 1764164885448 1764164885455
113044 3801650931 1764164885481.566162 1764164885482 1764164885489
113045 3801684275 1764164885514.907227 1764164885514 1764164885522
113046 3801717619 1764164885548.248291 1764164885548 1764164885555
113047 3801750963 1764164885581.589355 1764164885582 1764164885589
113048 3801784307 1764164885614.930176 1764164885614 1764164885622
113049 3801817651 1764164885648.271240 1764164885648 1764164885655
113050 3801850995 1764164885681.612305 1764164885682 1764164885689
113051 3801884339 1764164885714.953369 1764164885714 1764164885722
113052 3801917683 1764164885748.294189 1764164885748 1764164885755
113053 3801951027 1764164885781.635254 1764164885782 1764164885789
113054 3801984371 1764164885814.976318 1764164885814 1764164885822
113055 3802017715 1764164885848.317383 1764164885848 1764164885855
113056 3802051059 1764164885881.658203 1764164885882 1764164885889
113057 3802084402 1764164885914.998291 1764164885915 1764164885922
113058 3802117746 1764164885948.339111 1764164885948 1764164885955
113059 3802151090 1764164885981.680176 1764164885982 1764164885989
113060 3802184434 1764164886015.020996 1764164886015 1764164886022
113061 3802217778 1764164886048.362061 1764164886048 1764164886055
113062 3802251122 1764164886081.702881 1764164886082 1764164886089
113063 3802284466 1764164886115.043945 1764164886115 1764164886122
113064 3802317810 1764164886148.384766 1764164886148 1764164886155
113065 3802351154 1764164886181.725830 1764164886181 1764164886189
113066 3802384498 1764164886215.066650 1764164886215 1764164886222
113067 3802417842 1764164886248.407471 1764164886248 1764164886255
113068 3802451186 1764164886281.748291 1764164886281 1764164886289
113069 3802484530 1764164886315.088867 1764164886315 1764164886322
113070 3802517874 1764164886348.429688 1764164886349 1764164886356
113071 3802551217 1764164886381.769287 1764164886382 1764164886389
113072 3802584561 1764164886415.110107 1764164886415 1764164886422
113073 3802617905 1764164886448.450928 1764164886449 1764164886456
113074 3802651249 1764164886481.791504 1764164886482 1764164886489
113075 3802684593 1764164886515.132324 1764164886515 1764164886522
113076 3802717937 1764164886548.472900 1764164886549 1764164886556
113077 3802751281 1764164886581.813477 1764164886581 1764164886589
113078 3802784625 1764164886615.154297 1764164886615 1764164886622
113079 3802817969 1764164886648.494873 1764164886649 1764164886656
113080 3802851313 1764164886681.835449 1764164886681 1764164886689
113081 3802884657 1764164886715.176270 1764164886715 1764164886722
113082 3802918001 1764164886748.516846 1764164886749 1764164886756
113083 3802951345 1764164886781.857422 1764164886781 1764164886789
113084 3802984688 1764164886815.197021 1764164886815 1764164886822
113085 3803018032 1764164886848.537842 1764164886849 1764164886856
113086 3803051376 1764164886881.878418 1764164886881 1764164886889
113087 3803084720 1764164886915.218994 1764164886915 1764164886922
113088 3803118064 1764164886948.559570 1764164886949 1764164886956
113089 3803151408 1764164886981.900146 1764164886981 1764164886989
113090 3803184752 1764164887015.240723 1764164887015 1764164887022
113091 3803218096 1764164887048.581299 1764164887049 1764164887056
113092 3803251440 1764164887081.921875 1764164887081 1764164887089
113093 3803284784 1764164887115.262451 1764164887115 1764164887122
113094 3803318128 1764164887148.603027 1764164887149 1764164887156
113095 3803351472 1764164887181.943604 1764164887182 1764164887189
113096 3803384816 1764164887215.284180 1764164887215 1764164887222
113097 3803418159 1764164887248.625244 1764164887249 1764164887256
113098 3803451503 1764164887281.967285 1764164887282 1764164887289
113099 3803484847 1764164887315.309326 1764164887315 1764164887322
113100 3803518191 1764164887348.651611 1764164887349 1764164887356
113101 3803551535 1764164887381.993652 1764164887382 1764164887389
113102 3803584879 1764164887415.335693 1764164887415 1764164887422
113103 3803618223 1764164887448.677734 1764164887449 1764164887456
113104 3803651567 1764164887482.019775 1764164887482 1764164887489
113105 3803684911 1764164887515.361816 1764164887516 1764164887523
113106 3803718255 1764164887548.704102 1764164887549 1764164887556
113107 3803751599 1764164887582.046143 1764164887582 1764164887589
113108 3803784943 1764164887615.388184 1764164887615 1764164887622
113109 3803818287 1764164887648.730225 1764164887649 1764164887656
113110 3803851631 1764164887682.072266 1764164887682 1764164887689
113111 3803884974 1764164887715.413574 1764164887716 1764164887723
113112 3803918318 1764164887748.755615 1764164887749 1764164887756
113113 3803951662 1764164887782.097656 1764164887782 1764164887789
113114 3803985006 1764164887815.439697 1764164887816 1764164887823
113115 3804018350 1764164887848.781738 1764164887849 1764164887856
113116 3804051694 1764164887882.124023 1764164887882 1764164887889
113117 3804085038 1764164887915.466064 1764164887916 1764164887923
113118 3804118382 1764164887948.808105 1764164887948 1764164887956
113119 3804151726 1764164887982.150391 1764164887982 1764164887989
113120 3804185070 1764164888015.492432 1764164888016 1764164888023
113121 3804218414 1764164888048.834473 1764164888048 1764164888056
113122 3804251758 1764164888082.176514 1764164888082 1764164888089
113123 3804285102 1764164888115.518799 1764164888116 1764164888123
113124 3804318445 1764164888148.859863 1764164888148 1764164888156
113125 3804351789 1764164888182.201904 1764164888182 1764164888189
113126 3804385133 1764164888215.543945 1764164888216 1764164888223
113127 3804418477 1764164888248.885254 1764164888248 1764164888256
113128 3804451821 1764164888282.226562 1764164888282 1764164888290
113129 3804485165 1764164888315.567871 1764164888316 1764164888323
113130 3804518509 1764164888348.909180 1764164888348 1764164888356
113131 3804551853 1764164888382.250488 1764164888382 1764164888389
113132 3804585197 1764164888415.591797 1764164888416 1764164888423
113133 3804618541 1764164888448.933105 1764164888448 1764164888456
113134 3804651885 1764164888482.274414 1764164888482 1764164888489
113135 3804685229 1764164888515.615723 1764164888516 1764164888523
113136 3804718573 1764164888548.957031 1764164888548 1764164888556
113137 3804751916 1764164888582.297363 1764164888582 1764164888589
113138 3804785260 1764164888615.638672 1764164888616 1764164888623
113139 3804818604 1764164888648.979980 1764164888649 1764164888656
113140 3804851948 1764164888682.321289 1764164888682 1764164888689
113141 3804885292 1764164888715.662598 1764164888716 1764164888723
113142 3804918636 1764164888749.003906 1764164888749 1764164888756
113143 3804951980 1764164888782.345215 1764164888782 1764164888789
113144 3804985324 1764164888815.686523 1764164888816 1764164888823
113145 3805018668 1764164888849.027832 1764164888849 1764164888856
113146 3805052012 1764164888882.369141 1764164888882 1764164888889
113147 3805085356 1764164888915.710449 1764164888916 1764164888923
113148 3805118700 1764164888949.051758 1764164888950 1764164888957
113149 3805152044 1764164888982.393066 1764164888982 1764164888989
113150 3805185388 1764164889015.734375 1764164889016 1764164889023
113151 3805218731 1764164889049.074707 1764164889049 1764164889056
113152 3805252075 1764164889082.416016 1764164889083 1764164889090
113153 3805285419 1764164889115.757324 1764164889116 1764164889123
113154 3805318763 1764164889149.098633 1764164889149 1764164889156
113155 3805352107 1764164889182.439941 1764164889183 1764164889190
113156 3805385451 1764164889215.781250 1764164889215 1764164889223
113157 3805418795 1764164889249.123779 1764164889249 1764164889256
113158 3805452139 1764164889282.466553 1764164889283 1764164889290
113159 3805485483 1764164889315.809082 1764164889315 1764164889323
113160 3805518827 1764164889349.151855 1764164889349 1764164889356
113161 3805552171 1764164889382.494385 1764164889383 1764164889390
113162 3805585515 1764164889415.837158 1764164889415 1764164889423
113163 3805618859 1764164889449.179932 1764164889449 1764164889456
113164 3805652202 1764164889482.521729 1764164889483 1764164889490
113165 3805685546 1764164889515.864502 1764164889515 1764164889523
113166 3805718890 1764164889549.207031 1764164889549 1764164889556
113167 3805752234 1764164889582.549805 1764164889583 1764164889590
113168 3805785578 1764164889615.892822 1764164889615 1764164889623
113169 3805818922 1764164889649.235596 1764164889649 1764164889656
113170 3805852266 1764164889682.578369 1764164889683 1764164889690
113171 3805885610 1764164889715.921143 1764164889715 1764164889723
113172 3805918954 1764164889749.264160 1764164889749 1764164889756
113173 3805952298 1764164889782.606934 1764164889783 1764164889790
113174 3805985642 1764164889815.949951 1764164889815 1764164889823
113175 3806018986 1764164889849.292725 1764164889849 1764164889856
113176 3806052330 1764164889882.635742 1764164889883 1764164889890
113177 3806085673 1764164889915.977783 1764164889916 1764164889923
113178 3806119017 1764164889949.320557 1764164889949 1764164889956
113179 3806152361 1764164889982.663574 1764164889983 1764164889990
113180 3806185705 1764164890016.006592 1764164890016 1764164890023
113181 3806219049 1764164890049.349609 1764164890049 1764164890056
113182 3806252393 1764164890082.692627 1764164890083 1764164890090
113183 3806285737 1764164890116.035645 1764164890116 1764164890123
113184 3806319081 1764164890149.378906 1764164890149 1764164890156
113185 3806352425 1764164890182.721924 1764164890183 1764164890190
113186 3806385769 1764164890216.064941 1764164890216 1764164890223
113187 3806419113 1764164890249.406250 1764164890250 1764164890257
113188 3806452457 1764164890282.747559 1764164890283 1764164890290
113189 3806485801 1764164890316.088867 1764164890316 1764164890323
113190 3806519145 1764164890349.430176 1764164890349 1764164890356
113191 3806552488 1764164890382.770508 1764164890383 1764164890390
113192 3806585832 1764164890416.111816 1764164890416 1764164890423
113193 3806619176 1764164890449.453125 1764164890450 1764164890457
113194 3806652520 1764164890482.794434 1764164890483 1764164890490
113195 3806685864 1764164890516.135742 1764164890516 1764164890523
113196 3806719208 1764164890549.477051 1764164890550 1764164890557
113197 3806752552 1764164890582.818359 1764164890582 1764164890590
113198 3806785896 1764164890616.159668 1764164890616 1764164890623
113199 3806819240 1764164890649.500977 1764164890650 1764164890657
113200 3806852584 1764164890682.842285 1764164890683 1764164890691
113201 3806885928 1764164890716.183594 1764164890717 1764164890724
113202 3806919272 1764164890749.524902 1764164890750 1764164890757
113203 3806952616 1764164890782.866211 1764164890782 1764164890790
113204 3806985959 1764164890816.206543 1764164890816 1764164890823
113205 3807019303 1764164890849.547852 1764164890850 1764164890857
113206 3807052647 1764164890882.889160 1764164890882 1764164890890
113207 3807085991 1764164890916.230225 1764164890916 1764164890923
113208 3807119335 1764164890949.571533 1764164890950 1764164890957
113209 3807152679 1764164890982.912842 1764164890982 1764164890990
113210 3807186023 1764164891016.254150 1764164891016 1764164891023
113211 3807219367 1764164891049.595459 1764164891050 1764164891057
113212 3807252711 1764164891082.936768 1764164891082 1764164891090
113213 3807286055 1764164891116.278076 1764164891116 1764164891123
113214 3807319399 1764164891149.619141 1764164891150 1764164891157
113215 3807352743 1764164891182.960449 1764164891182 1764164891190
113216 3807386087 1764164891216.301758 1764164891216 1764164891223
113217 3807419430 1764164891249.642334 1764164891250 1764164891257
113218 3807452774 1764164891282.983643 1764164891282 1764164891290
113219 3807486118 1764164891316.325195 1764164891316 1764164891323
113220 3807519462 1764164891349.666748 1764164891350 1764164891357
113221 3807552806 1764164891383.008057 1764164891383 1764164891390
113222 3807586150 1764164891416.349609 1764164891416 1764164891423
113223 3807619494 1764164891449.691162 1764164891450 1764164891457
113224 3807652838 1764164891483.032715 1764164891483 1764164891490
113225 3807686182 1764164891516.374023 1764164891516 1764164891523
113226 3807719526 1764164891549.715576 1764164891550 1764164891557
113227 3807752870 1764164891583.057129 1764164891583 1764164891590
113228 3807786214 1764164891616.398438 1764164891616 1764164891623
113229 3807819558 1764164891649.739990 1764164891650 1764164891657
113230 3807852902 1764164891683.081543 1764164891683 1764164891690
113231 3807886245 1764164891716.421875 1764164891716 1764164891723
113232 3807919589 1764164891749.763428 1764164891750 1764164891757
113233 3807952933 1764164891783.104980 1764164891783 1764164891790
113234 3807986277 1764164891816.446289 1764164891817 1764164891824
113235 3808019621 1764164891849.787842 1764164891850 1764164891857
113236 3808052965 1764164891883.129395 1764164891883 1764164891890
113237 3808086309 1764164891916.470703 1764164891917 1764164891924
113238 3808119653 1764164891949.812256 1764164891949 1764164891957
113239 3808152997 1764164891983.153564 1764164891983 1764164891990
113240 3808186341 1764164892016.495117 1764164892017 1764164892024
113241 3808219685 1764164892049.836670 1764164892049 1764164892057
113242 3808253029 1764164892083.177979 1764164892083 1764164892090
113243 3808286373 1764164892116.519531 1764164892117 1764164892124
113244 3808319716 1764164892149.859863 1764164892149 1764164892157
113245 3808353060 1764164892183.201416 1764164892183 1764164892190
113246 3808386404 1764164892216.542969 1764164892217 1764164892224
113247 3808419748 1764164892249.884277 1764164892249 1764164892257
113248 3808453092 1764164892283.225830 1764164892283 1764164892290
113249 3808486436 1764164892316.567383 1764164892317 1764164892324
113250 3808519780 1764164892349.908936 1764164892349 1764164892357
113251 3808553124 1764164892383.250244 1764164892383 1764164892390
113252 3808586468 1764164892416.591797 1764164892417 1764164892424
113253 3808619812 1764164892449.933350 1764164892449 1764164892457
113254 3808653156 1764164892483.274902 1764164892483 1764164892490
113255 3808686500 1764164892516.616211 1764164892517 1764164892524
113256 3808719844 1764164892549.957764 1764164892549 1764164892557
113257 3808753187 1764164892583.298340 1764164892584 1764164892591
113258 3808786531 1764164892616.639648 1764164892617 1764164892624
113259 3808819875 1764164892649.981201 1764164892650 1764164892657
113260 3808853219 1764164892683.322754 1764164892683 1764164892690
113261 3808886563 1764164892716.664307 1764164892717 1764164892724
113262 3808919907 1764164892750.005615 1764164892750 1764164892757
113263 3808953251 1764164892783.347168 1764164892783 1764164892790
113264 3808986595 1764164892816.688721 1764164892817 1764164892824
113265 3809019939 1764164892850.030029 1764164892850 1764164892857
113266 3809053283 1764164892883.371582 1764164892884 1764164892891
113267 3809086627 1764164892916.713135 1764164892917 1764164892924
113268 3809119971 1764164892950.054688 1764164892950 1764164892957
113269 3809153315 1764164892983.395996 1764164892983 1764164892990
113270 3809186659 1764164893016.737549 1764164893017 1764164893024
113271 3809220002 1764164893050.078125 1764164893050 1764164893057
113272 3809253346 1764164893083.419678 1764164893083 1764164893090
113273 3809286690 1764164893116.760986 1764164893117 1764164893124
113274 3809320034 1764164893150.102539 1764164893150 1764164893157
113275 3809353378 1764164893183.444092 1764164893184 1764164893191
113276 3809386722 1764164893216.785400 1764164893217 1764164893224
113277 3809420066 1764164893250.126953 1764164893250 1764164893257
113278 3809453410 1764164893283.468506 1764164893284 1764164893291
113279 3809486754 1764164893316.810059 1764164893317 1764164893324
113280 3809520098 1764164893350.151367 1764164893350 1764164893357
113281 3809553442 1764164893383.492920 1764164893384 1764164893391
113282 3809586786 1764164893416.834473 1764164893416 1764164893424
113283 3809620130 1764164893450.175781 1764164893450 1764164893457
113284 3809653473 1764164893483.516357 1764164893484 1764164893491
113285 3809686817 1764164893516.857910 1764164893516 1764164893524
113286 3809720161 1764164893550.199219 1764164893550 1764164893557
113287 3809753505 1764164893583.540771 1764164893584 1764164893591
113288 3809786849 1764164893616.882324 1764164893616 1764164893624
113289 3809820193 1764164893650.223877 1764164893650 1764164893657
113290 3809853537 1764164893683.565186 1764164893684 1764164893691
113291 3809886881 1764164893716.906738 1764164893716 1764164893724
113292 3809920225 1764164893750.248291 1764164893750 1764164893757
113293 3809953569 1764164893783.589844 1764164893784 1764164893791
113294 3809986913 1764164893816.931396 1764164893816 1764164893824
113295 3810020257 1764164893850.272705 1764164893850 1764164893857
113296 3810053601 1764164893883.614258 1764164893884 1764164893891
113297 3810086944 1764164893916.954834 1764164893916 1764164893924
113298 3810120288 1764164893950.296387 1764164893950 1764164893957
113299 3810153632 1764164893983.637695 1764164893984 1764164893991
113300 3810186976 1764164894016.979248 1764164894017 1764164894024
113301 3810220320 1764164894050.320801 1764164894050 1764164894057
113302 3810253664 1764164894083.662354 1764164894084 1764164894091
113303 3810287008 1764164894117.003906 1764164894117 1764164894124
113304 3810320352 1764164894150.345459 1764164894150 1764164894157
113305 3810353696 1764164894183.686768 1764164894184 1764164894191
113306 3810387040 1764164894217.028320 1764164894217 1764164894224
113307 3810420384 1764164894250.369629 1764164894250 1764164894257
113308 3810453728 1764164894283.710693 1764164894284 1764164894291
113309 3810487072 1764164894317.052002 1764164894317 1764164894324
113310 3810520416 1764164894350.393066 1764164894350 1764164894357
113311 3810553759 1764164894383.733398 1764164894384 1764164894391
113312 3810587103 1764164894417.074463 1764164894417 1764164894424
113313 3810620447 1764164894450.415527 1764164894450 1764164894457
113314 3810653791 1764164894483.756836 1764164894484 1764164894491
113315 3810687135 1764164894517.097900 1764164894517 1764164894524
113316 3810720479 1764164894550.439209 1764164894551 1764164894558
113317 3810753823 1764164894583.780273 1764164894584 1764164894591
113318 3810787167 1764164894617.121338 1764164894617 1764164894624
113319 3810820511 1764164894650.462646 1764164894651 1764164894658
113320 3810853855 1764164894683.803711 1764164894683 1764164894691
113321 3810887199 1764164894717.144775 1764164894717 1764164894724
113322 3810920543 1764164894750.486084 1764164894751 1764164894758
113323 3810953887 1764164894783.827148 1764164894783 1764164894791
113324 3810987230 1764164894817.167236 1764164894817 1764164894824
113325 3811020574 1764164894850.508301 1764164894851 1764164894858
113326 3811053918 1764164894883.849365 1764164894883 1764164894891
113327 3811087262 1764164894917.190674 1764164894917 1764164894924
113328 3811120606 1764164894950.531738 1764164894951 1764164894958
113329 3811153950 1764164894983.872803 1764164894983 1764164894991
113330 3811187294 1764164895017.213867 1764164895017 1764164895026
113331 3811220638 1764164895050.554932 1764164895051 1764164895058
113332 3811253982 1764164895083.896240 1764164895083 1764164895091
113333 3811287326 1764164895117.237305 1764164895117 1764164895124
113334 3811320670 1764164895150.578369 1764164895151 1764164895158
113335 3811354014 1764164895183.919434 1764164895183 1764164895191
113336 3811387358 1764164895217.260498 1764164895217 1764164895224
113337 3811420701 1764164895250.600830 1764164895251 1764164895258
113338 3811454045 1764164895283.941895 1764164895283 1764164895291
113339 3811487389 1764164895317.283203 1764164895317 1764164895324
113340 3811520733 1764164895350.624268 1764164895351 1764164895358
113341 3811554077 1764164895383.965576 1764164895384 1764164895391
113342 3811587421 1764164895417.306885 1764164895417 1764164895424
113343 3811620765 1764164895450.647949 1764164895451 1764164895458
113344 3811654109 1764164895483.989258 1764164895484 1764164895491
113345 3811687453 1764164895517.330322 1764164895517 1764164895524
113346 3811720797 1764164895550.671631 1764164895550 1764164895558
113347 3811754141 1764164895584.012695 1764164895584 1764164895591
113348 3811787485 1764164895617.354004 1764164895617 1764164895624
113349 3811820829 1764164895650.695068 1764164895651 1764164895658
113350 3811854173 1764164895684.036377 1764164895684 1764164895691
113351 3811887516 1764164895717.376465 1764164895717 1764164895724
113352 3811920860 1764164895750.717529 1764164895751 1764164895758
113353 3811954204 1764164895784.058838 1764164895784 1764164895791
113354 3811987548 1764164895817.399902 1764164895818 1764164895825
113355 3812020892 1764164895850.741211 1764164895851 1764164895858
113356 3812054236 1764164895884.082275 1764164895884 1764164895891
113357 3812087580 1764164895917.423340 1764164895918 1764164895925
113358 3812120924 1764164895950.764648 1764164895951 1764164895958
113359 3812154268 1764164895984.105713 1764164895984 1764164895991
113360 3812187612 1764164896017.447021 1764164896018 1764164896025
113361 3812220956 1764164896050.788086 1764164896050 1764164896058
113362 3812254300 1764164896084.129150 1764164896084 1764164896091
113363 3812287644 1764164896117.470215 1764164896118 1764164896125
113364 3812320987 1764164896150.810547 1764164896151 1764164896158
113365 3812354331 1764164896184.151611 1764164896184 1764164896191
113366 3812387675 1764164896217.492676 1764164896218 1764164896225
113367 3812421019 1764164896250.833740 1764164896250 1764164896258
113368 3812454363 1764164896284.174805 1764164896284 1764164896291
113369 3812487707 1764164896317.515869 1764164896318 1764164896325
113370 3812521051 1764164896350.856934 1764164896350 1764164896358
113371 3812554395 1764164896384.197754 1764164896384 1764164896391
113372 3812587739 1764164896417.538818 1764164896418 1764164896425
113373 3812621083 1764164896450.879883 1764164896450 1764164896458
113374 3812654427 1764164896484.220947 1764164896484 1764164896491
113375 3812687771 1764164896517.561768 1764164896518 1764164896525
113376 3812721115 1764164896550.902832 1764164896550 1764164896558
113377 3812754458 1764164896584.242676 1764164896584 1764164896591
113378 3812787802 1764164896617.583740 1764164896618 1764164896625
113379 3812821146 1764164896650.924805 1764164896650 1764164896658
113380 3812854490 1764164896684.265625 1764164896684 1764164896691
113381 3812887834 1764164896717.606689 1764164896718 1764164896725
113382 3812921178 1764164896750.947510 1764164896751 1764164896758
113383 3812954522 1764164896784.288574 1764164896784 1764164896791
113384 3812987866 1764164896817.629639 1764164896818 1764164896825
113385 3813021210 1764164896850.970459 1764164896851 1764164896858
113386 3813054554 1764164896884.311523 1764164896884 1764164896891
113387 3813087898 1764164896917.652344 1764164896918 1764164896925
113388 3813121242 1764164896950.993408 1764164896951 1764164896958
113389 3813154586 1764164896984.334229 1764164896984 1764164896991
113390 3813187930 1764164897017.675049 1764164897018 1764164897025
113391 3813221273 1764164897051.015137 1764164897051 1764164897058
113392 3813254617 1764164897084.355957 1764164897084 1764164897091
113393 3813287961 1764164897117.696777 1764164897118 1764164897125
113394 3813321305 1764164897151.037842 1764164897151 1764164897158
113395 3813354649 1764164897184.378662 1764164897184 1764164897191
113396 3813387993 1764164897217.719482 1764164897218 1764164897225
113397 3813421337 1764164897251.061035 1764164897251 1764164897258
113398 3813454681 1764164897284.402588 1764164897285 1764164897292
113399 3813488025 1764164897317.743896 1764164897318 1764164897325
113400 3813521369 1764164897351.085449 1764164897351 1764164897358
113401 3813554713 1764164897384.427002 1764164897385 1764164897392
113402 3813588057 1764164897417.768311 1764164897417 1764164897425
113403 3813621401 1764164897451.109863 1764164897451 1764164897458
113404 3813654744 1764164897484.450195 1764164897485 1764164897492
113405 3813688088 1764164897517.791748 1764164897517 1764164897525
113406 3813721432 1764164897551.133301 1764164897551 1764164897558
113407 3813754776 1764164897584.474609 1764164897585 1764164897592
113408 3813788120 1764164897617.816162 1764164897617 1764164897625
113409 3813821464 1764164897651.157715 1764164897651 1764164897658
113410 3813854808 1764164897684.499023 1764164897685 1764164897692
113411 3813888152 1764164897717.840576 1764164897717 1764164897725
113412 3813921496 1764164897751.182129 1764164897751 1764164897758
113413 3813954840 1764164897784.523438 1764164897784 1764164897792
113414 3813988184 1764164897817.864990 1764164897817 1764164897825
113415 3814021528 1764164897851.206543 1764164897851 1764164897858
113416 3814054872 1764164897884.547852 1764164897885 1764164897892
113417 3814088215 1764164897917.888428 1764164897917 1764164897925
113418 3814121559 1764164897951.229980 1764164897951 1764164897958
113419 3814154903 1764164897984.571289 1764164897985 1764164897992
113420 3814188247 1764164898017.912842 1764164898017 1764164898025
